title,dayOut,dayIn,timeOut,meanTimeOut
"Jason Bourne",1484980020,1485068256,88236,88236.0000
"Bourne ultimatum",1133231580,1138492920,5261340,117116005.3490
"Bourne ultimatum",1133313720,1136582460,3268740,117116005.3490
"Bourne ultimatum",1133646780,1137037860,3391080,117116005.3490
"Bourne ultimatum",1134609300,1136428800,1819500,117116005.3490
"Bourne ultimatum",1134609300,1136858220,2248920,117116005.3490
"Bourne ultimatum",1134609300,1137183900,2574600,117116005.3490
"Bourne ultimatum",1134609300,1139873280,5263980,117116005.3490
"Bourne ultimatum",1135722780,1138775820,3053040,117116005.3490
"Bourne ultimatum",1135722780,1138820940,3098160,117116005.3490
"Bourne ultimatum",1135722780,1141240680,5517900,117116005.3490
"Bourne ultimatum",1138485300,1485068256,346582956,117116005.3490
"Bourne ultimatum",1138851600,1485068256,346216656,117116005.3490
"Bourne ultimatum",1138924080,1485068256,346144176,117116005.3490
"Bourne ultimatum",1138924080,1140134460,1210380,117116005.3490
"Bourne ultimatum",1139614380,1485068256,345453876,117116005.3490
"Bourne ultimatum",1139614380,1139874420,260040,117116005.3490
"Bourne ultimatum",1139966880,1485068256,345101376,117116005.3490
"Bourne ultimatum",1139966880,1141257180,1290300,117116005.3490
"Bourne ultimatum",1139966880,1141422720,1455840,117116005.3490
"Bourne ultimatum",1140743520,1485068256,344324736,117116005.3490
"Bourne ultimatum",1140743520,1142725200,1981680,117116005.3490
"Bourne ultimatum",1140743520,1143061740,2318220,117116005.3490
"Bourne ultimatum",1140743520,1143154980,2411460,117116005.3490
"Bourne ultimatum",1141253520,1485068256,343814736,117116005.3490
"Bourne ultimatum",1141253520,1143234120,1980600,117116005.3490
"Bourne ultimatum",1141431180,1485068256,343637076,117116005.3490
"Bourne ultimatum",1141431180,1143236100,1804920,117116005.3490
"Bourne ultimatum",1141431180,1143574680,2143500,117116005.3490
"Bourne ultimatum",1142034300,1485068256,343033956,117116005.3490
"Bourne ultimatum",1142034300,1143315240,1280940,117116005.3490
"Bourne ultimatum",1142377500,1485068256,342690756,117116005.3490
"Bourne ultimatum",1142975040,1485068256,342093216,117116005.3490
"Bourne ultimatum",1142975040,1146087840,3112800,117116005.3490
"Bourne ultimatum",1143162960,1485068256,341905296,117116005.3490
"Bourne ultimatum",1143162960,1144973280,1810320,117116005.3490
"Bourne ultimatum",1143337440,1485068256,341730816,117116005.3490
"Bourne ultimatum",1143337440,1148496120,5158680,117116005.3490
"Bourne ultimatum",1143581040,1485068256,341487216,117116005.3490
"Bourne ultimatum",1143581040,1144535280,954240,117116005.3490
"Bourne ultimatum",1143581040,1144720080,1139040,117116005.3490
"Bourne ultimatum",1143581040,1144720980,1139940,117116005.3490
"Bourne ultimatum",1143591360,1485068256,341476896,117116005.3490
"Bourne ultimatum",1143936060,1485068256,341132196,117116005.3490
"Bourne ultimatum",1145655600,1485068256,339412656,117116005.3490
"Bourne ultimatum",1145655600,1149355680,3700080,117116005.3490
"Bourne ultimatum",1145655600,1149536040,3880440,117116005.3490
"Bourne ultimatum",1145655600,1150957080,5301480,117116005.3490
"Bourne ultimatum",1145655600,1151004240,5348640,117116005.3490
"Bourne ultimatum",1146347760,1485068256,338720496,117116005.3490
"Bourne ultimatum",1146347760,1150486800,4139040,117116005.3490
"Bourne ultimatum",1146520620,1148342580,1821960,117116005.3490
"Bourne ultimatum",1147128540,1485068256,337939716,117116005.3490
"Bourne ultimatum",1148495340,1485068256,336572916,117116005.3490
"Bourne ultimatum",1148495340,1152769920,4274580,117116005.3490
"Bourne ultimatum",1148495340,1152829260,4333920,117116005.3490
"Bourne ultimatum",1148587200,1485068256,336481056,117116005.3490
"Bourne ultimatum",1148587200,1152215580,3628380,117116005.3490
"Bourne ultimatum",1148587200,1154549640,5962440,117116005.3490
"Bourne ultimatum",1149888180,1485068256,335180076,117116005.3490
"Bourne ultimatum",1149888180,1153182360,3294180,117116005.3490
"Bourne ultimatum",1151021460,1485068256,334046796,117116005.3490
"Bourne ultimatum",1151021460,1152573720,1552260,117116005.3490
"Bourne ultimatum",1151021460,1152822240,1800780,117116005.3490
"Bourne ultimatum",1151024280,1485068256,334043976,117116005.3490
"Bourne ultimatum",1151024280,1153008420,1984140,117116005.3490
"Bourne ultimatum",1151609580,1485068256,333458676,117116005.3490
"Bourne ultimatum",1151609580,1154483340,2873760,117116005.3490
"Bourne ultimatum",1151609580,1154566800,2957220,117116005.3490
"Bourne ultimatum",1151609580,1154717160,3107580,117116005.3490
"Bourne ultimatum",1151609580,1156206000,4596420,117116005.3490
"Bourne ultimatum",1151609580,1156443780,4834200,117116005.3490
"Bourne ultimatum",1152898620,1485068256,332169636,117116005.3490
"Bourne ultimatum",1152898620,1157679840,4781220,117116005.3490
"Bourne ultimatum",1153093140,1485068256,331975116,117116005.3490
"Bourne ultimatum",1153093140,1153418220,325080,117116005.3490
"Bourne ultimatum",1153093140,1153691100,597960,117116005.3490
"Bourne ultimatum",1153425240,1485068256,331643016,117116005.3490
"Bourne ultimatum",1153692840,1485068256,331375416,117116005.3490
"Bourne ultimatum",1153692840,1156299000,2606160,117116005.3490
"Bourne ultimatum",1153692840,1156612320,2919480,117116005.3490
"Bourne ultimatum",1153692840,1156960260,3267420,117116005.3490
"Bourne ultimatum",1154133600,1485068256,330934656,117116005.3490
"Bourne ultimatum",1154133600,1157221680,3088080,117116005.3490
"Bourne ultimatum",1154133600,1157564220,3430620,117116005.3490
"Bourne ultimatum",1154564100,1485068256,330504156,117116005.3490
"Bourne ultimatum",1154564100,1156283460,1719360,117116005.3490
"Bourne ultimatum",1156010640,1485068256,329057616,117116005.3490
"Bourne ultimatum",1156010640,1158534780,2524140,117116005.3490
"Bourne ultimatum",1156010640,1160591100,4580460,117116005.3490
"Bourne ultimatum",1156010640,1160682660,4672020,117116005.3490
"Bourne ultimatum",1156450680,1485068256,328617576,117116005.3490
"Bourne ultimatum",1156450680,1159928700,3478020,117116005.3490
"Bourne ultimatum",1156528380,1485068256,328539876,117116005.3490
"Bourne ultimatum",1156528380,1158258600,1730220,117116005.3490
"Bourne ultimatum",1156627860,1485068256,328440396,117116005.3490
"Bourne ultimatum",1156970640,1485068256,328097616,117116005.3490
"Bourne ultimatum",1157052420,1485068256,328015836,117116005.3490
"Bourne ultimatum",1157675940,1485068256,327392316,117116005.3490
"Bourne ultimatum",1158021660,1163706300,5684640,117116005.3490
"Bourne ultimatum",1158626580,1485068256,326441676,117116005.3490
"Bourne ultimatum",1158626580,1161658140,3031560,117116005.3490
"Bourne ultimatum",1158626580,1163453040,4826460,117116005.3490
"Bourne ultimatum",1158946800,1485068256,326121456,117116005.3490
"Bourne ultimatum",1158946800,1160267880,1321080,117116005.3490
"Bourne ultimatum",1160005200,1485068256,325063056,117116005.3490
"Bourne ultimatum",1160005200,1160428920,423720,117116005.3490
"Bourne ultimatum",1160005200,1163999760,3994560,117116005.3490
"Bourne ultimatum",1160005200,1164151680,4146480,117116005.3490
"Bourne ultimatum",1160778540,1485068256,324289716,117116005.3490
"Bourne ultimatum",1160778540,1165976280,5197740,117116005.3490
"Bourne ultimatum",1160873640,1485068256,324194616,117116005.3490
"Bourne ultimatum",1160873640,1161547380,673740,117116005.3490
"Bourne ultimatum",1160873640,1164396060,3522420,117116005.3490
"Bourne ultimatum",1161033540,1485068256,324034716,117116005.3490
"Bourne ultimatum",1162344300,1485068256,322723956,117116005.3490
"Bourne ultimatum",1162344300,1165710780,3366480,117116005.3490
"Bourne ultimatum",1163035920,1485068256,322032336,117116005.3490
"Bourne ultimatum",1163035920,1164580020,1544100,117116005.3490
"Bourne ultimatum",1163788320,1485068256,321279936,117116005.3490
"Bourne ultimatum",1163788320,1165105740,1317420,117116005.3490
"Bourne ultimatum",1163788320,1165385460,1597140,117116005.3490
"Bourne ultimatum",1163874720,1485068256,321193536,117116005.3490
"Bourne ultimatum",1164159240,1485068256,320909016,117116005.3490
"Bourne ultimatum",1164232560,1485068256,320835696,117116005.3490
"Bourne ultimatum",1164232560,1166054460,1821900,117116005.3490
"Bourne ultimatum",1164487740,1485068256,320580516,117116005.3490
"Bourne ultimatum",1164487740,1166831580,2343840,117116005.3490
"Bourne ultimatum",1164748620,1485068256,320319636,117116005.3490
"Bourne ultimatum",1164748620,1165962300,1213680,117116005.3490
"Bourne ultimatum",1164748620,1167341520,2592900,117116005.3490
"Bourne ultimatum",1164748620,1167420180,2671560,117116005.3490
"Bourne ultimatum",1166041380,1485068256,319026876,117116005.3490
"Bourne ultimatum",1166041380,1166060760,19380,117116005.3490
"Bourne ultimatum",1166060640,1485068256,319007616,117116005.3490
"Bourne ultimatum",1166060640,1167243060,1182420,117116005.3490
"Bourne ultimatum",1166230440,1168107300,1876860,117116005.3490
"Bourne ultimatum",1166230440,1168413960,2183520,117116005.3490
"Bourne ultimatum",1166230440,1168545480,2315040,117116005.3490
"Bourne ultimatum",1166293800,1168119900,1826100,117116005.3490
"Bourne ultimatum",1167255480,1485068256,317812776,117116005.3490
"Bourne ultimatum",1167255480,1171412700,4157220,117116005.3490
"Bourne ultimatum",1167439020,1485068256,317629236,117116005.3490
"Bourne ultimatum",1167439020,1169089620,1650600,117116005.3490
"Bourne ultimatum",1167521040,1485068256,317547216,117116005.3490
"Bourne ultimatum",1167521040,1173644700,6123660,117116005.3490
"Bourne ultimatum",1167521040,1174334040,6813000,117116005.3490
"Bourne ultimatum",1168306680,1485068256,316761576,117116005.3490
"Bourne ultimatum",1168306680,1168553400,246720,117116005.3490
"Bourne ultimatum",1168560720,1485068256,316507536,117116005.3490
"Bourne ultimatum",1169592720,1173507960,3915240,117116005.3490
"Bourne ultimatum",1169592720,1173897840,4305120,117116005.3490
"Bourne ultimatum",1170034440,1175583600,5549160,117116005.3490
"Bourne ultimatum",1170034440,1179701280,9666840,117116005.3490
"Bourne ultimatum",1170726240,1175888400,5162160,117116005.3490
"Bourne ultimatum",1170726240,1176232740,5506500,117116005.3490
"Bourne ultimatum",1170983820,1173128040,2144220,117116005.3490
"Bourne ultimatum",1171836240,1485068256,313232016,117116005.3490
"Bourne ultimatum",1171836240,1178299860,6463620,117116005.3490
"Bourne ultimatum",1173299820,1485068256,311768436,117116005.3490
"Bourne ultimatum",1173299820,1174249680,949860,117116005.3490
"Bourne ultimatum",1173919080,1485068256,311149176,117116005.3490
"Bourne ultimatum",1173919080,1175127540,1208460,117116005.3490
"Bourne ultimatum",1173919080,1179259740,5340660,117116005.3490
"Bourne ultimatum",1175131860,1485068256,309936396,117116005.3490
"Bourne ultimatum",1175640720,1485068256,309427536,117116005.3490
"Bourne ultimatum",1175640720,1176852600,1211880,117116005.3490
"Bourne ultimatum",1175640720,1177608900,1968180,117116005.3490
"Bourne ultimatum",1176591420,1485068256,308476836,117116005.3490
"Bourne ultimatum",1176591420,1179264960,2673540,117116005.3490
"Bourne ultimatum",1176767640,1485068256,308300616,117116005.3490
"Bourne ultimatum",1177720200,1485068256,307348056,117116005.3490
"Bourne ultimatum",1177720200,1180466580,2746380,117116005.3490
"Bourne ultimatum",1177967340,1485068256,307100916,117116005.3490
"Bourne ultimatum",1177967340,1181601360,3634020,117116005.3490
"Bourne ultimatum",1177967340,1182543360,4576020,117116005.3490
"Bourne ultimatum",1179271860,1485068256,305796396,117116005.3490
"Bourne ultimatum",1179271860,1181513160,2241300,117116005.3490
"Bourne ultimatum",1179517080,1485068256,305551176,117116005.3490
"Bourne ultimatum",1180135740,1485068256,304932516,117116005.3490
"Bourne ultimatum",1180135740,1182641400,2505660,117116005.3490
"Bourne ultimatum",1180135740,1182893520,2757780,117116005.3490
"Bourne ultimatum",1180219080,1485068256,304849176,117116005.3490
"Bourne ultimatum",1181615700,1485068256,303452556,117116005.3490
"Bourne ultimatum",1181615700,1184006100,2390400,117116005.3490
"Bourne ultimatum",1181615700,1184105880,2490180,117116005.3490
"Bourne ultimatum",1181766180,1485068256,303302076,117116005.3490
"Bourne ultimatum",1181766180,1184883360,3117180,117116005.3490
"Bourne ultimatum",1181766180,1184959440,3193260,117116005.3490
"Bourne ultimatum",1181766180,1186083540,4317360,117116005.3490
"Bourne ultimatum",1181766180,1186378020,4611840,117116005.3490
"Bourne ultimatum",1181766180,1186445940,4679760,117116005.3490
"Bourne ultimatum",1181789520,1485068256,303278736,117116005.3490
"Bourne ultimatum",1181789520,1183490100,1700580,117116005.3490
"Bourne ultimatum",1182818340,1485068256,302249916,117116005.3490
"Bourne ultimatum",1182818340,1184638920,1820580,117116005.3490
"Bourne ultimatum",1182818340,1184893980,2075640,117116005.3490
"Bourne ultimatum",1182818340,1185218040,2399700,117116005.3490
"Bourne ultimatum",1182972240,1485068256,302096016,117116005.3490
"Bourne ultimatum",1182972240,1184262420,1290180,117116005.3490
"Bourne ultimatum",1183419180,1485068256,301649076,117116005.3490
"Bourne ultimatum",1183419180,1185330120,1910940,117116005.3490
"Bourne ultimatum",1183419180,1185827460,2408280,117116005.3490
"Bourne ultimatum",1183419180,1186161960,2742780,117116005.3490
"Bourne ultimatum",1183844340,1485068256,301223916,117116005.3490
"Bourne ultimatum",1184274480,1485068256,300793776,117116005.3490
"Bourne ultimatum",1184274480,1184714940,440460,117116005.3490
"Bourne ultimatum",1184274480,1184971440,696960,117116005.3490
"Bourne ultimatum",1184274480,1186445580,2171100,117116005.3490
"Bourne ultimatum",1184295360,1485068256,300772896,117116005.3490
"Bourne ultimatum",1184295360,1185141840,846480,117116005.3490
"Bourne ultimatum",1184295360,1185328140,1032780,117116005.3490
"Bourne ultimatum",1184295360,1185478920,1183560,117116005.3490
"Bourne ultimatum",1185394500,1485068256,299673756,117116005.3490
"Bourne ultimatum",1185394500,1186270200,875700,117116005.3490
"Bourne ultimatum",1185394500,1186724040,1329540,117116005.3490
"Bourne ultimatum",1185394500,1187035860,1641360,117116005.3490
"Bourne ultimatum",1185843900,1485068256,299224356,117116005.3490
"Bourne ultimatum",1185843900,1191394800,5550900,117116005.3490
"Bourne ultimatum",1185843900,1194025320,8181420,117116005.3490
"Bourne ultimatum",1186529040,1485068256,298539216,117116005.3490
"Bourne ultimatum",1186529040,1190223060,3694020,117116005.3490
"Bourne ultimatum",1186538220,1485068256,298530036,117116005.3490
"Bourne ultimatum",1186538220,1187977560,1439340,117116005.3490
"Bourne ultimatum",1186538220,1189543500,3005280,117116005.3490
"Bourne ultimatum",1187051280,1485068256,298016976,117116005.3490
"Bourne ultimatum",1187051280,1187585160,533880,117116005.3490
"Bourne ultimatum",1187051280,1187657580,606300,117116005.3490
"Bourne ultimatum",1187221560,1485068256,297846696,117116005.3490
"Bourne ultimatum",1187221560,1189453140,2231580,117116005.3490
"Bourne ultimatum",1187221560,1190665920,3444360,117116005.3490
"Bourne ultimatum",1187730000,1485068256,297338256,117116005.3490
"Bourne ultimatum",1187730000,1188065760,335760,117116005.3490
"Bourne ultimatum",1187730000,1188341160,611160,117116005.3490
"Bourne ultimatum",1187730000,1188409740,679740,117116005.3490
"Bourne ultimatum",1188762000,1485068256,296306256,117116005.3490
"Bourne ultimatum",1188762000,1189984800,1222800,117116005.3490
"Bourne ultimatum",1188762000,1190228880,1466880,117116005.3490
"Bourne ultimatum",1189018920,1485068256,296049336,117116005.3490
"Bourne ultimatum",1189018920,1189464300,445380,117116005.3490
"Bourne ultimatum",1189018920,1189790580,771660,117116005.3490
"Bourne ultimatum",1189212660,1485068256,295855596,117116005.3490
"Bourne ultimatum",1189212660,1191800520,2587860,117116005.3490
"Bourne ultimatum",1189212660,1192040460,2827800,117116005.3490
"Bourne ultimatum",1189295760,1485068256,295772496,117116005.3490
"Bourne ultimatum",1189295760,1191105780,1810020,117116005.3490
"Bourne ultimatum",1189479420,1485068256,295588836,117116005.3490
"Bourne ultimatum",1189635540,1485068256,295432716,117116005.3490
"Bourne ultimatum",1189798980,1485068256,295269276,117116005.3490
"Bourne ultimatum",1189798980,1191006240,1207260,117116005.3490
"Bourne ultimatum",1189798980,1191266820,1467840,117116005.3490
"Bourne ultimatum",1190137320,1485068256,294930936,117116005.3490
"Bourne ultimatum",1190137320,1190397180,259860,117116005.3490
"Bourne ultimatum",1190137320,1190671620,534300,117116005.3490
"Bourne ultimatum",1190137320,1191787320,1650000,117116005.3490
"Bourne ultimatum",1190137320,1191882900,1745580,117116005.3490
"Bourne ultimatum",1190168940,1485068256,294899316,117116005.3490
"Bourne ultimatum",1190168940,1191895140,1726200,117116005.3490
"Bourne ultimatum",1190168940,1192157820,1988880,117116005.3490
"Bourne ultimatum",1190168940,1196543820,6374880,117116005.3490
"Bourne ultimatum",1190250480,1485068256,294817776,117116005.3490
"Bourne ultimatum",1190250480,1192062780,1812300,117116005.3490
"Bourne ultimatum",1190250480,1192299480,2049000,117116005.3490
"Bourne ultimatum",1190421240,1485068256,294647016,117116005.3490
"Bourne ultimatum",1190421240,1192152360,1731120,117116005.3490
"Bourne ultimatum",1190421240,1192210140,1788900,117116005.3490
"Bourne ultimatum",1190496180,1485068256,294572076,117116005.3490
"Bourne ultimatum",1190744880,1190745720,840,117116005.3490
"Bourne ultimatum",1190944020,1485068256,294124236,117116005.3490
"Bourne ultimatum",1190944020,1192756440,1812420,117116005.3490
"Bourne ultimatum",1191008760,1485068256,294059496,117116005.3490
"Bourne ultimatum",1191008760,1194124920,3116160,117116005.3490
"Bourne ultimatum",1191008760,1194380040,3371280,117116005.3490
"Bourne ultimatum",1191101820,1485068256,293966436,117116005.3490
"Bourne ultimatum",1191101820,1192757220,1655400,117116005.3490
"Bourne ultimatum",1191267540,1485068256,293800716,117116005.3490
"Bourne ultimatum",1191267540,1191608640,341100,117116005.3490
"Bourne ultimatum",1191267540,1191876360,608820,117116005.3490
"Bourne ultimatum",1191543420,1485068256,293524836,117116005.3490
"Bourne ultimatum",1191897240,1485068256,293171016,117116005.3490
"Bourne ultimatum",1191897240,1194123000,2225760,117116005.3490
"Bourne ultimatum",1192064460,1485068256,293003796,117116005.3490
"Bourne ultimatum",1192214160,1485068256,292854096,117116005.3490
"Bourne ultimatum",1192217220,1485068256,292851036,117116005.3490
"Bourne ultimatum",1192217220,1201289460,9072240,117116005.3490
"Bourne ultimatum",1192399980,1485068256,292668276,117116005.3490
"Bourne ultimatum",1192399980,1194490380,2090400,117116005.3490
"Bourne ultimatum",1192587240,1485068256,292481016,117116005.3490
"Bourne ultimatum",1192587240,1194298140,1710900,117116005.3490
"Bourne ultimatum",1192587240,1194383820,1796580,117116005.3490
"Bourne ultimatum",1193088000,1194297600,1209600,117116005.3490
"Bourne ultimatum",1193344020,1198915200,5571180,117116005.3490
"Bourne ultimatum",1193445660,1195936320,2490660,117116005.3490
"Bourne ultimatum",1193445660,1196104140,2658480,117116005.3490
"Bourne ultimatum",1193445660,1196195520,2749860,117116005.3490
"Bourne ultimatum",1193518500,1194319320,800820,117116005.3490
"Bourne ultimatum",1193518500,1194484860,966360,117116005.3490
"Bourne ultimatum",1193518500,1194638940,1120440,117116005.3490
"Bourne ultimatum",1193940660,1485068256,291127596,117116005.3490
"Bourne ultimatum",1193940660,1197140160,3199500,117116005.3490
"Bourne ultimatum",1193940660,1201901520,7960860,117116005.3490
"Bourne ultimatum",1193940660,1201978440,8037780,117116005.3490
"Bourne ultimatum",1193954640,1485068256,291113616,117116005.3490
"Bourne ultimatum",1193954640,1193958660,4020,117116005.3490
"Bourne ultimatum",1193954640,1194406380,451740,117116005.3490
"Bourne ultimatum",1194216780,1485068256,290851476,117116005.3490
"Bourne ultimatum",1194216780,1194218400,1620,117116005.3490
"Bourne ultimatum",1194216780,1196288820,2072040,117116005.3490
"Bourne ultimatum",1194216780,1198098000,3881220,117116005.3490
"Bourne ultimatum",1194216780,1198367820,4151040,117116005.3490
"Bourne ultimatum",1194216780,1199130960,4914180,117116005.3490
"Bourne ultimatum",1194570240,1485068256,290498016,117116005.3490
"Bourne ultimatum",1194570240,1195088940,518700,117116005.3490
"Bourne ultimatum",1194570240,1195501260,931020,117116005.3490
"Bourne ultimatum",1194570240,1196800320,2230080,117116005.3490
"Bourne ultimatum",1194570240,1198007760,3437520,117116005.3490
"Bourne ultimatum",1194570240,1198131480,3561240,117116005.3490
"Bourne ultimatum",1194570240,1198193220,3622980,117116005.3490
"Bourne ultimatum",1194718320,1485068256,290349936,117116005.3490
"Bourne ultimatum",1194735960,1485068256,290332296,117116005.3490
"Bourne ultimatum",1195085640,1485068256,289982616,117116005.3490
"Bourne ultimatum",1195177260,1196806740,1629480,117116005.3490
"Bourne ultimatum",1195612800,1485068256,289455456,117116005.3490
"Bourne ultimatum",1195612800,1199138100,3525300,117116005.3490
"Bourne ultimatum",1195612800,1201745820,6133020,117116005.3490
"Bourne ultimatum",1197003840,1485068256,288064416,117116005.3490
"Bourne ultimatum",1197059460,1485068256,288008796,117116005.3490
"Bourne ultimatum",1197061980,1485068256,288006276,117116005.3490
"Bourne ultimatum",1197061980,1197085500,23520,117116005.3490
"Bourne ultimatum",1197066360,1485068256,288001896,117116005.3490
"Bourne ultimatum",1197071100,1485068256,287997156,117116005.3490
"Bourne ultimatum",1197071100,1197843780,772680,117116005.3490
"Bourne ultimatum",1197076680,1485068256,287991576,117116005.3490
"Bourne ultimatum",1197076680,1198184040,1107360,117116005.3490
"Bourne ultimatum",1197149160,1485068256,287919096,117116005.3490
"Bourne ultimatum",1197158160,1485068256,287910096,117116005.3490
"Bourne ultimatum",1197158160,1197737280,579120,117116005.3490
"Bourne ultimatum",1197158160,1197753900,595740,117116005.3490
"Bourne ultimatum",1197158160,1197922320,764160,117116005.3490
"Bourne ultimatum",1197240480,1485068256,287827776,117116005.3490
"Bourne ultimatum",1197240480,1197753600,513120,117116005.3490
"Bourne ultimatum",1197240480,1198293060,1052580,117116005.3490
"Bourne ultimatum",1197240480,1198699440,1458960,117116005.3490
"Bourne ultimatum",1197309900,1485068256,287758356,117116005.3490
"Bourne ultimatum",1197309900,1198089060,779160,117116005.3490
"Bourne ultimatum",1197309900,1198284960,975060,117116005.3490
"Bourne ultimatum",1197322560,1485068256,287745696,117116005.3490
"Bourne ultimatum",1197324060,1485068256,287744196,117116005.3490
"Bourne ultimatum",1197324060,1198183800,859740,117116005.3490
"Bourne ultimatum",1197324060,1198261860,937800,117116005.3490
"Bourne ultimatum",1197328080,1485068256,287740176,117116005.3490
"Bourne ultimatum",1197328080,1485068256,287740176,117116005.3490
"Bourne ultimatum",1197328080,1197683460,355380,117116005.3490
"Bourne ultimatum",1197328080,1200348840,3020760,117116005.3490
"Bourne ultimatum",1197328080,1200430320,3102240,117116005.3490
"Bourne ultimatum",1197331500,1485068256,287736756,117116005.3490
"Bourne ultimatum",1197331500,1198988520,1657020,117116005.3490
"Bourne ultimatum",1197331500,1199136120,1804620,117116005.3490
"Bourne ultimatum",1197336900,1485068256,287731356,117116005.3490
"Bourne ultimatum",1197336960,1485068256,287731296,117116005.3490
"Bourne ultimatum",1197336960,1197573900,236940,117116005.3490
"Bourne ultimatum",1197336960,1197696960,360000,117116005.3490
"Bourne ultimatum",1197336960,1197914520,577560,117116005.3490
"Bourne ultimatum",1197338040,1485068256,287730216,117116005.3490
"Bourne ultimatum",1197338040,1198006560,668520,117116005.3490
"Bourne ultimatum",1197338040,1198100340,762300,117116005.3490
"Bourne ultimatum",1197338040,1198180920,842880,117116005.3490
"Bourne ultimatum",1197338160,1485068256,287730096,117116005.3490
"Bourne ultimatum",1197338160,1198198500,860340,117116005.3490
"Bourne ultimatum",1197339480,1485068256,287728776,117116005.3490
"Bourne ultimatum",1197339480,1197757680,418200,117116005.3490
"Bourne ultimatum",1197339480,1197919380,579900,117116005.3490
"Bourne ultimatum",1197345180,1485068256,287723076,117116005.3490
"Bourne ultimatum",1197345180,1197944940,599760,117116005.3490
"Bourne ultimatum",1197403260,1485068256,287664996,117116005.3490
"Bourne ultimatum",1197403260,1198008600,605340,117116005.3490
"Bourne ultimatum",1197403260,1198205160,801900,117116005.3490
"Bourne ultimatum",1197403260,1198265760,862500,117116005.3490
"Bourne ultimatum",1197407940,1485068256,287660316,117116005.3490
"Bourne ultimatum",1197409020,1485068256,287659236,117116005.3490
"Bourne ultimatum",1197409020,1198281420,872400,117116005.3490
"Bourne ultimatum",1197409020,1198739160,1330140,117116005.3490
"Bourne ultimatum",1197411600,1197411600,0,117116005.3490
"Bourne ultimatum",1197411600,1206633180,9221580,117116005.3490
"Bourne ultimatum",1197411780,1485068256,287656476,117116005.3490
"Bourne ultimatum",1197411780,1197498000,86220,117116005.3490
"Bourne ultimatum",1197412920,1485068256,287655336,117116005.3490
"Bourne ultimatum",1197412920,1198714020,1301100,117116005.3490
"Bourne ultimatum",1197417660,1485068256,287650596,117116005.3490
"Bourne ultimatum",1197418020,1485068256,287650236,117116005.3490
"Bourne ultimatum",1197418020,1199315640,1897620,117116005.3490
"Bourne ultimatum",1197425400,1485068256,287642856,117116005.3490
"Bourne ultimatum",1197425400,1199134680,1709280,117116005.3490
"Bourne ultimatum",1197425520,1485068256,287642736,117116005.3490
"Bourne ultimatum",1197425520,1198957380,1531860,117116005.3490
"Bourne ultimatum",1197426060,1485068256,287642196,117116005.3490
"Bourne ultimatum",1197426060,1198954800,1528740,117116005.3490
"Bourne ultimatum",1197426060,1199326560,1900500,117116005.3490
"Bourne ultimatum",1197426360,1485068256,287641896,117116005.3490
"Bourne ultimatum",1197427140,1485068256,287641116,117116005.3490
"Bourne ultimatum",1197431220,1485068256,287637036,117116005.3490
"Bourne ultimatum",1197431220,1197513180,81960,117116005.3490
"Bourne ultimatum",1197431220,1198969860,1538640,117116005.3490
"Bourne ultimatum",1197431220,1199125140,1693920,117116005.3490
"Bourne ultimatum",1197484320,1485068256,287583936,117116005.3490
"Bourne ultimatum",1197484320,1198373820,889500,117116005.3490
"Bourne ultimatum",1197490200,1485068256,287578056,117116005.3490
"Bourne ultimatum",1197491100,1485068256,287577156,117116005.3490
"Bourne ultimatum",1197491100,1199312880,1821780,117116005.3490
"Bourne ultimatum",1197491100,1199507100,2016000,117116005.3490
"Bourne ultimatum",1197491100,1199561760,2070660,117116005.3490
"Bourne ultimatum",1197494100,1485068256,287574156,117116005.3490
"Bourne ultimatum",1197494100,1198712760,1218660,117116005.3490
"Bourne ultimatum",1197494100,1198713780,1219680,117116005.3490
"Bourne ultimatum",1197494100,1198782780,1288680,117116005.3490
"Bourne ultimatum",1197495780,1485068256,287572476,117116005.3490
"Bourne ultimatum",1197495780,1198093440,597660,117116005.3490
"Bourne ultimatum",1197495780,1198192440,696660,117116005.3490
"Bourne ultimatum",1197495780,1198267740,771960,117116005.3490
"Bourne ultimatum",1197497040,1485068256,287571216,117116005.3490
"Bourne ultimatum",1197497040,1198185960,688920,117116005.3490
"Bourne ultimatum",1197497040,1198293060,796020,117116005.3490
"Bourne ultimatum",1197497280,1485068256,287570976,117116005.3490
"Bourne ultimatum",1197497280,1197756660,259380,117116005.3490
"Bourne ultimatum",1197498660,1485068256,287569596,117116005.3490
"Bourne ultimatum",1197498660,1198451160,952500,117116005.3490
"Bourne ultimatum",1197498660,1198825140,1326480,117116005.3490
"Bourne ultimatum",1197498660,1198957320,1458660,117116005.3490
"Bourne ultimatum",1197500940,1485068256,287567316,117116005.3490
"Bourne ultimatum",1197501660,1485068256,287566596,117116005.3490
"Bourne ultimatum",1197501660,1198872600,1370940,117116005.3490
"Bourne ultimatum",1197501660,1199304480,1802820,117116005.3490
"Bourne ultimatum",1197502920,1485068256,287565336,117116005.3490
"Bourne ultimatum",1197514920,1485068256,287553336,117116005.3490
"Bourne ultimatum",1197514920,1198718400,1203480,117116005.3490
"Bourne ultimatum",1197516000,1485068256,287552256,117116005.3490
"Bourne ultimatum",1197516000,1198719120,1203120,117116005.3490
"Bourne ultimatum",1197518160,1485068256,287550096,117116005.3490
"Bourne ultimatum",1197582480,1485068256,287485776,117116005.3490
"Bourne ultimatum",1197582480,1198204920,622440,117116005.3490
"Bourne ultimatum",1197582480,1199746140,2163660,117116005.3490
"Bourne ultimatum",1197585960,1485068256,287482296,117116005.3490
"Bourne ultimatum",1197585960,1198791900,1205940,117116005.3490
"Bourne ultimatum",1197592020,1485068256,287476236,117116005.3490
"Bourne ultimatum",1197592020,1198261200,669180,117116005.3490
"Bourne ultimatum",1197594780,1485068256,287473476,117116005.3490
"Bourne ultimatum",1197600060,1485068256,287468196,117116005.3490
"Bourne ultimatum",1197600060,1198449600,849540,117116005.3490
"Bourne ultimatum",1197600180,1485068256,287468076,117116005.3490
"Bourne ultimatum",1197604860,1485068256,287463396,117116005.3490
"Bourne ultimatum",1197604860,1198975980,1371120,117116005.3490
"Bourne ultimatum",1197662640,1485068256,287405616,117116005.3490
"Bourne ultimatum",1197662640,1198192200,529560,117116005.3490
"Bourne ultimatum",1197662640,1198959060,1296420,117116005.3490
"Bourne ultimatum",1197662640,1199134080,1471440,117116005.3490
"Bourne ultimatum",1197662640,1199135340,1472700,117116005.3490
"Bourne ultimatum",1197676200,1485068256,287392056,117116005.3490
"Bourne ultimatum",1197676200,1198887180,1210980,117116005.3490
"Bourne ultimatum",1197676200,1199125380,1449180,117116005.3490
"Bourne ultimatum",1197678300,1485068256,287389956,117116005.3490
"Bourne ultimatum",1197678300,1198972860,1294560,117116005.3490
"Bourne ultimatum",1197678480,1485068256,287389776,117116005.3490
"Bourne ultimatum",1197680640,1485068256,287387616,117116005.3490
"Bourne ultimatum",1197680640,1198888500,1207860,117116005.3490
"Bourne ultimatum",1197683280,1485068256,287384976,117116005.3490
"Bourne ultimatum",1197683280,1200357060,2673780,117116005.3490
"Bourne ultimatum",1197683340,1485068256,287384916,117116005.3490
"Bourne ultimatum",1197683340,1198863480,1180140,117116005.3490
"Bourne ultimatum",1197744360,1485068256,287323896,117116005.3490
"Bourne ultimatum",1197744360,1198008720,264360,117116005.3490
"Bourne ultimatum",1197744360,1198027860,283500,117116005.3490
"Bourne ultimatum",1197744360,1198103040,358680,117116005.3490
"Bourne ultimatum",1197756600,1485068256,287311656,117116005.3490
"Bourne ultimatum",1197756600,1198873380,1116780,117116005.3490
"Bourne ultimatum",1197756600,1199398260,1641660,117116005.3490
"Bourne ultimatum",1197757980,1485068256,287310276,117116005.3490
"Bourne ultimatum",1197757980,1199146080,1388100,117116005.3490
"Bourne ultimatum",1197761160,1485068256,287307096,117116005.3490
"Bourne ultimatum",1197761160,1198005960,244800,117116005.3490
"Bourne ultimatum",1197761160,1198179120,417960,117116005.3490
"Bourne ultimatum",1197769260,1485068256,287298996,117116005.3490
"Bourne ultimatum",1197835740,1485068256,287232516,117116005.3490
"Bourne ultimatum",1197835740,1198000980,165240,117116005.3490
"Bourne ultimatum",1197850620,1485068256,287217636,117116005.3490
"Bourne ultimatum",1197926040,1485068256,287142216,117116005.3490
"Bourne ultimatum",1197926040,1198704900,778860,117116005.3490
"Bourne ultimatum",1197926040,1198786740,860700,117116005.3490
"Bourne ultimatum",1197931200,1485068256,287137056,117116005.3490
"Bourne ultimatum",1197931200,1199488500,1557300,117116005.3490
"Bourne ultimatum",1197946920,1485068256,287121336,117116005.3490
"Bourne ultimatum",1197946920,1199321460,1374540,117116005.3490
"Bourne ultimatum",1198009440,1485068256,287058816,117116005.3490
"Bourne ultimatum",1198009440,1200033840,2024400,117116005.3490
"Bourne ultimatum",1198013280,1485068256,287054976,117116005.3490
"Bourne ultimatum",1198013280,1198698480,685200,117116005.3490
"Bourne ultimatum",1198013520,1485068256,287054736,117116005.3490
"Bourne ultimatum",1198016340,1485068256,287051916,117116005.3490
"Bourne ultimatum",1198016340,1198722120,705780,117116005.3490
"Bourne ultimatum",1198021140,1485068256,287047116,117116005.3490
"Bourne ultimatum",1198021140,1199475000,1453860,117116005.3490
"Bourne ultimatum",1198023720,1485068256,287044536,117116005.3490
"Bourne ultimatum",1198023720,1198715640,691920,117116005.3490
"Bourne ultimatum",1198023720,1199394660,1370940,117116005.3490
"Bourne ultimatum",1198033320,1485068256,287034936,117116005.3490
"Bourne ultimatum",1198033320,1199134440,1101120,117116005.3490
"Bourne ultimatum",1198035480,1485068256,287032776,117116005.3490
"Bourne ultimatum",1198035480,1198697640,662160,117116005.3490
"Bourne ultimatum",1198035480,1198955220,919740,117116005.3490
"Bourne ultimatum",1198105560,1485068256,286962696,117116005.3490
"Bourne ultimatum",1198105560,1198965960,860400,117116005.3490
"Bourne ultimatum",1198105560,1199342220,1236660,117116005.3490
"Bourne ultimatum",1198105560,1199388240,1282680,117116005.3490
"Bourne ultimatum",1198106280,1485068256,286961976,117116005.3490
"Bourne ultimatum",1198106280,1198272060,165780,117116005.3490
"Bourne ultimatum",1198116120,1485068256,286952136,117116005.3490
"Bourne ultimatum",1198116120,1199392440,1276320,117116005.3490
"Bourne ultimatum",1198116120,1199488920,1372800,117116005.3490
"Bourne ultimatum",1198118580,1485068256,286949676,117116005.3490
"Bourne ultimatum",1198118580,1198715880,597300,117116005.3490
"Bourne ultimatum",1198118580,1199132100,1013520,117116005.3490
"Bourne ultimatum",1198120440,1485068256,286947816,117116005.3490
"Bourne ultimatum",1198187460,1485068256,286880796,117116005.3490
"Bourne ultimatum",1198187460,1199405040,1217580,117116005.3490
"Bourne ultimatum",1198189260,1485068256,286878996,117116005.3490
"Bourne ultimatum",1198189260,1199478780,1289520,117116005.3490
"Bourne ultimatum",1198189260,1199565780,1376520,117116005.3490
"Bourne ultimatum",1198195680,1485068256,286872576,117116005.3490
"Bourne ultimatum",1198195680,1198875840,680160,117116005.3490
"Bourne ultimatum",1198196220,1485068256,286872036,117116005.3490
"Bourne ultimatum",1198196220,1199321880,1125660,117116005.3490
"Bourne ultimatum",1198196220,1199506440,1310220,117116005.3490
"Bourne ultimatum",1198196220,1199754300,1558080,117116005.3490
"Bourne ultimatum",1198197660,1485068256,286870596,117116005.3490
"Bourne ultimatum",1198197660,1198447440,249780,117116005.3490
"Bourne ultimatum",1198197660,1198877280,679620,117116005.3490
"Bourne ultimatum",1198197960,1485068256,286870296,117116005.3490
"Bourne ultimatum",1198197960,1198714440,516480,117116005.3490
"Bourne ultimatum",1198203540,1485068256,286864716,117116005.3490
"Bourne ultimatum",1198204500,1485068256,286863756,117116005.3490
"Bourne ultimatum",1198204500,1199313960,1109460,117116005.3490
"Bourne ultimatum",1198208100,1485068256,286860156,117116005.3490
"Bourne ultimatum",1198208100,1199322060,1113960,117116005.3490
"Bourne ultimatum",1198208100,1200339540,2131440,117116005.3490
"Bourne ultimatum",1198208100,1200433020,2224920,117116005.3490
"Bourne ultimatum",1198263900,1485068256,286804356,117116005.3490
"Bourne ultimatum",1198263900,1198868220,604320,117116005.3490
"Bourne ultimatum",1198264500,1485068256,286803756,117116005.3490
"Bourne ultimatum",1198264500,1198868820,604320,117116005.3490
"Bourne ultimatum",1198264500,1199992380,1727880,117116005.3490
"Bourne ultimatum",1198264500,1201031160,2766660,117116005.3490
"Bourne ultimatum",1198276020,1485068256,286792236,117116005.3490
"Bourne ultimatum",1198281720,1485068256,286786536,117116005.3490
"Bourne ultimatum",1198281720,1200447180,2165460,117116005.3490
"Bourne ultimatum",1198287360,1485068256,286780896,117116005.3490
"Bourne ultimatum",1198287360,1198964520,677160,117116005.3490
"Bourne ultimatum",1198288500,1485068256,286779756,117116005.3490
"Bourne ultimatum",1198288500,1199049540,761040,117116005.3490
"Bourne ultimatum",1198353060,1485068256,286715196,117116005.3490
"Bourne ultimatum",1198353060,1199581440,1228380,117116005.3490
"Bourne ultimatum",1198353060,1199841120,1488060,117116005.3490
"Bourne ultimatum",1198353060,1200362280,2009220,117116005.3490
"Bourne ultimatum",1198355880,1485068256,286712376,117116005.3490
"Bourne ultimatum",1198355880,1201216740,2860860,117116005.3490
"Bourne ultimatum",1198449960,1485068256,286618296,117116005.3490
"Bourne ultimatum",1198449960,1198886640,436680,117116005.3490
"Bourne ultimatum",1198452840,1485068256,286615416,117116005.3490
"Bourne ultimatum",1198452840,1198976460,523620,117116005.3490
"Bourne ultimatum",1198454040,1485068256,286614216,117116005.3490
"Bourne ultimatum",1198454040,1199055720,601680,117116005.3490
"Bourne ultimatum",1198456140,1485068256,286612116,117116005.3490
"Bourne ultimatum",1198456140,1199773620,1317480,117116005.3490
"Bourne ultimatum",1198456140,1200115980,1659840,117116005.3490
"Bourne ultimatum",1198456140,1200353940,1897800,117116005.3490
"Bourne ultimatum",1198694880,1485068256,286373376,117116005.3490
"Bourne ultimatum",1198694880,1199417580,722700,117116005.3490
"Bourne ultimatum",1198694880,1200078480,1383600,117116005.3490
"Bourne ultimatum",1198699920,1485068256,286368336,117116005.3490
"Bourne ultimatum",1198700460,1485068256,286367796,117116005.3490
"Bourne ultimatum",1198700460,1199775360,1074900,117116005.3490
"Bourne ultimatum",1198700460,1199830860,1130400,117116005.3490
"Bourne ultimatum",1198712040,1485068256,286356216,117116005.3490
"Bourne ultimatum",1198712040,1199936280,1224240,117116005.3490
"Bourne ultimatum",1198712040,1200602760,1890720,117116005.3490
"Bourne ultimatum",1198712040,1200778680,2066640,117116005.3490
"Bourne ultimatum",1198712040,1201038120,2326080,117116005.3490
"Bourne ultimatum",1198712280,1485068256,286355976,117116005.3490
"Bourne ultimatum",1198712280,1200007560,1295280,117116005.3490
"Bourne ultimatum",1198726920,1485068256,286341336,117116005.3490
"Bourne ultimatum",1198726920,1199649960,923040,117116005.3490
"Bourne ultimatum",1198739700,1485068256,286328556,117116005.3490
"Bourne ultimatum",1198739700,1208057400,9317700,117116005.3490
"Bourne ultimatum",1198739700,1208891640,10151940,117116005.3490
"Bourne ultimatum",1198739700,1208999760,10260060,117116005.3490
"Bourne ultimatum",1198783140,1485068256,286285116,117116005.3490
"Bourne ultimatum",1198783140,1199987280,1204140,117116005.3490
"Bourne ultimatum",1198783140,1200083280,1300140,117116005.3490
"Bourne ultimatum",1198783140,1200342660,1559520,117116005.3490
"Bourne ultimatum",1198792860,1485068256,286275396,117116005.3490
"Bourne ultimatum",1198792860,1199411640,618780,117116005.3490
"Bourne ultimatum",1198800600,1485068256,286267656,117116005.3490
"Bourne ultimatum",1198800600,1199840880,1040280,117116005.3490
"Bourne ultimatum",1198808880,1485068256,286259376,117116005.3490
"Bourne ultimatum",1198808880,1199661480,852600,117116005.3490
"Bourne ultimatum",1198808880,1199865360,1056480,117116005.3490
"Bourne ultimatum",1198808880,1199922600,1113720,117116005.3490
"Bourne ultimatum",1198810560,1485068256,286257696,117116005.3490
"Bourne ultimatum",1198810560,1199404080,593520,117116005.3490
"Bourne ultimatum",1198810560,1199569920,759360,117116005.3490
"Bourne ultimatum",1198811220,1485068256,286257036,117116005.3490
"Bourne ultimatum",1198811220,1199496840,685620,117116005.3490
"Bourne ultimatum",1198867260,1485068256,286200996,117116005.3490
"Bourne ultimatum",1198867260,1199150580,283320,117116005.3490
"Bourne ultimatum",1198879320,1485068256,286188936,117116005.3490
"Bourne ultimatum",1198879320,1199812920,933600,117116005.3490
"Bourne ultimatum",1198879320,1199905680,1026360,117116005.3490
"Bourne ultimatum",1198884840,1485068256,286183416,117116005.3490
"Bourne ultimatum",1198884840,1199305500,420660,117116005.3490
"Bourne ultimatum",1198892520,1485068256,286175736,117116005.3490
"Bourne ultimatum",1198892520,1199994240,1101720,117116005.3490
"Bourne ultimatum",1198956480,1485068256,286111776,117116005.3490
"Bourne ultimatum",1198956480,1199477520,521040,117116005.3490
"Bourne ultimatum",1198956480,1199819280,862800,117116005.3490
"Bourne ultimatum",1198956480,1199996820,1040340,117116005.3490
"Bourne ultimatum",1198959240,1485068256,286109016,117116005.3490
"Bourne ultimatum",1198959240,1200256020,1296780,117116005.3490
"Bourne ultimatum",1198959360,1198961160,1800,117116005.3490
"Bourne ultimatum",1198965660,1485068256,286102596,117116005.3490
"Bourne ultimatum",1198965660,1200090060,1124400,117116005.3490
"Bourne ultimatum",1198967820,1485068256,286100436,117116005.3490
"Bourne ultimatum",1198967820,1199329260,361440,117116005.3490
"Bourne ultimatum",1198967820,1199390820,423000,117116005.3490
"Bourne ultimatum",1198974240,1485068256,286094016,117116005.3490
"Bourne ultimatum",1198974240,1200521040,1546800,117116005.3490
"Bourne ultimatum",1198979280,1485068256,286088976,117116005.3490
"Bourne ultimatum",1198979280,1199757360,778080,117116005.3490
"Bourne ultimatum",1198979280,1199858220,878940,117116005.3490
"Bourne ultimatum",1198979280,1199996520,1017240,117116005.3490
"Bourne ultimatum",1199048400,1485068256,286019856,117116005.3490
"Bourne ultimatum",1199048400,1199764260,715860,117116005.3490
"Bourne ultimatum",1199048400,1199765040,716640,117116005.3490
"Bourne ultimatum",1199048400,1199828160,779760,117116005.3490
"Bourne ultimatum",1199051640,1485068256,286016616,117116005.3490
"Bourne ultimatum",1199051640,1199579820,528180,117116005.3490
"Bourne ultimatum",1199051640,1200011340,959700,117116005.3490
"Bourne ultimatum",1199051640,1200082500,1030860,117116005.3490
"Bourne ultimatum",1199062200,1485068256,286006056,117116005.3490
"Bourne ultimatum",1199062200,1201663200,2601000,117116005.3490
"Bourne ultimatum",1199062200,1201720920,2658720,117116005.3490
"Bourne ultimatum",1199062200,1201802760,2740560,117116005.3490
"Bourne ultimatum",1199135280,1485068256,285932976,117116005.3490
"Bourne ultimatum",1199135280,1199485320,350040,117116005.3490
"Bourne ultimatum",1199135280,1199586900,451620,117116005.3490
"Bourne ultimatum",1199135280,1199743080,607800,117116005.3490
"Bourne ultimatum",1199144040,1485068256,285924216,117116005.3490
"Bourne ultimatum",1199144040,1199997720,853680,117116005.3490
"Bourne ultimatum",1199150820,1485068256,285917436,117116005.3490
"Bourne ultimatum",1199150820,1199992140,841320,117116005.3490
"Bourne ultimatum",1199151660,1485068256,285916596,117116005.3490
"Bourne ultimatum",1199151660,1200079500,927840,117116005.3490
"Bourne ultimatum",1199151660,1200363060,1211400,117116005.3490
"Bourne ultimatum",1199304780,1485068256,285763476,117116005.3490
"Bourne ultimatum",1199304780,1199737860,433080,117116005.3490
"Bourne ultimatum",1199304780,1199742060,437280,117116005.3490
"Bourne ultimatum",1199306520,1485068256,285761736,117116005.3490
"Bourne ultimatum",1199316960,1485068256,285751296,117116005.3490
"Bourne ultimatum",1199316960,1199933100,616140,117116005.3490
"Bourne ultimatum",1199316960,1200030960,714000,117116005.3490
"Bourne ultimatum",1199319660,1485068256,285748596,117116005.3490
"Bourne ultimatum",1199319660,1199654460,334800,117116005.3490
"Bourne ultimatum",1199320380,1485068256,285747876,117116005.3490
"Bourne ultimatum",1199320380,1199737500,417120,117116005.3490
"Bourne ultimatum",1199320620,1485068256,285747636,117116005.3490
"Bourne ultimatum",1199320620,1201057260,1736640,117116005.3490
"Bourne ultimatum",1199321940,1485068256,285746316,117116005.3490
"Bourne ultimatum",1199321940,1199760000,438060,117116005.3490
"Bourne ultimatum",1199321940,1199938020,616080,117116005.3490
"Bourne ultimatum",1199321940,1200095940,774000,117116005.3490
"Bourne ultimatum",1199322300,1485068256,285745956,117116005.3490
"Bourne ultimatum",1199322300,1201218420,1896120,117116005.3490
"Bourne ultimatum",1199325720,1485068256,285742536,117116005.3490
"Bourne ultimatum",1199326320,1485068256,285741936,117116005.3490
"Bourne ultimatum",1199326320,1200624600,1298280,117116005.3490
"Bourne ultimatum",1199326680,1485068256,285741576,117116005.3490
"Bourne ultimatum",1199326680,1202866980,3540300,117116005.3490
"Bourne ultimatum",1199329560,1485068256,285738696,117116005.3490
"Bourne ultimatum",1199329560,1200432180,1102620,117116005.3490
"Bourne ultimatum",1199330580,1485068256,285737676,117116005.3490
"Bourne ultimatum",1199330580,1199935380,604800,117116005.3490
"Bourne ultimatum",1199330580,1200030540,699960,117116005.3490
"Bourne ultimatum",1199330580,1200077220,746640,117116005.3490
"Bourne ultimatum",1199393400,1485068256,285674856,117116005.3490
"Bourne ultimatum",1199393400,1199401800,8400,117116005.3490
"Bourne ultimatum",1199409420,1485068256,285658836,117116005.3490
"Bourne ultimatum",1199409420,1203545040,4135620,117116005.3490
"Bourne ultimatum",1199411220,1485068256,285657036,117116005.3490
"Bourne ultimatum",1199411520,1485068256,285656736,117116005.3490
"Bourne ultimatum",1199411520,1200022860,611340,117116005.3490
"Bourne ultimatum",1199411520,1200381360,969840,117116005.3490
"Bourne ultimatum",1199412900,1485068256,285655356,117116005.3490
"Bourne ultimatum",1199412900,1199988360,575460,117116005.3490
"Bourne ultimatum",1199416440,1485068256,285651816,117116005.3490
"Bourne ultimatum",1199416440,1200539700,1123260,117116005.3490
"Bourne ultimatum",1199416440,1200623400,1206960,117116005.3490
"Bourne ultimatum",1199416440,1200684900,1268460,117116005.3490
"Bourne ultimatum",1199418540,1485068256,285649716,117116005.3490
"Bourne ultimatum",1199418540,1200520440,1101900,117116005.3490
"Bourne ultimatum",1199480460,1199908380,427920,117116005.3490
"Bourne ultimatum",1199482980,1200174480,691500,117116005.3490
"Bourne ultimatum",1199482980,1200540120,1057140,117116005.3490
"Bourne ultimatum",1199482980,1200864060,1381080,117116005.3490
"Bourne ultimatum",1199483040,1202686440,3203400,117116005.3490
"Bourne ultimatum",1199483040,1202876700,3393660,117116005.3490
"Bourne ultimatum",1199483040,1202944020,3460980,117116005.3490
"Bourne ultimatum",1199486100,1485068256,285582156,117116005.3490
"Bourne ultimatum",1199486100,1201295400,1809300,117116005.3490
"Bourne ultimatum",1199486100,1202414280,2928180,117116005.3490
"Bourne ultimatum",1199486880,1485068256,285581376,117116005.3490
"Bourne ultimatum",1199486880,1200692040,1205160,117116005.3490
"Bourne ultimatum",1199489160,1485068256,285579096,117116005.3490
"Bourne ultimatum",1199489160,1199997660,508500,117116005.3490
"Bourne ultimatum",1199489160,1200344820,855660,117116005.3490
"Bourne ultimatum",1199494500,1485068256,285573756,117116005.3490
"Bourne ultimatum",1199494500,1200607740,1113240,117116005.3490
"Bourne ultimatum",1199494500,1200686400,1191900,117116005.3490
"Bourne ultimatum",1199495100,1485068256,285573156,117116005.3490
"Bourne ultimatum",1199495100,1199749980,254880,117116005.3490
"Bourne ultimatum",1199560200,1485068256,285508056,117116005.3490
"Bourne ultimatum",1199560200,1201059300,1499100,117116005.3490
"Bourne ultimatum",1199562660,1485068256,285505596,117116005.3490
"Bourne ultimatum",1199582820,1485068256,285485436,117116005.3490
"Bourne ultimatum",1199582820,1201564980,1982160,117116005.3490
"Bourne ultimatum",1199582820,1201762320,2179500,117116005.3490
"Bourne ultimatum",1199583660,1485068256,285484596,117116005.3490
"Bourne ultimatum",1199583660,1201049940,1466280,117116005.3490
"Bourne ultimatum",1199662320,1485068256,285405936,117116005.3490
"Bourne ultimatum",1199662320,1200860640,1198320,117116005.3490
"Bourne ultimatum",1199662320,1200862980,1200660,117116005.3490
"Bourne ultimatum",1199662320,1201026180,1363860,117116005.3490
"Bourne ultimatum",1199752500,1485068256,285315756,117116005.3490
"Bourne ultimatum",1199752500,1200352260,599760,117116005.3490
"Bourne ultimatum",1199757120,1485068256,285311136,117116005.3490
"Bourne ultimatum",1199757120,1200369240,612120,117116005.3490
"Bourne ultimatum",1199757120,1200456600,699480,117116005.3490
"Bourne ultimatum",1199757120,1200533820,776700,117116005.3490
"Bourne ultimatum",1199757540,1485068256,285310716,117116005.3490
"Bourne ultimatum",1199757540,1201238880,1481340,117116005.3490
"Bourne ultimatum",1199757540,1201559220,1801680,117116005.3490
"Bourne ultimatum",1199757840,1485068256,285310416,117116005.3490
"Bourne ultimatum",1199757840,1200536760,778920,117116005.3490
"Bourne ultimatum",1199757840,1200598680,840840,117116005.3490
"Bourne ultimatum",1199762820,1485068256,285305436,117116005.3490
"Bourne ultimatum",1199762820,1200705240,942420,117116005.3490
"Bourne ultimatum",1199762820,1200721140,958320,117116005.3490
"Bourne ultimatum",1199762820,1201204500,1441680,117116005.3490
"Bourne ultimatum",1199762820,1201287600,1524780,117116005.3490
"Bourne ultimatum",1199828640,1485068256,285239616,117116005.3490
"Bourne ultimatum",1199828640,1201125540,1296900,117116005.3490
"Bourne ultimatum",1199828640,1201375980,1547340,117116005.3490
"Bourne ultimatum",1199829840,1485068256,285238416,117116005.3490
"Bourne ultimatum",1199837760,1485068256,285230496,117116005.3490
"Bourne ultimatum",1199837760,1201053480,1215720,117116005.3490
"Bourne ultimatum",1199837760,1201308660,1470900,117116005.3490
"Bourne ultimatum",1199837760,1201563660,1725900,117116005.3490
"Bourne ultimatum",1199838840,1485068256,285229416,117116005.3490
"Bourne ultimatum",1199838840,1200352320,513480,117116005.3490
"Bourne ultimatum",1199838840,1200463560,624720,117116005.3490
"Bourne ultimatum",1199905920,1485068256,285162336,117116005.3490
"Bourne ultimatum",1199905920,1200262980,357060,117116005.3490
"Bourne ultimatum",1199905920,1200359760,453840,117116005.3490
"Bourne ultimatum",1199905920,1200430320,524400,117116005.3490
"Bourne ultimatum",1199927400,1485068256,285140856,117116005.3490
"Bourne ultimatum",1199927400,1201139340,1211940,117116005.3490
"Bourne ultimatum",1199927400,1201141800,1214400,117116005.3490
"Bourne ultimatum",1199928660,1485068256,285139596,117116005.3490
"Bourne ultimatum",1199928660,1200366780,438120,117116005.3490
"Bourne ultimatum",1199928660,1200470340,541680,117116005.3490
"Bourne ultimatum",1199928660,1200609420,680760,117116005.3490
"Bourne ultimatum",1199928660,1200875340,946680,117116005.3490
"Bourne ultimatum",1199928660,1201120860,1192200,117116005.3490
"Bourne ultimatum",1199928660,1201302660,1374000,117116005.3490
"Bourne ultimatum",1199928660,1201561500,1632840,117116005.3490
"Bourne ultimatum",1199935260,1485068256,285132996,117116005.3490
"Bourne ultimatum",1199935260,1200441540,506280,117116005.3490
"Bourne ultimatum",1199935260,1200520680,585420,117116005.3490
"Bourne ultimatum",1199935740,1485068256,285132516,117116005.3490
"Bourne ultimatum",1199935740,1201146660,1210920,117116005.3490
"Bourne ultimatum",1199936640,1485068256,285131616,117116005.3490
"Bourne ultimatum",1199936640,1200782940,846300,117116005.3490
"Bourne ultimatum",1199936640,1201104540,1167900,117116005.3490
"Bourne ultimatum",1200000420,1485068256,285067836,117116005.3490
"Bourne ultimatum",1200000420,1201292220,1291800,117116005.3490
"Bourne ultimatum",1200006300,1485068256,285061956,117116005.3490
"Bourne ultimatum",1200006300,1200531000,524700,117116005.3490
"Bourne ultimatum",1200006300,1200624420,618120,117116005.3490
"Bourne ultimatum",1200006300,1201130040,1123740,117116005.3490
"Bourne ultimatum",1200006540,1485068256,285061716,117116005.3490
"Bourne ultimatum",1200006540,1201131120,1124580,117116005.3490
"Bourne ultimatum",1200006540,1201239900,1233360,117116005.3490
"Bourne ultimatum",1200006540,1201558620,1552080,117116005.3490
"Bourne ultimatum",1200010200,1485068256,285058056,117116005.3490
"Bourne ultimatum",1200010200,1201045800,1035600,117116005.3490
"Bourne ultimatum",1200013740,1485068256,285054516,117116005.3490
"Bourne ultimatum",1200013740,1201216620,1202880,117116005.3490
"Bourne ultimatum",1200019080,1485068256,285049176,117116005.3490
"Bourne ultimatum",1200019080,1200785160,766080,117116005.3490
"Bourne ultimatum",1200019080,1201203420,1184340,117116005.3490
"Bourne ultimatum",1200093540,1485068256,284974716,117116005.3490
"Bourne ultimatum",1200093540,1201725480,1631940,117116005.3490
"Bourne ultimatum",1200095820,1485068256,284972436,117116005.3490
"Bourne ultimatum",1200095820,1201132380,1036560,117116005.3490
"Bourne ultimatum",1200096720,1485068256,284971536,117116005.3490
"Bourne ultimatum",1200096720,1200706320,609600,117116005.3490
"Bourne ultimatum",1200098100,1485068256,284970156,117116005.3490
"Bourne ultimatum",1200098100,1200702480,604380,117116005.3490
"Bourne ultimatum",1200098100,1200719940,621840,117116005.3490
"Bourne ultimatum",1200098100,1201056300,958200,117116005.3490
"Bourne ultimatum",1200100620,1485068256,284967636,117116005.3490
"Bourne ultimatum",1200100620,1200447780,347160,117116005.3490
"Bourne ultimatum",1200100620,1200541740,441120,117116005.3490
"Bourne ultimatum",1200100620,1200690840,590220,117116005.3490
"Bourne ultimatum",1200161220,1485068256,284907036,117116005.3490
"Bourne ultimatum",1200161220,1201389300,1228080,117116005.3490
"Bourne ultimatum",1200161220,1201638840,1477620,117116005.3490
"Bourne ultimatum",1200161220,1201723560,1562340,117116005.3490
"Bourne ultimatum",1200164160,1485068256,284904096,117116005.3490
"Bourne ultimatum",1200164160,1201213680,1049520,117116005.3490
"Bourne ultimatum",1200171180,1485068256,284897076,117116005.3490
"Bourne ultimatum",1200171180,1201672260,1501080,117116005.3490
"Bourne ultimatum",1200171180,1201724220,1553040,117116005.3490
"Bourne ultimatum",1200171360,1485068256,284896896,117116005.3490
"Bourne ultimatum",1200171360,1200539340,367980,117116005.3490
"Bourne ultimatum",1200171360,1200625560,454200,117116005.3490
"Bourne ultimatum",1200171360,1200683340,511980,117116005.3490
"Bourne ultimatum",1200182040,1485068256,284886216,117116005.3490
"Bourne ultimatum",1200184020,1485068256,284884236,117116005.3490
"Bourne ultimatum",1200184020,1200531900,347880,117116005.3490
"Bourne ultimatum",1200340440,1200437700,97260,117116005.3490
"Bourne ultimatum",1200350160,1485068256,284718096,117116005.3490
"Bourne ultimatum",1200350160,1201230420,880260,117116005.3490
"Bourne ultimatum",1200360180,1485068256,284708076,117116005.3490
"Bourne ultimatum",1200362220,1485068256,284706036,117116005.3490
"Bourne ultimatum",1200362220,1485068256,284706036,117116005.3490
"Bourne ultimatum",1200362220,1201805040,1442820,117116005.3490
"Bourne ultimatum",1200362220,1202320800,1958580,117116005.3490
"Bourne ultimatum",1200362340,1485068256,284705916,117116005.3490
"Bourne ultimatum",1200362340,1201570560,1208220,117116005.3490
"Bourne ultimatum",1200433980,1485068256,284634276,117116005.3490
"Bourne ultimatum",1200433980,1200695460,261480,117116005.3490
"Bourne ultimatum",1200436320,1485068256,284631936,117116005.3490
"Bourne ultimatum",1200436320,1200438060,1740,117116005.3490
"Bourne ultimatum",1200436320,1200547140,110820,117116005.3490
"Bourne ultimatum",1200436320,1200694260,257940,117116005.3490
"Bourne ultimatum",1200444180,1485068256,284624076,117116005.3490
"Bourne ultimatum",1200448200,1485068256,284620056,117116005.3490
"Bourne ultimatum",1200450660,1485068256,284617596,117116005.3490
"Bourne ultimatum",1200450660,1201571940,1121280,117116005.3490
"Bourne ultimatum",1200450660,1201572240,1121580,117116005.3490
"Bourne ultimatum",1200450660,1201730640,1279980,117116005.3490
"Bourne ultimatum",1200454800,1485068256,284613456,117116005.3490
"Bourne ultimatum",1200454860,1485068256,284613396,117116005.3490
"Bourne ultimatum",1200454860,1200701400,246540,117116005.3490
"Bourne ultimatum",1200509760,1485068256,284558496,117116005.3490
"Bourne ultimatum",1200509760,1201214220,704460,117116005.3490
"Bourne ultimatum",1200513360,1485068256,284554896,117116005.3490
"Bourne ultimatum",1200513360,1201045860,532500,117116005.3490
"Bourne ultimatum",1200513360,1201205880,692520,117116005.3490
"Bourne ultimatum",1200528540,1485068256,284539716,117116005.3490
"Bourne ultimatum",1200528540,1201727580,1199040,117116005.3490
"Bourne ultimatum",1200594300,1485068256,284473956,117116005.3490
"Bourne ultimatum",1200594300,1202236620,1642320,117116005.3490
"Bourne ultimatum",1200598200,1485068256,284470056,117116005.3490
"Bourne ultimatum",1200598200,1201829940,1231740,117116005.3490
"Bourne ultimatum",1200601320,1485068256,284466936,117116005.3490
"Bourne ultimatum",1200601320,1201750620,1149300,117116005.3490
"Bourne ultimatum",1200601320,1201761300,1159980,117116005.3490
"Bourne ultimatum",1200601320,1201811520,1210200,117116005.3490
"Bourne ultimatum",1200618120,1485068256,284450136,117116005.3490
"Bourne ultimatum",1200618120,1201995720,1377600,117116005.3490
"Bourne ultimatum",1200618120,1201997700,1379580,117116005.3490
"Bourne ultimatum",1200620580,1485068256,284447676,117116005.3490
"Bourne ultimatum",1200620580,1200867840,247260,117116005.3490
"Bourne ultimatum",1200623040,1485068256,284445216,117116005.3490
"Bourne ultimatum",1200623040,1201804920,1181880,117116005.3490
"Bourne ultimatum",1200623220,1485068256,284445036,117116005.3490
"Bourne ultimatum",1200681600,1485068256,284386656,117116005.3490
"Bourne ultimatum",1200681600,1202406960,1725360,117116005.3490
"Bourne ultimatum",1200693840,1485068256,284374416,117116005.3490
"Bourne ultimatum",1200696240,1485068256,284372016,117116005.3490
"Bourne ultimatum",1200696240,1201562100,865860,117116005.3490
"Bourne ultimatum",1200700500,1485068256,284367756,117116005.3490
"Bourne ultimatum",1200702600,1485068256,284365656,117116005.3490
"Bourne ultimatum",1200706920,1485068256,284361336,117116005.3490
"Bourne ultimatum",1200706920,1201568700,861780,117116005.3490
"Bourne ultimatum",1200779100,1485068256,284289156,117116005.3490
"Bourne ultimatum",1200779100,1201383120,604020,117116005.3490
"Bourne ultimatum",1200779100,1201720020,940920,117116005.3490
"Bourne ultimatum",1200782460,1485068256,284285796,117116005.3490
"Bourne ultimatum",1200782460,1201054500,272040,117116005.3490
"Bourne ultimatum",1200782460,1201200720,418260,117116005.3490
"Bourne ultimatum",1200782460,1201738200,955740,117116005.3490
"Bourne ultimatum",1200783540,1485068256,284284716,117116005.3490
"Bourne ultimatum",1200783540,1201657440,873900,117116005.3490
"Bourne ultimatum",1200783540,1201750140,966600,117116005.3490
"Bourne ultimatum",1200783540,1201890960,1107420,117116005.3490
"Bourne ultimatum",1200786180,1485068256,284282076,117116005.3490
"Bourne ultimatum",1200786180,1201228860,442680,117116005.3490
"Bourne ultimatum",1200786180,1201720080,933900,117116005.3490
"Bourne ultimatum",1200786960,1485068256,284281296,117116005.3490
"Bourne ultimatum",1200786960,1201989480,1202520,117116005.3490
"Bourne ultimatum",1200789420,1485068256,284278836,117116005.3490
"Bourne ultimatum",1200789420,1201393380,603960,117116005.3490
"Bourne ultimatum",1200790320,1485068256,284277936,117116005.3490
"Bourne ultimatum",1200790320,1206065580,5275260,117116005.3490
"Bourne ultimatum",1200790320,1209769680,8979360,117116005.3490
"Bourne ultimatum",1200790320,1209849840,9059520,117116005.3490
"Bourne ultimatum",1200870120,1485068256,284198136,117116005.3490
"Bourne ultimatum",1200870120,1201588500,718380,117116005.3490
"Bourne ultimatum",1200870120,1201642560,772440,117116005.3490
"Bourne ultimatum",1200871920,1485068256,284196336,117116005.3490
"Bourne ultimatum",1200871920,1201901580,1029660,117116005.3490
"Bourne ultimatum",1200873300,1485068256,284194956,117116005.3490
"Bourne ultimatum",1200873300,1201478220,604920,117116005.3490
"Bourne ultimatum",1200873300,1201833000,959700,117116005.3490
"Bourne ultimatum",1201039860,1485068256,284028396,117116005.3490
"Bourne ultimatum",1201039860,1202162280,1122420,117116005.3490
"Bourne ultimatum",1201039860,1202173800,1133940,117116005.3490
"Bourne ultimatum",1201039860,1202497140,1457280,117116005.3490
"Bourne ultimatum",1201039860,1202857500,1817640,117116005.3490
"Bourne ultimatum",1201041180,1485068256,284027076,117116005.3490
"Bourne ultimatum",1201041180,1202240520,1199340,117116005.3490
"Bourne ultimatum",1201041180,1202781120,1739940,117116005.3490
"Bourne ultimatum",1201042260,1485068256,284025996,117116005.3490
"Bourne ultimatum",1201042260,1202083320,1041060,117116005.3490
"Bourne ultimatum",1201042260,1202412960,1370700,117116005.3490
"Bourne ultimatum",1201042920,1485068256,284025336,117116005.3490
"Bourne ultimatum",1201042920,1201054140,11220,117116005.3490
"Bourne ultimatum",1201042920,1201303920,261000,117116005.3490
"Bourne ultimatum",1201042920,1201763580,720660,117116005.3490
"Bourne ultimatum",1201042920,1201901280,858360,117116005.3490
"Bourne ultimatum",1201048560,1485068256,284019696,117116005.3490
"Bourne ultimatum",1201048560,1201733520,684960,117116005.3490
"Bourne ultimatum",1201051140,1485068256,284017116,117116005.3490
"Bourne ultimatum",1201051140,1201732380,681240,117116005.3490
"Bourne ultimatum",1201105020,1485068256,283963236,117116005.3490
"Bourne ultimatum",1201105020,1204670580,3565560,117116005.3490
"Bourne ultimatum",1201105020,1204838820,3733800,117116005.3490
"Bourne ultimatum",1201105020,1204918320,3813300,117116005.3490
"Bourne ultimatum",1201123620,1485068256,283944636,117116005.3490
"Bourne ultimatum",1201123620,1201637400,513780,117116005.3490
"Bourne ultimatum",1201123620,1201641660,518040,117116005.3490
"Bourne ultimatum",1201123620,1201815780,692160,117116005.3490
"Bourne ultimatum",1201123620,1202159280,1035660,117116005.3490
"Bourne ultimatum",1201126620,1485068256,283941636,117116005.3490
"Bourne ultimatum",1201126620,1202931360,1804740,117116005.3490
"Bourne ultimatum",1201134180,1485068256,283934076,117116005.3490
"Bourne ultimatum",1201134180,1202168520,1034340,117116005.3490
"Bourne ultimatum",1201134180,1202413800,1279620,117116005.3490
"Bourne ultimatum",1201198260,1485068256,283869996,117116005.3490
"Bourne ultimatum",1201198260,1202932200,1733940,117116005.3490
"Bourne ultimatum",1201218720,1485068256,283849536,117116005.3490
"Bourne ultimatum",1201218720,1201374000,155280,117116005.3490
"Bourne ultimatum",1201219920,1485068256,283848336,117116005.3490
"Bourne ultimatum",1201219920,1203462660,2242740,117116005.3490
"Bourne ultimatum",1201219920,1205251440,4031520,117116005.3490
"Bourne ultimatum",1201219920,1208459460,7239540,117116005.3490
"Bourne ultimatum",1201219920,1210117200,8897280,117116005.3490
"Bourne ultimatum",1201219920,1210181280,8961360,117116005.3490
"Bourne ultimatum",1201221060,1485068256,283847196,117116005.3490
"Bourne ultimatum",1201221060,1201650360,429300,117116005.3490
"Bourne ultimatum",1201222260,1485068256,283845996,117116005.3490
"Bourne ultimatum",1201225920,1485068256,283842336,117116005.3490
"Bourne ultimatum",1201225920,1201736340,510420,117116005.3490
"Bourne ultimatum",1201225920,1201738560,512640,117116005.3490
"Bourne ultimatum",1201225920,1201900800,674880,117116005.3490
"Bourne ultimatum",1201287360,1485068256,283780896,117116005.3490
"Bourne ultimatum",1201287360,1204136700,2849340,117116005.3490
"Bourne ultimatum",1201290960,1485068256,283777296,117116005.3490
"Bourne ultimatum",1201290960,1201391100,100140,117116005.3490
"Bourne ultimatum",1201293600,1485068256,283774656,117116005.3490
"Bourne ultimatum",1201293600,1201994220,700620,117116005.3490
"Bourne ultimatum",1201293600,1202277540,983940,117116005.3490
"Bourne ultimatum",1201293600,1202332560,1038960,117116005.3490
"Bourne ultimatum",1201294020,1485068256,283774236,117116005.3490
"Bourne ultimatum",1201294020,1202604840,1310820,117116005.3490
"Bourne ultimatum",1201294020,1202787180,1493160,117116005.3490
"Bourne ultimatum",1201294020,1202838960,1544940,117116005.3490
"Bourne ultimatum",1201306260,1485068256,283761996,117116005.3490
"Bourne ultimatum",1201306260,1202257980,951720,117116005.3490
"Bourne ultimatum",1201310520,1485068256,283757736,117116005.3490
"Bourne ultimatum",1201311240,1485068256,283757016,117116005.3490
"Bourne ultimatum",1201311240,1201990320,679080,117116005.3490
"Bourne ultimatum",1201311240,1202325660,1014420,117116005.3490
"Bourne ultimatum",1201312560,1485068256,283755696,117116005.3490
"Bourne ultimatum",1201312560,1201831920,519360,117116005.3490
"Bourne ultimatum",1201312560,1202676360,1363800,117116005.3490
"Bourne ultimatum",1201378140,1485068256,283690116,117116005.3490
"Bourne ultimatum",1201378140,1202322600,944460,117116005.3490
"Bourne ultimatum",1201380300,1485068256,283687956,117116005.3490
"Bourne ultimatum",1201380300,1202253600,873300,117116005.3490
"Bourne ultimatum",1201385280,1485068256,283682976,117116005.3490
"Bourne ultimatum",1201385280,1202588040,1202760,117116005.3490
"Bourne ultimatum",1201385280,1202929380,1544100,117116005.3490
"Bourne ultimatum",1201392120,1485068256,283676136,117116005.3490
"Bourne ultimatum",1201392120,1201906500,514380,117116005.3490
"Bourne ultimatum",1201392120,1202162760,770640,117116005.3490
"Bourne ultimatum",1201392300,1485068256,283675956,117116005.3490
"Bourne ultimatum",1201392300,1202596320,1204020,117116005.3490
"Bourne ultimatum",1201392720,1485068256,283675536,117116005.3490
"Bourne ultimatum",1201392720,1201748040,355320,117116005.3490
"Bourne ultimatum",1201468860,1485068256,283599396,117116005.3490
"Bourne ultimatum",1201473420,1485068256,283594836,117116005.3490
"Bourne ultimatum",1201473420,1202425620,952200,117116005.3490
"Bourne ultimatum",1201481700,1485068256,283586556,117116005.3490
"Bourne ultimatum",1201481700,1202344800,863100,117116005.3490
"Bourne ultimatum",1201481700,1202841360,1359660,117116005.3490
"Bourne ultimatum",1201481700,1202932740,1451040,117116005.3490
"Bourne ultimatum",1201564920,1485068256,283503336,117116005.3490
"Bourne ultimatum",1201570860,1485068256,283497396,117116005.3490
"Bourne ultimatum",1201570860,1201918620,347760,117116005.3490
"Bourne ultimatum",1201572780,1485068256,283495476,117116005.3490
"Bourne ultimatum",1201575300,1485068256,283492956,117116005.3490
"Bourne ultimatum",1201575300,1202786700,1211400,117116005.3490
"Bourne ultimatum",1201575300,1203015240,1439940,117116005.3490
"Bourne ultimatum",1201575300,1203102360,1527060,117116005.3490
"Bourne ultimatum",1201577220,1485068256,283491036,117116005.3490
"Bourne ultimatum",1201577220,1201993440,416220,117116005.3490
"Bourne ultimatum",1201721340,1485068256,283346916,117116005.3490
"Bourne ultimatum",1201721340,1202151540,430200,117116005.3490
"Bourne ultimatum",1201721340,1202258040,536700,117116005.3490
"Bourne ultimatum",1201735500,1485068256,283332756,117116005.3490
"Bourne ultimatum",1201735500,1206751080,5015580,117116005.3490
"Bourne ultimatum",1201740240,1485068256,283328016,117116005.3490
"Bourne ultimatum",1201740240,1201983420,243180,117116005.3490
"Bourne ultimatum",1201742520,1485068256,283325736,117116005.3490
"Bourne ultimatum",1201742520,1202181540,439020,117116005.3490
"Bourne ultimatum",1201747620,1485068256,283320636,117116005.3490
"Bourne ultimatum",1201747620,1202334780,587160,117116005.3490
"Bourne ultimatum",1201810860,1485068256,283257396,117116005.3490
"Bourne ultimatum",1201810860,1202959320,1148460,117116005.3490
"Bourne ultimatum",1201810860,1203017640,1206780,117116005.3490
"Bourne ultimatum",1201817460,1485068256,283250796,117116005.3490
"Bourne ultimatum",1201817460,1202515320,697860,117116005.3490
"Bourne ultimatum",1201817460,1202841900,1024440,117116005.3490
"Bourne ultimatum",1201817460,1202929020,1111560,117116005.3490
"Bourne ultimatum",1201819080,1485068256,283249176,117116005.3490
"Bourne ultimatum",1201820700,1485068256,283247556,117116005.3490
"Bourne ultimatum",1201820700,1202959020,1138320,117116005.3490
"Bourne ultimatum",1201826760,1485068256,283241496,117116005.3490
"Bourne ultimatum",1201826760,1202255700,428940,117116005.3490
"Bourne ultimatum",1201826760,1202448840,622080,117116005.3490
"Bourne ultimatum",1201826760,1202501940,675180,117116005.3490
"Bourne ultimatum",1201827420,1485068256,283240836,117116005.3490
"Bourne ultimatum",1201827420,1203023880,1196460,117116005.3490
"Bourne ultimatum",1201828500,1485068256,283239756,117116005.3490
"Bourne ultimatum",1201828500,1201833780,5280,117116005.3490
"Bourne ultimatum",1201828500,1201989780,161280,117116005.3490
"Bourne ultimatum",1201828500,1202147700,319200,117116005.3490
"Bourne ultimatum",1201830180,1485068256,283238076,117116005.3490
"Bourne ultimatum",1201830180,1202766180,936000,117116005.3490
"Bourne ultimatum",1201830180,1202927040,1096860,117116005.3490
"Bourne ultimatum",1201830480,1485068256,283237776,117116005.3490
"Bourne ultimatum",1201830480,1202181600,351120,117116005.3490
"Bourne ultimatum",1201832460,1485068256,283235796,117116005.3490
"Bourne ultimatum",1201833180,1485068256,283235076,117116005.3490
"Bourne ultimatum",1201833180,1202259300,426120,117116005.3490
"Bourne ultimatum",1201836720,1485068256,283231536,117116005.3490
"Bourne ultimatum",1201836720,1202955300,1118580,117116005.3490
"Bourne ultimatum",1201893420,1485068256,283174836,117116005.3490
"Bourne ultimatum",1201893420,1202771880,878460,117116005.3490
"Bourne ultimatum",1201893420,1202946420,1053000,117116005.3490
"Bourne ultimatum",1201893420,1203015600,1122180,117116005.3490
"Bourne ultimatum",1201895640,1485068256,283172616,117116005.3490
"Bourne ultimatum",1201895640,1201912740,17100,117116005.3490
"Bourne ultimatum",1201897620,1485068256,283170636,117116005.3490
"Bourne ultimatum",1201897620,1202172360,274740,117116005.3490
"Bourne ultimatum",1201899300,1485068256,283168956,117116005.3490
"Bourne ultimatum",1201899300,1203019740,1120440,117116005.3490
"Bourne ultimatum",1201899300,1203102000,1202700,117116005.3490
"Bourne ultimatum",1201913700,1485068256,283154556,117116005.3490
"Bourne ultimatum",1201913700,1202519700,606000,117116005.3490
"Bourne ultimatum",1201913700,1202773680,859980,117116005.3490
"Bourne ultimatum",1201913700,1202865900,952200,117116005.3490
"Bourne ultimatum",1201914660,1485068256,283153596,117116005.3490
"Bourne ultimatum",1201914660,1201999440,84780,117116005.3490
"Bourne ultimatum",1201914660,1202349420,434760,117116005.3490
"Bourne ultimatum",1201914900,1485068256,283153356,117116005.3490
"Bourne ultimatum",1201914900,1202934000,1019100,117116005.3490
"Bourne ultimatum",1201978080,1485068256,283090176,117116005.3490
"Bourne ultimatum",1201978080,1203203460,1225380,117116005.3490
"Bourne ultimatum",1201978080,1203449460,1471380,117116005.3490
"Bourne ultimatum",1201978080,1203525300,1547220,117116005.3490
"Bourne ultimatum",1201978080,1203616500,1638420,117116005.3490
"Bourne ultimatum",1201981440,1485068256,283086816,117116005.3490
"Bourne ultimatum",1201986600,1485068256,283081656,117116005.3490
"Bourne ultimatum",1201986600,1204150200,2163600,117116005.3490
"Bourne ultimatum",1201986600,1204236420,2249820,117116005.3490
"Bourne ultimatum",1201986600,1204330680,2344080,117116005.3490
"Bourne ultimatum",1201995000,1485068256,283073256,117116005.3490
"Bourne ultimatum",1201995000,1202603760,608760,117116005.3490
"Bourne ultimatum",1201996260,1485068256,283071996,117116005.3490
"Bourne ultimatum",1201996260,1202182920,186660,117116005.3490
"Bourne ultimatum",1202000880,1485068256,283067376,117116005.3490
"Bourne ultimatum",1202002260,1485068256,283065996,117116005.3490
"Bourne ultimatum",1202002260,1203025200,1022940,117116005.3490
"Bourne ultimatum",1202002260,1203107220,1104960,117116005.3490
"Bourne ultimatum",1202072040,1485068256,282996216,117116005.3490
"Bourne ultimatum",1202143740,1485068256,282924516,117116005.3490
"Bourne ultimatum",1202143740,1202539620,395880,117116005.3490
"Bourne ultimatum",1202143740,1203615120,1471380,117116005.3490
"Bourne ultimatum",1202143740,1204226520,2082780,117116005.3490
"Bourne ultimatum",1202156040,1485068256,282912216,117116005.3490
"Bourne ultimatum",1202156040,1202868120,712080,117116005.3490
"Bourne ultimatum",1202162460,1485068256,282905796,117116005.3490
"Bourne ultimatum",1202162460,1202868180,705720,117116005.3490
"Bourne ultimatum",1202170800,1485068256,282897456,117116005.3490
"Bourne ultimatum",1202170800,1214774520,12603720,117116005.3490
"Bourne ultimatum",1202178180,1485068256,282890076,117116005.3490
"Bourne ultimatum",1202178180,1203806580,1628400,117116005.3490
"Bourne ultimatum",1202178180,1204065900,1887720,117116005.3490
"Bourne ultimatum",1202180760,1485068256,282887496,117116005.3490
"Bourne ultimatum",1202180760,1203459300,1278540,117116005.3490
"Bourne ultimatum",1202253120,1485068256,282815136,117116005.3490
"Bourne ultimatum",1202253120,1202861760,608640,117116005.3490
"Bourne ultimatum",1202253120,1202946120,693000,117116005.3490
"Bourne ultimatum",1202253120,1203028380,775260,117116005.3490
"Bourne ultimatum",1202253780,1485068256,282814476,117116005.3490
"Bourne ultimatum",1202253780,1203458880,1205100,117116005.3490
"Bourne ultimatum",1202257800,1485068256,282810456,117116005.3490
"Bourne ultimatum",1202260260,1485068256,282807996,117116005.3490
"Bourne ultimatum",1202260260,1203104340,844080,117116005.3490
"Bourne ultimatum",1202261820,1485068256,282806436,117116005.3490
"Bourne ultimatum",1202261820,1202350500,88680,117116005.3490
"Bourne ultimatum",1202261820,1202414040,152220,117116005.3490
"Bourne ultimatum",1202318760,1485068256,282749496,117116005.3490
"Bourne ultimatum",1202323020,1485068256,282745236,117116005.3490
"Bourne ultimatum",1202323020,1202518200,195180,117116005.3490
"Bourne ultimatum",1202323020,1202533860,210840,117116005.3490
"Bourne ultimatum",1202323020,1202760660,437640,117116005.3490
"Bourne ultimatum",1202327880,1485068256,282740376,117116005.3490
"Bourne ultimatum",1202327880,1202598180,270300,117116005.3490
"Bourne ultimatum",1202327880,1202857920,530040,117116005.3490
"Bourne ultimatum",1202327880,1202928060,600180,117116005.3490
"Bourne ultimatum",1202330160,1485068256,282738096,117116005.3490
"Bourne ultimatum",1202330160,1203457140,1126980,117116005.3490
"Bourne ultimatum",1202331660,1485068256,282736596,117116005.3490
"Bourne ultimatum",1202331960,1485068256,282736296,117116005.3490
"Bourne ultimatum",1202331960,1203024780,692820,117116005.3490
"Bourne ultimatum",1202331960,1203099540,767580,117116005.3490
"Bourne ultimatum",1202336940,1485068256,282731316,117116005.3490
"Bourne ultimatum",1202336940,1205533380,3196440,117116005.3490
"Bourne ultimatum",1202336940,1207002120,4665180,117116005.3490
"Bourne ultimatum",1202336940,1207074360,4737420,117116005.3490
"Bourne ultimatum",1202340420,1485068256,282727836,117116005.3490
"Bourne ultimatum",1202340420,1202851140,510720,117116005.3490
"Bourne ultimatum",1202340420,1202961540,621120,117116005.3490
"Bourne ultimatum",1202340420,1203022620,682200,117116005.3490
"Bourne ultimatum",1202341800,1485068256,282726456,117116005.3490
"Bourne ultimatum",1202341800,1202868840,527040,117116005.3490
"Bourne ultimatum",1202341800,1203043140,701340,117116005.3490
"Bourne ultimatum",1202341800,1203115860,774060,117116005.3490
"Bourne ultimatum",1202348520,1485068256,282719736,117116005.3490
"Bourne ultimatum",1202348520,1202867880,519360,117116005.3490
"Bourne ultimatum",1202353740,1485068256,282714516,117116005.3490
"Bourne ultimatum",1202355720,1485068256,282712536,117116005.3490
"Bourne ultimatum",1202355720,1203562800,1207080,117116005.3490
"Bourne ultimatum",1202413920,1485068256,282654336,117116005.3490
"Bourne ultimatum",1202413920,1202847720,433800,117116005.3490
"Bourne ultimatum",1202413920,1202929380,515460,117116005.3490
"Bourne ultimatum",1202425680,1485068256,282642576,117116005.3490
"Bourne ultimatum",1202425680,1202599800,174120,117116005.3490
"Bourne ultimatum",1202431200,1485068256,282637056,117116005.3490
"Bourne ultimatum",1202431200,1203211380,780180,117116005.3490
"Bourne ultimatum",1202431200,1204056000,1624800,117116005.3490
"Bourne ultimatum",1202431200,1204144140,1712940,117116005.3490
"Bourne ultimatum",1202432760,1485068256,282635496,117116005.3490
"Bourne ultimatum",1202432760,1202947800,515040,117116005.3490
"Bourne ultimatum",1202434980,1202435280,300,117116005.3490
"Bourne ultimatum",1202440800,1485068256,282627456,117116005.3490
"Bourne ultimatum",1202440800,1202939400,498600,117116005.3490
"Bourne ultimatum",1202441460,1485068256,282626796,117116005.3490
"Bourne ultimatum",1202441460,1203710040,1268580,117116005.3490
"Bourne ultimatum",1202502120,1485068256,282566136,117116005.3490
"Bourne ultimatum",1202502240,1485068256,282566016,117116005.3490
"Bourne ultimatum",1202502240,1203617100,1114860,117116005.3490
"Bourne ultimatum",1202507880,1485068256,282560376,117116005.3490
"Bourne ultimatum",1202507880,1203457860,949980,117116005.3490
"Bourne ultimatum",1202521800,1485068256,282546456,117116005.3490
"Bourne ultimatum",1202521800,1203469440,947640,117116005.3490
"Bourne ultimatum",1202521800,1203624240,1102440,117116005.3490
"Bourne ultimatum",1202594040,1485068256,282474216,117116005.3490
"Bourne ultimatum",1202597400,1485068256,282470856,117116005.3490
"Bourne ultimatum",1202597580,1485068256,282470676,117116005.3490
"Bourne ultimatum",1202597580,1203977100,1379520,117116005.3490
"Bourne ultimatum",1202597580,1204226820,1629240,117116005.3490
"Bourne ultimatum",1202598960,1485068256,282469296,117116005.3490
"Bourne ultimatum",1202598960,1205187840,2588880,117116005.3490
"Bourne ultimatum",1202680440,1485068256,282387816,117116005.3490
"Bourne ultimatum",1202680440,1203892260,1211820,117116005.3490
"Bourne ultimatum",1202680440,1204140120,1459680,117116005.3490
"Bourne ultimatum",1202687760,1485068256,282380496,117116005.3490
"Bourne ultimatum",1202687760,1203806520,1118760,117116005.3490
"Bourne ultimatum",1202687760,1203812460,1124700,117116005.3490
"Bourne ultimatum",1202771700,1485068256,282296556,117116005.3490
"Bourne ultimatum",1202771700,1203617520,845820,117116005.3490
"Bourne ultimatum",1202779500,1485068256,282288756,117116005.3490
"Bourne ultimatum",1202779500,1203811440,1031940,117116005.3490
"Bourne ultimatum",1202782140,1485068256,282286116,117116005.3490
"Bourne ultimatum",1202782140,1203994260,1212120,117116005.3490
"Bourne ultimatum",1202787480,1485068256,282280776,117116005.3490
"Bourne ultimatum",1202787480,1204078740,1291260,117116005.3490
"Bourne ultimatum",1202787480,1204311300,1523820,117116005.3490
"Bourne ultimatum",1202856420,1485068256,282211836,117116005.3490
"Bourne ultimatum",1202856420,1204082700,1226280,117116005.3490
"Bourne ultimatum",1202929740,1485068256,282138516,117116005.3490
"Bourne ultimatum",1202929740,1204053000,1123260,117116005.3490
"Bourne ultimatum",1202931840,1485068256,282136416,117116005.3490
"Bourne ultimatum",1202931840,1203446220,514380,117116005.3490
"Bourne ultimatum",1202936340,1485068256,282131916,117116005.3490
"Bourne ultimatum",1202936340,1203540960,604620,117116005.3490
"Bourne ultimatum",1202939640,1485068256,282128616,117116005.3490
"Bourne ultimatum",1202939640,1203199020,259380,117116005.3490
"Bourne ultimatum",1202940420,1485068256,282127836,117116005.3490
"Bourne ultimatum",1202940420,1203047400,106980,117116005.3490
"Bourne ultimatum",1202946360,1485068256,282121896,117116005.3490
"Bourne ultimatum",1202946360,1204167480,1221120,117116005.3490
"Bourne ultimatum",1202952120,1485068256,282116136,117116005.3490
"Bourne ultimatum",1202952120,1203539760,587640,117116005.3490
"Bourne ultimatum",1202952120,1203720420,768300,117116005.3490
"Bourne ultimatum",1202952120,1204314120,1362000,117116005.3490
"Bourne ultimatum",1202952180,1485068256,282116076,117116005.3490
"Bourne ultimatum",1202952180,1204317600,1365420,117116005.3490
"Bourne ultimatum",1202952180,1204683600,1731420,117116005.3490
"Bourne ultimatum",1202952180,1204741680,1789500,117116005.3490
"Bourne ultimatum",1202952180,1206121740,3169560,117116005.3490
"Bourne ultimatum",1202953140,1485068256,282115116,117116005.3490
"Bourne ultimatum",1202953140,1203560160,607020,117116005.3490
"Bourne ultimatum",1202953140,1204826760,1873620,117116005.3490
"Bourne ultimatum",1202953860,1485068256,282114396,117116005.3490
"Bourne ultimatum",1202953860,1204164060,1210200,117116005.3490
"Bourne ultimatum",1202957460,1485068256,282110796,117116005.3490
"Bourne ultimatum",1202957460,1204669860,1712400,117116005.3490
"Bourne ultimatum",1202957580,1485068256,282110676,117116005.3490
"Bourne ultimatum",1203018780,1485068256,282049476,117116005.3490
"Bourne ultimatum",1203018780,1203548220,529440,117116005.3490
"Bourne ultimatum",1203018780,1203795780,777000,117116005.3490
"Bourne ultimatum",1203018780,1204098240,1079460,117116005.3490
"Bourne ultimatum",1203018780,1204147500,1128720,117116005.3490
"Bourne ultimatum",1203019380,1485068256,282048876,117116005.3490
"Bourne ultimatum",1203019380,1203620400,601020,117116005.3490
"Bourne ultimatum",1203019380,1204575060,1555680,117116005.3490
"Bourne ultimatum",1203025620,1485068256,282042636,117116005.3490
"Bourne ultimatum",1203025620,1203283920,258300,117116005.3490
"Bourne ultimatum",1203025620,1203461940,436320,117116005.3490
"Bourne ultimatum",1203025620,1203550380,524760,117116005.3490
"Bourne ultimatum",1203028740,1485068256,282039516,117116005.3490
"Bourne ultimatum",1203028740,1203648840,620100,117116005.3490
"Bourne ultimatum",1203028740,1203657060,628320,117116005.3490
"Bourne ultimatum",1203028740,1203977520,948780,117116005.3490
"Bourne ultimatum",1203029520,1485068256,282038736,117116005.3490
"Bourne ultimatum",1203029520,1203461340,431820,117116005.3490
"Bourne ultimatum",1203030780,1485068256,282037476,117116005.3490
"Bourne ultimatum",1203030780,1203550020,519240,117116005.3490
"Bourne ultimatum",1203031500,1485068256,282036756,117116005.3490
"Bourne ultimatum",1203031500,1204226340,1194840,117116005.3490
"Bourne ultimatum",1203031500,1204489020,1457520,117116005.3490
"Bourne ultimatum",1203032400,1485068256,282035856,117116005.3490
"Bourne ultimatum",1203032400,1203469140,436740,117116005.3490
"Bourne ultimatum",1203033720,1485068256,282034536,117116005.3490
"Bourne ultimatum",1203033720,1204320540,1286820,117116005.3490
"Bourne ultimatum",1203033720,1204669380,1635660,117116005.3490
"Bourne ultimatum",1203033720,1204770660,1736940,117116005.3490
"Bourne ultimatum",1203035160,1485068256,282033096,117116005.3490
"Bourne ultimatum",1203035160,1203205320,170160,117116005.3490
"Bourne ultimatum",1203035160,1203546300,511140,117116005.3490
"Bourne ultimatum",1203036480,1485068256,282031776,117116005.3490
"Bourne ultimatum",1203036480,1203524760,488280,117116005.3490
"Bourne ultimatum",1203036480,1203550200,513720,117116005.3490
"Bourne ultimatum",1203036960,1485068256,282031296,117116005.3490
"Bourne ultimatum",1203036960,1203640080,603120,117116005.3490
"Bourne ultimatum",1203037440,1485068256,282030816,117116005.3490
"Bourne ultimatum",1203037440,1203647280,609840,117116005.3490
"Bourne ultimatum",1203038640,1485068256,282029616,117116005.3490
"Bourne ultimatum",1203039240,1485068256,282029016,117116005.3490
"Bourne ultimatum",1203039240,1203993960,954720,117116005.3490
"Bourne ultimatum",1203042360,1485068256,282025896,117116005.3490
"Bourne ultimatum",1203042360,1204253520,1211160,117116005.3490
"Bourne ultimatum",1203043440,1485068256,282024816,117116005.3490
"Bourne ultimatum",1203047280,1485068256,282020976,117116005.3490
"Bourne ultimatum",1203047280,1204255800,1208520,117116005.3490
"Bourne ultimatum",1203094080,1485068256,281974176,117116005.3490
"Bourne ultimatum",1203102600,1485068256,281965656,117116005.3490
"Bourne ultimatum",1203102600,1204314000,1211400,117116005.3490
"Bourne ultimatum",1203102900,1485068256,281965356,117116005.3490
"Bourne ultimatum",1203102900,1203476820,373920,117116005.3490
"Bourne ultimatum",1203104400,1485068256,281963856,117116005.3490
"Bourne ultimatum",1203107160,1485068256,281961096,117116005.3490
"Bourne ultimatum",1203107520,1485068256,281960736,117116005.3490
"Bourne ultimatum",1203107520,1204079460,971940,117116005.3490
"Bourne ultimatum",1203108360,1485068256,281959896,117116005.3490
"Bourne ultimatum",1203108360,1203473880,365520,117116005.3490
"Bourne ultimatum",1203109380,1485068256,281958876,117116005.3490
"Bourne ultimatum",1203109380,1485068256,281958876,117116005.3490
"Bourne ultimatum",1203109380,1203535140,425760,117116005.3490
"Bourne ultimatum",1203109380,1203632280,522900,117116005.3490
"Bourne ultimatum",1203109380,1203892800,783420,117116005.3490
"Bourne ultimatum",1203109380,1203966240,856860,117116005.3490
"Bourne ultimatum",1203111180,1485068256,281957076,117116005.3490
"Bourne ultimatum",1203111660,1203111840,180,117116005.3490
"Bourne ultimatum",1203112860,1485068256,281955396,117116005.3490
"Bourne ultimatum",1203112860,1203994140,881280,117116005.3490
"Bourne ultimatum",1203112860,1204005420,892560,117116005.3490
"Bourne ultimatum",1203112860,1205349300,2236440,117116005.3490
"Bourne ultimatum",1203113520,1485068256,281954736,117116005.3490
"Bourne ultimatum",1203113520,1204236120,1122600,117116005.3490
"Bourne ultimatum",1203115920,1485068256,281952336,117116005.3490
"Bourne ultimatum",1203117180,1485068256,281951076,117116005.3490
"Bourne ultimatum",1203117180,1204412460,1295280,117116005.3490
"Bourne ultimatum",1203117180,1204763460,1646280,117116005.3490
"Bourne ultimatum",1203117300,1485068256,281950956,117116005.3490
"Bourne ultimatum",1203117300,1204830900,1713600,117116005.3490
"Bourne ultimatum",1203119220,1485068256,281949036,117116005.3490
"Bourne ultimatum",1203119220,1204076340,957120,117116005.3490
"Bourne ultimatum",1203119220,1204164960,1045740,117116005.3490
"Bourne ultimatum",1203119220,1204313880,1194660,117116005.3490
"Bourne ultimatum",1203119280,1485068256,281948976,117116005.3490
"Bourne ultimatum",1203119280,1203553020,433740,117116005.3490
"Bourne ultimatum",1203119580,1485068256,281948676,117116005.3490
"Bourne ultimatum",1203119760,1485068256,281948496,117116005.3490
"Bourne ultimatum",1203120600,1485068256,281947656,117116005.3490
"Bourne ultimatum",1203120660,1485068256,281947596,117116005.3490
"Bourne ultimatum",1203120660,1203723360,602700,117116005.3490
"Bourne ultimatum",1203120660,1204050600,929940,117116005.3490
"Bourne ultimatum",1203120660,1204745880,1625220,117116005.3490
"Bourne ultimatum",1203123840,1485068256,281944416,117116005.3490
"Bourne ultimatum",1203123840,1204243860,1120020,117116005.3490
"Bourne ultimatum",1203126000,1485068256,281942256,117116005.3490
"Bourne ultimatum",1203126120,1485068256,281942136,117116005.3490
"Bourne ultimatum",1203127080,1485068256,281941176,117116005.3490
"Bourne ultimatum",1203127140,1485068256,281941116,117116005.3490
"Bourne ultimatum",1203127140,1204310940,1183800,117116005.3490
"Bourne ultimatum",1203127140,1204837740,1710600,117116005.3490
"Bourne ultimatum",1203127140,1205026620,1899480,117116005.3490
"Bourne ultimatum",1203127140,1205173980,2046840,117116005.3490
"Bourne ultimatum",1203127320,1485068256,281940936,117116005.3490
"Bourne ultimatum",1203127320,1207724400,4597080,117116005.3490
"Bourne ultimatum",1203127320,1208377500,5250180,117116005.3490
"Bourne ultimatum",1203127320,1208471460,5344140,117116005.3490
"Bourne ultimatum",1203127320,1208550480,5423160,117116005.3490
"Bourne ultimatum",1203187080,1485068256,281881176,117116005.3490
"Bourne ultimatum",1203187080,1203712200,525120,117116005.3490
"Bourne ultimatum",1203187200,1485068256,281881056,117116005.3490
"Bourne ultimatum",1203187200,1203895320,708120,117116005.3490
"Bourne ultimatum",1203187200,1204400520,1213320,117116005.3490
"Bourne ultimatum",1203189600,1485068256,281878656,117116005.3490
"Bourne ultimatum",1203191040,1485068256,281877216,117116005.3490
"Bourne ultimatum",1203191040,1203804600,613560,117116005.3490
"Bourne ultimatum",1203192240,1485068256,281876016,117116005.3490
"Bourne ultimatum",1203193800,1485068256,281874456,117116005.3490
"Bourne ultimatum",1203193800,1204142400,948600,117116005.3490
"Bourne ultimatum",1203194760,1485068256,281873496,117116005.3490
"Bourne ultimatum",1203194760,1203298860,104100,117116005.3490
"Bourne ultimatum",1203194760,1203729060,534300,117116005.3490
"Bourne ultimatum",1203194760,1203997080,802320,117116005.3490
"Bourne ultimatum",1203195900,1485068256,281872356,117116005.3490
"Bourne ultimatum",1203195900,1204411860,1215960,117116005.3490
"Bourne ultimatum",1203195900,1204570740,1374840,117116005.3490
"Bourne ultimatum",1203195900,1204661880,1465980,117116005.3490
"Bourne ultimatum",1203196920,1485068256,281871336,117116005.3490
"Bourne ultimatum",1203197340,1485068256,281870916,117116005.3490
"Bourne ultimatum",1203197340,1204399560,1202220,117116005.3490
"Bourne ultimatum",1203198060,1485068256,281870196,117116005.3490
"Bourne ultimatum",1203198060,1203294480,96420,117116005.3490
"Bourne ultimatum",1203198060,1203640200,442140,117116005.3490
"Bourne ultimatum",1203198060,1203707220,509160,117116005.3490
"Bourne ultimatum",1203198180,1485068256,281870076,117116005.3490
"Bourne ultimatum",1203198180,1485068256,281870076,117116005.3490
"Bourne ultimatum",1203198180,1203999720,801540,117116005.3490
"Bourne ultimatum",1203198180,1204051320,853140,117116005.3490
"Bourne ultimatum",1203198180,1204674000,1475820,117116005.3490
"Bourne ultimatum",1203198180,1205212140,2013960,117116005.3490
"Bourne ultimatum",1203198180,1205286000,2087820,117116005.3490
"Bourne ultimatum",1203199500,1485068256,281868756,117116005.3490
"Bourne ultimatum",1203199500,1203811320,611820,117116005.3490
"Bourne ultimatum",1203201600,1485068256,281866656,117116005.3490
"Bourne ultimatum",1203201600,1203288720,87120,117116005.3490
"Bourne ultimatum",1203201600,1203459840,258240,117116005.3490
"Bourne ultimatum",1203202800,1485068256,281865456,117116005.3490
"Bourne ultimatum",1203202800,1203552180,349380,117116005.3490
"Bourne ultimatum",1203203340,1485068256,281864916,117116005.3490
"Bourne ultimatum",1203203340,1485068256,281864916,117116005.3490
"Bourne ultimatum",1203203340,1203811020,607680,117116005.3490
"Bourne ultimatum",1203203340,1204419000,1215660,117116005.3490
"Bourne ultimatum",1203203940,1485068256,281864316,117116005.3490
"Bourne ultimatum",1203203940,1203548760,344820,117116005.3490
"Bourne ultimatum",1203203940,1203725220,521280,117116005.3490
"Bourne ultimatum",1203205980,1485068256,281862276,117116005.3490
"Bourne ultimatum",1203205980,1204491720,1285740,117116005.3490
"Bourne ultimatum",1203205980,1204613940,1407960,117116005.3490
"Bourne ultimatum",1203206940,1485068256,281861316,117116005.3490
"Bourne ultimatum",1203206940,1204163040,956100,117116005.3490
"Bourne ultimatum",1203208140,1485068256,281860116,117116005.3490
"Bourne ultimatum",1203208140,1204496460,1288320,117116005.3490
"Bourne ultimatum",1203209940,1485068256,281858316,117116005.3490
"Bourne ultimatum",1203209940,1204401120,1191180,117116005.3490
"Bourne ultimatum",1203209940,1204742700,1532760,117116005.3490
"Bourne ultimatum",1203210000,1485068256,281858256,117116005.3490
"Bourne ultimatum",1203210000,1204917120,1707120,117116005.3490
"Bourne ultimatum",1203210000,1205182440,1972440,117116005.3490
"Bourne ultimatum",1203210000,1206468060,3258060,117116005.3490
"Bourne ultimatum",1203210960,1485068256,281857296,117116005.3490
"Bourne ultimatum",1203210960,1203625140,414180,117116005.3490
"Bourne ultimatum",1203210960,1204834560,1623600,117116005.3490
"Bourne ultimatum",1203212100,1485068256,281856156,117116005.3490
"Bourne ultimatum",1203213240,1485068256,281855016,117116005.3490
"Bourne ultimatum",1203213240,1205620740,2407500,117116005.3490
"Bourne ultimatum",1203213240,1205873460,2660220,117116005.3490
"Bourne ultimatum",1203213300,1485068256,281854956,117116005.3490
"Bourne ultimatum",1203213300,1204064820,851520,117116005.3490
"Bourne ultimatum",1203280200,1485068256,281788056,117116005.3490
"Bourne ultimatum",1203280200,1204405260,1125060,117116005.3490
"Bourne ultimatum",1203280380,1485068256,281787876,117116005.3490
"Bourne ultimatum",1203288060,1485068256,281780196,117116005.3490
"Bourne ultimatum",1203288060,1204164540,876480,117116005.3490
"Bourne ultimatum",1203288060,1204243020,954960,117116005.3490
"Bourne ultimatum",1203288120,1485068256,281780136,117116005.3490
"Bourne ultimatum",1203288120,1203562320,274200,117116005.3490
"Bourne ultimatum",1203292800,1485068256,281775456,117116005.3490
"Bourne ultimatum",1203292800,1204839000,1546200,117116005.3490
"Bourne ultimatum",1203295920,1485068256,281772336,117116005.3490
"Bourne ultimatum",1203295920,1204416840,1120920,117116005.3490
"Bourne ultimatum",1203298200,1485068256,281770056,117116005.3490
"Bourne ultimatum",1203298200,1204494420,1196220,117116005.3490
"Bourne ultimatum",1203298200,1204497660,1199460,117116005.3490
"Bourne ultimatum",1203450240,1485068256,281618016,117116005.3490
"Bourne ultimatum",1203450240,1204833240,1383000,117116005.3490
"Bourne ultimatum",1203450240,1204834800,1384560,117116005.3490
"Bourne ultimatum",1203450240,1204925220,1474980,117116005.3490
"Bourne ultimatum",1203455040,1485068256,281613216,117116005.3490
"Bourne ultimatum",1203455040,1203815400,360360,117116005.3490
"Bourne ultimatum",1203455460,1485068256,281612796,117116005.3490
"Bourne ultimatum",1203455460,1203533520,78060,117116005.3490
"Bourne ultimatum",1203456780,1485068256,281611476,117116005.3490
"Bourne ultimatum",1203456780,1203714180,257400,117116005.3490
"Bourne ultimatum",1203459000,1485068256,281609256,117116005.3490
"Bourne ultimatum",1203459000,1203900000,441000,117116005.3490
"Bourne ultimatum",1203459420,1485068256,281608836,117116005.3490
"Bourne ultimatum",1203460560,1485068256,281607696,117116005.3490
"Bourne ultimatum",1203460560,1205375880,1915320,117116005.3490
"Bourne ultimatum",1203460560,1205433120,1972560,117116005.3490
"Bourne ultimatum",1203462660,1485068256,281605596,117116005.3490
"Bourne ultimatum",1203462660,1204152420,689760,117116005.3490
"Bourne ultimatum",1203462660,1204311780,849120,117116005.3490
"Bourne ultimatum",1203462660,1205883000,2420340,117116005.3490
"Bourne ultimatum",1203462660,1205944440,2481780,117116005.3490
"Bourne ultimatum",1203465720,1485068256,281602536,117116005.3490
"Bourne ultimatum",1203465720,1204230660,764940,117116005.3490
"Bourne ultimatum",1203465720,1204418880,953160,117116005.3490
"Bourne ultimatum",1203465780,1485068256,281602476,117116005.3490
"Bourne ultimatum",1203466440,1485068256,281601816,117116005.3490
"Bourne ultimatum",1203466440,1204684860,1218420,117116005.3490
"Bourne ultimatum",1203466440,1204764780,1298340,117116005.3490
"Bourne ultimatum",1203466440,1205026620,1560180,117116005.3490
"Bourne ultimatum",1203466440,1205274780,1808340,117116005.3490
"Bourne ultimatum",1203468240,1485068256,281600016,117116005.3490
"Bourne ultimatum",1203469980,1485068256,281598276,117116005.3490
"Bourne ultimatum",1203471180,1485068256,281597076,117116005.3490
"Bourne ultimatum",1203471180,1204335360,864180,117116005.3490
"Bourne ultimatum",1203471300,1485068256,281596956,117116005.3490
"Bourne ultimatum",1203471300,1204496280,1024980,117116005.3490
"Bourne ultimatum",1203472800,1485068256,281595456,117116005.3490
"Bourne ultimatum",1203472800,1204168200,695400,117116005.3490
"Bourne ultimatum",1203472860,1485068256,281595396,117116005.3490
"Bourne ultimatum",1203472860,1204689360,1216500,117116005.3490
"Bourne ultimatum",1203474300,1485068256,281593956,117116005.3490
"Bourne ultimatum",1203474900,1485068256,281593356,117116005.3490
"Bourne ultimatum",1203474900,1203817680,342780,117116005.3490
"Bourne ultimatum",1203474900,1203995340,520440,117116005.3490
"Bourne ultimatum",1203474900,1204068000,593100,117116005.3490
"Bourne ultimatum",1203474960,1485068256,281593296,117116005.3490
"Bourne ultimatum",1203474960,1204688580,1213620,117116005.3490
"Bourne ultimatum",1203474960,1204843860,1368900,117116005.3490
"Bourne ultimatum",1203474960,1204916160,1441200,117116005.3490
"Bourne ultimatum",1203475080,1485068256,281593176,117116005.3490
"Bourne ultimatum",1203475080,1203711540,236460,117116005.3490
"Bourne ultimatum",1203475140,1485068256,281593116,117116005.3490
"Bourne ultimatum",1203475440,1485068256,281592816,117116005.3490
"Bourne ultimatum",1203475440,1204584480,1109040,117116005.3490
"Bourne ultimatum",1203475620,1485068256,281592636,117116005.3490
"Bourne ultimatum",1203475620,1204685220,1209600,117116005.3490
"Bourne ultimatum",1203476040,1485068256,281592216,117116005.3490
"Bourne ultimatum",1203476040,1204762500,1286460,117116005.3490
"Bourne ultimatum",1203476040,1204917840,1441800,117116005.3490
"Bourne ultimatum",1203476040,1205370120,1894080,117116005.3490
"Bourne ultimatum",1203476160,1485068256,281592096,117116005.3490
"Bourne ultimatum",1203476160,1203806400,330240,117116005.3490
"Bourne ultimatum",1203476460,1485068256,281591796,117116005.3490
"Bourne ultimatum",1203476460,1204592700,1116240,117116005.3490
"Bourne ultimatum",1203477960,1485068256,281590296,117116005.3490
"Bourne ultimatum",1203479940,1485068256,281588316,117116005.3490
"Bourne ultimatum",1203479940,1204689360,1209420,117116005.3490
"Bourne ultimatum",1203533580,1485068256,281534676,117116005.3490
"Bourne ultimatum",1203533580,1204752060,1218480,117116005.3490
"Bourne ultimatum",1203533580,1204939680,1406100,117116005.3490
"Bourne ultimatum",1203533580,1205197200,1663620,117116005.3490
"Bourne ultimatum",1203535500,1485068256,281532756,117116005.3490
"Bourne ultimatum",1203535500,1204257300,721800,117116005.3490
"Bourne ultimatum",1203537240,1485068256,281531016,117116005.3490
"Bourne ultimatum",1203539400,1485068256,281528856,117116005.3490
"Bourne ultimatum",1203539400,1204144860,605460,117116005.3490
"Bourne ultimatum",1203539400,1204242000,702600,117116005.3490
"Bourne ultimatum",1203541980,1485068256,281526276,117116005.3490
"Bourne ultimatum",1203541980,1204666440,1124460,117116005.3490
"Bourne ultimatum",1203541980,1204770660,1228680,117116005.3490
"Bourne ultimatum",1203543480,1485068256,281524776,117116005.3490
"Bourne ultimatum",1203551700,1485068256,281516556,117116005.3490
"Bourne ultimatum",1203551700,1204326780,775080,117116005.3490
"Bourne ultimatum",1203556800,1485068256,281511456,117116005.3490
"Bourne ultimatum",1203556800,1204412100,855300,117116005.3490
"Bourne ultimatum",1203557100,1485068256,281511156,117116005.3490
"Bourne ultimatum",1203560880,1485068256,281507376,117116005.3490
"Bourne ultimatum",1203560880,1204655760,1094880,117116005.3490
"Bourne ultimatum",1203562020,1485068256,281506236,117116005.3490
"Bourne ultimatum",1203562020,1204921560,1359540,117116005.3490
"Bourne ultimatum",1203565140,1485068256,281503116,117116005.3490
"Bourne ultimatum",1203616920,1485068256,281451336,117116005.3490
"Bourne ultimatum",1203616920,1204774320,1157400,117116005.3490
"Bourne ultimatum",1203620820,1485068256,281447436,117116005.3490
"Bourne ultimatum",1203620820,1204828980,1208160,117116005.3490
"Bourne ultimatum",1203620820,1205171700,1550880,117116005.3490
"Bourne ultimatum",1203620820,1205266440,1645620,117116005.3490
"Bourne ultimatum",1203623460,1485068256,281444796,117116005.3490
"Bourne ultimatum",1203623460,1204586040,962580,117116005.3490
"Bourne ultimatum",1203624540,1485068256,281443716,117116005.3490
"Bourne ultimatum",1203624540,1203813600,189060,117116005.3490
"Bourne ultimatum",1203624540,1204232220,607680,117116005.3490
"Bourne ultimatum",1203626520,1485068256,281441736,117116005.3490
"Bourne ultimatum",1203626520,1204662720,1036200,117116005.3490
"Bourne ultimatum",1203629400,1485068256,281438856,117116005.3490
"Bourne ultimatum",1203629400,1203722640,93240,117116005.3490
"Bourne ultimatum",1203629880,1485068256,281438376,117116005.3490
"Bourne ultimatum",1203629880,1204570200,940320,117116005.3490
"Bourne ultimatum",1203631020,1485068256,281437236,117116005.3490
"Bourne ultimatum",1203631020,1204593240,962220,117116005.3490
"Bourne ultimatum",1203631020,1204829580,1198560,117116005.3490
"Bourne ultimatum",1203633660,1485068256,281434596,117116005.3490
"Bourne ultimatum",1203633660,1204763040,1129380,117116005.3490
"Bourne ultimatum",1203634860,1485068256,281433396,117116005.3490
"Bourne ultimatum",1203634860,1204401480,766620,117116005.3490
"Bourne ultimatum",1203636900,1485068256,281431356,117116005.3490
"Bourne ultimatum",1203636900,1204586700,949800,117116005.3490
"Bourne ultimatum",1203637140,1485068256,281431116,117116005.3490
"Bourne ultimatum",1203637140,1204832460,1195320,117116005.3490
"Bourne ultimatum",1203637140,1205182860,1545720,117116005.3490
"Bourne ultimatum",1203640740,1485068256,281427516,117116005.3490
"Bourne ultimatum",1203640740,1204256640,615900,117116005.3490
"Bourne ultimatum",1203640740,1205344680,1703940,117116005.3490
"Bourne ultimatum",1203642300,1485068256,281425956,117116005.3490
"Bourne ultimatum",1203645300,1485068256,281422956,117116005.3490
"Bourne ultimatum",1203645300,1204594800,949500,117116005.3490
"Bourne ultimatum",1203645300,1204759680,1114380,117116005.3490
"Bourne ultimatum",1203645300,1204839960,1194660,117116005.3490
"Bourne ultimatum",1203648180,1485068256,281420076,117116005.3490
"Bourne ultimatum",1203648180,1205371080,1722900,117116005.3490
"Bourne ultimatum",1203648720,1485068256,281419536,117116005.3490
"Bourne ultimatum",1203648720,1204675080,1026360,117116005.3490
"Bourne ultimatum",1203648720,1204835700,1186980,117116005.3490
"Bourne ultimatum",1203650280,1485068256,281417976,117116005.3490
"Bourne ultimatum",1203650280,1204406220,755940,117116005.3490
"Bourne ultimatum",1203651000,1485068256,281417256,117116005.3490
"Bourne ultimatum",1203651000,1204854480,1203480,117116005.3490
"Bourne ultimatum",1203708180,1485068256,281360076,117116005.3490
"Bourne ultimatum",1203708180,1485068256,281360076,117116005.3490
"Bourne ultimatum",1203708180,1204582440,874260,117116005.3490
"Bourne ultimatum",1203708180,1204594860,886680,117116005.3490
"Bourne ultimatum",1203708180,1204672920,964740,117116005.3490
"Bourne ultimatum",1203719520,1485068256,281348736,117116005.3490
"Bourne ultimatum",1203722100,1485068256,281346156,117116005.3490
"Bourne ultimatum",1203722100,1204688880,966780,117116005.3490
"Bourne ultimatum",1203722100,1204869000,1146900,117116005.3490
"Bourne ultimatum",1203726780,1485068256,281341476,117116005.3490
"Bourne ultimatum",1203726780,1204158720,431940,117116005.3490
"Bourne ultimatum",1203726780,1204227600,500820,117116005.3490
"Bourne ultimatum",1203727980,1485068256,281340276,117116005.3490
"Bourne ultimatum",1203727980,1204937520,1209540,117116005.3490
"Bourne ultimatum",1203727980,1206037860,2309880,117116005.3490
"Bourne ultimatum",1203727980,1206420600,2692620,117116005.3490
"Bourne ultimatum",1203727980,1206483360,2755380,117116005.3490
"Bourne ultimatum",1203728160,1485068256,281340096,117116005.3490
"Bourne ultimatum",1203728160,1204417500,689340,117116005.3490
"Bourne ultimatum",1203729180,1485068256,281339076,117116005.3490
"Bourne ultimatum",1203729180,1205200320,1471140,117116005.3490
"Bourne ultimatum",1203789840,1485068256,281278416,117116005.3490
"Bourne ultimatum",1203789840,1204231320,441480,117116005.3490
"Bourne ultimatum",1203789840,1204340580,550740,117116005.3490
"Bourne ultimatum",1203791520,1485068256,281276736,117116005.3490
"Bourne ultimatum",1203791520,1204400640,609120,117116005.3490
"Bourne ultimatum",1203791760,1485068256,281276496,117116005.3490
"Bourne ultimatum",1203791760,1204581180,789420,117116005.3490
"Bourne ultimatum",1203791820,1485068256,281276436,117116005.3490
"Bourne ultimatum",1203791820,1205614020,1822200,117116005.3490
"Bourne ultimatum",1203795180,1485068256,281273076,117116005.3490
"Bourne ultimatum",1203795180,1204845000,1049820,117116005.3490
"Bourne ultimatum",1203795180,1204924980,1129800,117116005.3490
"Bourne ultimatum",1203795480,1485068256,281272776,117116005.3490
"Bourne ultimatum",1203795540,1485068256,281272716,117116005.3490
"Bourne ultimatum",1203796200,1485068256,281272056,117116005.3490
"Bourne ultimatum",1203796200,1205016180,1219980,117116005.3490
"Bourne ultimatum",1203797880,1485068256,281270376,117116005.3490
"Bourne ultimatum",1203797880,1205021040,1223160,117116005.3490
"Bourne ultimatum",1203799020,1485068256,281269236,117116005.3490
"Bourne ultimatum",1203799020,1204502100,703080,117116005.3490
"Bourne ultimatum",1203799020,1205018280,1219260,117116005.3490
"Bourne ultimatum",1203805800,1485068256,281262456,117116005.3490
"Bourne ultimatum",1203808620,1485068256,281259636,117116005.3490
"Bourne ultimatum",1203808620,1203969060,160440,117116005.3490
"Bourne ultimatum",1203815460,1485068256,281252796,117116005.3490
"Bourne ultimatum",1203815460,1204850340,1034880,117116005.3490
"Bourne ultimatum",1203817320,1485068256,281250936,117116005.3490
"Bourne ultimatum",1203818280,1485068256,281249976,117116005.3490
"Bourne ultimatum",1203818280,1204830300,1012020,117116005.3490
"Bourne ultimatum",1203884940,1485068256,281183316,117116005.3490
"Bourne ultimatum",1203884940,1204494480,609540,117116005.3490
"Bourne ultimatum",1203899940,1485068256,281168316,117116005.3490
"Bourne ultimatum",1203899940,1204245180,345240,117116005.3490
"Bourne ultimatum",1203969480,1485068256,281098776,117116005.3490
"Bourne ultimatum",1203969480,1204832700,863220,117116005.3490
"Bourne ultimatum",1203969480,1204918800,949320,117116005.3490
"Bourne ultimatum",1203980400,1485068256,281087856,117116005.3490
"Bourne ultimatum",1203980400,1204311600,331200,117116005.3490
"Bourne ultimatum",1203981360,1485068256,281086896,117116005.3490
"Bourne ultimatum",1203981360,1485068256,281086896,117116005.3490
"Bourne ultimatum",1203981360,1205099760,1118400,117116005.3490
"Bourne ultimatum",1203981360,1205345700,1364340,117116005.3490
"Bourne ultimatum",1203985020,1204318260,333240,117116005.3490
"Bourne ultimatum",1203988320,1485068256,281079936,117116005.3490
"Bourne ultimatum",1203990120,1485068256,281078136,117116005.3490
"Bourne ultimatum",1203990120,1204681320,691200,117116005.3490
"Bourne ultimatum",1203990600,1485068256,281077656,117116005.3490
"Bourne ultimatum",1203990600,1203993720,3120,117116005.3490
"Bourne ultimatum",1203990600,1204741800,751200,117116005.3490
"Bourne ultimatum",1203993960,1485068256,281074296,117116005.3490
"Bourne ultimatum",1203993960,1204389360,395400,117116005.3490
"Bourne ultimatum",1203994740,1485068256,281073516,117116005.3490
"Bourne ultimatum",1203995040,1485068256,281073216,117116005.3490
"Bourne ultimatum",1203995040,1204599360,604320,117116005.3490
"Bourne ultimatum",1203995040,1204839000,843960,117116005.3490
"Bourne ultimatum",1203997860,1485068256,281070396,117116005.3490
"Bourne ultimatum",1203997860,1204934940,937080,117116005.3490
"Bourne ultimatum",1204051560,1485068256,281016696,117116005.3490
"Bourne ultimatum",1204051560,1205264280,1212720,117116005.3490
"Bourne ultimatum",1204051560,1205346720,1295160,117116005.3490
"Bourne ultimatum",1204051980,1485068256,281016276,117116005.3490
"Bourne ultimatum",1204051980,1204580460,528480,117116005.3490
"Bourne ultimatum",1204051980,1204674120,622140,117116005.3490
"Bourne ultimatum",1204059720,1485068256,281008536,117116005.3490
"Bourne ultimatum",1204059720,1204577880,518160,117116005.3490
"Bourne ultimatum",1204059720,1204578780,519060,117116005.3490
"Bourne ultimatum",1204068840,1485068256,280999416,117116005.3490
"Bourne ultimatum",1204069740,1485068256,280998516,117116005.3490
"Bourne ultimatum",1204069740,1204397400,327660,117116005.3490
"Bourne ultimatum",1204071240,1485068256,280997016,117116005.3490
"Bourne ultimatum",1204075920,1485068256,280992336,117116005.3490
"Bourne ultimatum",1204075920,1204598820,522900,117116005.3490
"Bourne ultimatum",1204075920,1205433300,1357380,117116005.3490
"Bourne ultimatum",1204080420,1485068256,280987836,117116005.3490
"Bourne ultimatum",1204080420,1205101500,1021080,117116005.3490
"Bourne ultimatum",1204080600,1485068256,280987656,117116005.3490
"Bourne ultimatum",1204080600,1205092800,1012200,117116005.3490
"Bourne ultimatum",1204080600,1205177040,1096440,117116005.3490
"Bourne ultimatum",1204083000,1485068256,280985256,117116005.3490
"Bourne ultimatum",1204083000,1205367000,1284000,117116005.3490
"Bourne ultimatum",1204083000,1206468300,2385300,117116005.3490
"Bourne ultimatum",1204083000,1206567960,2484960,117116005.3490
"Bourne ultimatum",1204137480,1485068256,280930776,117116005.3490
"Bourne ultimatum",1204161480,1485068256,280906776,117116005.3490
"Bourne ultimatum",1204167900,1485068256,280900356,117116005.3490
"Bourne ultimatum",1204167900,1204930140,762240,117116005.3490
"Bourne ultimatum",1204167900,1205349660,1181760,117116005.3490
"Bourne ultimatum",1204168200,1485068256,280900056,117116005.3490
"Bourne ultimatum",1204168200,1205623860,1455660,117116005.3490
"Bourne ultimatum",1204168200,1205883900,1715700,117116005.3490
"Bourne ultimatum",1204168200,1205963340,1795140,117116005.3490
"Bourne ultimatum",1204171020,1485068256,280897236,117116005.3490
"Bourne ultimatum",1204232940,1485068256,280835316,117116005.3490
"Bourne ultimatum",1204232940,1205445960,1213020,117116005.3490
"Bourne ultimatum",1204232940,1205537460,1304520,117116005.3490
"Bourne ultimatum",1204237140,1485068256,280831116,117116005.3490
"Bourne ultimatum",1204237140,1205355900,1118760,117116005.3490
"Bourne ultimatum",1204239120,1485068256,280829136,117116005.3490
"Bourne ultimatum",1204239120,1205372520,1133400,117116005.3490
"Bourne ultimatum",1204243620,1485068256,280824636,117116005.3490
"Bourne ultimatum",1204244640,1485068256,280823616,117116005.3490
"Bourne ultimatum",1204244640,1205367480,1122840,117116005.3490
"Bourne ultimatum",1204247340,1485068256,280820916,117116005.3490
"Bourne ultimatum",1204251060,1485068256,280817196,117116005.3490
"Bourne ultimatum",1204251060,1205191680,940620,117116005.3490
"Bourne ultimatum",1204251060,1205430540,1179480,117116005.3490
"Bourne ultimatum",1204251300,1485068256,280816956,117116005.3490
"Bourne ultimatum",1204251300,1204613160,361860,117116005.3490
"Bourne ultimatum",1204253160,1485068256,280815096,117116005.3490
"Bourne ultimatum",1204253160,1205980260,1727100,117116005.3490
"Bourne ultimatum",1204327980,1485068256,280740276,117116005.3490
"Bourne ultimatum",1204327980,1205804400,1476420,117116005.3490
"Bourne ultimatum",1204329900,1485068256,280738356,117116005.3490
"Bourne ultimatum",1204329900,1205620260,1290360,117116005.3490
"Bourne ultimatum",1204329960,1485068256,280738296,117116005.3490
"Bourne ultimatum",1204329960,1204579020,249060,117116005.3490
"Bourne ultimatum",1204329960,1204773840,443880,117116005.3490
"Bourne ultimatum",1204329960,1204916640,586680,117116005.3490
"Bourne ultimatum",1204331700,1485068256,280736556,117116005.3490
"Bourne ultimatum",1204331700,1204397040,65340,117116005.3490
"Bourne ultimatum",1204331700,1204666320,334620,117116005.3490
"Bourne ultimatum",1204332840,1485068256,280735416,117116005.3490
"Bourne ultimatum",1204332840,1204659180,326340,117116005.3490
"Bourne ultimatum",1204332840,1204770960,438120,117116005.3490
"Bourne ultimatum",1204332840,1204842120,509280,117116005.3490
"Bourne ultimatum",1204333800,1485068256,280734456,117116005.3490
"Bourne ultimatum",1204333800,1204919580,585780,117116005.3490
"Bourne ultimatum",1204334160,1485068256,280734096,117116005.3490
"Bourne ultimatum",1204334160,1205353800,1019640,117116005.3490
"Bourne ultimatum",1204334760,1485068256,280733496,117116005.3490
"Bourne ultimatum",1204334760,1204837500,502740,117116005.3490
"Bourne ultimatum",1204335720,1485068256,280732536,117116005.3490
"Bourne ultimatum",1204335720,1206047940,1712220,117116005.3490
"Bourne ultimatum",1204396260,1485068256,280671996,117116005.3490
"Bourne ultimatum",1204397040,1485068256,280671216,117116005.3490
"Bourne ultimatum",1204398960,1485068256,280669296,117116005.3490
"Bourne ultimatum",1204398960,1205001540,602580,117116005.3490
"Bourne ultimatum",1204400700,1485068256,280667556,117116005.3490
"Bourne ultimatum",1204400700,1205621280,1220580,117116005.3490
"Bourne ultimatum",1204400700,1205622480,1221780,117116005.3490
"Bourne ultimatum",1204400700,1205954880,1554180,117116005.3490
"Bourne ultimatum",1204400700,1206034320,1633620,117116005.3490
"Bourne ultimatum",1204400700,1206389760,1989060,117116005.3490
"Bourne ultimatum",1204400880,1485068256,280667376,117116005.3490
"Bourne ultimatum",1204400880,1205447580,1046700,117116005.3490
"Bourne ultimatum",1204400880,1205959500,1558620,117116005.3490
"Bourne ultimatum",1204403040,1485068256,280665216,117116005.3490
"Bourne ultimatum",1204403040,1205603040,1200000,117116005.3490
"Bourne ultimatum",1204405200,1485068256,280663056,117116005.3490
"Bourne ultimatum",1204407900,1485068256,280660356,117116005.3490
"Bourne ultimatum",1204407900,1205456040,1048140,117116005.3490
"Bourne ultimatum",1204407900,1205515260,1107360,117116005.3490
"Bourne ultimatum",1204409700,1485068256,280658556,117116005.3490
"Bourne ultimatum",1204410240,1485068256,280658016,117116005.3490
"Bourne ultimatum",1204410240,1205201400,791160,117116005.3490
"Bourne ultimatum",1204410240,1205435160,1024920,117116005.3490
"Bourne ultimatum",1204410240,1205527740,1117500,117116005.3490
"Bourne ultimatum",1204410900,1485068256,280657356,117116005.3490
"Bourne ultimatum",1204410900,1204921320,510420,117116005.3490
"Bourne ultimatum",1204410900,1205272980,862080,117116005.3490
"Bourne ultimatum",1204414380,1485068256,280653876,117116005.3490
"Bourne ultimatum",1204414380,1205626440,1212060,117116005.3490
"Bourne ultimatum",1204415700,1485068256,280652556,117116005.3490
"Bourne ultimatum",1204415700,1204772400,356700,117116005.3490
"Bourne ultimatum",1204415700,1204853040,437340,117116005.3490
"Bourne ultimatum",1204415700,1204921260,505560,117116005.3490
"Bourne ultimatum",1204417320,1485068256,280650936,117116005.3490
"Bourne ultimatum",1204417320,1205614680,1197360,117116005.3490
"Bourne ultimatum",1204421460,1485068256,280646796,117116005.3490
"Bourne ultimatum",1204421460,1485068256,280646796,117116005.3490
"Bourne ultimatum",1204421460,1205021580,600120,117116005.3490
"Bourne ultimatum",1204421460,1205622660,1201200,117116005.3490
"Bourne ultimatum",1204491360,1485068256,280576896,117116005.3490
"Bourne ultimatum",1204491360,1204855320,363960,117116005.3490
"Bourne ultimatum",1204497960,1485068256,280570296,117116005.3490
"Bourne ultimatum",1204497960,1204753680,255720,117116005.3490
"Bourne ultimatum",1204497960,1205346240,848280,117116005.3490
"Bourne ultimatum",1204498380,1485068256,280569876,117116005.3490
"Bourne ultimatum",1204498380,1205615820,1117440,117116005.3490
"Bourne ultimatum",1204507740,1485068256,280560516,117116005.3490
"Bourne ultimatum",1204507740,1204744320,236580,117116005.3490
"Bourne ultimatum",1204507740,1205348640,840900,117116005.3490
"Bourne ultimatum",1204508220,1485068256,280560036,117116005.3490
"Bourne ultimatum",1204508220,1205544300,1036080,117116005.3490
"Bourne ultimatum",1204508220,1205560500,1052280,117116005.3490
"Bourne ultimatum",1204508220,1205789280,1281060,117116005.3490
"Bourne ultimatum",1204580820,1485068256,280487436,117116005.3490
"Bourne ultimatum",1204580820,1205092860,512040,117116005.3490
"Bourne ultimatum",1204583520,1485068256,280484736,117116005.3490
"Bourne ultimatum",1204583520,1205271120,687600,117116005.3490
"Bourne ultimatum",1204583520,1205334600,751080,117116005.3490
"Bourne ultimatum",1204587180,1485068256,280481076,117116005.3490
"Bourne ultimatum",1204587180,1205809800,1222620,117116005.3490
"Bourne ultimatum",1204590360,1485068256,280477896,117116005.3490
"Bourne ultimatum",1204590360,1205372700,782340,117116005.3490
"Bourne ultimatum",1204590600,1485068256,280477656,117116005.3490
"Bourne ultimatum",1204590600,1205894940,1304340,117116005.3490
"Bourne ultimatum",1204591680,1485068256,280476576,117116005.3490
"Bourne ultimatum",1204591680,1205185080,593400,117116005.3490
"Bourne ultimatum",1204593480,1485068256,280474776,117116005.3490
"Bourne ultimatum",1204593480,1205260500,667020,117116005.3490
"Bourne ultimatum",1204593660,1485068256,280474596,117116005.3490
"Bourne ultimatum",1204594260,1485068256,280473996,117116005.3490
"Bourne ultimatum",1204594260,1205975040,1380780,117116005.3490
"Bourne ultimatum",1204594260,1206394560,1800300,117116005.3490
"Bourne ultimatum",1204594560,1485068256,280473696,117116005.3490
"Bourne ultimatum",1204594560,1205783580,1189020,117116005.3490
"Bourne ultimatum",1204595940,1485068256,280472316,117116005.3490
"Bourne ultimatum",1204596240,1485068256,280472016,117116005.3490
"Bourne ultimatum",1204596240,1205457060,860820,117116005.3490
"Bourne ultimatum",1204596240,1205549280,953040,117116005.3490
"Bourne ultimatum",1204596240,1205948520,1352280,117116005.3490
"Bourne ultimatum",1204598280,1485068256,280469976,117116005.3490
"Bourne ultimatum",1204598280,1205610240,1011960,117116005.3490
"Bourne ultimatum",1204598280,1205884500,1286220,117116005.3490
"Bourne ultimatum",1204602120,1485068256,280466136,117116005.3490
"Bourne ultimatum",1204657440,1485068256,280410816,117116005.3490
"Bourne ultimatum",1204657440,1205893080,1235640,117116005.3490
"Bourne ultimatum",1204657740,1485068256,280410516,117116005.3490
"Bourne ultimatum",1204657740,1205778000,1120260,117116005.3490
"Bourne ultimatum",1204664880,1485068256,280403376,117116005.3490
"Bourne ultimatum",1204664880,1205019360,354480,117116005.3490
"Bourne ultimatum",1204664880,1206122040,1457160,117116005.3490
"Bourne ultimatum",1204664880,1206399660,1734780,117116005.3490
"Bourne ultimatum",1204665480,1485068256,280402776,117116005.3490
"Bourne ultimatum",1204665480,1205456040,790560,117116005.3490
"Bourne ultimatum",1204665480,1205549580,884100,117116005.3490
"Bourne ultimatum",1204673400,1485068256,280394856,117116005.3490
"Bourne ultimatum",1204673400,1206144420,1471020,117116005.3490
"Bourne ultimatum",1204673400,1206400260,1726860,117116005.3490
"Bourne ultimatum",1204673400,1206487920,1814520,117116005.3490
"Bourne ultimatum",1204679220,1485068256,280389036,117116005.3490
"Bourne ultimatum",1204679220,1204766940,87720,117116005.3490
"Bourne ultimatum",1204679220,1204868220,189000,117116005.3490
"Bourne ultimatum",1204679220,1204917840,238620,117116005.3490
"Bourne ultimatum",1204681680,1485068256,280386576,117116005.3490
"Bourne ultimatum",1204681680,1205894400,1212720,117116005.3490
"Bourne ultimatum",1204681680,1205965020,1283340,117116005.3490
"Bourne ultimatum",1204681680,1206038160,1356480,117116005.3490
"Bourne ultimatum",1204684800,1485068256,280383456,117116005.3490
"Bourne ultimatum",1204684800,1205782140,1097340,117116005.3490
"Bourne ultimatum",1204684800,1205786040,1101240,117116005.3490
"Bourne ultimatum",1204685700,1485068256,280382556,117116005.3490
"Bourne ultimatum",1204687140,1485068256,280381116,117116005.3490
"Bourne ultimatum",1204687140,1205283120,595980,117116005.3490
"Bourne ultimatum",1204687140,1205302080,614940,117116005.3490
"Bourne ultimatum",1204740240,1485068256,280328016,117116005.3490
"Bourne ultimatum",1204740240,1205016180,275940,117116005.3490
"Bourne ultimatum",1204746180,1485068256,280322076,117116005.3490
"Bourne ultimatum",1204746180,1205358660,612480,117116005.3490
"Bourne ultimatum",1204754580,1485068256,280313676,117116005.3490
"Bourne ultimatum",1204754580,1205803260,1048680,117116005.3490
"Bourne ultimatum",1204754580,1206037020,1282440,117116005.3490
"Bourne ultimatum",1204762260,1485068256,280305996,117116005.3490
"Bourne ultimatum",1204762260,1205969580,1207320,117116005.3490
"Bourne ultimatum",1204762260,1206078900,1316640,117116005.3490
"Bourne ultimatum",1204762260,1206212700,1450440,117116005.3490
"Bourne ultimatum",1204763760,1485068256,280304496,117116005.3490
"Bourne ultimatum",1204763760,1205351520,587760,117116005.3490
"Bourne ultimatum",1204766100,1485068256,280302156,117116005.3490
"Bourne ultimatum",1204766340,1485068256,280301916,117116005.3490
"Bourne ultimatum",1204766340,1205967840,1201500,117116005.3490
"Bourne ultimatum",1204766340,1206121380,1355040,117116005.3490
"Bourne ultimatum",1204766340,1206220920,1454580,117116005.3490
"Bourne ultimatum",1204767360,1485068256,280300896,117116005.3490
"Bourne ultimatum",1204767360,1204840020,72660,117116005.3490
"Bourne ultimatum",1204768440,1485068256,280299816,117116005.3490
"Bourne ultimatum",1204768440,1205203500,435060,117116005.3490
"Bourne ultimatum",1204773060,1485068256,280295196,117116005.3490
"Bourne ultimatum",1204773060,1206577560,1804500,117116005.3490
"Bourne ultimatum",1204773060,1207002180,2229120,117116005.3490
"Bourne ultimatum",1204774080,1485068256,280294176,117116005.3490
"Bourne ultimatum",1204774080,1205201640,427560,117116005.3490
"Bourne ultimatum",1204774080,1205343780,569700,117116005.3490
"Bourne ultimatum",1204774080,1205546160,772080,117116005.3490
"Bourne ultimatum",1204834320,1485068256,280233936,117116005.3490
"Bourne ultimatum",1204834320,1206034260,1199940,117116005.3490
"Bourne ultimatum",1204834620,1485068256,280233636,117116005.3490
"Bourne ultimatum",1204834620,1205788680,954060,117116005.3490
"Bourne ultimatum",1204839000,1485068256,280229256,117116005.3490
"Bourne ultimatum",1204839000,1205096040,257040,117116005.3490
"Bourne ultimatum",1204839000,1205272740,433740,117116005.3490
"Bourne ultimatum",1204840020,1485068256,280228236,117116005.3490
"Bourne ultimatum",1204840500,1485068256,280227756,117116005.3490
"Bourne ultimatum",1204840500,1205190480,349980,117116005.3490
"Bourne ultimatum",1204849320,1485068256,280218936,117116005.3490
"Bourne ultimatum",1204849320,1205948280,1098960,117116005.3490
"Bourne ultimatum",1204850100,1485068256,280218156,117116005.3490
"Bourne ultimatum",1204850100,1205542020,691920,117116005.3490
"Bourne ultimatum",1204850100,1205959140,1109040,117116005.3490
"Bourne ultimatum",1204851000,1485068256,280217256,117116005.3490
"Bourne ultimatum",1204851000,1205186160,335160,117116005.3490
"Bourne ultimatum",1204851000,1205625360,774360,117116005.3490
"Bourne ultimatum",1204851000,1205628300,777300,117116005.3490
"Bourne ultimatum",1204851000,1205878320,1027320,117116005.3490
"Bourne ultimatum",1204853580,1485068256,280214676,117116005.3490
"Bourne ultimatum",1204853580,1206131640,1278060,117116005.3490
"Bourne ultimatum",1204853580,1206552240,1698660,117116005.3490
"Bourne ultimatum",1204854840,1485068256,280213416,117116005.3490
"Bourne ultimatum",1204857360,1485068256,280210896,117116005.3490
"Bourne ultimatum",1204857360,1205456100,598740,117116005.3490
"Bourne ultimatum",1204858200,1485068256,280210056,117116005.3490
"Bourne ultimatum",1204858200,1205275140,416940,117116005.3490
"Bourne ultimatum",1204858200,1205429940,571740,117116005.3490
"Bourne ultimatum",1204858200,1205525160,666960,117116005.3490
"Bourne ultimatum",1204858980,1485068256,280209276,117116005.3490
"Bourne ultimatum",1204858980,1206214860,1355880,117116005.3490
"Bourne ultimatum",1204858980,1206426240,1567260,117116005.3490
"Bourne ultimatum",1204858980,1206476400,1617420,117116005.3490
"Bourne ultimatum",1204915800,1485068256,280152456,117116005.3490
"Bourne ultimatum",1204915800,1206386220,1470420,117116005.3490
"Bourne ultimatum",1204918080,1485068256,280150176,117116005.3490
"Bourne ultimatum",1204918080,1205280360,362280,117116005.3490
"Bourne ultimatum",1204918080,1205350200,432120,117116005.3490
"Bourne ultimatum",1204921800,1485068256,280146456,117116005.3490
"Bourne ultimatum",1204921800,1205622480,700680,117116005.3490
"Bourne ultimatum",1204922280,1485068256,280145976,117116005.3490
"Bourne ultimatum",1204922280,1205275080,352800,117116005.3490
"Bourne ultimatum",1204924260,1485068256,280143996,117116005.3490
"Bourne ultimatum",1204924260,1206055260,1131000,117116005.3490
"Bourne ultimatum",1204924260,1206507060,1582800,117116005.3490
"Bourne ultimatum",1204924260,1208369580,3445320,117116005.3490
"Bourne ultimatum",1204924920,1485068256,280143336,117116005.3490
"Bourne ultimatum",1204924920,1205186100,261180,117116005.3490
"Bourne ultimatum",1204924920,1206726420,1801500,117116005.3490
"Bourne ultimatum",1204926540,1485068256,280141716,117116005.3490
"Bourne ultimatum",1204930500,1485068256,280137756,117116005.3490
"Bourne ultimatum",1204930500,1206067080,1136580,117116005.3490
"Bourne ultimatum",1204931700,1485068256,280136556,117116005.3490
"Bourne ultimatum",1204931700,1206141600,1209900,117116005.3490
"Bourne ultimatum",1204933620,1485068256,280134636,117116005.3490
"Bourne ultimatum",1204933620,1205174580,240960,117116005.3490
"Bourne ultimatum",1204934880,1485068256,280133376,117116005.3490
"Bourne ultimatum",1204934940,1485068256,280133316,117116005.3490
"Bourne ultimatum",1204934940,1205882820,947880,117116005.3490
"Bourne ultimatum",1204935540,1485068256,280132716,117116005.3490
"Bourne ultimatum",1204935540,1206227280,1291740,117116005.3490
"Bourne ultimatum",1204936080,1485068256,280132176,117116005.3490
"Bourne ultimatum",1204936080,1206121080,1185000,117116005.3490
"Bourne ultimatum",1204936440,1485068256,280131816,117116005.3490
"Bourne ultimatum",1204936800,1485068256,280131456,117116005.3490
"Bourne ultimatum",1204936800,1205952600,1015800,117116005.3490
"Bourne ultimatum",1204938300,1485068256,280129956,117116005.3490
"Bourne ultimatum",1204938300,1205700120,761820,117116005.3490
"Bourne ultimatum",1204938300,1205946960,1008660,117116005.3490
"Bourne ultimatum",1204941240,1485068256,280127016,117116005.3490
"Bourne ultimatum",1205002440,1485068256,280065816,117116005.3490
"Bourne ultimatum",1205002440,1206216180,1213740,117116005.3490
"Bourne ultimatum",1205003700,1485068256,280064556,117116005.3490
"Bourne ultimatum",1205003700,1205174340,170640,117116005.3490
"Bourne ultimatum",1205004180,1485068256,280064076,117116005.3490
"Bourne ultimatum",1205004180,1206741540,1737360,117116005.3490
"Bourne ultimatum",1205004180,1207101360,2097180,117116005.3490
"Bourne ultimatum",1205004180,1207160460,2156280,117116005.3490
"Bourne ultimatum",1205004360,1485068256,280063896,117116005.3490
"Bourne ultimatum",1205004360,1206062100,1057740,117116005.3490
"Bourne ultimatum",1205004360,1206833400,1829040,117116005.3490
"Bourne ultimatum",1205006400,1485068256,280061856,117116005.3490
"Bourne ultimatum",1205008560,1485068256,280059696,117116005.3490
"Bourne ultimatum",1205008560,1206228420,1219860,117116005.3490
"Bourne ultimatum",1205008560,1206645660,1637100,117116005.3490
"Bourne ultimatum",1205008920,1485068256,280059336,117116005.3490
"Bourne ultimatum",1205010240,1485068256,280058016,117116005.3490
"Bourne ultimatum",1205010240,1205612580,602340,117116005.3490
"Bourne ultimatum",1205010240,1205819400,809160,117116005.3490
"Bourne ultimatum",1205011380,1485068256,280056876,117116005.3490
"Bourne ultimatum",1205011860,1485068256,280056396,117116005.3490
"Bourne ultimatum",1205011860,1205797560,785700,117116005.3490
"Bourne ultimatum",1205017920,1485068256,280050336,117116005.3490
"Bourne ultimatum",1205017920,1205951820,933900,117116005.3490
"Bourne ultimatum",1205020080,1485068256,280048176,117116005.3490
"Bourne ultimatum",1205020080,1205436960,416880,117116005.3490
"Bourne ultimatum",1205020560,1485068256,280047696,117116005.3490
"Bourne ultimatum",1205020560,1207091820,2071260,117116005.3490
"Bourne ultimatum",1205020560,1207157940,2137380,117116005.3490
"Bourne ultimatum",1205021160,1485068256,280047096,117116005.3490
"Bourne ultimatum",1205022600,1485068256,280045656,117116005.3490
"Bourne ultimatum",1205022600,1206217620,1195020,117116005.3490
"Bourne ultimatum",1205024760,1485068256,280043496,117116005.3490
"Bourne ultimatum",1205024760,1206060960,1036200,117116005.3490
"Bourne ultimatum",1205026620,1485068256,280041636,117116005.3490
"Bourne ultimatum",1205026620,1206214020,1187400,117116005.3490
"Bourne ultimatum",1205027100,1485068256,280041156,117116005.3490
"Bourne ultimatum",1205027100,1205622000,594900,117116005.3490
"Bourne ultimatum",1205027400,1485068256,280040856,117116005.3490
"Bourne ultimatum",1205027400,1205623080,595680,117116005.3490
"Bourne ultimatum",1205092440,1485068256,279975816,117116005.3490
"Bourne ultimatum",1205096040,1485068256,279972216,117116005.3490
"Bourne ultimatum",1205097660,1485068256,279970596,117116005.3490
"Bourne ultimatum",1205097660,1205192220,94560,117116005.3490
"Bourne ultimatum",1205097660,1205435580,337920,117116005.3490
"Bourne ultimatum",1205097780,1205098380,600,117116005.3490
"Bourne ultimatum",1205097780,1206388680,1290900,117116005.3490
"Bourne ultimatum",1205097780,1206647700,1549920,117116005.3490
"Bourne ultimatum",1205099340,1485068256,279968916,117116005.3490
"Bourne ultimatum",1205099340,1205516640,417300,117116005.3490
"Bourne ultimatum",1205099340,1205799000,699660,117116005.3490
"Bourne ultimatum",1205099340,1205878860,779520,117116005.3490
"Bourne ultimatum",1205100480,1485068256,279967776,117116005.3490
"Bourne ultimatum",1205102100,1485068256,279966156,117116005.3490
"Bourne ultimatum",1205106120,1485068256,279962136,117116005.3490
"Bourne ultimatum",1205106120,1205775540,669420,117116005.3490
"Bourne ultimatum",1205106120,1207071960,1965840,117116005.3490
"Bourne ultimatum",1205106120,1207175940,2069820,117116005.3490
"Bourne ultimatum",1205106720,1485068256,279961536,117116005.3490
"Bourne ultimatum",1205106720,1206555000,1448280,117116005.3490
"Bourne ultimatum",1205177340,1485068256,279890916,117116005.3490
"Bourne ultimatum",1205177880,1485068256,279890376,117116005.3490
"Bourne ultimatum",1205177880,1207084740,1906860,117116005.3490
"Bourne ultimatum",1205181120,1485068256,279887136,117116005.3490
"Bourne ultimatum",1205181120,1207077960,1896840,117116005.3490
"Bourne ultimatum",1205181720,1485068256,279886536,117116005.3490
"Bourne ultimatum",1205181720,1206485160,1303440,117116005.3490
"Bourne ultimatum",1205181720,1206683160,1501440,117116005.3490
"Bourne ultimatum",1205187660,1485068256,279880596,117116005.3490
"Bourne ultimatum",1205187660,1485068256,279880596,117116005.3490
"Bourne ultimatum",1205187660,1206407520,1219860,117116005.3490
"Bourne ultimatum",1205187660,1206410040,1222380,117116005.3490
"Bourne ultimatum",1205187660,1206576480,1388820,117116005.3490
"Bourne ultimatum",1205187660,1206652620,1464960,117116005.3490
"Bourne ultimatum",1205189880,1485068256,279878376,117116005.3490
"Bourne ultimatum",1205189880,1205794860,604980,117116005.3490
"Bourne ultimatum",1205189880,1206138900,949020,117116005.3490
"Bourne ultimatum",1205190240,1485068256,279878016,117116005.3490
"Bourne ultimatum",1205190240,1206139860,949620,117116005.3490
"Bourne ultimatum",1205190960,1485068256,279877296,117116005.3490
"Bourne ultimatum",1205190960,1205968680,777720,117116005.3490
"Bourne ultimatum",1205190960,1206039420,848460,117116005.3490
"Bourne ultimatum",1205193240,1205193600,360,117116005.3490
"Bourne ultimatum",1205196120,1485068256,279872136,117116005.3490
"Bourne ultimatum",1205196120,1206141840,945720,117116005.3490
"Bourne ultimatum",1205196720,1485068256,279871536,117116005.3490
"Bourne ultimatum",1205196720,1206990360,1793640,117116005.3490
"Bourne ultimatum",1205197800,1485068256,279870456,117116005.3490
"Bourne ultimatum",1205199240,1485068256,279869016,117116005.3490
"Bourne ultimatum",1205199240,1205459760,260520,117116005.3490
"Bourne ultimatum",1205201280,1485068256,279866976,117116005.3490
"Bourne ultimatum",1205201280,1206409380,1208100,117116005.3490
"Bourne ultimatum",1205273880,1485068256,279794376,117116005.3490
"Bourne ultimatum",1205273880,1206041160,767280,117116005.3490
"Bourne ultimatum",1205273880,1206162540,888660,117116005.3490
"Bourne ultimatum",1205273880,1206389640,1115760,117116005.3490
"Bourne ultimatum",1205274720,1485068256,279793536,117116005.3490
"Bourne ultimatum",1205274720,1205785140,510420,117116005.3490
"Bourne ultimatum",1205274720,1206041280,766560,117116005.3490
"Bourne ultimatum",1205274720,1206127320,852600,117116005.3490
"Bourne ultimatum",1205275800,1485068256,279792456,117116005.3490
"Bourne ultimatum",1205275800,1206066900,791100,117116005.3490
"Bourne ultimatum",1205277900,1485068256,279790356,117116005.3490
"Bourne ultimatum",1205278920,1485068256,279789336,117116005.3490
"Bourne ultimatum",1205278920,1206482580,1203660,117116005.3490
"Bourne ultimatum",1205279580,1485068256,279788676,117116005.3490
"Bourne ultimatum",1205279580,1205974320,694740,117116005.3490
"Bourne ultimatum",1205280540,1485068256,279787716,117116005.3490
"Bourne ultimatum",1205282580,1485068256,279785676,117116005.3490
"Bourne ultimatum",1205286240,1485068256,279782016,117116005.3490
"Bourne ultimatum",1205286240,1206581160,1294920,117116005.3490
"Bourne ultimatum",1205289540,1485068256,279778716,117116005.3490
"Bourne ultimatum",1205331240,1485068256,279737016,117116005.3490
"Bourne ultimatum",1205341920,1485068256,279726336,117116005.3490
"Bourne ultimatum",1205341920,1206394440,1052520,117116005.3490
"Bourne ultimatum",1205342460,1485068256,279725796,117116005.3490
"Bourne ultimatum",1205342460,1206572940,1230480,117116005.3490
"Bourne ultimatum",1205343060,1485068256,279725196,117116005.3490
"Bourne ultimatum",1205347980,1485068256,279720276,117116005.3490
"Bourne ultimatum",1205347980,1205525220,177240,117116005.3490
"Bourne ultimatum",1205347980,1205953200,605220,117116005.3490
"Bourne ultimatum",1205349060,1485068256,279719196,117116005.3490
"Bourne ultimatum",1205349060,1206029820,680760,117116005.3490
"Bourne ultimatum",1205352420,1485068256,279715836,117116005.3490
"Bourne ultimatum",1205352420,1208637000,3284580,117116005.3490
"Bourne ultimatum",1205353140,1485068256,279715116,117116005.3490
"Bourne ultimatum",1205353140,1205959080,605940,117116005.3490
"Bourne ultimatum",1205358960,1485068256,279709296,117116005.3490
"Bourne ultimatum",1205358960,1206401880,1042920,117116005.3490
"Bourne ultimatum",1205365320,1485068256,279702936,117116005.3490
"Bourne ultimatum",1205365320,1205801760,436440,117116005.3490
"Bourne ultimatum",1205366160,1485068256,279702096,117116005.3490
"Bourne ultimatum",1205369520,1485068256,279698736,117116005.3490
"Bourne ultimatum",1205376300,1485068256,279691956,117116005.3490
"Bourne ultimatum",1205376300,1206665760,1289460,117116005.3490
"Bourne ultimatum",1205429160,1485068256,279639096,117116005.3490
"Bourne ultimatum",1205435880,1485068256,279632376,117116005.3490
"Bourne ultimatum",1205440920,1485068256,279627336,117116005.3490
"Bourne ultimatum",1205440920,1206052620,611700,117116005.3490
"Bourne ultimatum",1205441760,1485068256,279626496,117116005.3490
"Bourne ultimatum",1205442600,1485068256,279625656,117116005.3490
"Bourne ultimatum",1205448780,1485068256,279619476,117116005.3490
"Bourne ultimatum",1205448780,1206399360,950580,117116005.3490
"Bourne ultimatum",1205449260,1485068256,279618996,117116005.3490
"Bourne ultimatum",1205449260,1205962500,513240,117116005.3490
"Bourne ultimatum",1205453220,1485068256,279615036,117116005.3490
"Bourne ultimatum",1205453220,1206229320,776100,117116005.3490
"Bourne ultimatum",1205453700,1485068256,279614556,117116005.3490
"Bourne ultimatum",1205453700,1207098540,1644840,117116005.3490
"Bourne ultimatum",1205454180,1485068256,279614076,117116005.3490
"Bourne ultimatum",1205454180,1206055920,601740,117116005.3490
"Bourne ultimatum",1205460480,1485068256,279607776,117116005.3490
"Bourne ultimatum",1205460480,1205712120,251640,117116005.3490
"Bourne ultimatum",1205461500,1485068256,279606756,117116005.3490
"Bourne ultimatum",1205462220,1485068256,279606036,117116005.3490
"Bourne ultimatum",1205462220,1206064380,602160,117116005.3490
"Bourne ultimatum",1205519580,1485068256,279548676,117116005.3490
"Bourne ultimatum",1205519580,1207014120,1494540,117116005.3490
"Bourne ultimatum",1205519580,1207263420,1743840,117116005.3490
"Bourne ultimatum",1205519580,1207343880,1824300,117116005.3490
"Bourne ultimatum",1205521320,1485068256,279546936,117116005.3490
"Bourne ultimatum",1205521320,1206568020,1046700,117116005.3490
"Bourne ultimatum",1205525040,1485068256,279543216,117116005.3490
"Bourne ultimatum",1205525040,1206227100,702060,117116005.3490
"Bourne ultimatum",1205525040,1206832860,1307820,117116005.3490
"Bourne ultimatum",1205527500,1485068256,279540756,117116005.3490
"Bourne ultimatum",1205531940,1485068256,279536316,117116005.3490
"Bourne ultimatum",1205532180,1485068256,279536076,117116005.3490
"Bourne ultimatum",1205532180,1206371580,839400,117116005.3490
"Bourne ultimatum",1205532180,1206556020,1023840,117116005.3490
"Bourne ultimatum",1205532360,1485068256,279535896,117116005.3490
"Bourne ultimatum",1205532360,1206147000,614640,117116005.3490
"Bourne ultimatum",1205534820,1485068256,279533436,117116005.3490
"Bourne ultimatum",1205534820,1206209700,674880,117116005.3490
"Bourne ultimatum",1205537220,1485068256,279531036,117116005.3490
"Bourne ultimatum",1205537220,1206576600,1039380,117116005.3490
"Bourne ultimatum",1205537220,1206767460,1230240,117116005.3490
"Bourne ultimatum",1205537220,1207004280,1467060,117116005.3490
"Bourne ultimatum",1205537220,1207189380,1652160,117116005.3490
"Bourne ultimatum",1205537220,1207343580,1806360,117116005.3490
"Bourne ultimatum",1205539020,1485068256,279529236,117116005.3490
"Bourne ultimatum",1205539020,1206581880,1042860,117116005.3490
"Bourne ultimatum",1205539260,1485068256,279528996,117116005.3490
"Bourne ultimatum",1205600520,1205600520,0,117116005.3490
"Bourne ultimatum",1205600580,1485068256,279467676,117116005.3490
"Bourne ultimatum",1205600580,1206038220,437640,117116005.3490
"Bourne ultimatum",1205602560,1485068256,279465696,117116005.3490
"Bourne ultimatum",1205602560,1207179600,1577040,117116005.3490
"Bourne ultimatum",1205602560,1207423320,1820760,117116005.3490
"Bourne ultimatum",1205605080,1485068256,279463176,117116005.3490
"Bourne ultimatum",1205605080,1205807760,202680,117116005.3490
"Bourne ultimatum",1205605080,1206039720,434640,117116005.3490
"Bourne ultimatum",1205605620,1485068256,279462636,117116005.3490
"Bourne ultimatum",1205605620,1206815400,1209780,117116005.3490
"Bourne ultimatum",1205605620,1207158900,1553280,117116005.3490
"Bourne ultimatum",1205605920,1485068256,279462336,117116005.3490
"Bourne ultimatum",1205605920,1206228060,622140,117116005.3490
"Bourne ultimatum",1205606820,1485068256,279461436,117116005.3490
"Bourne ultimatum",1205606820,1206639600,1032780,117116005.3490
"Bourne ultimatum",1205606880,1485068256,279461376,117116005.3490
"Bourne ultimatum",1205606940,1485068256,279461316,117116005.3490
"Bourne ultimatum",1205606940,1206221040,614100,117116005.3490
"Bourne ultimatum",1205610900,1485068256,279457356,117116005.3490
"Bourne ultimatum",1205611320,1485068256,279456936,117116005.3490
"Bourne ultimatum",1205611320,1485068256,279456936,117116005.3490
"Bourne ultimatum",1205611320,1206816120,1204800,117116005.3490
"Bourne ultimatum",1205611320,1206915600,1304280,117116005.3490
"Bourne ultimatum",1205611320,1207953120,2341800,117116005.3490
"Bourne ultimatum",1205614560,1485068256,279453696,117116005.3490
"Bourne ultimatum",1205616660,1485068256,279451596,117116005.3490
"Bourne ultimatum",1205616660,1206734880,1118220,117116005.3490
"Bourne ultimatum",1205616780,1485068256,279451476,117116005.3490
"Bourne ultimatum",1205616780,1208643240,3026460,117116005.3490
"Bourne ultimatum",1205617020,1485068256,279451236,117116005.3490
"Bourne ultimatum",1205617020,1485068256,279451236,117116005.3490
"Bourne ultimatum",1205617020,1205961420,344400,117116005.3490
"Bourne ultimatum",1205617020,1205981160,364140,117116005.3490
"Bourne ultimatum",1205617380,1485068256,279450876,117116005.3490
"Bourne ultimatum",1205617380,1205953980,336600,117116005.3490
"Bourne ultimatum",1205618220,1485068256,279450036,117116005.3490
"Bourne ultimatum",1205619000,1485068256,279449256,117116005.3490
"Bourne ultimatum",1205622960,1485068256,279445296,117116005.3490
"Bourne ultimatum",1205622960,1206822360,1199400,117116005.3490
"Bourne ultimatum",1205628000,1485068256,279440256,117116005.3490
"Bourne ultimatum",1205628120,1485068256,279440136,117116005.3490
"Bourne ultimatum",1205628120,1207011660,1383540,117116005.3490
"Bourne ultimatum",1205694240,1485068256,279374016,117116005.3490
"Bourne ultimatum",1205694240,1206915180,1220940,117116005.3490
"Bourne ultimatum",1205700720,1485068256,279367536,117116005.3490
"Bourne ultimatum",1205700720,1206488460,787740,117116005.3490
"Bourne ultimatum",1205705760,1485068256,279362496,117116005.3490
"Bourne ultimatum",1205705760,1206132300,426540,117116005.3490
"Bourne ultimatum",1205705760,1206236400,530640,117116005.3490
"Bourne ultimatum",1205707800,1485068256,279360456,117116005.3490
"Bourne ultimatum",1205707800,1206397620,689820,117116005.3490
"Bourne ultimatum",1205788740,1485068256,279279516,117116005.3490
"Bourne ultimatum",1205788740,1206746340,957600,117116005.3490
"Bourne ultimatum",1205788800,1485068256,279279456,117116005.3490
"Bourne ultimatum",1205788800,1207088400,1299600,117116005.3490
"Bourne ultimatum",1205791920,1485068256,279276336,117116005.3490
"Bourne ultimatum",1205791920,1207001940,1210020,117116005.3490
"Bourne ultimatum",1205793180,1485068256,279275076,117116005.3490
"Bourne ultimatum",1205793180,1207165620,1372440,117116005.3490
"Bourne ultimatum",1205802300,1485068256,279265956,117116005.3490
"Bourne ultimatum",1205802300,1207017780,1215480,117116005.3490
"Bourne ultimatum",1205803380,1485068256,279264876,117116005.3490
"Bourne ultimatum",1205803800,1485068256,279264456,117116005.3490
"Bourne ultimatum",1205803800,1207017960,1214160,117116005.3490
"Bourne ultimatum",1205805300,1485068256,279262956,117116005.3490
"Bourne ultimatum",1205805300,1206834960,1029660,117116005.3490
"Bourne ultimatum",1205808720,1485068256,279259536,117116005.3490
"Bourne ultimatum",1205808720,1207188960,1380240,117116005.3490
"Bourne ultimatum",1205866620,1485068256,279201636,117116005.3490
"Bourne ultimatum",1205866620,1206730500,863880,117116005.3490
"Bourne ultimatum",1205866620,1206730920,864300,117116005.3490
"Bourne ultimatum",1205866620,1206819120,952500,117116005.3490
"Bourne ultimatum",1205879220,1485068256,279189036,117116005.3490
"Bourne ultimatum",1205883720,1485068256,279184536,117116005.3490
"Bourne ultimatum",1205883720,1207012920,1129200,117116005.3490
"Bourne ultimatum",1205884560,1485068256,279183696,117116005.3490
"Bourne ultimatum",1205884560,1206645720,761160,117116005.3490
"Bourne ultimatum",1205884560,1206988260,1103700,117116005.3490
"Bourne ultimatum",1205884560,1208045340,2160780,117116005.3490
"Bourne ultimatum",1205884560,1208200440,2315880,117116005.3490
"Bourne ultimatum",1205884980,1485068256,279183276,117116005.3490
"Bourne ultimatum",1205884980,1206217380,332400,117116005.3490
"Bourne ultimatum",1205884980,1206559140,674160,117116005.3490
"Bourne ultimatum",1205888760,1485068256,279179496,117116005.3490
"Bourne ultimatum",1205888760,1206218460,329700,117116005.3490
"Bourne ultimatum",1205888820,1485068256,279179436,117116005.3490
"Bourne ultimatum",1205888820,1207190400,1301580,117116005.3490
"Bourne ultimatum",1205948100,1485068256,279120156,117116005.3490
"Bourne ultimatum",1205948100,1206392400,444300,117116005.3490
"Bourne ultimatum",1205957220,1485068256,279111036,117116005.3490
"Bourne ultimatum",1205959020,1485068256,279109236,117116005.3490
"Bourne ultimatum",1205961180,1485068256,279107076,117116005.3490
"Bourne ultimatum",1205961180,1206559380,598200,117116005.3490
"Bourne ultimatum",1205961180,1207417560,1456380,117116005.3490
"Bourne ultimatum",1205961180,1207420980,1459800,117116005.3490
"Bourne ultimatum",1205969700,1485068256,279098556,117116005.3490
"Bourne ultimatum",1205969700,1206488520,518820,117116005.3490
"Bourne ultimatum",1205969700,1207157280,1187580,117116005.3490
"Bourne ultimatum",1205976300,1485068256,279091956,117116005.3490
"Bourne ultimatum",1205976300,1207167900,1191600,117116005.3490
"Bourne ultimatum",1205976300,1207443360,1467060,117116005.3490
"Bourne ultimatum",1205976900,1485068256,279091356,117116005.3490
"Bourne ultimatum",1206029820,1485068256,279038436,117116005.3490
"Bourne ultimatum",1206029820,1208468460,2438640,117116005.3490
"Bourne ultimatum",1206035040,1485068256,279033216,117116005.3490
"Bourne ultimatum",1206036120,1485068256,279032136,117116005.3490
"Bourne ultimatum",1206037020,1485068256,279031236,117116005.3490
"Bourne ultimatum",1206037020,1206988500,951480,117116005.3490
"Bourne ultimatum",1206039660,1485068256,279028596,117116005.3490
"Bourne ultimatum",1206043440,1485068256,279024816,117116005.3490
"Bourne ultimatum",1206043440,1206646020,602580,117116005.3490
"Bourne ultimatum",1206046200,1485068256,279022056,117116005.3490
"Bourne ultimatum",1206046200,1206225720,179520,117116005.3490
"Bourne ultimatum",1206048420,1485068256,279019836,117116005.3490
"Bourne ultimatum",1206052500,1206053640,1140,117116005.3490
"Bourne ultimatum",1206053340,1485068256,279014916,117116005.3490
"Bourne ultimatum",1206053340,1206655740,602400,117116005.3490
"Bourne ultimatum",1206053340,1206822900,769560,117116005.3490
"Bourne ultimatum",1206053340,1207003560,950220,117116005.3490
"Bourne ultimatum",1206057300,1485068256,279010956,117116005.3490
"Bourne ultimatum",1206057300,1208883720,2826420,117116005.3490
"Bourne ultimatum",1206057960,1485068256,279010296,117116005.3490
"Bourne ultimatum",1206057960,1206812160,754200,117116005.3490
"Bourne ultimatum",1206057960,1207091160,1033200,117116005.3490
"Bourne ultimatum",1206057960,1207595520,1537560,117116005.3490
"Bourne ultimatum",1206063600,1485068256,279004656,117116005.3490
"Bourne ultimatum",1206063600,1207089720,1026120,117116005.3490
"Bourne ultimatum",1206064260,1485068256,279003996,117116005.3490
"Bourne ultimatum",1206064260,1206409860,345600,117116005.3490
"Bourne ultimatum",1206067920,1485068256,279000336,117116005.3490
"Bourne ultimatum",1206067920,1206663180,595260,117116005.3490
"Bourne ultimatum",1206067920,1207006320,938400,117116005.3490
"Bourne ultimatum",1206067920,1207089480,1021560,117116005.3490
"Bourne ultimatum",1206118980,1485068256,278949276,117116005.3490
"Bourne ultimatum",1206118980,1207353120,1234140,117116005.3490
"Bourne ultimatum",1206118980,1207368540,1249560,117116005.3490
"Bourne ultimatum",1206118980,1207417260,1298280,117116005.3490
"Bourne ultimatum",1206118980,1208459820,2340840,117116005.3490
"Bourne ultimatum",1206118980,1208547480,2428500,117116005.3490
"Bourne ultimatum",1206118980,1209610740,3491760,117116005.3490
"Bourne ultimatum",1206123060,1485068256,278945196,117116005.3490
"Bourne ultimatum",1206123060,1206653340,530280,117116005.3490
"Bourne ultimatum",1206124800,1485068256,278943456,117116005.3490
"Bourne ultimatum",1206126660,1485068256,278941596,117116005.3490
"Bourne ultimatum",1206126660,1207075320,948660,117116005.3490
"Bourne ultimatum",1206131400,1485068256,278936856,117116005.3490
"Bourne ultimatum",1206131400,1207016520,885120,117116005.3490
"Bourne ultimatum",1206131400,1207332000,1200600,117116005.3490
"Bourne ultimatum",1206137340,1485068256,278930916,117116005.3490
"Bourne ultimatum",1206137340,1207786080,1648740,117116005.3490
"Bourne ultimatum",1206138600,1485068256,278929656,117116005.3490
"Bourne ultimatum",1206138600,1206908760,770160,117116005.3490
"Bourne ultimatum",1206139560,1485068256,278928696,117116005.3490
"Bourne ultimatum",1206139560,1207182600,1043040,117116005.3490
"Bourne ultimatum",1206144420,1485068256,278923836,117116005.3490
"Bourne ultimatum",1206144540,1485068256,278923716,117116005.3490
"Bourne ultimatum",1206145020,1485068256,278923236,117116005.3490
"Bourne ultimatum",1206145020,1207246200,1101180,117116005.3490
"Bourne ultimatum",1206145560,1485068256,278922696,117116005.3490
"Bourne ultimatum",1206145560,1207420320,1274760,117116005.3490
"Bourne ultimatum",1206146160,1485068256,278922096,117116005.3490
"Bourne ultimatum",1206146160,1207098240,952080,117116005.3490
"Bourne ultimatum",1206146580,1485068256,278921676,117116005.3490
"Bourne ultimatum",1206146580,1206735840,589260,117116005.3490
"Bourne ultimatum",1206146760,1485068256,278921496,117116005.3490
"Bourne ultimatum",1206146820,1485068256,278921436,117116005.3490
"Bourne ultimatum",1206146820,1207270140,1123320,117116005.3490
"Bourne ultimatum",1206147480,1485068256,278920776,117116005.3490
"Bourne ultimatum",1206147480,1211223240,5075760,117116005.3490
"Bourne ultimatum",1206205440,1485068256,278862816,117116005.3490
"Bourne ultimatum",1206205440,1207017960,812520,117116005.3490
"Bourne ultimatum",1206205440,1207096020,890580,117116005.3490
"Bourne ultimatum",1206206880,1485068256,278861376,117116005.3490
"Bourne ultimatum",1206206880,1209505380,3298500,117116005.3490
"Bourne ultimatum",1206207240,1485068256,278861016,117116005.3490
"Bourne ultimatum",1206207240,1485068256,278861016,117116005.3490
"Bourne ultimatum",1206207240,1206555600,348360,117116005.3490
"Bourne ultimatum",1206207240,1206742080,534840,117116005.3490
"Bourne ultimatum",1206207240,1206819840,612600,117116005.3490
"Bourne ultimatum",1206209820,1485068256,278858436,117116005.3490
"Bourne ultimatum",1206209820,1206818520,608700,117116005.3490
"Bourne ultimatum",1206211200,1485068256,278857056,117116005.3490
"Bourne ultimatum",1206211200,1206213960,2760,117116005.3490
"Bourne ultimatum",1206211800,1485068256,278856456,117116005.3490
"Bourne ultimatum",1206212700,1485068256,278855556,117116005.3490
"Bourne ultimatum",1206212700,1206903780,691080,117116005.3490
"Bourne ultimatum",1206217560,1485068256,278850696,117116005.3490
"Bourne ultimatum",1206217560,1207438380,1220820,117116005.3490
"Bourne ultimatum",1206217620,1485068256,278850636,117116005.3490
"Bourne ultimatum",1206217620,1207017360,799740,117116005.3490
"Bourne ultimatum",1206217860,1485068256,278850396,117116005.3490
"Bourne ultimatum",1206217860,1206749760,531900,117116005.3490
"Bourne ultimatum",1206220800,1485068256,278847456,117116005.3490
"Bourne ultimatum",1206221460,1485068256,278846796,117116005.3490
"Bourne ultimatum",1206221460,1207924560,1703100,117116005.3490
"Bourne ultimatum",1206221820,1485068256,278846436,117116005.3490
"Bourne ultimatum",1206222180,1485068256,278846076,117116005.3490
"Bourne ultimatum",1206222180,1207517100,1294920,117116005.3490
"Bourne ultimatum",1206222180,1207529460,1307280,117116005.3490
"Bourne ultimatum",1206222360,1485068256,278845896,117116005.3490
"Bourne ultimatum",1206222360,1206226200,3840,117116005.3490
"Bourne ultimatum",1206222360,1206638880,416520,117116005.3490
"Bourne ultimatum",1206223740,1485068256,278844516,117116005.3490
"Bourne ultimatum",1206223740,1207346400,1122660,117116005.3490
"Bourne ultimatum",1206224280,1485068256,278843976,117116005.3490
"Bourne ultimatum",1206224280,1207420320,1196040,117116005.3490
"Bourne ultimatum",1206224520,1485068256,278843736,117116005.3490
"Bourne ultimatum",1206224520,1206656820,432300,117116005.3490
"Bourne ultimatum",1206226260,1485068256,278841996,117116005.3490
"Bourne ultimatum",1206226260,1206731400,505140,117116005.3490
"Bourne ultimatum",1206227280,1485068256,278840976,117116005.3490
"Bourne ultimatum",1206227280,1207262940,1035660,117116005.3490
"Bourne ultimatum",1206227280,1207460340,1233060,117116005.3490
"Bourne ultimatum",1206228480,1485068256,278839776,117116005.3490
"Bourne ultimatum",1206228480,1206986340,757860,117116005.3490
"Bourne ultimatum",1206228480,1207079820,851340,117116005.3490
"Bourne ultimatum",1206228480,1208056260,1827780,117116005.3490
"Bourne ultimatum",1206228840,1485068256,278839416,117116005.3490
"Bourne ultimatum",1206228840,1206404100,175260,117116005.3490
"Bourne ultimatum",1206228840,1206657120,428280,117116005.3490
"Bourne ultimatum",1206228840,1206726840,498000,117116005.3490
"Bourne ultimatum",1206229500,1485068256,278838756,117116005.3490
"Bourne ultimatum",1206229500,1207347840,1118340,117116005.3490
"Bourne ultimatum",1206230100,1485068256,278838156,117116005.3490
"Bourne ultimatum",1206230100,1207157940,927840,117116005.3490
"Bourne ultimatum",1206231840,1485068256,278836416,117116005.3490
"Bourne ultimatum",1206232140,1485068256,278836116,117116005.3490
"Bourne ultimatum",1206232920,1485068256,278835336,117116005.3490
"Bourne ultimatum",1206233940,1485068256,278834316,117116005.3490
"Bourne ultimatum",1206233940,1207842360,1608420,117116005.3490
"Bourne ultimatum",1206233940,1207964640,1730700,117116005.3490
"Bourne ultimatum",1206389340,1485068256,278678916,117116005.3490
"Bourne ultimatum",1206390360,1485068256,278677896,117116005.3490
"Bourne ultimatum",1206390360,1207696800,1306440,117116005.3490
"Bourne ultimatum",1206390360,1208373360,1983000,117116005.3490
"Bourne ultimatum",1206390360,1208459640,2069280,117116005.3490
"Bourne ultimatum",1206398220,1485068256,278670036,117116005.3490
"Bourne ultimatum",1206399840,1485068256,278668416,117116005.3490
"Bourne ultimatum",1206399840,1208397180,1997340,117116005.3490
"Bourne ultimatum",1206400260,1485068256,278667996,117116005.3490
"Bourne ultimatum",1206400260,1207011420,611160,117116005.3490
"Bourne ultimatum",1206403920,1485068256,278664336,117116005.3490
"Bourne ultimatum",1206403920,1207011840,607920,117116005.3490
"Bourne ultimatum",1206405000,1485068256,278663256,117116005.3490
"Bourne ultimatum",1206405000,1485068256,278663256,117116005.3490
"Bourne ultimatum",1206405000,1206578460,173460,117116005.3490
"Bourne ultimatum",1206405000,1206857280,452280,117116005.3490
"Bourne ultimatum",1206405000,1207245960,840960,117116005.3490
"Bourne ultimatum",1206405000,1207525140,1120140,117116005.3490
"Bourne ultimatum",1206405000,1207861380,1456380,117116005.3490
"Bourne ultimatum",1206405660,1485068256,278662596,117116005.3490
"Bourne ultimatum",1206410340,1485068256,278657916,117116005.3490
"Bourne ultimatum",1206475680,1485068256,278592576,117116005.3490
"Bourne ultimatum",1206475680,1207609680,1134000,117116005.3490
"Bourne ultimatum",1206475680,1208815980,2340300,117116005.3490
"Bourne ultimatum",1206483840,1485068256,278584416,117116005.3490
"Bourne ultimatum",1206483840,1207237140,753300,117116005.3490
"Bourne ultimatum",1206485340,1485068256,278582916,117116005.3490
"Bourne ultimatum",1206485340,1207181400,696060,117116005.3490
"Bourne ultimatum",1206489060,1485068256,278579196,117116005.3490
"Bourne ultimatum",1206489060,1207100160,611100,117116005.3490
"Bourne ultimatum",1206489780,1485068256,278578476,117116005.3490
"Bourne ultimatum",1206489780,1206567000,77220,117116005.3490
"Bourne ultimatum",1206489780,1206984360,494580,117116005.3490
"Bourne ultimatum",1206489780,1207081860,592080,117116005.3490
"Bourne ultimatum",1206493620,1485068256,278574636,117116005.3490
"Bourne ultimatum",1206493620,1207617120,1123500,117116005.3490
"Bourne ultimatum",1206493620,1207796760,1303140,117116005.3490
"Bourne ultimatum",1206493620,1208056080,1562460,117116005.3490
"Bourne ultimatum",1206493620,1208453160,1959540,117116005.3490
"Bourne ultimatum",1206498300,1206498780,480,117116005.3490
"Bourne ultimatum",1206498300,1206552960,54660,117116005.3490
"Bourne ultimatum",1206499560,1485068256,278568696,117116005.3490
"Bourne ultimatum",1206499560,1208124300,1624740,117116005.3490
"Bourne ultimatum",1206554280,1485068256,278513976,117116005.3490
"Bourne ultimatum",1206554280,1207099860,545580,117116005.3490
"Bourne ultimatum",1206555720,1485068256,278512536,117116005.3490
"Bourne ultimatum",1206560460,1485068256,278507796,117116005.3490
"Bourne ultimatum",1206560460,1207011240,450780,117116005.3490
"Bourne ultimatum",1206561960,1485068256,278506296,117116005.3490
"Bourne ultimatum",1206562500,1485068256,278505756,117116005.3490
"Bourne ultimatum",1206562980,1485068256,278505276,117116005.3490
"Bourne ultimatum",1206567960,1485068256,278500296,117116005.3490
"Bourne ultimatum",1206567960,1207343880,775920,117116005.3490
"Bourne ultimatum",1206567960,1208371080,1803120,117116005.3490
"Bourne ultimatum",1206571680,1485068256,278496576,117116005.3490
"Bourne ultimatum",1206571680,1207235040,663360,117116005.3490
"Bourne ultimatum",1206574800,1485068256,278493456,117116005.3490
"Bourne ultimatum",1206574800,1207272180,697380,117116005.3490
"Bourne ultimatum",1206575580,1485068256,278492676,117116005.3490
"Bourne ultimatum",1206576900,1485068256,278491356,117116005.3490
"Bourne ultimatum",1206577500,1485068256,278490756,117116005.3490
"Bourne ultimatum",1206579480,1485068256,278488776,117116005.3490
"Bourne ultimatum",1206579480,1206822300,242820,117116005.3490
"Bourne ultimatum",1206581160,1485068256,278487096,117116005.3490
"Bourne ultimatum",1206581160,1207417560,836400,117116005.3490
"Bourne ultimatum",1206583020,1485068256,278485236,117116005.3490
"Bourne ultimatum",1206583020,1208555460,1972440,117116005.3490
"Bourne ultimatum",1206583020,1210387860,3804840,117116005.3490
"Bourne ultimatum",1206583020,1210627560,4044540,117116005.3490
"Bourne ultimatum",1206584100,1485068256,278484156,117116005.3490
"Bourne ultimatum",1206584700,1485068256,278483556,117116005.3490
"Bourne ultimatum",1206644400,1485068256,278423856,117116005.3490
"Bourne ultimatum",1206644400,1207441980,797580,117116005.3490
"Bourne ultimatum",1206644700,1485068256,278423556,117116005.3490
"Bourne ultimatum",1206644700,1208811060,2166360,117116005.3490
"Bourne ultimatum",1206647580,1485068256,278420676,117116005.3490
"Bourne ultimatum",1206647580,1207004160,356580,117116005.3490
"Bourne ultimatum",1206647580,1207245480,597900,117116005.3490
"Bourne ultimatum",1206648360,1485068256,278419896,117116005.3490
"Bourne ultimatum",1206648360,1206991260,342900,117116005.3490
"Bourne ultimatum",1206655440,1485068256,278412816,117116005.3490
"Bourne ultimatum",1206655440,1207260120,604680,117116005.3490
"Bourne ultimatum",1206655440,1207329300,673860,117116005.3490
"Bourne ultimatum",1206657900,1485068256,278410356,117116005.3490
"Bourne ultimatum",1206657900,1485068256,278410356,117116005.3490
"Bourne ultimatum",1206659220,1485068256,278409036,117116005.3490
"Bourne ultimatum",1206659220,1207333740,674520,117116005.3490
"Bourne ultimatum",1206659940,1485068256,278408316,117116005.3490
"Bourne ultimatum",1206660000,1485068256,278408256,117116005.3490
"Bourne ultimatum",1206660240,1485068256,278408016,117116005.3490
"Bourne ultimatum",1206661260,1485068256,278406996,117116005.3490
"Bourne ultimatum",1206661260,1207424940,763680,117116005.3490
"Bourne ultimatum",1206661440,1485068256,278406816,117116005.3490
"Bourne ultimatum",1206661440,1207246500,585060,117116005.3490
"Bourne ultimatum",1206661440,1207250220,588780,117116005.3490
"Bourne ultimatum",1206661440,1207331460,670020,117116005.3490
"Bourne ultimatum",1206662640,1485068256,278405616,117116005.3490
"Bourne ultimatum",1206662640,1207004760,342120,117116005.3490
"Bourne ultimatum",1206662880,1485068256,278405376,117116005.3490
"Bourne ultimatum",1206662880,1207613220,950340,117116005.3490
"Bourne ultimatum",1206664080,1485068256,278404176,117116005.3490
"Bourne ultimatum",1206665580,1485068256,278402676,117116005.3490
"Bourne ultimatum",1206665580,1206672060,6480,117116005.3490
"Bourne ultimatum",1206668400,1485068256,278399856,117116005.3490
"Bourne ultimatum",1206668400,1206822780,154380,117116005.3490
"Bourne ultimatum",1206668640,1485068256,278399616,117116005.3490
"Bourne ultimatum",1206672600,1485068256,278395656,117116005.3490
"Bourne ultimatum",1206672600,1207700040,1027440,117116005.3490
"Bourne ultimatum",1206672600,1208184660,1512060,117116005.3490
"Bourne ultimatum",1206672780,1485068256,278395476,117116005.3490
"Bourne ultimatum",1206672780,1208116560,1443780,117116005.3490
"Bourne ultimatum",1206672780,1208363040,1690260,117116005.3490
"Bourne ultimatum",1206732780,1485068256,278335476,117116005.3490
"Bourne ultimatum",1206738720,1485068256,278329536,117116005.3490
"Bourne ultimatum",1206738720,1207253400,514680,117116005.3490
"Bourne ultimatum",1206738720,1207332660,593940,117116005.3490
"Bourne ultimatum",1206739980,1485068256,278328276,117116005.3490
"Bourne ultimatum",1206739980,1207345020,605040,117116005.3490
"Bourne ultimatum",1206739980,1208185560,1445580,117116005.3490
"Bourne ultimatum",1206741180,1485068256,278327076,117116005.3490
"Bourne ultimatum",1206741180,1208038980,1297800,117116005.3490
"Bourne ultimatum",1206744360,1485068256,278323896,117116005.3490
"Bourne ultimatum",1206744360,1207082820,338460,117116005.3490
"Bourne ultimatum",1206745140,1485068256,278323116,117116005.3490
"Bourne ultimatum",1206745140,1208215920,1470780,117116005.3490
"Bourne ultimatum",1206745140,1208303700,1558560,117116005.3490
"Bourne ultimatum",1206747720,1485068256,278320536,117116005.3490
"Bourne ultimatum",1206747720,1208366700,1618980,117116005.3490
"Bourne ultimatum",1206747720,1208463540,1715820,117116005.3490
"Bourne ultimatum",1206750360,1485068256,278317896,117116005.3490
"Bourne ultimatum",1206750360,1208272200,1521840,117116005.3490
"Bourne ultimatum",1206750480,1485068256,278317776,117116005.3490
"Bourne ultimatum",1206750480,1207419420,668940,117116005.3490
"Bourne ultimatum",1206750540,1485068256,278317716,117116005.3490
"Bourne ultimatum",1206813960,1485068256,278254296,117116005.3490
"Bourne ultimatum",1206813960,1207169340,355380,117116005.3490
"Bourne ultimatum",1206815760,1485068256,278252496,117116005.3490
"Bourne ultimatum",1206816420,1485068256,278251836,117116005.3490
"Bourne ultimatum",1206819540,1485068256,278248716,117116005.3490
"Bourne ultimatum",1206819540,1207178340,358800,117116005.3490
"Bourne ultimatum",1206819780,1485068256,278248476,117116005.3490
"Bourne ultimatum",1206819780,1207945440,1125660,117116005.3490
"Bourne ultimatum",1206821100,1485068256,278247156,117116005.3490
"Bourne ultimatum",1206822300,1485068256,278245956,117116005.3490
"Bourne ultimatum",1206824520,1485068256,278243736,117116005.3490
"Bourne ultimatum",1206824520,1207437480,612960,117116005.3490
"Bourne ultimatum",1206824520,1208841060,2016540,117116005.3490
"Bourne ultimatum",1206824520,1208877300,2052780,117116005.3490
"Bourne ultimatum",1206831060,1485068256,278237196,117116005.3490
"Bourne ultimatum",1206831840,1485068256,278236416,117116005.3490
"Bourne ultimatum",1206831840,1210096800,3264960,117116005.3490
"Bourne ultimatum",1206831840,1210189500,3357660,117116005.3490
"Bourne ultimatum",1206832860,1485068256,278235396,117116005.3490
"Bourne ultimatum",1206832860,1208122380,1289520,117116005.3490
"Bourne ultimatum",1206833040,1485068256,278235216,117116005.3490
"Bourne ultimatum",1206835260,1485068256,278232996,117116005.3490
"Bourne ultimatum",1206835260,1208294640,1459380,117116005.3490
"Bourne ultimatum",1206835260,1209506100,2670840,117116005.3490
"Bourne ultimatum",1206835860,1485068256,278232396,117116005.3490
"Bourne ultimatum",1206836520,1485068256,278231736,117116005.3490
"Bourne ultimatum",1206838380,1485068256,278229876,117116005.3490
"Bourne ultimatum",1206838440,1485068256,278229816,117116005.3490
"Bourne ultimatum",1206838440,1208312760,1474320,117116005.3490
"Bourne ultimatum",1206838500,1485068256,278229756,117116005.3490
"Bourne ultimatum",1206838500,1207269840,431340,117116005.3490
"Bourne ultimatum",1206907980,1485068256,278160276,117116005.3490
"Bourne ultimatum",1206907980,1208123580,1215600,117116005.3490
"Bourne ultimatum",1206907980,1208296740,1388760,117116005.3490
"Bourne ultimatum",1206907980,1208298240,1390260,117116005.3490
"Bourne ultimatum",1206907980,1208369460,1461480,117116005.3490
"Bourne ultimatum",1206908220,1485068256,278160036,117116005.3490
"Bourne ultimatum",1206908220,1207002660,94440,117116005.3490
"Bourne ultimatum",1206908220,1208812200,1903980,117116005.3490
"Bourne ultimatum",1206908220,1210275780,3367560,117116005.3490
"Bourne ultimatum",1206909060,1485068256,278159196,117116005.3490
"Bourne ultimatum",1206909060,1207952160,1043100,117116005.3490
"Bourne ultimatum",1206909060,1208974680,2065620,117116005.3490
"Bourne ultimatum",1206911700,1485068256,278156556,117116005.3490
"Bourne ultimatum",1206911700,1207100220,188520,117116005.3490
"Bourne ultimatum",1206911700,1207263240,351540,117116005.3490
"Bourne ultimatum",1206916080,1485068256,278152176,117116005.3490
"Bourne ultimatum",1207003320,1485068256,278064936,117116005.3490
"Bourne ultimatum",1207003320,1207440000,436680,117116005.3490
"Bourne ultimatum",1207003860,1485068256,278064396,117116005.3490
"Bourne ultimatum",1207003860,1207857960,854100,117116005.3490
"Bourne ultimatum",1207006440,1485068256,278061816,117116005.3490
"Bourne ultimatum",1207006440,1209447120,2440680,117116005.3490
"Bourne ultimatum",1207010760,1485068256,278057496,117116005.3490
"Bourne ultimatum",1207014360,1485068256,278053896,117116005.3490
"Bourne ultimatum",1207014480,1485068256,278053776,117116005.3490
"Bourne ultimatum",1207014480,1207183080,168600,117116005.3490
"Bourne ultimatum",1207073100,1485068256,277995156,117116005.3490
"Bourne ultimatum",1207073100,1207591620,518520,117116005.3490
"Bourne ultimatum",1207080720,1207080780,60,117116005.3490
"Bourne ultimatum",1207086300,1485068256,277981956,117116005.3490
"Bourne ultimatum",1207086300,1208301960,1215660,117116005.3490
"Bourne ultimatum",1207086300,1208540220,1453920,117116005.3490
"Bourne ultimatum",1207091100,1485068256,277977156,117116005.3490
"Bourne ultimatum",1207091100,1208037000,945900,117116005.3490
"Bourne ultimatum",1207091100,1208204040,1112940,117116005.3490
"Bourne ultimatum",1207093680,1485068256,277974576,117116005.3490
"Bourne ultimatum",1207093680,1207616820,523140,117116005.3490
"Bourne ultimatum",1207093680,1207944780,851100,117116005.3490
"Bourne ultimatum",1207093680,1208197440,1103760,117116005.3490
"Bourne ultimatum",1207093680,1208279040,1185360,117116005.3490
"Bourne ultimatum",1207095540,1485068256,277972716,117116005.3490
"Bourne ultimatum",1207096860,1485068256,277971396,117116005.3490
"Bourne ultimatum",1207096860,1208025000,928140,117116005.3490
"Bourne ultimatum",1207097460,1485068256,277970796,117116005.3490
"Bourne ultimatum",1207098360,1485068256,277969896,117116005.3490
"Bourne ultimatum",1207098360,1208371560,1273200,117116005.3490
"Bourne ultimatum",1207098360,1208633820,1535460,117116005.3490
"Bourne ultimatum",1207099620,1485068256,277968636,117116005.3490
"Bourne ultimatum",1207099620,1207269240,169620,117116005.3490
"Bourne ultimatum",1207099620,1209099600,1999980,117116005.3490
"Bourne ultimatum",1207099620,1209236880,2137260,117116005.3490
"Bourne ultimatum",1207103400,1485068256,277964856,117116005.3490
"Bourne ultimatum",1207103400,1208454120,1350720,117116005.3490
"Bourne ultimatum",1207103400,1208631000,1527600,117116005.3490
"Bourne ultimatum",1207159200,1485068256,277909056,117116005.3490
"Bourne ultimatum",1207159200,1209588060,2428860,117116005.3490
"Bourne ultimatum",1207168200,1485068256,277900056,117116005.3490
"Bourne ultimatum",1207168200,1208376360,1208160,117116005.3490
"Bourne ultimatum",1207171920,1485068256,277896336,117116005.3490
"Bourne ultimatum",1207173720,1485068256,277894536,117116005.3490
"Bourne ultimatum",1207173720,1208212680,1038960,117116005.3490
"Bourne ultimatum",1207174380,1485068256,277893876,117116005.3490
"Bourne ultimatum",1207174380,1208216580,1042200,117116005.3490
"Bourne ultimatum",1207179720,1485068256,277888536,117116005.3490
"Bourne ultimatum",1207180200,1485068256,277888056,117116005.3490
"Bourne ultimatum",1207180200,1208369460,1189260,117116005.3490
"Bourne ultimatum",1207182660,1485068256,277885596,117116005.3490
"Bourne ultimatum",1207182660,1207346100,163440,117116005.3490
"Bourne ultimatum",1207182900,1485068256,277885356,117116005.3490
"Bourne ultimatum",1207182900,1208314020,1131120,117116005.3490
"Bourne ultimatum",1207182900,1208550480,1367580,117116005.3490
"Bourne ultimatum",1207183560,1485068256,277884696,117116005.3490
"Bourne ultimatum",1207183560,1207429020,245460,117116005.3490
"Bourne ultimatum",1207183560,1207688520,504960,117116005.3490
"Bourne ultimatum",1207183620,1485068256,277884636,117116005.3490
"Bourne ultimatum",1207186500,1485068256,277881756,117116005.3490
"Bourne ultimatum",1207186500,1208272200,1085700,117116005.3490
"Bourne ultimatum",1207187220,1485068256,277881036,117116005.3490
"Bourne ultimatum",1207187220,1208453160,1265940,117116005.3490
"Bourne ultimatum",1207187220,1208561040,1373820,117116005.3490
"Bourne ultimatum",1207187220,1209505380,2318160,117116005.3490
"Bourne ultimatum",1207190580,1485068256,277877676,117116005.3490
"Bourne ultimatum",1207190580,1207426920,236340,117116005.3490
"Bourne ultimatum",1207190580,1207682460,491880,117116005.3490
"Bourne ultimatum",1207191660,1485068256,277876596,117116005.3490
"Bourne ultimatum",1207243740,1485068256,277824516,117116005.3490
"Bourne ultimatum",1207252080,1485068256,277816176,117116005.3490
"Bourne ultimatum",1207252080,1210466100,3214020,117116005.3490
"Bourne ultimatum",1207252080,1210787760,3535680,117116005.3490
"Bourne ultimatum",1207255560,1485068256,277812696,117116005.3490
"Bourne ultimatum",1207262400,1485068256,277805856,117116005.3490
"Bourne ultimatum",1207262400,1207617180,354780,117116005.3490
"Bourne ultimatum",1207262400,1207857840,595440,117116005.3490
"Bourne ultimatum",1207262400,1208827380,1564980,117116005.3490
"Bourne ultimatum",1207262400,1208876700,1614300,117116005.3490
"Bourne ultimatum",1207269120,1485068256,277799136,117116005.3490
"Bourne ultimatum",1207269120,1208454000,1184880,117116005.3490
"Bourne ultimatum",1207270380,1485068256,277797876,117116005.3490
"Bourne ultimatum",1207272240,1485068256,277796016,117116005.3490
"Bourne ultimatum",1207272240,1207419480,147240,117116005.3490
"Bourne ultimatum",1207272240,1208184960,912720,117116005.3490
"Bourne ultimatum",1207273140,1485068256,277795116,117116005.3490
"Bourne ultimatum",1207273140,1208563020,1289880,117116005.3490
"Bourne ultimatum",1207273140,1208649480,1376340,117116005.3490
"Bourne ultimatum",1207273140,1208797500,1524360,117116005.3490
"Bourne ultimatum",1207330440,1485068256,277737816,117116005.3490
"Bourne ultimatum",1207330440,1208541540,1211100,117116005.3490
"Bourne ultimatum",1207335240,1485068256,277733016,117116005.3490
"Bourne ultimatum",1207335240,1208388000,1052760,117116005.3490
"Bourne ultimatum",1207337700,1485068256,277730556,117116005.3490
"Bourne ultimatum",1207337700,1208551260,1213560,117116005.3490
"Bourne ultimatum",1207337940,1485068256,277730316,117116005.3490
"Bourne ultimatum",1207338180,1485068256,277730076,117116005.3490
"Bourne ultimatum",1207338180,1207858020,519840,117116005.3490
"Bourne ultimatum",1207339260,1485068256,277728996,117116005.3490
"Bourne ultimatum",1207340760,1485068256,277727496,117116005.3490
"Bourne ultimatum",1207340760,1208558340,1217580,117116005.3490
"Bourne ultimatum",1207340760,1209581580,2240820,117116005.3490
"Bourne ultimatum",1207341000,1485068256,277727256,117116005.3490
"Bourne ultimatum",1207341000,1208901360,1560360,117116005.3490
"Bourne ultimatum",1207341000,1209601680,2260680,117116005.3490
"Bourne ultimatum",1207347480,1485068256,277720776,117116005.3490
"Bourne ultimatum",1207347480,1207519260,171780,117116005.3490
"Bourne ultimatum",1207347480,1208281080,933600,117116005.3490
"Bourne ultimatum",1207347480,1209146040,1798560,117116005.3490
"Bourne ultimatum",1207349160,1485068256,277719096,117116005.3490
"Bourne ultimatum",1207349160,1208038740,689580,117116005.3490
"Bourne ultimatum",1207349580,1485068256,277718676,117116005.3490
"Bourne ultimatum",1207353000,1485068256,277715256,117116005.3490
"Bourne ultimatum",1207353300,1485068256,277714956,117116005.3490
"Bourne ultimatum",1207353300,1213567800,6214500,117116005.3490
"Bourne ultimatum",1207353480,1485068256,277714776,117116005.3490
"Bourne ultimatum",1207353480,1208478300,1124820,117116005.3490
"Bourne ultimatum",1207353480,1208572500,1219020,117116005.3490
"Bourne ultimatum",1207353480,1208631960,1278480,117116005.3490
"Bourne ultimatum",1207353840,1485068256,277714416,117116005.3490
"Bourne ultimatum",1207353840,1208038740,684900,117116005.3490
"Bourne ultimatum",1207353840,1209495360,2141520,117116005.3490
"Bourne ultimatum",1207354260,1485068256,277713996,117116005.3490
"Bourne ultimatum",1207354260,1208387700,1033440,117116005.3490
"Bourne ultimatum",1207355820,1485068256,277712436,117116005.3490
"Bourne ultimatum",1207356300,1485068256,277711956,117116005.3490
"Bourne ultimatum",1207356300,1208792820,1436520,117116005.3490
"Bourne ultimatum",1207356960,1485068256,277711296,117116005.3490
"Bourne ultimatum",1207415100,1485068256,277653156,117116005.3490
"Bourne ultimatum",1207415100,1208021760,606660,117116005.3490
"Bourne ultimatum",1207422000,1485068256,277646256,117116005.3490
"Bourne ultimatum",1207422900,1485068256,277645356,117116005.3490
"Bourne ultimatum",1207422900,1208206980,784080,117116005.3490
"Bourne ultimatum",1207423980,1485068256,277644276,117116005.3490
"Bourne ultimatum",1207423980,1208393760,969780,117116005.3490
"Bourne ultimatum",1207423980,1208459640,1035660,117116005.3490
"Bourne ultimatum",1207425300,1485068256,277642956,117116005.3490
"Bourne ultimatum",1207425600,1485068256,277642656,117116005.3490
"Bourne ultimatum",1207425600,1208818800,1393200,117116005.3490
"Bourne ultimatum",1207425720,1485068256,277642536,117116005.3490
"Bourne ultimatum",1207425720,1208650920,1225200,117116005.3490
"Bourne ultimatum",1207433100,1485068256,277635156,117116005.3490
"Bourne ultimatum",1207433100,1207704000,270900,117116005.3490
"Bourne ultimatum",1207433160,1485068256,277635096,117116005.3490
"Bourne ultimatum",1207433160,1208900580,1467420,117116005.3490
"Bourne ultimatum",1207433160,1208992440,1559280,117116005.3490
"Bourne ultimatum",1207433280,1485068256,277634976,117116005.3490
"Bourne ultimatum",1207433280,1208822760,1389480,117116005.3490
"Bourne ultimatum",1207438740,1485068256,277629516,117116005.3490
"Bourne ultimatum",1207442760,1485068256,277625496,117116005.3490
"Bourne ultimatum",1207442760,1208195460,752700,117116005.3490
"Bourne ultimatum",1207514760,1208029980,515220,117116005.3490
"Bourne ultimatum",1207514760,1209665220,2150460,117116005.3490
"Bourne ultimatum",1207514940,1208550300,1035360,117116005.3490
"Bourne ultimatum",1207514940,1208637720,1122780,117116005.3490
"Bourne ultimatum",1207514940,1209621120,2106180,117116005.3490
"Bourne ultimatum",1207514940,1209758040,2243100,117116005.3490
"Bourne ultimatum",1207516500,1485068256,277551756,117116005.3490
"Bourne ultimatum",1207516500,1208479860,963360,117116005.3490
"Bourne ultimatum",1207516500,1208642340,1125840,117116005.3490
"Bourne ultimatum",1207521240,1208826420,1305180,117116005.3490
"Bourne ultimatum",1207521240,1208876820,1355580,117116005.3490
"Bourne ultimatum",1207580880,1485068256,277487376,117116005.3490
"Bourne ultimatum",1207580880,1210025160,2444280,117116005.3490
"Bourne ultimatum",1207600320,1208912520,1312200,117116005.3490
"Bourne ultimatum",1207600320,1209499380,1899060,117116005.3490
"Bourne ultimatum",1207600320,1210707540,3107220,117116005.3490
"Bourne ultimatum",1207602360,1485068256,277465896,117116005.3490
"Bourne ultimatum",1207602360,1208045760,443400,117116005.3490
"Bourne ultimatum",1207604640,1208816760,1212120,117116005.3490
"Bourne ultimatum",1207604640,1208988780,1384140,117116005.3490
"Bourne ultimatum",1207606680,1485068256,277461576,117116005.3490
"Bourne ultimatum",1207606680,1208729220,1122540,117116005.3490
"Bourne ultimatum",1207610340,1208564640,954300,117116005.3490
"Bourne ultimatum",1207611960,1208825340,1213380,117116005.3490
"Bourne ultimatum",1207619760,1208388180,768420,117116005.3490
"Bourne ultimatum",1207619760,1209425640,1805880,117116005.3490
"Bourne ultimatum",1207619760,1209491820,1872060,117116005.3490
"Bourne ultimatum",1207620060,1485068256,277448196,117116005.3490
"Bourne ultimatum",1207620060,1208650320,1030260,117116005.3490
"Bourne ultimatum",1207620420,1485068256,277447836,117116005.3490
"Bourne ultimatum",1207620960,1485068256,277447296,117116005.3490
"Bourne ultimatum",1207620960,1208559600,938640,117116005.3490
"Bourne ultimatum",1207620960,1208892000,1271040,117116005.3490
"Bourne ultimatum",1207622880,1208829840,1206960,117116005.3490
"Bourne ultimatum",1207622880,1208897280,1274400,117116005.3490
"Bourne ultimatum",1207686120,1485068256,277382136,117116005.3490
"Bourne ultimatum",1207686120,1208994660,1308540,117116005.3490
"Bourne ultimatum",1207687920,1208394540,706620,117116005.3490
"Bourne ultimatum",1207687920,1208486580,798660,117116005.3490
"Bourne ultimatum",1207687920,1208555220,867300,117116005.3490
"Bourne ultimatum",1207687920,1208903040,1215120,117116005.3490
"Bourne ultimatum",1207688700,1485068256,277379556,117116005.3490
"Bourne ultimatum",1207695120,1209162060,1466940,117116005.3490
"Bourne ultimatum",1207697580,1207955820,258240,117116005.3490
"Bourne ultimatum",1207697580,1208280420,582840,117116005.3490
"Bourne ultimatum",1207697580,1208365380,667800,117116005.3490
"Bourne ultimatum",1207697640,1210373760,2676120,117116005.3490
"Bourne ultimatum",1207706460,1485068256,277361796,117116005.3490
"Bourne ultimatum",1207706460,1208478840,772380,117116005.3490
"Bourne ultimatum",1207764960,1485068256,277303296,117116005.3490
"Bourne ultimatum",1207764960,1208472480,707520,117116005.3490
"Bourne ultimatum",1207764960,1208569980,805020,117116005.3490
"Bourne ultimatum",1207768380,1485068256,277299876,117116005.3490
"Bourne ultimatum",1207768380,1208495160,726780,117116005.3490
"Bourne ultimatum",1207768380,1209236160,1467780,117116005.3490
"Bourne ultimatum",1207770900,1208304540,533640,117116005.3490
"Bourne ultimatum",1207770900,1208461800,690900,117116005.3490
"Bourne ultimatum",1207771440,1485068256,277296816,117116005.3490
"Bourne ultimatum",1207771440,1208035140,263700,117116005.3490
"Bourne ultimatum",1207771860,1485068256,277296396,117116005.3490
"Bourne ultimatum",1207771860,1208299020,527160,117116005.3490
"Bourne ultimatum",1207773600,1207955100,181500,117116005.3490
"Bourne ultimatum",1207773900,1208818200,1044300,117116005.3490
"Bourne ultimatum",1207773900,1209063600,1289700,117116005.3490
"Bourne ultimatum",1207780800,1208734440,953640,117116005.3490
"Bourne ultimatum",1207780800,1209771780,1990980,117116005.3490
"Bourne ultimatum",1207780800,1211068680,3287880,117116005.3490
"Bourne ultimatum",1207780800,1211223060,3442260,117116005.3490
"Bourne ultimatum",1207785120,1209144060,1358940,117116005.3490
"Bourne ultimatum",1207785300,1209153840,1368540,117116005.3490
"Bourne ultimatum",1207788540,1208047740,259200,117116005.3490
"Bourne ultimatum",1207788540,1208222400,433860,117116005.3490
"Bourne ultimatum",1207789560,1485068256,277278696,117116005.3490
"Bourne ultimatum",1207789560,1208398980,609420,117116005.3490
"Bourne ultimatum",1207789860,1485068256,277278396,117116005.3490
"Bourne ultimatum",1207792080,1208626320,834240,117116005.3490
"Bourne ultimatum",1207794960,1208532060,737100,117116005.3490
"Bourne ultimatum",1207850400,1485068256,277217856,117116005.3490
"Bourne ultimatum",1207850400,1209580320,1729920,117116005.3490
"Bourne ultimatum",1207855440,1208472960,617520,117116005.3490
"Bourne ultimatum",1207861620,1485068256,277206636,117116005.3490
"Bourne ultimatum",1207861620,1208829240,967620,117116005.3490
"Bourne ultimatum",1207861740,1485068256,277206516,117116005.3490
"Bourne ultimatum",1207861740,1208293500,431760,117116005.3490
"Bourne ultimatum",1207864260,1209334200,1469940,117116005.3490
"Bourne ultimatum",1207864260,1209515160,1650900,117116005.3490
"Bourne ultimatum",1207866420,1209079140,1212720,117116005.3490
"Bourne ultimatum",1207866540,1208304480,437940,117116005.3490
"Bourne ultimatum",1207866540,1208550600,684060,117116005.3490
"Bourne ultimatum",1207867740,1210115820,2248080,117116005.3490
"Bourne ultimatum",1207871280,1208566320,695040,117116005.3490
"Bourne ultimatum",1207871280,1208628480,757200,117116005.3490
"Bourne ultimatum",1207873080,1209083220,1210140,117116005.3490
"Bourne ultimatum",1207874160,1208826840,952680,117116005.3490
"Bourne ultimatum",1207874160,1208915880,1041720,117116005.3490
"Bourne ultimatum",1207874160,1209331740,1457580,117116005.3490
"Bourne ultimatum",1207874700,1209435720,1561020,117116005.3490
"Bourne ultimatum",1207874700,1209497580,1622880,117116005.3490
"Bourne ultimatum",1207878420,1208820180,941760,117116005.3490
"Bourne ultimatum",1207934220,1209057420,1123200,117116005.3490
"Bourne ultimatum",1207934220,1209668580,1734360,117116005.3490
"Bourne ultimatum",1207935840,1208223420,287580,117116005.3490
"Bourne ultimatum",1207935840,1208583360,647520,117116005.3490
"Bourne ultimatum",1207935840,1208812080,876240,117116005.3490
"Bourne ultimatum",1207941480,1208552880,611400,117116005.3490
"Bourne ultimatum",1207949100,1485068256,277119156,117116005.3490
"Bourne ultimatum",1207949100,1209000000,1050900,117116005.3490
"Bourne ultimatum",1207949100,1209091980,1142880,117116005.3490
"Bourne ultimatum",1207951920,1485068256,277116336,117116005.3490
"Bourne ultimatum",1207951920,1208544360,592440,117116005.3490
"Bourne ultimatum",1207956720,1485068256,277111536,117116005.3490
"Bourne ultimatum",1207959000,1485068256,277109256,117116005.3490
"Bourne ultimatum",1207959000,1208485680,526680,117116005.3490
"Bourne ultimatum",1207959360,1485068256,277108896,117116005.3490
"Bourne ultimatum",1207959360,1209506040,1546680,117116005.3490
"Bourne ultimatum",1207960260,1485068256,277107996,117116005.3490
"Bourne ultimatum",1207960440,1485068256,277107816,117116005.3490
"Bourne ultimatum",1207960440,1208913720,953280,117116005.3490
"Bourne ultimatum",1207960440,1209069240,1108800,117116005.3490
"Bourne ultimatum",1207960440,1209167160,1206720,117116005.3490
"Bourne ultimatum",1207960440,1209577980,1617540,117116005.3490
"Bourne ultimatum",1207961340,1485068256,277106916,117116005.3490
"Bourne ultimatum",1207961340,1208029680,68340,117116005.3490
"Bourne ultimatum",1208021220,1485068256,277047036,117116005.3490
"Bourne ultimatum",1208021220,1209254640,1233420,117116005.3490
"Bourne ultimatum",1208021220,1209506700,1485480,117116005.3490
"Bourne ultimatum",1208021820,1485068256,277046436,117116005.3490
"Bourne ultimatum",1208021820,1208030580,8760,117116005.3490
"Bourne ultimatum",1208021820,1208299020,277200,117116005.3490
"Bourne ultimatum",1208022780,1485068256,277045476,117116005.3490
"Bourne ultimatum",1208028300,1485068256,277039956,117116005.3490
"Bourne ultimatum",1208028300,1209249420,1221120,117116005.3490
"Bourne ultimatum",1208031660,1485068256,277036596,117116005.3490
"Bourne ultimatum",1208031660,1210364700,2333040,117116005.3490
"Bourne ultimatum",1208031660,1210654980,2623320,117116005.3490
"Bourne ultimatum",1208031660,1210712280,2680620,117116005.3490
"Bourne ultimatum",1208037480,1485068256,277030776,117116005.3490
"Bourne ultimatum",1208040120,1208040480,360,117116005.3490
"Bourne ultimatum",1208040600,1485068256,277027656,117116005.3490
"Bourne ultimatum",1208041020,1485068256,277027236,117116005.3490
"Bourne ultimatum",1208043360,1485068256,277024896,117116005.3490
"Bourne ultimatum",1208116380,1485068256,276951876,117116005.3490
"Bourne ultimatum",1208122680,1485068256,276945576,117116005.3490
"Bourne ultimatum",1208122680,1209077280,954600,117116005.3490
"Bourne ultimatum",1208129880,1485068256,276938376,117116005.3490
"Bourne ultimatum",1208129880,1212452160,4322280,117116005.3490
"Bourne ultimatum",1208203620,1485068256,276864636,117116005.3490
"Bourne ultimatum",1208203620,1208301000,97380,117116005.3490
"Bourne ultimatum",1208204400,1485068256,276863856,117116005.3490
"Bourne ultimatum",1208204400,1209413640,1209240,117116005.3490
"Bourne ultimatum",1208210340,1485068256,276857916,117116005.3490
"Bourne ultimatum",1208210340,1208379300,168960,117116005.3490
"Bourne ultimatum",1208211600,1485068256,276856656,117116005.3490
"Bourne ultimatum",1208211600,1209410760,1199160,117116005.3490
"Bourne ultimatum",1208212080,1485068256,276856176,117116005.3490
"Bourne ultimatum",1208212080,1208916000,703920,117116005.3490
"Bourne ultimatum",1208213880,1485068256,276854376,117116005.3490
"Bourne ultimatum",1208213880,1209413520,1199640,117116005.3490
"Bourne ultimatum",1208215920,1485068256,276852336,117116005.3490
"Bourne ultimatum",1208215920,1211582640,3366720,117116005.3490
"Bourne ultimatum",1208215980,1485068256,276852276,117116005.3490
"Bourne ultimatum",1208215980,1209067980,852000,117116005.3490
"Bourne ultimatum",1208218380,1485068256,276849876,117116005.3490
"Bourne ultimatum",1208218380,1209058560,840180,117116005.3490
"Bourne ultimatum",1208218380,1209149760,931380,117116005.3490
"Bourne ultimatum",1208219100,1485068256,276849156,117116005.3490
"Bourne ultimatum",1208219100,1208823480,604380,117116005.3490
"Bourne ultimatum",1208223720,1485068256,276844536,117116005.3490
"Bourne ultimatum",1208223720,1209696900,1473180,117116005.3490
"Bourne ultimatum",1208280540,1485068256,276787716,117116005.3490
"Bourne ultimatum",1208280540,1209423300,1142760,117116005.3490
"Bourne ultimatum",1208289720,1485068256,276778536,117116005.3490
"Bourne ultimatum",1208289720,1209244380,954660,117116005.3490
"Bourne ultimatum",1208290920,1485068256,276777336,117116005.3490
"Bourne ultimatum",1208295180,1485068256,276773076,117116005.3490
"Bourne ultimatum",1208295180,1209753300,1458120,117116005.3490
"Bourne ultimatum",1208298300,1485068256,276769956,117116005.3490
"Bourne ultimatum",1208298300,1209507780,1209480,117116005.3490
"Bourne ultimatum",1208299080,1485068256,276769176,117116005.3490
"Bourne ultimatum",1208301840,1208303280,1440,117116005.3490
"Bourne ultimatum",1208301840,1208985660,683820,117116005.3490
"Bourne ultimatum",1208302620,1485068256,276765636,117116005.3490
"Bourne ultimatum",1208302620,1208894700,592080,117116005.3490
"Bourne ultimatum",1208304240,1485068256,276764016,117116005.3490
"Bourne ultimatum",1208305140,1485068256,276763116,117116005.3490
"Bourne ultimatum",1208305140,1209670200,1365060,117116005.3490
"Bourne ultimatum",1208305140,1209751500,1446360,117116005.3490
"Bourne ultimatum",1208309100,1485068256,276759156,117116005.3490
"Bourne ultimatum",1208309100,1208650920,341820,117116005.3490
"Bourne ultimatum",1208309100,1210638840,2329740,117116005.3490
"Bourne ultimatum",1208309100,1210962180,2653080,117116005.3490
"Bourne ultimatum",1208311680,1485068256,276756576,117116005.3490
"Bourne ultimatum",1208311680,1209083520,771840,117116005.3490
"Bourne ultimatum",1208365980,1485068256,276702276,117116005.3490
"Bourne ultimatum",1208365980,1209248940,882960,117116005.3490
"Bourne ultimatum",1208370660,1485068256,276697596,117116005.3490
"Bourne ultimatum",1208370660,1211408280,3037620,117116005.3490
"Bourne ultimatum",1208371380,1485068256,276696876,117116005.3490
"Bourne ultimatum",1208371380,1208983020,611640,117116005.3490
"Bourne ultimatum",1208371380,1209162720,791340,117116005.3490
"Bourne ultimatum",1208380080,1485068256,276688176,117116005.3490
"Bourne ultimatum",1208380080,1209593460,1213380,117116005.3490
"Bourne ultimatum",1208380080,1209755700,1375620,117116005.3490
"Bourne ultimatum",1208380080,1210020600,1640520,117116005.3490
"Bourne ultimatum",1208380320,1485068256,276687936,117116005.3490
"Bourne ultimatum",1208380320,1208817600,437280,117116005.3490
"Bourne ultimatum",1208382060,1485068256,276686196,117116005.3490
"Bourne ultimatum",1208383140,1485068256,276685116,117116005.3490
"Bourne ultimatum",1208383140,1208383620,480,117116005.3490
"Bourne ultimatum",1208385180,1485068256,276683076,117116005.3490
"Bourne ultimatum",1208385180,1209404700,1019520,117116005.3490
"Bourne ultimatum",1208387760,1485068256,276680496,117116005.3490
"Bourne ultimatum",1208387760,1208901240,513480,117116005.3490
"Bourne ultimatum",1208387760,1209063240,675480,117116005.3490
"Bourne ultimatum",1208387760,1209151200,763440,117116005.3490
"Bourne ultimatum",1208387880,1485068256,276680376,117116005.3490
"Bourne ultimatum",1208387880,1210211520,1823640,117116005.3490
"Bourne ultimatum",1208389320,1485068256,276678936,117116005.3490
"Bourne ultimatum",1208389320,1211332440,2943120,117116005.3490
"Bourne ultimatum",1208389320,1211397480,3008160,117116005.3490
"Bourne ultimatum",1208391180,1485068256,276677076,117116005.3490
"Bourne ultimatum",1208391180,1209428160,1036980,117116005.3490
"Bourne ultimatum",1208391180,1209758580,1367400,117116005.3490
"Bourne ultimatum",1208394780,1485068256,276673476,117116005.3490
"Bourne ultimatum",1208394780,1210041600,1646820,117116005.3490
"Bourne ultimatum",1208395140,1485068256,276673116,117116005.3490
"Bourne ultimatum",1208395140,1209667200,1272060,117116005.3490
"Bourne ultimatum",1208395140,1209780840,1385700,117116005.3490
"Bourne ultimatum",1208397180,1485068256,276671076,117116005.3490
"Bourne ultimatum",1208397180,1209610980,1213800,117116005.3490
"Bourne ultimatum",1208457120,1485068256,276611136,117116005.3490
"Bourne ultimatum",1208457120,1210890960,2433840,117116005.3490
"Bourne ultimatum",1208457300,1485068256,276610956,117116005.3490
"Bourne ultimatum",1208463780,1485068256,276604476,117116005.3490
"Bourne ultimatum",1208463780,1209754380,1290600,117116005.3490
"Bourne ultimatum",1208463780,1211056740,2592960,117116005.3490
"Bourne ultimatum",1208463780,1211230020,2766240,117116005.3490
"Bourne ultimatum",1208472120,1485068256,276596136,117116005.3490
"Bourne ultimatum",1208472120,1208887260,415140,117116005.3490
"Bourne ultimatum",1208477700,1485068256,276590556,117116005.3490
"Bourne ultimatum",1208477700,1209938280,1460580,117116005.3490
"Bourne ultimatum",1208481120,1485068256,276587136,117116005.3490
"Bourne ultimatum",1208481120,1209670620,1189500,117116005.3490
"Bourne ultimatum",1208481120,1209852480,1371360,117116005.3490
"Bourne ultimatum",1208481120,1210188660,1707540,117116005.3490
"Bourne ultimatum",1208481240,1208481300,60,117116005.3490
"Bourne ultimatum",1208481240,1208830740,349500,117116005.3490
"Bourne ultimatum",1208481240,1209063180,581940,117116005.3490
"Bourne ultimatum",1208485320,1485068256,276582936,117116005.3490
"Bourne ultimatum",1208485320,1208891220,405900,117116005.3490
"Bourne ultimatum",1208530260,1485068256,276537996,117116005.3490
"Bourne ultimatum",1208530260,1210978320,2448060,117116005.3490
"Bourne ultimatum",1208543580,1485068256,276524676,117116005.3490
"Bourne ultimatum",1208543580,1209590760,1047180,117116005.3490
"Bourne ultimatum",1208543760,1485068256,276524496,117116005.3490
"Bourne ultimatum",1208543760,1209944760,1401000,117116005.3490
"Bourne ultimatum",1208543760,1210272120,1728360,117116005.3490
"Bourne ultimatum",1208548260,1485068256,276519996,117116005.3490
"Bourne ultimatum",1208548260,1209767100,1218840,117116005.3490
"Bourne ultimatum",1208549520,1485068256,276518736,117116005.3490
"Bourne ultimatum",1208549520,1208638980,89460,117116005.3490
"Bourne ultimatum",1208549880,1485068256,276518376,117116005.3490
"Bourne ultimatum",1208549880,1209606300,1056420,117116005.3490
"Bourne ultimatum",1208554260,1485068256,276513996,117116005.3490
"Bourne ultimatum",1208554260,1208986560,432300,117116005.3490
"Bourne ultimatum",1208555040,1485068256,276513216,117116005.3490
"Bourne ultimatum",1208555040,1210818300,2263260,117116005.3490
"Bourne ultimatum",1208555040,1211087100,2532060,117116005.3490
"Bourne ultimatum",1208555520,1485068256,276512736,117116005.3490
"Bourne ultimatum",1208555820,1485068256,276512436,117116005.3490
"Bourne ultimatum",1208555820,1209231540,675720,117116005.3490
"Bourne ultimatum",1208555880,1485068256,276512376,117116005.3490
"Bourne ultimatum",1208555880,1209002580,446700,117116005.3490
"Bourne ultimatum",1208555880,1209243480,687600,117116005.3490
"Bourne ultimatum",1208557140,1485068256,276511116,117116005.3490
"Bourne ultimatum",1208557140,1209171060,613920,117116005.3490
"Bourne ultimatum",1208559900,1485068256,276508356,117116005.3490
"Bourne ultimatum",1208561280,1485068256,276506976,117116005.3490
"Bourne ultimatum",1208561280,1210281900,1720620,117116005.3490
"Bourne ultimatum",1208563740,1485068256,276504516,117116005.3490
"Bourne ultimatum",1208563740,1209693960,1130220,117116005.3490
"Bourne ultimatum",1208564940,1485068256,276503316,117116005.3490
"Bourne ultimatum",1208564940,1210101780,1536840,117116005.3490
"Bourne ultimatum",1208625240,1485068256,276443016,117116005.3490
"Bourne ultimatum",1208625240,1210439100,1813860,117116005.3490
"Bourne ultimatum",1208632680,1485068256,276435576,117116005.3490
"Bourne ultimatum",1208632680,1208975400,342720,117116005.3490
"Bourne ultimatum",1208632680,1209074700,442020,117116005.3490
"Bourne ultimatum",1208636280,1485068256,276431976,117116005.3490
"Bourne ultimatum",1208637900,1485068256,276430356,117116005.3490
"Bourne ultimatum",1208638860,1485068256,276429396,117116005.3490
"Bourne ultimatum",1208638860,1485068256,276429396,117116005.3490
"Bourne ultimatum",1208638860,1209256380,617520,117116005.3490
"Bourne ultimatum",1208638860,1209417720,778860,117116005.3490
"Bourne ultimatum",1208638860,1210015200,1376340,117116005.3490
"Bourne ultimatum",1208645220,1485068256,276423036,117116005.3490
"Bourne ultimatum",1208645220,1208830740,185520,117116005.3490
"Bourne ultimatum",1208649780,1485068256,276418476,117116005.3490
"Bourne ultimatum",1208649780,1208830620,180840,117116005.3490
"Bourne ultimatum",1208652960,1485068256,276415296,117116005.3490
"Bourne ultimatum",1208652960,1209254820,601860,117116005.3490
"Bourne ultimatum",1208652960,1210287540,1634580,117116005.3490
"Bourne ultimatum",1208652960,1210347180,1694220,117116005.3490
"Bourne ultimatum",1208720160,1485068256,276348096,117116005.3490
"Bourne ultimatum",1208720160,1209254340,534180,117116005.3490
"Bourne ultimatum",1208725740,1485068256,276342516,117116005.3490
"Bourne ultimatum",1208725740,1210460400,1734660,117116005.3490
"Bourne ultimatum",1208725740,1210627380,1901640,117116005.3490
"Bourne ultimatum",1208727240,1485068256,276341016,117116005.3490
"Bourne ultimatum",1208730840,1485068256,276337416,117116005.3490
"Bourne ultimatum",1208733480,1485068256,276334776,117116005.3490
"Bourne ultimatum",1208733480,1209078840,345360,117116005.3490
"Bourne ultimatum",1208733480,1209184500,451020,117116005.3490
"Bourne ultimatum",1208733660,1485068256,276334596,117116005.3490
"Bourne ultimatum",1208734440,1485068256,276333816,117116005.3490
"Bourne ultimatum",1208734440,1209849360,1114920,117116005.3490
"Bourne ultimatum",1208734800,1485068256,276333456,117116005.3490
"Bourne ultimatum",1208734800,1210786980,2052180,117116005.3490
"Bourne ultimatum",1208814120,1485068256,276254136,117116005.3490
"Bourne ultimatum",1208814120,1212530940,3716820,117116005.3490
"Bourne ultimatum",1208814120,1212693360,3879240,117116005.3490
"Bourne ultimatum",1208816280,1485068256,276251976,117116005.3490
"Bourne ultimatum",1208816280,1208992200,175920,117116005.3490
"Bourne ultimatum",1208819400,1485068256,276248856,117116005.3490
"Bourne ultimatum",1208819400,1210041720,1222320,117116005.3490
"Bourne ultimatum",1208819520,1485068256,276248736,117116005.3490
"Bourne ultimatum",1208823480,1485068256,276244776,117116005.3490
"Bourne ultimatum",1208823480,1209859380,1035900,117116005.3490
"Bourne ultimatum",1208823480,1210027860,1204380,117116005.3490
"Bourne ultimatum",1208823480,1210210380,1386900,117116005.3490
"Bourne ultimatum",1208823480,1210355220,1531740,117116005.3490
"Bourne ultimatum",1208823720,1485068256,276244536,117116005.3490
"Bourne ultimatum",1208823720,1485068256,276244536,117116005.3490
"Bourne ultimatum",1208823720,1210042680,1218960,117116005.3490
"Bourne ultimatum",1208823720,1210206120,1382400,117116005.3490
"Bourne ultimatum",1208823720,1210359060,1535340,117116005.3490
"Bourne ultimatum",1208824500,1485068256,276243756,117116005.3490
"Bourne ultimatum",1208824500,1209683160,858660,117116005.3490
"Bourne ultimatum",1208824500,1210031760,1207260,117116005.3490
"Bourne ultimatum",1208824500,1210872360,2047860,117116005.3490
"Bourne ultimatum",1208824500,1211058600,2234100,117116005.3490
"Bourne ultimatum",1208824500,1211226300,2401800,117116005.3490
"Bourne ultimatum",1208825820,1485068256,276242436,117116005.3490
"Bourne ultimatum",1208825820,1210180680,1354860,117116005.3490
"Bourne ultimatum",1208826720,1485068256,276241536,117116005.3490
"Bourne ultimatum",1208826720,1211246340,2419620,117116005.3490
"Bourne ultimatum",1208826720,1211318700,2491980,117116005.3490
"Bourne ultimatum",1208827620,1485068256,276240636,117116005.3490
"Bourne ultimatum",1208827620,1209243060,415440,117116005.3490
"Bourne ultimatum",1208828340,1485068256,276239916,117116005.3490
"Bourne ultimatum",1208894760,1485068256,276173496,117116005.3490
"Bourne ultimatum",1208894760,1208908680,13920,117116005.3490
"Bourne ultimatum",1208895240,1485068256,276173016,117116005.3490
"Bourne ultimatum",1208896980,1485068256,276171276,117116005.3490
"Bourne ultimatum",1208896980,1210031940,1134960,117116005.3490
"Bourne ultimatum",1208897760,1485068256,276170496,117116005.3490
"Bourne ultimatum",1208899500,1485068256,276168756,117116005.3490
"Bourne ultimatum",1208899500,1210203660,1304160,117116005.3490
"Bourne ultimatum",1208908380,1485068256,276159876,117116005.3490
"Bourne ultimatum",1208908380,1209836880,928500,117116005.3490
"Bourne ultimatum",1208908380,1210183860,1275480,117116005.3490
"Bourne ultimatum",1208908860,1485068256,276159396,117116005.3490
"Bourne ultimatum",1208908860,1209169200,260340,117116005.3490
"Bourne ultimatum",1208909640,1485068256,276158616,117116005.3490
"Bourne ultimatum",1208909640,1210357260,1447620,117116005.3490
"Bourne ultimatum",1208909640,1211225880,2316240,117116005.3490
"Bourne ultimatum",1208909640,1211328960,2419320,117116005.3490
"Bourne ultimatum",1208912100,1485068256,276156156,117116005.3490
"Bourne ultimatum",1208912100,1209435960,523860,117116005.3490
"Bourne ultimatum",1208913000,1485068256,276155256,117116005.3490
"Bourne ultimatum",1208913000,1210729260,1816260,117116005.3490
"Bourne ultimatum",1208914680,1485068256,276153576,117116005.3490
"Bourne ultimatum",1208914680,1210123740,1209060,117116005.3490
"Bourne ultimatum",1208914680,1210447800,1533120,117116005.3490
"Bourne ultimatum",1208915100,1485068256,276153156,117116005.3490
"Bourne ultimatum",1208970120,1485068256,276098136,117116005.3490
"Bourne ultimatum",1208975580,1485068256,276092676,117116005.3490
"Bourne ultimatum",1208975580,1209677280,701700,117116005.3490
"Bourne ultimatum",1208975880,1485068256,276092376,117116005.3490
"Bourne ultimatum",1208975880,1210276920,1301040,117116005.3490
"Bourne ultimatum",1208975880,1210693320,1717440,117116005.3490
"Bourne ultimatum",1208978460,1485068256,276089796,117116005.3490
"Bourne ultimatum",1208978460,1209767400,788940,117116005.3490
"Bourne ultimatum",1208980380,1485068256,276087876,117116005.3490
"Bourne ultimatum",1208994180,1485068256,276074076,117116005.3490
"Bourne ultimatum",1208994180,1209602700,608520,117116005.3490
"Bourne ultimatum",1208997480,1485068256,276070776,117116005.3490
"Bourne ultimatum",1208997840,1485068256,276070416,117116005.3490
"Bourne ultimatum",1208997840,1210273440,1275600,117116005.3490
"Bourne ultimatum",1209050220,1485068256,276018036,117116005.3490
"Bourne ultimatum",1209050220,1211482680,2432460,117116005.3490
"Bourne ultimatum",1209058320,1485068256,276009936,117116005.3490
"Bourne ultimatum",1209058320,1209331140,272820,117116005.3490
"Bourne ultimatum",1209058320,1209500760,442440,117116005.3490
"Bourne ultimatum",1209058620,1485068256,276009636,117116005.3490
"Bourne ultimatum",1209063420,1485068256,276004836,117116005.3490
"Bourne ultimatum",1209064500,1485068256,276003756,117116005.3490
"Bourne ultimatum",1209064500,1212182520,3118020,117116005.3490
"Bourne ultimatum",1209074040,1485068256,275994216,117116005.3490
"Bourne ultimatum",1209074040,1210296960,1222920,117116005.3490
"Bourne ultimatum",1209074640,1485068256,275993616,117116005.3490
"Bourne ultimatum",1209074640,1214518380,5443740,117116005.3490
"Bourne ultimatum",1209080760,1485068256,275987496,117116005.3490
"Bourne ultimatum",1209080760,1210817040,1736280,117116005.3490
"Bourne ultimatum",1209088200,1485068256,275980056,117116005.3490
"Bourne ultimatum",1209088200,1209329220,241020,117116005.3490
"Bourne ultimatum",1209088200,1210193340,1105140,117116005.3490
"Bourne ultimatum",1209145080,1485068256,275923176,117116005.3490
"Bourne ultimatum",1209145080,1210360980,1215900,117116005.3490
"Bourne ultimatum",1209145080,1210447440,1302360,117116005.3490
"Bourne ultimatum",1209147480,1485068256,275920776,117116005.3490
"Bourne ultimatum",1209150540,1485068256,275917716,117116005.3490
"Bourne ultimatum",1209150540,1209594240,443700,117116005.3490
"Bourne ultimatum",1209150540,1209772200,621660,117116005.3490
"Bourne ultimatum",1209150900,1485068256,275917356,117116005.3490
"Bourne ultimatum",1209150900,1210300140,1149240,117116005.3490
"Bourne ultimatum",1209150900,1210721340,1570440,117116005.3490
"Bourne ultimatum",1209151260,1485068256,275916996,117116005.3490
"Bourne ultimatum",1209151680,1485068256,275916576,117116005.3490
"Bourne ultimatum",1209151680,1211329260,2177580,117116005.3490
"Bourne ultimatum",1209151680,1211480640,2328960,117116005.3490
"Bourne ultimatum",1209154200,1485068256,275914056,117116005.3490
"Bourne ultimatum",1209154200,1210275600,1121400,117116005.3490
"Bourne ultimatum",1209154200,1210470780,1316580,117116005.3490
"Bourne ultimatum",1209157140,1485068256,275911116,117116005.3490
"Bourne ultimatum",1209157140,1209757740,600600,117116005.3490
"Bourne ultimatum",1209160800,1485068256,275907456,117116005.3490
"Bourne ultimatum",1209161580,1485068256,275906676,117116005.3490
"Bourne ultimatum",1209161580,1210279680,1118100,117116005.3490
"Bourne ultimatum",1209161580,1210373460,1211880,117116005.3490
"Bourne ultimatum",1209162420,1485068256,275905836,117116005.3490
"Bourne ultimatum",1209162420,1210544640,1382220,117116005.3490
"Bourne ultimatum",1209166560,1485068256,275901696,117116005.3490
"Bourne ultimatum",1209166560,1210378320,1211760,117116005.3490
"Bourne ultimatum",1209167700,1485068256,275900556,117116005.3490
"Bourne ultimatum",1209167700,1209410340,242640,117116005.3490
"Bourne ultimatum",1209168000,1485068256,275900256,117116005.3490
"Bourne ultimatum",1209168000,1209580440,412440,117116005.3490
"Bourne ultimatum",1209168000,1209837960,669960,117116005.3490
"Bourne ultimatum",1209169320,1485068256,275898936,117116005.3490
"Bourne ultimatum",1209169320,1485068256,275898936,117116005.3490
"Bourne ultimatum",1209169320,1210641120,1471800,117116005.3490
"Bourne ultimatum",1209169320,1210741860,1572540,117116005.3490
"Bourne ultimatum",1209169320,1211218620,2049300,117116005.3490
"Bourne ultimatum",1209170400,1485068256,275897856,117116005.3490
"Bourne ultimatum",1209170400,1210638360,1467960,117116005.3490
"Bourne ultimatum",1209171480,1485068256,275896776,117116005.3490
"Bourne ultimatum",1209171660,1485068256,275896596,117116005.3490
"Bourne ultimatum",1209237120,1485068256,275831136,117116005.3490
"Bourne ultimatum",1209237120,1209847920,610800,117116005.3490
"Bourne ultimatum",1209242280,1485068256,275825976,117116005.3490
"Bourne ultimatum",1209242280,1210119000,876720,117116005.3490
"Bourne ultimatum",1209242280,1210210920,968640,117116005.3490
"Bourne ultimatum",1209242280,1210355040,1112760,117116005.3490
"Bourne ultimatum",1209245700,1485068256,275822556,117116005.3490
"Bourne ultimatum",1209246180,1485068256,275822076,117116005.3490
"Bourne ultimatum",1209246180,1210645320,1399140,117116005.3490
"Bourne ultimatum",1209248460,1485068256,275819796,117116005.3490
"Bourne ultimatum",1209255480,1485068256,275812776,117116005.3490
"Bourne ultimatum",1209255480,1210800600,1545120,117116005.3490
"Bourne ultimatum",1209255480,1211219160,1963680,117116005.3490
"Bourne ultimatum",1209327000,1485068256,275741256,117116005.3490
"Bourne ultimatum",1209328140,1485068256,275740116,117116005.3490
"Bourne ultimatum",1209328140,1210786680,1458540,117116005.3490
"Bourne ultimatum",1209330060,1485068256,275738196,117116005.3490
"Bourne ultimatum",1209330060,1210466400,1136340,117116005.3490
"Bourne ultimatum",1209331860,1485068256,275736396,117116005.3490
"Bourne ultimatum",1209331860,1210546200,1214340,117116005.3490
"Bourne ultimatum",1209331860,1210637100,1305240,117116005.3490
"Bourne ultimatum",1209331860,1210712220,1380360,117116005.3490
"Bourne ultimatum",1209333960,1485068256,275734296,117116005.3490
"Bourne ultimatum",1209335340,1485068256,275732916,117116005.3490
"Bourne ultimatum",1209335340,1210455540,1120200,117116005.3490
"Bourne ultimatum",1209335400,1485068256,275732856,117116005.3490
"Bourne ultimatum",1209335400,1209684600,349200,117116005.3490
"Bourne ultimatum",1209335400,1210873980,1538580,117116005.3490
"Bourne ultimatum",1209337980,1485068256,275730276,117116005.3490
"Bourne ultimatum",1209337980,1210640760,1302780,117116005.3490
"Bourne ultimatum",1209399120,1485068256,275669136,117116005.3490
"Bourne ultimatum",1209399120,1212103500,2704380,117116005.3490
"Bourne ultimatum",1209414780,1209414900,120,117116005.3490
"Bourne ultimatum",1209415020,1485068256,275653236,117116005.3490
"Bourne ultimatum",1209415020,1210207620,792600,117116005.3490
"Bourne ultimatum",1209415020,1210359960,944940,117116005.3490
"Bourne ultimatum",1209415020,1210452120,1037100,117116005.3490
"Bourne ultimatum",1209418920,1485068256,275649336,117116005.3490
"Bourne ultimatum",1209418920,1210276980,858060,117116005.3490
"Bourne ultimatum",1209419100,1485068256,275649156,117116005.3490
"Bourne ultimatum",1209419100,1210276560,857460,117116005.3490
"Bourne ultimatum",1209423300,1485068256,275644956,117116005.3490
"Bourne ultimatum",1209423300,1212187260,2763960,117116005.3490
"Bourne ultimatum",1209425340,1485068256,275642916,117116005.3490
"Bourne ultimatum",1209425340,1209695160,269820,117116005.3490
"Bourne ultimatum",1209425340,1210008840,583500,117116005.3490
"Bourne ultimatum",1209425340,1210295760,870420,117116005.3490
"Bourne ultimatum",1209427140,1485068256,275641116,117116005.3490
"Bourne ultimatum",1209427140,1210440000,1012860,117116005.3490
"Bourne ultimatum",1209431880,1485068256,275636376,117116005.3490
"Bourne ultimatum",1209431880,1210380840,948960,117116005.3490
"Bourne ultimatum",1209431880,1210800120,1368240,117116005.3490
"Bourne ultimatum",1209493080,1485068256,275575176,117116005.3490
"Bourne ultimatum",1209493080,1209671100,178020,117116005.3490
"Bourne ultimatum",1209493080,1210195140,702060,117116005.3490
"Bourne ultimatum",1209496080,1485068256,275572176,117116005.3490
"Bourne ultimatum",1209496080,1209669720,173640,117116005.3490
"Bourne ultimatum",1209496080,1209838020,341940,117116005.3490
"Bourne ultimatum",1209496080,1210038180,542100,117116005.3490
"Bourne ultimatum",1209496740,1485068256,275571516,117116005.3490
"Bourne ultimatum",1209516120,1485068256,275552136,117116005.3490
"Bourne ultimatum",1209517860,1485068256,275550396,117116005.3490
"Bourne ultimatum",1209519480,1485068256,275548776,117116005.3490
"Bourne ultimatum",1209519480,1211070120,1550640,117116005.3490
"Bourne ultimatum",1209519480,1211219100,1699620,117116005.3490
"Bourne ultimatum",1209519840,1485068256,275548416,117116005.3490
"Bourne ultimatum",1209519840,1210127760,607920,117116005.3490
"Bourne ultimatum",1209519840,1210533060,1013220,117116005.3490
"Bourne ultimatum",1209519840,1210715340,1195500,117116005.3490
"Bourne ultimatum",1209519840,1210827660,1307820,117116005.3490
"Bourne ultimatum",1209519840,1210878000,1358160,117116005.3490
"Bourne ultimatum",1209523500,1485068256,275544756,117116005.3490
"Bourne ultimatum",1209586140,1485068256,275482116,117116005.3490
"Bourne ultimatum",1209586140,1210812420,1226280,117116005.3490
"Bourne ultimatum",1209586140,1210981680,1395540,117116005.3490
"Bourne ultimatum",1209586140,1211230980,1644840,117116005.3490
"Bourne ultimatum",1209596820,1485068256,275471436,117116005.3490
"Bourne ultimatum",1209596820,1210817520,1220700,117116005.3490
"Bourne ultimatum",1209596820,1211226960,1630140,117116005.3490
"Bourne ultimatum",1209600360,1485068256,275467896,117116005.3490
"Bourne ultimatum",1209601500,1485068256,275466756,117116005.3490
"Bourne ultimatum",1209601860,1485068256,275466396,117116005.3490
"Bourne ultimatum",1209601860,1210212180,610320,117116005.3490
"Bourne ultimatum",1209601980,1209602040,60,117116005.3490
"Bourne ultimatum",1209601980,1209750540,148560,117116005.3490
"Bourne ultimatum",1209603660,1485068256,275464596,117116005.3490
"Bourne ultimatum",1209603660,1209690960,87300,117116005.3490
"Bourne ultimatum",1209603960,1485068256,275464296,117116005.3490
"Bourne ultimatum",1209603960,1210375440,771480,117116005.3490
"Bourne ultimatum",1209603960,1210447020,843060,117116005.3490
"Bourne ultimatum",1209603960,1211998680,2394720,117116005.3490
"Bourne ultimatum",1209604320,1485068256,275463936,117116005.3490
"Bourne ultimatum",1209604320,1210040940,436620,117116005.3490
"Bourne ultimatum",1209606780,1485068256,275461476,117116005.3490
"Bourne ultimatum",1209606780,1210373340,766560,117116005.3490
"Bourne ultimatum",1209606780,1210702500,1095720,117116005.3490
"Bourne ultimatum",1209607860,1485068256,275460396,117116005.3490
"Bourne ultimatum",1209607860,1212109260,2501400,117116005.3490
"Bourne ultimatum",1209609060,1485068256,275459196,117116005.3490
"Bourne ultimatum",1209609060,1210449180,840120,117116005.3490
"Bourne ultimatum",1209664320,1485068256,275403936,117116005.3490
"Bourne ultimatum",1209672420,1485068256,275395836,117116005.3490
"Bourne ultimatum",1209675240,1485068256,275393016,117116005.3490
"Bourne ultimatum",1209676860,1485068256,275391396,117116005.3490
"Bourne ultimatum",1209676860,1210274280,597420,117116005.3490
"Bourne ultimatum",1209678900,1485068256,275389356,117116005.3490
"Bourne ultimatum",1209679500,1485068256,275388756,117116005.3490
"Bourne ultimatum",1209679500,1209684720,5220,117116005.3490
"Bourne ultimatum",1209681360,1485068256,275386896,117116005.3490
"Bourne ultimatum",1209681360,1210206480,525120,117116005.3490
"Bourne ultimatum",1209681360,1210460040,778680,117116005.3490
"Bourne ultimatum",1209681360,1210627800,946440,117116005.3490
"Bourne ultimatum",1209686640,1485068256,275381616,117116005.3490
"Bourne ultimatum",1209686640,1210120920,434280,117116005.3490
"Bourne ultimatum",1209686640,1210311120,624480,117116005.3490
"Bourne ultimatum",1209686640,1210628220,941580,117116005.3490
"Bourne ultimatum",1209687000,1485068256,275381256,117116005.3490
"Bourne ultimatum",1209687000,1212965280,3278280,117116005.3490
"Bourne ultimatum",1209687000,1213648920,3961920,117116005.3490
"Bourne ultimatum",1209694020,1485068256,275374236,117116005.3490
"Bourne ultimatum",1209748560,1485068256,275319696,117116005.3490
"Bourne ultimatum",1209748560,1210799400,1050840,117116005.3490
"Bourne ultimatum",1209748560,1211400060,1651500,117116005.3490
"Bourne ultimatum",1209748560,1211519100,1770540,117116005.3490
"Bourne ultimatum",1209748620,1485068256,275319636,117116005.3490
"Bourne ultimatum",1209748620,1211500320,1751700,117116005.3490
"Bourne ultimatum",1209758100,1485068256,275310156,117116005.3490
"Bourne ultimatum",1209758100,1210972320,1214220,117116005.3490
"Bourne ultimatum",1209758100,1211088060,1329960,117116005.3490
"Bourne ultimatum",1209758100,1211228580,1470480,117116005.3490
"Bourne ultimatum",1209759600,1485068256,275308656,117116005.3490
"Bourne ultimatum",1209759600,1210796700,1037100,117116005.3490
"Bourne ultimatum",1209762180,1485068256,275306076,117116005.3490
"Bourne ultimatum",1209762180,1209938880,176700,117116005.3490
"Bourne ultimatum",1209765360,1485068256,275302896,117116005.3490
"Bourne ultimatum",1209765360,1210110300,344940,117116005.3490
"Bourne ultimatum",1209765360,1210214100,448740,117116005.3490
"Bourne ultimatum",1209765360,1210358880,593520,117116005.3490
"Bourne ultimatum",1209765660,1485068256,275302596,117116005.3490
"Bourne ultimatum",1209765660,1209943920,178260,117116005.3490
"Bourne ultimatum",1209767880,1485068256,275300376,117116005.3490
"Bourne ultimatum",1209767880,1210127160,359280,117116005.3490
"Bourne ultimatum",1209767880,1211061840,1293960,117116005.3490
"Bourne ultimatum",1209767880,1211229360,1461480,117116005.3490
"Bourne ultimatum",1209768600,1485068256,275299656,117116005.3490
"Bourne ultimatum",1209768600,1210201680,433080,117116005.3490
"Bourne ultimatum",1209768600,1210366740,598140,117116005.3490
"Bourne ultimatum",1209768600,1210790160,1021560,117116005.3490
"Bourne ultimatum",1209768600,1210873080,1104480,117116005.3490
"Bourne ultimatum",1209771660,1485068256,275296596,117116005.3490
"Bourne ultimatum",1209771660,1210039800,268140,117116005.3490
"Bourne ultimatum",1209774900,1485068256,275293356,117116005.3490
"Bourne ultimatum",1209774900,1210364460,589560,117116005.3490
"Bourne ultimatum",1209774900,1210788240,1013340,117116005.3490
"Bourne ultimatum",1209774900,1210877340,1102440,117116005.3490
"Bourne ultimatum",1209776340,1485068256,275291916,117116005.3490
"Bourne ultimatum",1209776340,1210214160,437820,117116005.3490
"Bourne ultimatum",1209776340,1210310280,533940,117116005.3490
"Bourne ultimatum",1209840180,1485068256,275228076,117116005.3490
"Bourne ultimatum",1209840180,1209930600,90420,117116005.3490
"Bourne ultimatum",1209841740,1485068256,275226516,117116005.3490
"Bourne ultimatum",1209844380,1485068256,275223876,117116005.3490
"Bourne ultimatum",1209844380,1210207380,363000,117116005.3490
"Bourne ultimatum",1209844380,1210452240,607860,117116005.3490
"Bourne ultimatum",1209845040,1485068256,275223216,117116005.3490
"Bourne ultimatum",1209845040,1210830480,985440,117116005.3490
"Bourne ultimatum",1209845040,1210969140,1124100,117116005.3490
"Bourne ultimatum",1209851520,1485068256,275216736,117116005.3490
"Bourne ultimatum",1209851520,1210984200,1132680,117116005.3490
"Bourne ultimatum",1209851520,1211908080,2056560,117116005.3490
"Bourne ultimatum",1209852000,1485068256,275216256,117116005.3490
"Bourne ultimatum",1209853500,1485068256,275214756,117116005.3490
"Bourne ultimatum",1209853500,1213994460,4140960,117116005.3490
"Bourne ultimatum",1209855300,1485068256,275212956,117116005.3490
"Bourne ultimatum",1209855300,1210643580,788280,117116005.3490
"Bourne ultimatum",1209855960,1485068256,275212296,117116005.3490
"Bourne ultimatum",1209856320,1485068256,275211936,117116005.3490
"Bourne ultimatum",1209933960,1485068256,275134296,117116005.3490
"Bourne ultimatum",1209934020,1485068256,275134236,117116005.3490
"Bourne ultimatum",1209934020,1210725540,791520,117116005.3490
"Bourne ultimatum",1209934020,1210790460,856440,117116005.3490
"Bourne ultimatum",1209936600,1485068256,275131656,117116005.3490
"Bourne ultimatum",1209936600,1211064180,1127580,117116005.3490
"Bourne ultimatum",1209936600,1211229420,1292820,117116005.3490
"Bourne ultimatum",1209936600,1211316180,1379580,117116005.3490
"Bourne ultimatum",1210018080,1210130400,112320,117116005.3490
"Bourne ultimatum",1210018080,1210182360,164280,117116005.3490
"Bourne ultimatum",1210030740,1485068256,275037516,117116005.3490
"Bourne ultimatum",1210030740,1210444920,414180,117116005.3490
"Bourne ultimatum",1210030860,1485068256,275037396,117116005.3490
"Bourne ultimatum",1210030860,1211060880,1030020,117116005.3490
"Bourne ultimatum",1210032360,1485068256,275035896,117116005.3490
"Bourne ultimatum",1210032360,1211413740,1381380,117116005.3490
"Bourne ultimatum",1210038780,1485068256,275029476,117116005.3490
"Bourne ultimatum",1210038780,1210891620,852840,117116005.3490
"Bourne ultimatum",1210038780,1210981560,942780,117116005.3490
"Bourne ultimatum",1210041240,1485068256,275027016,117116005.3490
"Bourne ultimatum",1210042620,1485068256,275025636,117116005.3490
"Bourne ultimatum",1210042620,1210442220,399600,117116005.3490
"Bourne ultimatum",1210116000,1485068256,274952256,117116005.3490
"Bourne ultimatum",1210116000,1211334240,1218240,117116005.3490
"Bourne ultimatum",1210118160,1485068256,274950096,117116005.3490
"Bourne ultimatum",1210118160,1212792420,2674260,117116005.3490
"Bourne ultimatum",1210118460,1485068256,274949796,117116005.3490
"Bourne ultimatum",1210118880,1485068256,274949376,117116005.3490
"Bourne ultimatum",1210118880,1210882980,764100,117116005.3490
"Bourne ultimatum",1210118880,1210959420,840540,117116005.3490
"Bourne ultimatum",1210120080,1485068256,274948176,117116005.3490
"Bourne ultimatum",1210120080,1210811160,691080,117116005.3490
"Bourne ultimatum",1210120080,1211911140,1791060,117116005.3490
"Bourne ultimatum",1210120320,1485068256,274947936,117116005.3490
"Bourne ultimatum",1210120320,1210998600,878280,117116005.3490
"Bourne ultimatum",1210120800,1485068256,274947456,117116005.3490
"Bourne ultimatum",1210120800,1210465980,345180,117116005.3490
"Bourne ultimatum",1210120800,1210788600,667800,117116005.3490
"Bourne ultimatum",1210122660,1485068256,274945596,117116005.3490
"Bourne ultimatum",1210122660,1210814580,691920,117116005.3490
"Bourne ultimatum",1210123920,1485068256,274944336,117116005.3490
"Bourne ultimatum",1210123920,1211066220,942300,117116005.3490
"Bourne ultimatum",1210124160,1485068256,274944096,117116005.3490
"Bourne ultimatum",1210124220,1485068256,274944036,117116005.3490
"Bourne ultimatum",1210124220,1211326860,1202640,117116005.3490
"Bourne ultimatum",1210126020,1485068256,274942236,117116005.3490
"Bourne ultimatum",1210127040,1485068256,274941216,117116005.3490
"Bourne ultimatum",1210127040,1210465080,338040,117116005.3490
"Bourne ultimatum",1210127040,1210710420,583380,117116005.3490
"Bourne ultimatum",1210128240,1485068256,274940016,117116005.3490
"Bourne ultimatum",1210180200,1485068256,274888056,117116005.3490
"Bourne ultimatum",1210180200,1211402460,1222260,117116005.3490
"Bourne ultimatum",1210183680,1485068256,274884576,117116005.3490
"Bourne ultimatum",1210187400,1485068256,274880856,117116005.3490
"Bourne ultimatum",1210187400,1212629520,2442120,117116005.3490
"Bourne ultimatum",1210190820,1485068256,274877436,117116005.3490
"Bourne ultimatum",1210190820,1210283220,92400,117116005.3490
"Bourne ultimatum",1210190820,1210372800,181980,117116005.3490
"Bourne ultimatum",1210194180,1485068256,274874076,117116005.3490
"Bourne ultimatum",1210194180,1210716360,522180,117116005.3490
"Bourne ultimatum",1210194240,1485068256,274874016,117116005.3490
"Bourne ultimatum",1210194240,1211493240,1299000,117116005.3490
"Bourne ultimatum",1210194840,1485068256,274873416,117116005.3490
"Bourne ultimatum",1210198440,1485068256,274869816,117116005.3490
"Bourne ultimatum",1210198440,1211345940,1147500,117116005.3490
"Bourne ultimatum",1210204260,1485068256,274863996,117116005.3490
"Bourne ultimatum",1210204260,1212175800,1971540,117116005.3490
"Bourne ultimatum",1210205100,1485068256,274863156,117116005.3490
"Bourne ultimatum",1210205940,1485068256,274862316,117116005.3490
"Bourne ultimatum",1210207380,1485068256,274860876,117116005.3490
"Bourne ultimatum",1210214340,1485068256,274853916,117116005.3490
"Bourne ultimatum",1210214340,1211072220,857880,117116005.3490
"Bourne ultimatum",1210266420,1485068256,274801836,117116005.3490
"Bourne ultimatum",1210266420,1211085900,819480,117116005.3490
"Bourne ultimatum",1210266420,1211230260,963840,117116005.3490
"Bourne ultimatum",1210266960,1485068256,274801296,117116005.3490
"Bourne ultimatum",1210266960,1210611960,345000,117116005.3490
"Bourne ultimatum",1210266960,1210698120,431160,117116005.3490
"Bourne ultimatum",1210267920,1485068256,274800336,117116005.3490
"Bourne ultimatum",1210267920,1210788240,520320,117116005.3490
"Bourne ultimatum",1210280580,1485068256,274787676,117116005.3490
"Bourne ultimatum",1210280580,1212706140,2425560,117116005.3490
"Bourne ultimatum",1210281900,1485068256,274786356,117116005.3490
"Bourne ultimatum",1210281900,1213304580,3022680,117116005.3490
"Bourne ultimatum",1210285140,1485068256,274783116,117116005.3490
"Bourne ultimatum",1210285140,1215727560,5442420,117116005.3490
"Bourne ultimatum",1210287300,1485068256,274780956,117116005.3490
"Bourne ultimatum",1210287780,1485068256,274780476,117116005.3490
"Bourne ultimatum",1210287780,1211495940,1208160,117116005.3490
"Bourne ultimatum",1210287780,1212087060,1799280,117116005.3490
"Bourne ultimatum",1210294800,1485068256,274773456,117116005.3490
"Bourne ultimatum",1210294800,1210802160,507360,117116005.3490
"Bourne ultimatum",1210295340,1485068256,274772916,117116005.3490
"Bourne ultimatum",1210295340,1211059440,764100,117116005.3490
"Bourne ultimatum",1210297680,1485068256,274770576,117116005.3490
"Bourne ultimatum",1210297680,1210458360,160680,117116005.3490
"Bourne ultimatum",1210301220,1485068256,274767036,117116005.3490
"Bourne ultimatum",1210350120,1485068256,274718136,117116005.3490
"Bourne ultimatum",1210350120,1212787320,2437200,117116005.3490
"Bourne ultimatum",1210353660,1485068256,274714596,117116005.3490
"Bourne ultimatum",1210353660,1210637460,283800,117116005.3490
"Bourne ultimatum",1210353660,1210792440,438780,117116005.3490
"Bourne ultimatum",1210353660,1211314080,960420,117116005.3490
"Bourne ultimatum",1210354920,1485068256,274713336,117116005.3490
"Bourne ultimatum",1210363440,1485068256,274704816,117116005.3490
"Bourne ultimatum",1210363500,1485068256,274704756,117116005.3490
"Bourne ultimatum",1210363500,1211928240,1564740,117116005.3490
"Bourne ultimatum",1210364760,1485068256,274703496,117116005.3490
"Bourne ultimatum",1210364760,1210883400,518640,117116005.3490
"Bourne ultimatum",1210364940,1485068256,274703316,117116005.3490
"Bourne ultimatum",1210364940,1213387980,3023040,117116005.3490
"Bourne ultimatum",1210366680,1485068256,274701576,117116005.3490
"Bourne ultimatum",1210366680,1210449000,82320,117116005.3490
"Bourne ultimatum",1210368120,1485068256,274700136,117116005.3490
"Bourne ultimatum",1210368120,1211052000,683880,117116005.3490
"Bourne ultimatum",1210372800,1485068256,274695456,117116005.3490
"Bourne ultimatum",1210372800,1211396460,1023660,117116005.3490
"Bourne ultimatum",1210372800,1211562420,1189620,117116005.3490
"Bourne ultimatum",1210376160,1485068256,274692096,117116005.3490
"Bourne ultimatum",1210376580,1485068256,274691676,117116005.3490
"Bourne ultimatum",1210376580,1211071140,694560,117116005.3490
"Bourne ultimatum",1210377780,1485068256,274690476,117116005.3490
"Bourne ultimatum",1210377780,1211669100,1291320,117116005.3490
"Bourne ultimatum",1210377780,1211908200,1530420,117116005.3490
"Bourne ultimatum",1210378920,1485068256,274689336,117116005.3490
"Bourne ultimatum",1210378920,1211670180,1291260,117116005.3490
"Bourne ultimatum",1210379700,1485068256,274688556,117116005.3490
"Bourne ultimatum",1210379700,1210623000,243300,117116005.3490
"Bourne ultimatum",1210381080,1485068256,274687176,117116005.3490
"Bourne ultimatum",1210381080,1485068256,274687176,117116005.3490
"Bourne ultimatum",1210381080,1210984860,603780,117116005.3490
"Bourne ultimatum",1210381080,1211294820,913740,117116005.3490
"Bourne ultimatum",1210381080,1211396220,1015140,117116005.3490
"Bourne ultimatum",1210381080,1212168000,1786920,117116005.3490
"Bourne ultimatum",1210443360,1485068256,274624896,117116005.3490
"Bourne ultimatum",1210443360,1211672700,1229340,117116005.3490
"Bourne ultimatum",1210449660,1485068256,274618596,117116005.3490
"Bourne ultimatum",1210456380,1485068256,274611876,117116005.3490
"Bourne ultimatum",1210456380,1211671620,1215240,117116005.3490
"Bourne ultimatum",1210457340,1485068256,274610916,117116005.3490
"Bourne ultimatum",1210458480,1485068256,274609776,117116005.3490
"Bourne ultimatum",1210458480,1211325900,867420,117116005.3490
"Bourne ultimatum",1210461060,1485068256,274607196,117116005.3490
"Bourne ultimatum",1210463640,1485068256,274604616,117116005.3490
"Bourne ultimatum",1210463640,1211744820,1281180,117116005.3490
"Bourne ultimatum",1210463700,1485068256,274604556,117116005.3490
"Bourne ultimatum",1210464600,1485068256,274603656,117116005.3490
"Bourne ultimatum",1210464600,1211331960,867360,117116005.3490
"Bourne ultimatum",1210464600,1211431260,966660,117116005.3490
"Bourne ultimatum",1210464600,1211491680,1027080,117116005.3490
"Bourne ultimatum",1210467120,1485068256,274601136,117116005.3490
"Bourne ultimatum",1210467120,1211500380,1033260,117116005.3490
"Bourne ultimatum",1210535460,1485068256,274532796,117116005.3490
"Bourne ultimatum",1210535460,1211307240,771780,117116005.3490
"Bourne ultimatum",1210535460,1211393040,857580,117116005.3490
"Bourne ultimatum",1210541820,1485068256,274526436,117116005.3490
"Bourne ultimatum",1210541820,1212114900,1573080,117116005.3490
"Bourne ultimatum",1210543560,1485068256,274524696,117116005.3490
"Bourne ultimatum",1210543560,1211058960,515400,117116005.3490
"Bourne ultimatum",1210543860,1485068256,274524396,117116005.3490
"Bourne ultimatum",1210543860,1211744280,1200420,117116005.3490
"Bourne ultimatum",1210544340,1485068256,274523916,117116005.3490
"Bourne ultimatum",1210544340,1211402640,858300,117116005.3490
"Bourne ultimatum",1210546260,1485068256,274521996,117116005.3490
"Bourne ultimatum",1210546260,1211230260,684000,117116005.3490
"Bourne ultimatum",1210546260,1211307900,761640,117116005.3490
"Bourne ultimatum",1210549200,1485068256,274519056,117116005.3490
"Bourne ultimatum",1210549200,1211674260,1125060,117116005.3490
"Bourne ultimatum",1210626240,1485068256,274442016,117116005.3490
"Bourne ultimatum",1210626240,1211565240,939000,117116005.3490
"Bourne ultimatum",1210632780,1485068256,274435476,117116005.3490
"Bourne ultimatum",1210632780,1212192600,1559820,117116005.3490
"Bourne ultimatum",1210639140,1485068256,274429116,117116005.3490
"Bourne ultimatum",1210639140,1213149420,2510280,117116005.3490
"Bourne ultimatum",1210639200,1485068256,274429056,117116005.3490
"Bourne ultimatum",1210639200,1211921400,1282200,117116005.3490
"Bourne ultimatum",1210640280,1485068256,274427976,117116005.3490
"Bourne ultimatum",1210640280,1211329260,688980,117116005.3490
"Bourne ultimatum",1210640280,1211403360,763080,117116005.3490
"Bourne ultimatum",1210640280,1211490120,849840,117116005.3490
"Bourne ultimatum",1210640460,1485068256,274427796,117116005.3490
"Bourne ultimatum",1210640460,1211755020,1114560,117116005.3490
"Bourne ultimatum",1210640520,1485068256,274427736,117116005.3490
"Bourne ultimatum",1210695540,1485068256,274372716,117116005.3490
"Bourne ultimatum",1210695540,1213198800,2503260,117116005.3490
"Bourne ultimatum",1210710060,1485068256,274358196,117116005.3490
"Bourne ultimatum",1210710060,1211396460,686400,117116005.3490
"Bourne ultimatum",1210711320,1485068256,274356936,117116005.3490
"Bourne ultimatum",1210711320,1211238000,526680,117116005.3490
"Bourne ultimatum",1210711320,1211314200,602880,117116005.3490
"Bourne ultimatum",1210716360,1485068256,274351896,117116005.3490
"Bourne ultimatum",1210716360,1211924040,1207680,117116005.3490
"Bourne ultimatum",1210718700,1485068256,274349556,117116005.3490
"Bourne ultimatum",1210718700,1211937600,1218900,117116005.3490
"Bourne ultimatum",1210721580,1485068256,274346676,117116005.3490
"Bourne ultimatum",1210721580,1210957440,235860,117116005.3490
"Bourne ultimatum",1210724400,1485068256,274343856,117116005.3490
"Bourne ultimatum",1210724400,1214878620,4154220,117116005.3490
"Bourne ultimatum",1210724400,1215281220,4556820,117116005.3490
"Bourne ultimatum",1210725540,1485068256,274342716,117116005.3490
"Bourne ultimatum",1210725540,1211412840,687300,117116005.3490
"Bourne ultimatum",1210725780,1485068256,274342476,117116005.3490
"Bourne ultimatum",1210726620,1485068256,274341636,117116005.3490
"Bourne ultimatum",1210727220,1485068256,274341036,117116005.3490
"Bourne ultimatum",1210727220,1212110400,1383180,117116005.3490
"Bourne ultimatum",1210728900,1485068256,274339356,117116005.3490
"Bourne ultimatum",1210728900,1212188820,1459920,117116005.3490
"Bourne ultimatum",1210729860,1485068256,274338396,117116005.3490
"Bourne ultimatum",1210729920,1485068256,274338336,117116005.3490
"Bourne ultimatum",1210729980,1485068256,274338276,117116005.3490
"Bourne ultimatum",1210729980,1211220840,490860,117116005.3490
"Bourne ultimatum",1210731840,1485068256,274336416,117116005.3490
"Bourne ultimatum",1210785600,1485068256,274282656,117116005.3490
"Bourne ultimatum",1210790700,1485068256,274277556,117116005.3490
"Bourne ultimatum",1210790700,1211333940,543240,117116005.3490
"Bourne ultimatum",1210792140,1485068256,274276116,117116005.3490
"Bourne ultimatum",1210792140,1212622080,1829940,117116005.3490
"Bourne ultimatum",1210794540,1485068256,274273716,117116005.3490
"Bourne ultimatum",1210794540,1212276840,1482300,117116005.3490
"Bourne ultimatum",1210795260,1485068256,274272996,117116005.3490
"Bourne ultimatum",1210795260,1211234880,439620,117116005.3490
"Bourne ultimatum",1210795260,1211345700,550440,117116005.3490
"Bourne ultimatum",1210795500,1485068256,274272756,117116005.3490
"Bourne ultimatum",1210795500,1213302060,2506560,117116005.3490
"Bourne ultimatum",1210796460,1485068256,274271796,117116005.3490
"Bourne ultimatum",1210796460,1211498100,701640,117116005.3490
"Bourne ultimatum",1210796940,1485068256,274271316,117116005.3490
"Bourne ultimatum",1210796940,1212088440,1291500,117116005.3490
"Bourne ultimatum",1210804020,1485068256,274264236,117116005.3490
"Bourne ultimatum",1210804020,1211068200,264180,117116005.3490
"Bourne ultimatum",1210807080,1485068256,274261176,117116005.3490
"Bourne ultimatum",1210807080,1211409420,602340,117116005.3490
"Bourne ultimatum",1210811520,1485068256,274256736,117116005.3490
"Bourne ultimatum",1210811520,1212610080,1798560,117116005.3490
"Bourne ultimatum",1210814640,1485068256,274253616,117116005.3490
"Bourne ultimatum",1210814640,1210985760,171120,117116005.3490
"Bourne ultimatum",1210814640,1211316540,501900,117116005.3490
"Bourne ultimatum",1210815300,1485068256,274252956,117116005.3490
"Bourne ultimatum",1210816920,1485068256,274251336,117116005.3490
"Bourne ultimatum",1210817580,1485068256,274250676,117116005.3490
"Bourne ultimatum",1210817580,1211336760,519180,117116005.3490
"Bourne ultimatum",1210817580,1211477400,659820,117116005.3490
"Bourne ultimatum",1210819680,1485068256,274248576,117116005.3490
"Bourne ultimatum",1210819680,1212181200,1361520,117116005.3490
"Bourne ultimatum",1210876560,1485068256,274191696,117116005.3490
"Bourne ultimatum",1210876560,1211920620,1044060,117116005.3490
"Bourne ultimatum",1210877220,1485068256,274191036,117116005.3490
"Bourne ultimatum",1210877220,1211393220,516000,117116005.3490
"Bourne ultimatum",1210877220,1211504460,627240,117116005.3490
"Bourne ultimatum",1210877220,1211564580,687360,117116005.3490
"Bourne ultimatum",1210883940,1485068256,274184316,117116005.3490
"Bourne ultimatum",1210883940,1213324020,2440080,117116005.3490
"Bourne ultimatum",1210884000,1485068256,274184256,117116005.3490
"Bourne ultimatum",1210884000,1211758440,874440,117116005.3490
"Bourne ultimatum",1210884900,1485068256,274183356,117116005.3490
"Bourne ultimatum",1210884900,1212192840,1307940,117116005.3490
"Bourne ultimatum",1210884900,1214242020,3357120,117116005.3490
"Bourne ultimatum",1210885740,1485068256,274182516,117116005.3490
"Bourne ultimatum",1210885740,1212100080,1214340,117116005.3490
"Bourne ultimatum",1210889220,1485068256,274179036,117116005.3490
"Bourne ultimatum",1210890360,1485068256,274177896,117116005.3490
"Bourne ultimatum",1210890360,1211250840,360480,117116005.3490
"Bourne ultimatum",1210893420,1485068256,274174836,117116005.3490
"Bourne ultimatum",1210893420,1214514960,3621540,117116005.3490
"Bourne ultimatum",1210899060,1485068256,274169196,117116005.3490
"Bourne ultimatum",1210899060,1212092700,1193640,117116005.3490
"Bourne ultimatum",1210901700,1485068256,274166556,117116005.3490
"Bourne ultimatum",1210901700,1212356820,1455120,117116005.3490
"Bourne ultimatum",1210902000,1485068256,274166256,117116005.3490
"Bourne ultimatum",1210903140,1485068256,274165116,117116005.3490
"Bourne ultimatum",1210903140,1213321260,2418120,117116005.3490
"Bourne ultimatum",1210905240,1485068256,274163016,117116005.3490
"Bourne ultimatum",1210905240,1217715420,6810180,117116005.3490
"Bourne ultimatum",1210906020,1485068256,274162236,117116005.3490
"Bourne ultimatum",1210906260,1485068256,274161996,117116005.3490
"Bourne ultimatum",1210906260,1214424780,3518520,117116005.3490
"Bourne ultimatum",1210906380,1485068256,274161876,117116005.3490
"Bourne ultimatum",1210906380,1211574240,667860,117116005.3490
"Bourne ultimatum",1210906380,1211911680,1005300,117116005.3490
"Bourne ultimatum",1210956420,1485068256,274111836,117116005.3490
"Bourne ultimatum",1210956420,1213715880,2759460,117116005.3490
"Bourne ultimatum",1210966800,1485068256,274101456,117116005.3490
"Bourne ultimatum",1210969800,1485068256,274098456,117116005.3490
"Bourne ultimatum",1210977060,1485068256,274091196,117116005.3490
"Bourne ultimatum",1210977060,1210980420,3360,117116005.3490
"Bourne ultimatum",1210977060,1211594520,617460,117116005.3490
"Bourne ultimatum",1210977060,1211923800,946740,117116005.3490
"Bourne ultimatum",1210977600,1485068256,274090656,117116005.3490
"Bourne ultimatum",1210977780,1485068256,274090476,117116005.3490
"Bourne ultimatum",1210977780,1214341320,3363540,117116005.3490
"Bourne ultimatum",1210985100,1485068256,274083156,117116005.3490
"Bourne ultimatum",1210985100,1212715260,1730160,117116005.3490
"Bourne ultimatum",1210985160,1485068256,274083096,117116005.3490
"Bourne ultimatum",1210985220,1485068256,274083036,117116005.3490
"Bourne ultimatum",1210985220,1211916420,931200,117116005.3490
"Bourne ultimatum",1210985940,1485068256,274082316,117116005.3490
"Bourne ultimatum",1210985940,1214879700,3893760,117116005.3490
"Bourne ultimatum",1211057220,1485068256,274011036,117116005.3490
"Bourne ultimatum",1211057220,1212254460,1197240,117116005.3490
"Bourne ultimatum",1211059680,1485068256,274008576,117116005.3490
"Bourne ultimatum",1211062980,1485068256,274005276,117116005.3490
"Bourne ultimatum",1211062980,1212274800,1211820,117116005.3490
"Bourne ultimatum",1211064600,1485068256,274003656,117116005.3490
"Bourne ultimatum",1211064600,1212264780,1200180,117116005.3490
"Bourne ultimatum",1211069520,1485068256,273998736,117116005.3490
"Bourne ultimatum",1211069520,1212007020,937500,117116005.3490
"Bourne ultimatum",1211072100,1485068256,273996156,117116005.3490
"Bourne ultimatum",1211072100,1212018000,945900,117116005.3490
"Bourne ultimatum",1211072400,1485068256,273995856,117116005.3490
"Bourne ultimatum",1211072400,1212280740,1208340,117116005.3490
"Bourne ultimatum",1211140380,1485068256,273927876,117116005.3490
"Bourne ultimatum",1211140380,1211570340,429960,117116005.3490
"Bourne ultimatum",1211144160,1485068256,273924096,117116005.3490
"Bourne ultimatum",1211144160,1213661700,2517540,117116005.3490
"Bourne ultimatum",1211152980,1485068256,273915276,117116005.3490
"Bourne ultimatum",1211222400,1485068256,273845856,117116005.3490
"Bourne ultimatum",1211222400,1211999700,777300,117116005.3490
"Bourne ultimatum",1211222580,1485068256,273845676,117116005.3490
"Bourne ultimatum",1211222580,1213822440,2599860,117116005.3490
"Bourne ultimatum",1211225460,1485068256,273842796,117116005.3490
"Bourne ultimatum",1211225460,1212090000,864540,117116005.3490
"Bourne ultimatum",1211229540,1485068256,273838716,117116005.3490
"Bourne ultimatum",1211229540,1213827780,2598240,117116005.3490
"Bourne ultimatum",1211229540,1214084340,2854800,117116005.3490
"Bourne ultimatum",1211229720,1485068256,273838536,117116005.3490
"Bourne ultimatum",1211233080,1485068256,273835176,117116005.3490
"Bourne ultimatum",1211233080,1485068256,273835176,117116005.3490
"Bourne ultimatum",1211233080,1212012180,779100,117116005.3490
"Bourne ultimatum",1211233080,1212267180,1034100,117116005.3490
"Bourne ultimatum",1211233680,1485068256,273834576,117116005.3490
"Bourne ultimatum",1211233680,1213309740,2076060,117116005.3490
"Bourne ultimatum",1211233860,1485068256,273834396,117116005.3490
"Bourne ultimatum",1211233860,1213988580,2754720,117116005.3490
"Bourne ultimatum",1211234940,1485068256,273833316,117116005.3490
"Bourne ultimatum",1211234940,1211501940,267000,117116005.3490
"Bourne ultimatum",1211238360,1485068256,273829896,117116005.3490
"Bourne ultimatum",1211238360,1212440100,1201740,117116005.3490
"Bourne ultimatum",1211238360,1212602640,1364280,117116005.3490
"Bourne ultimatum",1211239980,1485068256,273828276,117116005.3490
"Bourne ultimatum",1211240100,1485068256,273828156,117116005.3490
"Bourne ultimatum",1211240100,1211510580,270480,117116005.3490
"Bourne ultimatum",1211240880,1485068256,273827376,117116005.3490
"Bourne ultimatum",1211241660,1485068256,273826596,117116005.3490
"Bourne ultimatum",1211245500,1485068256,273822756,117116005.3490
"Bourne ultimatum",1211245500,1213314360,2068860,117116005.3490
"Bourne ultimatum",1211245500,1214703060,3457560,117116005.3490
"Bourne ultimatum",1211245500,1214857200,3611700,117116005.3490
"Bourne ultimatum",1211246100,1485068256,273822156,117116005.3490
"Bourne ultimatum",1211246100,1212458580,1212480,117116005.3490
"Bourne ultimatum",1211246820,1485068256,273821436,117116005.3490
"Bourne ultimatum",1211249340,1485068256,273818916,117116005.3490
"Bourne ultimatum",1211302500,1485068256,273765756,117116005.3490
"Bourne ultimatum",1211302500,1211305080,2580,117116005.3490
"Bourne ultimatum",1211315460,1485068256,273752796,117116005.3490
"Bourne ultimatum",1211315580,1485068256,273752676,117116005.3490
"Bourne ultimatum",1211315580,1211938800,623220,117116005.3490
"Bourne ultimatum",1211320140,1485068256,273748116,117116005.3490
"Bourne ultimatum",1211320140,1212012300,692160,117116005.3490
"Bourne ultimatum",1211320260,1485068256,273747996,117116005.3490
"Bourne ultimatum",1211320260,1212107460,787200,117116005.3490
"Bourne ultimatum",1211327460,1485068256,273740796,117116005.3490
"Bourne ultimatum",1211327460,1211489280,161820,117116005.3490
"Bourne ultimatum",1211327460,1211921280,593820,117116005.3490
"Bourne ultimatum",1211328960,1485068256,273739296,117116005.3490
"Bourne ultimatum",1211329440,1485068256,273738816,117116005.3490
"Bourne ultimatum",1211329440,1212098820,769380,117116005.3490
"Bourne ultimatum",1211330340,1485068256,273737916,117116005.3490
"Bourne ultimatum",1211338440,1485068256,273729816,117116005.3490
"Bourne ultimatum",1211387160,1485068256,273681096,117116005.3490
"Bourne ultimatum",1211387160,1213830420,2443260,117116005.3490
"Bourne ultimatum",1211393760,1485068256,273674496,117116005.3490
"Bourne ultimatum",1211393760,1212883080,1489320,117116005.3490
"Bourne ultimatum",1211402820,1485068256,273665436,117116005.3490
"Bourne ultimatum",1211402820,1212355380,952560,117116005.3490
"Bourne ultimatum",1211402880,1485068256,273665376,117116005.3490
"Bourne ultimatum",1211402880,1211577900,175020,117116005.3490
"Bourne ultimatum",1211408280,1485068256,273659976,117116005.3490
"Bourne ultimatum",1211408280,1212022800,614520,117116005.3490
"Bourne ultimatum",1211408640,1485068256,273659616,117116005.3490
"Bourne ultimatum",1211408640,1211500020,91380,117116005.3490
"Bourne ultimatum",1211409420,1485068256,273658836,117116005.3490
"Bourne ultimatum",1211409420,1212619800,1210380,117116005.3490
"Bourne ultimatum",1211413320,1485068256,273654936,117116005.3490
"Bourne ultimatum",1211413320,1212541980,1128660,117116005.3490
"Bourne ultimatum",1211413560,1485068256,273654696,117116005.3490
"Bourne ultimatum",1211413560,1214873820,3460260,117116005.3490
"Bourne ultimatum",1211414280,1485068256,273653976,117116005.3490
"Bourne ultimatum",1211414280,1212102840,688560,117116005.3490
"Bourne ultimatum",1211418900,1485068256,273649356,117116005.3490
"Bourne ultimatum",1211418900,1213053720,1634820,117116005.3490
"Bourne ultimatum",1211474520,1485068256,273593736,117116005.3490
"Bourne ultimatum",1211474520,1212525000,1050480,117116005.3490
"Bourne ultimatum",1211477580,1485068256,273590676,117116005.3490
"Bourne ultimatum",1211478840,1485068256,273589416,117116005.3490
"Bourne ultimatum",1211478840,1211571720,92880,117116005.3490
"Bourne ultimatum",1211482080,1485068256,273586176,117116005.3490
"Bourne ultimatum",1211482080,1219097220,7615140,117116005.3490
"Bourne ultimatum",1211484540,1485068256,273583716,117116005.3490
"Bourne ultimatum",1211484540,1212001380,516840,117116005.3490
"Bourne ultimatum",1211493480,1485068256,273574776,117116005.3490
"Bourne ultimatum",1211493480,1212442980,949500,117116005.3490
"Bourne ultimatum",1211493600,1485068256,273574656,117116005.3490
"Bourne ultimatum",1211493600,1211923980,430380,117116005.3490
"Bourne ultimatum",1211497320,1485068256,273570936,117116005.3490
"Bourne ultimatum",1211497500,1485068256,273570756,117116005.3490
"Bourne ultimatum",1211498700,1485068256,273569556,117116005.3490
"Bourne ultimatum",1211498700,1212793920,1295220,117116005.3490
"Bourne ultimatum",1211498760,1485068256,273569496,117116005.3490
"Bourne ultimatum",1211498760,1212109800,611040,117116005.3490
"Bourne ultimatum",1211501400,1485068256,273566856,117116005.3490
"Bourne ultimatum",1211501400,1213213020,1711620,117116005.3490
"Bourne ultimatum",1211505060,1485068256,273563196,117116005.3490
"Bourne ultimatum",1211509140,1485068256,273559116,117116005.3490
"Bourne ultimatum",1211509140,1212459780,950640,117116005.3490
"Bourne ultimatum",1211563020,1485068256,273505236,117116005.3490
"Bourne ultimatum",1211563020,1212273900,710880,117116005.3490
"Bourne ultimatum",1211571000,1485068256,273497256,117116005.3490
"Bourne ultimatum",1211571000,1212633360,1062360,117116005.3490
"Bourne ultimatum",1211574240,1485068256,273494016,117116005.3490
"Bourne ultimatum",1211579040,1485068256,273489216,117116005.3490
"Bourne ultimatum",1211579040,1221275040,9696000,117116005.3490
"Bourne ultimatum",1211579040,1221328140,9749100,117116005.3490
"Bourne ultimatum",1211579040,1225922880,14343840,117116005.3490
"Bourne ultimatum",1211579040,1226002800,14423760,117116005.3490
"Bourne ultimatum",1211579220,1485068256,273489036,117116005.3490
"Bourne ultimatum",1211579220,1213061880,1482660,117116005.3490
"Bourne ultimatum",1211579220,1213476300,1897080,117116005.3490
"Bourne ultimatum",1211583300,1485068256,273484956,117116005.3490
"Bourne ultimatum",1211583300,1213323060,1739760,117116005.3490
"Bourne ultimatum",1211584260,1485068256,273483996,117116005.3490
"Bourne ultimatum",1211584260,1215128040,3543780,117116005.3490
"Bourne ultimatum",1211588280,1485068256,273479976,117116005.3490
"Bourne ultimatum",1211588280,1212354540,766260,117116005.3490
"Bourne ultimatum",1211588820,1485068256,273479436,117116005.3490
"Bourne ultimatum",1211588820,1212028140,439320,117116005.3490
"Bourne ultimatum",1211589420,1485068256,273478836,117116005.3490
"Bourne ultimatum",1211589420,1212431160,841740,117116005.3490
"Bourne ultimatum",1211590740,1485068256,273477516,117116005.3490
"Bourne ultimatum",1211649120,1485068256,273419136,117116005.3490
"Bourne ultimatum",1211649120,1212269220,620100,117116005.3490
"Bourne ultimatum",1211653620,1485068256,273414636,117116005.3490
"Bourne ultimatum",1211653620,1213210620,1557000,117116005.3490
"Bourne ultimatum",1211653920,1485068256,273414336,117116005.3490
"Bourne ultimatum",1211653920,1212966660,1312740,117116005.3490
"Bourne ultimatum",1211655180,1485068256,273413076,117116005.3490
"Bourne ultimatum",1211656140,1485068256,273412116,117116005.3490
"Bourne ultimatum",1211656140,1212439080,782940,117116005.3490
"Bourne ultimatum",1211658360,1485068256,273409896,117116005.3490
"Bourne ultimatum",1211658360,1212004080,345720,117116005.3490
"Bourne ultimatum",1211658660,1485068256,273409596,117116005.3490
"Bourne ultimatum",1211660100,1485068256,273408156,117116005.3490
"Bourne ultimatum",1211660100,1212359160,699060,117116005.3490
"Bourne ultimatum",1211661540,1485068256,273406716,117116005.3490
"Bourne ultimatum",1211661540,1212268620,607080,117116005.3490
"Bourne ultimatum",1211662500,1485068256,273405756,117116005.3490
"Bourne ultimatum",1211662500,1212700860,1038360,117116005.3490
"Bourne ultimatum",1211665320,1485068256,273402936,117116005.3490
"Bourne ultimatum",1211671860,1485068256,273396396,117116005.3490
"Bourne ultimatum",1211671860,1212956040,1284180,117116005.3490
"Bourne ultimatum",1211671920,1211672880,960,117116005.3490
"Bourne ultimatum",1211675340,1485068256,273392916,117116005.3490
"Bourne ultimatum",1211675340,1212885720,1210380,117116005.3490
"Bourne ultimatum",1211676000,1485068256,273392256,117116005.3490
"Bourne ultimatum",1211676000,1212278100,602100,117116005.3490
"Bourne ultimatum",1211752740,1485068256,273315516,117116005.3490
"Bourne ultimatum",1211752740,1214008860,2256120,117116005.3490
"Bourne ultimatum",1211752740,1214249760,2497020,117116005.3490
"Bourne ultimatum",1211758920,1485068256,273309336,117116005.3490
"Bourne ultimatum",1211758920,1212082800,323880,117116005.3490
"Bourne ultimatum",1211903880,1485068256,273164376,117116005.3490
"Bourne ultimatum",1211903880,1214348040,2444160,117116005.3490
"Bourne ultimatum",1211918820,1485068256,273149436,117116005.3490
"Bourne ultimatum",1211918820,1212687360,768540,117116005.3490
"Bourne ultimatum",1211927520,1211927880,360,117116005.3490
"Bourne ultimatum",1211930340,1485068256,273137916,117116005.3490
"Bourne ultimatum",1211930340,1212102240,171900,117116005.3490
"Bourne ultimatum",1211930580,1485068256,273137676,117116005.3490
"Bourne ultimatum",1211930580,1214252520,2321940,117116005.3490
"Bourne ultimatum",1211930580,1214338740,2408160,117116005.3490
"Bourne ultimatum",1211931480,1485068256,273136776,117116005.3490
"Bourne ultimatum",1211931480,1213236540,1305060,117116005.3490
"Bourne ultimatum",1211933400,1485068256,273134856,117116005.3490
"Bourne ultimatum",1211933400,1212459540,526140,117116005.3490
"Bourne ultimatum",1211933580,1485068256,273134676,117116005.3490
"Bourne ultimatum",1211933580,1212106680,173100,117116005.3490
"Bourne ultimatum",1211935980,1485068256,273132276,117116005.3490
"Bourne ultimatum",1211935980,1213150380,1214400,117116005.3490
"Bourne ultimatum",1211936160,1485068256,273132096,117116005.3490
"Bourne ultimatum",1211936160,1212543180,607020,117116005.3490
"Bourne ultimatum",1211936520,1485068256,273131736,117116005.3490
"Bourne ultimatum",1211937660,1485068256,273130596,117116005.3490
"Bourne ultimatum",1211937660,1215044640,3106980,117116005.3490
"Bourne ultimatum",1211943300,1485068256,273124956,117116005.3490
"Bourne ultimatum",1211994300,1485068256,273073956,117116005.3490
"Bourne ultimatum",1211994480,1485068256,273073776,117116005.3490
"Bourne ultimatum",1211995980,1485068256,273072276,117116005.3490
"Bourne ultimatum",1211995980,1213206660,1210680,117116005.3490
"Bourne ultimatum",1212000000,1485068256,273068256,117116005.3490
"Bourne ultimatum",1212000000,1212280200,280200,117116005.3490
"Bourne ultimatum",1212000000,1212428880,428880,117116005.3490
"Bourne ultimatum",1212002520,1485068256,273065736,117116005.3490
"Bourne ultimatum",1212008760,1485068256,273059496,117116005.3490
"Bourne ultimatum",1212008760,1213235040,1226280,117116005.3490
"Bourne ultimatum",1212009000,1485068256,273059256,117116005.3490
"Bourne ultimatum",1212009000,1214527860,2518860,117116005.3490
"Bourne ultimatum",1212009720,1485068256,273058536,117116005.3490
"Bourne ultimatum",1212009720,1485068256,273058536,117116005.3490
"Bourne ultimatum",1212009720,1212186060,176340,117116005.3490
"Bourne ultimatum",1212009720,1213997760,1988040,117116005.3490
"Bourne ultimatum",1212010920,1485068256,273057336,117116005.3490
"Bourne ultimatum",1212010920,1213478820,1467900,117116005.3490
"Bourne ultimatum",1212016080,1485068256,273052176,117116005.3490
"Bourne ultimatum",1212016080,1212102540,86460,117116005.3490
"Bourne ultimatum",1212016080,1213044120,1028040,117116005.3490
"Bourne ultimatum",1212016080,1213298340,1282260,117116005.3490
"Bourne ultimatum",1212017700,1485068256,273050556,117116005.3490
"Bourne ultimatum",1212017700,1212543660,525960,117116005.3490
"Bourne ultimatum",1212019080,1485068256,273049176,117116005.3490
"Bourne ultimatum",1212019080,1216498860,4479780,117116005.3490
"Bourne ultimatum",1212019620,1485068256,273048636,117116005.3490
"Bourne ultimatum",1212021000,1485068256,273047256,117116005.3490
"Bourne ultimatum",1212021000,1212451860,430860,117116005.3490
"Bourne ultimatum",1212024240,1485068256,273044016,117116005.3490
"Bourne ultimatum",1212024240,1212454020,429780,117116005.3490
"Bourne ultimatum",1212024360,1485068256,273043896,117116005.3490
"Bourne ultimatum",1212024360,1213229760,1205400,117116005.3490
"Bourne ultimatum",1212024360,1213463940,1439580,117116005.3490
"Bourne ultimatum",1212026040,1485068256,273042216,117116005.3490
"Bourne ultimatum",1212026040,1212790560,764520,117116005.3490
"Bourne ultimatum",1212081300,1485068256,272986956,117116005.3490
"Bourne ultimatum",1212083520,1485068256,272984736,117116005.3490
"Bourne ultimatum",1212086220,1485068256,272982036,117116005.3490
"Bourne ultimatum",1212086220,1212353940,267720,117116005.3490
"Bourne ultimatum",1212088560,1485068256,272979696,117116005.3490
"Bourne ultimatum",1212088560,1212357420,268860,117116005.3490
"Bourne ultimatum",1212091620,1485068256,272976636,117116005.3490
"Bourne ultimatum",1212091620,1213404960,1313340,117116005.3490
"Bourne ultimatum",1212095760,1485068256,272972496,117116005.3490
"Bourne ultimatum",1212095760,1212542640,446880,117116005.3490
"Bourne ultimatum",1212096960,1485068256,272971296,117116005.3490
"Bourne ultimatum",1212096960,1212795360,698400,117116005.3490
"Bourne ultimatum",1212097080,1485068256,272971176,117116005.3490
"Bourne ultimatum",1212097080,1212274260,177180,117116005.3490
"Bourne ultimatum",1212110160,1485068256,272958096,117116005.3490
"Bourne ultimatum",1212110160,1212623280,513120,117116005.3490
"Bourne ultimatum",1212110520,1485068256,272957736,117116005.3490
"Bourne ultimatum",1212112140,1485068256,272956116,117116005.3490
"Bourne ultimatum",1212112140,1212456540,344400,117116005.3490
"Bourne ultimatum",1212115260,1485068256,272952996,117116005.3490
"Bourne ultimatum",1212115260,1213229940,1114680,117116005.3490
"Bourne ultimatum",1212115260,1213897800,1782540,117116005.3490
"Bourne ultimatum",1212116220,1485068256,272952036,117116005.3490
"Bourne ultimatum",1212116220,1213666500,1550280,117116005.3490
"Bourne ultimatum",1212168720,1485068256,272899536,117116005.3490
"Bourne ultimatum",1212168720,1213318680,1149960,117116005.3490
"Bourne ultimatum",1212174840,1485068256,272893416,117116005.3490
"Bourne ultimatum",1212174840,1213385700,1210860,117116005.3490
"Bourne ultimatum",1212176160,1485068256,272892096,117116005.3490
"Bourne ultimatum",1212176160,1214938800,2762640,117116005.3490
"Bourne ultimatum",1212180000,1485068256,272888256,117116005.3490
"Bourne ultimatum",1212180000,1212545640,365640,117116005.3490
"Bourne ultimatum",1212180000,1213043460,863460,117116005.3490
"Bourne ultimatum",1212180540,1485068256,272887716,117116005.3490
"Bourne ultimatum",1212180540,1213226640,1046100,117116005.3490
"Bourne ultimatum",1212187620,1485068256,272880636,117116005.3490
"Bourne ultimatum",1212187620,1214956380,2768760,117116005.3490
"Bourne ultimatum",1212188280,1485068256,272879976,117116005.3490
"Bourne ultimatum",1212188280,1212350220,161940,117116005.3490
"Bourne ultimatum",1212189120,1485068256,272879136,117116005.3490
"Bourne ultimatum",1212189300,1485068256,272878956,117116005.3490
"Bourne ultimatum",1212191100,1485068256,272877156,117116005.3490
"Bourne ultimatum",1212191100,1212448080,256980,117116005.3490
"Bourne ultimatum",1212193380,1485068256,272874876,117116005.3490
"Bourne ultimatum",1212193380,1213404300,1210920,117116005.3490
"Bourne ultimatum",1212193740,1485068256,272874516,117116005.3490
"Bourne ultimatum",1212193740,1213054440,860700,117116005.3490
"Bourne ultimatum",1212257580,1485068256,272810676,117116005.3490
"Bourne ultimatum",1212259020,1485068256,272809236,117116005.3490
"Bourne ultimatum",1212259020,1212884040,625020,117116005.3490
"Bourne ultimatum",1212259200,1485068256,272809056,117116005.3490
"Bourne ultimatum",1212259200,1212873900,614700,117116005.3490
"Bourne ultimatum",1212259560,1485068256,272808696,117116005.3490
"Bourne ultimatum",1212259560,1213473840,1214280,117116005.3490
"Bourne ultimatum",1212265980,1485068256,272802276,117116005.3490
"Bourne ultimatum",1212266160,1485068256,272802096,117116005.3490
"Bourne ultimatum",1212269340,1485068256,272798916,117116005.3490
"Bourne ultimatum",1212269340,1214260140,1990800,117116005.3490
"Bourne ultimatum",1212269340,1214348760,2079420,117116005.3490
"Bourne ultimatum",1212269460,1485068256,272798796,117116005.3490
"Bourne ultimatum",1212269460,1213381740,1112280,117116005.3490
"Bourne ultimatum",1212275640,1485068256,272792616,117116005.3490
"Bourne ultimatum",1212275640,1213210560,934920,117116005.3490
"Bourne ultimatum",1212277200,1485068256,272791056,117116005.3490
"Bourne ultimatum",1212277200,1212878640,601440,117116005.3490
"Bourne ultimatum",1212280740,1485068256,272787516,117116005.3490
"Bourne ultimatum",1212280740,1214546040,2265300,117116005.3490
"Bourne ultimatum",1212280860,1485068256,272787396,117116005.3490
"Bourne ultimatum",1212280860,1212718260,437400,117116005.3490
"Bourne ultimatum",1212281400,1485068256,272786856,117116005.3490
"Bourne ultimatum",1212281400,1212538020,256620,117116005.3490
"Bourne ultimatum",1212347040,1485068256,272721216,117116005.3490
"Bourne ultimatum",1212347040,1212442740,95700,117116005.3490
"Bourne ultimatum",1212350880,1485068256,272717376,117116005.3490
"Bourne ultimatum",1212350880,1213400580,1049700,117116005.3490
"Bourne ultimatum",1212355920,1485068256,272712336,117116005.3490
"Bourne ultimatum",1212355920,1213926780,1570860,117116005.3490
"Bourne ultimatum",1212356580,1485068256,272711676,117116005.3490
"Bourne ultimatum",1212364620,1485068256,272703636,117116005.3490
"Bourne ultimatum",1212364620,1212714060,349440,117116005.3490
"Bourne ultimatum",1212426240,1485068256,272642016,117116005.3490
"Bourne ultimatum",1212426240,1485068256,272642016,117116005.3490
"Bourne ultimatum",1212426240,1213296660,870420,117116005.3490
"Bourne ultimatum",1212437640,1485068256,272630616,117116005.3490
"Bourne ultimatum",1212441780,1485068256,272626476,117116005.3490
"Bourne ultimatum",1212442560,1485068256,272625696,117116005.3490
"Bourne ultimatum",1212442560,1212798480,355920,117116005.3490
"Bourne ultimatum",1212443520,1485068256,272624736,117116005.3490
"Bourne ultimatum",1212443520,1214256120,1812600,117116005.3490
"Bourne ultimatum",1212446280,1485068256,272621976,117116005.3490
"Bourne ultimatum",1212446280,1212524700,78420,117116005.3490
"Bourne ultimatum",1212446700,1485068256,272621556,117116005.3490
"Bourne ultimatum",1212446820,1485068256,272621436,117116005.3490
"Bourne ultimatum",1212446820,1213662120,1215300,117116005.3490
"Bourne ultimatum",1212447180,1485068256,272621076,117116005.3490
"Bourne ultimatum",1212447180,1213147860,700680,117116005.3490
"Bourne ultimatum",1212447240,1485068256,272621016,117116005.3490
"Bourne ultimatum",1212447240,1212623100,175860,117116005.3490
"Bourne ultimatum",1212448740,1485068256,272619516,117116005.3490
"Bourne ultimatum",1212448740,1213490700,1041960,117116005.3490
"Bourne ultimatum",1212448980,1485068256,272619276,117116005.3490
"Bourne ultimatum",1212448980,1213039860,590880,117116005.3490
"Bourne ultimatum",1212449760,1485068256,272618496,117116005.3490
"Bourne ultimatum",1212449760,1213057620,607860,117116005.3490
"Bourne ultimatum",1212449760,1213322640,872880,117116005.3490
"Bourne ultimatum",1212449760,1213377660,927900,117116005.3490
"Bourne ultimatum",1212449940,1485068256,272618316,117116005.3490
"Bourne ultimatum",1212449940,1212701160,251220,117116005.3490
"Bourne ultimatum",1212453540,1485068256,272614716,117116005.3490
"Bourne ultimatum",1212453540,1213473600,1020060,117116005.3490
"Bourne ultimatum",1212454860,1485068256,272613396,117116005.3490
"Bourne ultimatum",1212454860,1214874900,2420040,117116005.3490
"Bourne ultimatum",1212459780,1485068256,272608476,117116005.3490
"Bourne ultimatum",1212459780,1213323060,863280,117116005.3490
"Bourne ultimatum",1212460320,1485068256,272607936,117116005.3490
"Bourne ultimatum",1212460320,1212630600,170280,117116005.3490
"Bourne ultimatum",1212461400,1485068256,272606856,117116005.3490
"Bourne ultimatum",1212461400,1213150500,689100,117116005.3490
"Bourne ultimatum",1212513240,1485068256,272555016,117116005.3490
"Bourne ultimatum",1212513240,1213223580,710340,117116005.3490
"Bourne ultimatum",1212521580,1485068256,272546676,117116005.3490
"Bourne ultimatum",1212521580,1213733460,1211880,117116005.3490
"Bourne ultimatum",1212523860,1485068256,272544396,117116005.3490
"Bourne ultimatum",1212523860,1212690660,166800,117116005.3490
"Bourne ultimatum",1212524580,1485068256,272543676,117116005.3490
"Bourne ultimatum",1212524580,1213743540,1218960,117116005.3490
"Bourne ultimatum",1212525000,1485068256,272543256,117116005.3490
"Bourne ultimatum",1212525000,1214944200,2419200,117116005.3490
"Bourne ultimatum",1212527820,1485068256,272540436,117116005.3490
"Bourne ultimatum",1212527820,1213739580,1211760,117116005.3490
"Bourne ultimatum",1212527820,1214508060,1980240,117116005.3490
"Bourne ultimatum",1212528780,1485068256,272539476,117116005.3490
"Bourne ultimatum",1212528780,1212707280,178500,117116005.3490
"Bourne ultimatum",1212529680,1485068256,272538576,117116005.3490
"Bourne ultimatum",1212529680,1213151520,621840,117116005.3490
"Bourne ultimatum",1212533760,1485068256,272534496,117116005.3490
"Bourne ultimatum",1212533760,1213665360,1131600,117116005.3490
"Bourne ultimatum",1212534360,1485068256,272533896,117116005.3490
"Bourne ultimatum",1212534360,1213750560,1216200,117116005.3490
"Bourne ultimatum",1212535440,1485068256,272532816,117116005.3490
"Bourne ultimatum",1212535440,1212790620,255180,117116005.3490
"Bourne ultimatum",1212537300,1485068256,272530956,117116005.3490
"Bourne ultimatum",1212537300,1213664340,1127040,117116005.3490
"Bourne ultimatum",1212537660,1485068256,272530596,117116005.3490
"Bourne ultimatum",1212537660,1216852200,4314540,117116005.3490
"Bourne ultimatum",1212540420,1485068256,272527836,117116005.3490
"Bourne ultimatum",1212541560,1485068256,272526696,117116005.3490
"Bourne ultimatum",1212601620,1485068256,272466636,117116005.3490
"Bourne ultimatum",1212604680,1485068256,272463576,117116005.3490
"Bourne ultimatum",1212604680,1212875400,270720,117116005.3490
"Bourne ultimatum",1212608340,1485068256,272459916,117116005.3490
"Bourne ultimatum",1212608340,1213752900,1144560,117116005.3490
"Bourne ultimatum",1212608340,1213926780,1318440,117116005.3490
"Bourne ultimatum",1212611880,1485068256,272456376,117116005.3490
"Bourne ultimatum",1212611880,1215118680,2506800,117116005.3490
"Bourne ultimatum",1212613200,1485068256,272455056,117116005.3490
"Bourne ultimatum",1212613500,1485068256,272454756,117116005.3490
"Bourne ultimatum",1212614700,1485068256,272453556,117116005.3490
"Bourne ultimatum",1212614700,1213826340,1211640,117116005.3490
"Bourne ultimatum",1212616140,1485068256,272452116,117116005.3490
"Bourne ultimatum",1212616140,1218155820,5539680,117116005.3490
"Bourne ultimatum",1212616260,1485068256,272451996,117116005.3490
"Bourne ultimatum",1212616260,1212775860,159600,117116005.3490
"Bourne ultimatum",1212618420,1485068256,272449836,117116005.3490
"Bourne ultimatum",1212618420,1214533740,1915320,117116005.3490
"Bourne ultimatum",1212620160,1485068256,272448096,117116005.3490
"Bourne ultimatum",1212623580,1485068256,272444676,117116005.3490
"Bourne ultimatum",1212624780,1485068256,272443476,117116005.3490
"Bourne ultimatum",1212624780,1212716400,91620,117116005.3490
"Bourne ultimatum",1212625320,1485068256,272442936,117116005.3490
"Bourne ultimatum",1212625320,1213659060,1033740,117116005.3490
"Bourne ultimatum",1212627420,1485068256,272440836,117116005.3490
"Bourne ultimatum",1212627420,1213145880,518460,117116005.3490
"Bourne ultimatum",1212627480,1485068256,272440776,117116005.3490
"Bourne ultimatum",1212627480,1216238460,3610980,117116005.3490
"Bourne ultimatum",1212629280,1485068256,272438976,117116005.3490
"Bourne ultimatum",1212629280,1213221360,592080,117116005.3490
"Bourne ultimatum",1212629280,1213468980,839700,117116005.3490
"Bourne ultimatum",1212629460,1485068256,272438796,117116005.3490
"Bourne ultimatum",1212629460,1213056900,427440,117116005.3490
"Bourne ultimatum",1212631260,1485068256,272436996,117116005.3490
"Bourne ultimatum",1212631260,1213747020,1115760,117116005.3490
"Bourne ultimatum",1212633960,1485068256,272434296,117116005.3490
"Bourne ultimatum",1212633960,1212783300,149340,117116005.3490
"Bourne ultimatum",1212633960,1213054920,420960,117116005.3490
"Bourne ultimatum",1212634020,1485068256,272434236,117116005.3490
"Bourne ultimatum",1212685860,1485068256,272382396,117116005.3490
"Bourne ultimatum",1212685860,1485068256,272382396,117116005.3490
"Bourne ultimatum",1212685860,1212875340,189480,117116005.3490
"Bourne ultimatum",1212685860,1213206060,520200,117116005.3490
"Bourne ultimatum",1212688380,1485068256,272379876,117116005.3490
"Bourne ultimatum",1212688380,1213300500,612120,117116005.3490
"Bourne ultimatum",1212692400,1485068256,272375856,117116005.3490
"Bourne ultimatum",1212700200,1485068256,272368056,117116005.3490
"Bourne ultimatum",1212700200,1213386120,685920,117116005.3490
"Bourne ultimatum",1212700500,1485068256,272367756,117116005.3490
"Bourne ultimatum",1212700500,1485068256,272367756,117116005.3490
"Bourne ultimatum",1212700500,1212703800,3300,117116005.3490
"Bourne ultimatum",1212702360,1485068256,272365896,117116005.3490
"Bourne ultimatum",1212702360,1213655580,953220,117116005.3490
"Bourne ultimatum",1212702480,1485068256,272365776,117116005.3490
"Bourne ultimatum",1212702480,1212787800,85320,117116005.3490
"Bourne ultimatum",1212702480,1213212960,510480,117116005.3490
"Bourne ultimatum",1212702660,1485068256,272365596,117116005.3490
"Bourne ultimatum",1212702660,1213922940,1220280,117116005.3490
"Bourne ultimatum",1212703020,1485068256,272365236,117116005.3490
"Bourne ultimatum",1212707580,1485068256,272360676,117116005.3490
"Bourne ultimatum",1212707580,1213565220,857640,117116005.3490
"Bourne ultimatum",1212707760,1485068256,272360496,117116005.3490
"Bourne ultimatum",1212707760,1213927500,1219740,117116005.3490
"Bourne ultimatum",1212707760,1213984920,1277160,117116005.3490
"Bourne ultimatum",1212707940,1485068256,272360316,117116005.3490
"Bourne ultimatum",1212707940,1212796680,88740,117116005.3490
"Bourne ultimatum",1212708240,1485068256,272360016,117116005.3490
"Bourne ultimatum",1212708240,1213294200,585960,117116005.3490
"Bourne ultimatum",1212708300,1485068256,272359956,117116005.3490
"Bourne ultimatum",1212708360,1485068256,272359896,117116005.3490
"Bourne ultimatum",1212708360,1213476240,767880,117116005.3490
"Bourne ultimatum",1212708660,1485068256,272359596,117116005.3490
"Bourne ultimatum",1212708660,1212972120,263460,117116005.3490
"Bourne ultimatum",1212710880,1485068256,272357376,117116005.3490
"Bourne ultimatum",1212710880,1214424720,1713840,117116005.3490
"Bourne ultimatum",1212711060,1485068256,272357196,117116005.3490
"Bourne ultimatum",1212711060,1214265420,1554360,117116005.3490
"Bourne ultimatum",1212713520,1485068256,272354736,117116005.3490
"Bourne ultimatum",1212713520,1213487820,774300,117116005.3490
"Bourne ultimatum",1212716220,1485068256,272352036,117116005.3490
"Bourne ultimatum",1212716220,1213743720,1027500,117116005.3490
"Bourne ultimatum",1212717660,1485068256,272350596,117116005.3490
"Bourne ultimatum",1212717660,1213929720,1212060,117116005.3490
"Bourne ultimatum",1212721200,1485068256,272347056,117116005.3490
"Bourne ultimatum",1212774480,1485068256,272293776,117116005.3490
"Bourne ultimatum",1212774480,1213140960,366480,117116005.3490
"Bourne ultimatum",1212786120,1485068256,272282136,117116005.3490
"Bourne ultimatum",1212786120,1213294320,508200,117116005.3490
"Bourne ultimatum",1212786300,1485068256,272281956,117116005.3490
"Bourne ultimatum",1212786300,1214964420,2178120,117116005.3490
"Bourne ultimatum",1212787320,1485068256,272280936,117116005.3490
"Bourne ultimatum",1212787320,1213117380,330060,117116005.3490
"Bourne ultimatum",1212787560,1485068256,272280696,117116005.3490
"Bourne ultimatum",1212787800,1485068256,272280456,117116005.3490
"Bourne ultimatum",1212787800,1213740060,952260,117116005.3490
"Bourne ultimatum",1212793980,1485068256,272274276,117116005.3490
"Bourne ultimatum",1212793980,1214009460,1215480,117116005.3490
"Bourne ultimatum",1212794640,1485068256,272273616,117116005.3490
"Bourne ultimatum",1212794640,1213485060,690420,117116005.3490
"Bourne ultimatum",1212797400,1485068256,272270856,117116005.3490
"Bourne ultimatum",1212799860,1485068256,272268396,117116005.3490
"Bourne ultimatum",1212799860,1213902300,1102440,117116005.3490
"Bourne ultimatum",1212858600,1485068256,272209656,117116005.3490
"Bourne ultimatum",1212858600,1213640640,782040,117116005.3490
"Bourne ultimatum",1212863100,1485068256,272205156,117116005.3490
"Bourne ultimatum",1212863100,1213830540,967440,117116005.3490
"Bourne ultimatum",1212870840,1485068256,272197416,117116005.3490
"Bourne ultimatum",1212872100,1485068256,272196156,117116005.3490
"Bourne ultimatum",1212872100,1214172720,1300620,117116005.3490
"Bourne ultimatum",1212876420,1485068256,272191836,117116005.3490
"Bourne ultimatum",1212877440,1485068256,272190816,117116005.3490
"Bourne ultimatum",1212877440,1214092920,1215480,117116005.3490
"Bourne ultimatum",1212878760,1485068256,272189496,117116005.3490
"Bourne ultimatum",1212879780,1485068256,272188476,117116005.3490
"Bourne ultimatum",1212879780,1213930080,1050300,117116005.3490
"Bourne ultimatum",1212884040,1485068256,272184216,117116005.3490
"Bourne ultimatum",1212952020,1485068256,272116236,117116005.3490
"Bourne ultimatum",1212952020,1213395600,443580,117116005.3490
"Bourne ultimatum",1212958980,1485068256,272109276,117116005.3490
"Bourne ultimatum",1212963720,1485068256,272104536,117116005.3490
"Bourne ultimatum",1212963720,1213395960,432240,117116005.3490
"Bourne ultimatum",1212964680,1485068256,272103576,117116005.3490
"Bourne ultimatum",1212964680,1213469340,504660,117116005.3490
"Bourne ultimatum",1212965280,1485068256,272102976,117116005.3490
"Bourne ultimatum",1212965280,1213923060,957780,117116005.3490
"Bourne ultimatum",1212965880,1485068256,272102376,117116005.3490
"Bourne ultimatum",1213039860,1485068256,272028396,117116005.3490
"Bourne ultimatum",1213039860,1214081040,1041180,117116005.3490
"Bourne ultimatum",1213039860,1214268900,1229040,117116005.3490
"Bourne ultimatum",1213047960,1485068256,272020296,117116005.3490
"Bourne ultimatum",1213047960,1213226520,178560,117116005.3490
"Bourne ultimatum",1213050540,1485068256,272017716,117116005.3490
"Bourne ultimatum",1213050540,1213817880,767340,117116005.3490
"Bourne ultimatum",1213054380,1485068256,272013876,117116005.3490
"Bourne ultimatum",1213056720,1485068256,272011536,117116005.3490
"Bourne ultimatum",1213056720,1214069700,1012980,117116005.3490
"Bourne ultimatum",1213060560,1485068256,272007696,117116005.3490
"Bourne ultimatum",1213060560,1213479900,419340,117116005.3490
"Bourne ultimatum",1213061580,1485068256,272006676,117116005.3490
"Bourne ultimatum",1213061580,1213469100,407520,117116005.3490
"Bourne ultimatum",1213118100,1485068256,271950156,117116005.3490
"Bourne ultimatum",1213118100,1485068256,271950156,117116005.3490
"Bourne ultimatum",1213118100,1213826220,708120,117116005.3490
"Bourne ultimatum",1213118100,1217200980,4082880,117116005.3490
"Bourne ultimatum",1213118280,1485068256,271949976,117116005.3490
"Bourne ultimatum",1213118280,1215556980,2438700,117116005.3490
"Bourne ultimatum",1213119420,1485068256,271948836,117116005.3490
"Bourne ultimatum",1213119420,1215455220,2335800,117116005.3490
"Bourne ultimatum",1213119540,1485068256,271948716,117116005.3490
"Bourne ultimatum",1213119540,1214256420,1136880,117116005.3490
"Bourne ultimatum",1213124160,1485068256,271944096,117116005.3490
"Bourne ultimatum",1213124160,1213401780,277620,117116005.3490
"Bourne ultimatum",1213124160,1213469280,345120,117116005.3490
"Bourne ultimatum",1213131300,1485068256,271936956,117116005.3490
"Bourne ultimatum",1213131300,1213471620,340320,117116005.3490
"Bourne ultimatum",1213131600,1485068256,271936656,117116005.3490
"Bourne ultimatum",1213131600,1213906380,774780,117116005.3490
"Bourne ultimatum",1213131600,1214102340,970740,117116005.3490
"Bourne ultimatum",1213137480,1485068256,271930776,117116005.3490
"Bourne ultimatum",1213138560,1485068256,271929696,117116005.3490
"Bourne ultimatum",1213138560,1213238220,99660,117116005.3490
"Bourne ultimatum",1213140360,1485068256,271927896,117116005.3490
"Bourne ultimatum",1213152840,1485068256,271915416,117116005.3490
"Bourne ultimatum",1213204500,1485068256,271863756,117116005.3490
"Bourne ultimatum",1213208940,1485068256,271859316,117116005.3490
"Bourne ultimatum",1213208940,1217965140,4756200,117116005.3490
"Bourne ultimatum",1213210620,1485068256,271857636,117116005.3490
"Bourne ultimatum",1213210620,1214255700,1045080,117116005.3490
"Bourne ultimatum",1213211940,1485068256,271856316,117116005.3490
"Bourne ultimatum",1213211940,1213643820,431880,117116005.3490
"Bourne ultimatum",1213212240,1485068256,271856016,117116005.3490
"Bourne ultimatum",1213212960,1485068256,271855296,117116005.3490
"Bourne ultimatum",1213212960,1213569360,356400,117116005.3490
"Bourne ultimatum",1213213920,1485068256,271854336,117116005.3490
"Bourne ultimatum",1213213920,1213292460,78540,117116005.3490
"Bourne ultimatum",1213220220,1485068256,271848036,117116005.3490
"Bourne ultimatum",1213220220,1213471320,251100,117116005.3490
"Bourne ultimatum",1213224600,1485068256,271843656,117116005.3490
"Bourne ultimatum",1213224600,1213747020,522420,117116005.3490
"Bourne ultimatum",1213225740,1485068256,271842516,117116005.3490
"Bourne ultimatum",1213225740,1214428260,1202520,117116005.3490
"Bourne ultimatum",1213226520,1485068256,271841736,117116005.3490
"Bourne ultimatum",1213226520,1214271660,1045140,117116005.3490
"Bourne ultimatum",1213226520,1214337780,1111260,117116005.3490
"Bourne ultimatum",1213229100,1485068256,271839156,117116005.3490
"Bourne ultimatum",1213229100,1213650960,421860,117116005.3490
"Bourne ultimatum",1213229520,1485068256,271838736,117116005.3490
"Bourne ultimatum",1213229520,1214420400,1190880,117116005.3490
"Bourne ultimatum",1213231260,1485068256,271836996,117116005.3490
"Bourne ultimatum",1213231260,1213404120,172860,117116005.3490
"Bourne ultimatum",1213233840,1485068256,271834416,117116005.3490
"Bourne ultimatum",1213234440,1485068256,271833816,117116005.3490
"Bourne ultimatum",1213234440,1214261280,1026840,117116005.3490
"Bourne ultimatum",1213290420,1485068256,271777836,117116005.3490
"Bourne ultimatum",1213290420,1213670220,379800,117116005.3490
"Bourne ultimatum",1213291140,1485068256,271777116,117116005.3490
"Bourne ultimatum",1213291140,1213724820,433680,117116005.3490
"Bourne ultimatum",1213294980,1485068256,271773276,117116005.3490
"Bourne ultimatum",1213294980,1214694840,1399860,117116005.3490
"Bourne ultimatum",1213297260,1485068256,271770996,117116005.3490
"Bourne ultimatum",1213297260,1213928700,631440,117116005.3490
"Bourne ultimatum",1213298880,1485068256,271769376,117116005.3490
"Bourne ultimatum",1213298880,1213837800,538920,117116005.3490
"Bourne ultimatum",1213301460,1485068256,271766796,117116005.3490
"Bourne ultimatum",1213301460,1213665600,364140,117116005.3490
"Bourne ultimatum",1213303740,1485068256,271764516,117116005.3490
"Bourne ultimatum",1213305060,1485068256,271763196,117116005.3490
"Bourne ultimatum",1213305060,1213565100,260040,117116005.3490
"Bourne ultimatum",1213306860,1485068256,271761396,117116005.3490
"Bourne ultimatum",1213306860,1213909260,602400,117116005.3490
"Bourne ultimatum",1213307760,1485068256,271760496,117116005.3490
"Bourne ultimatum",1213307760,1213487040,179280,117116005.3490
"Bourne ultimatum",1213308060,1485068256,271760196,117116005.3490
"Bourne ultimatum",1213308060,1214519340,1211280,117116005.3490
"Bourne ultimatum",1213311300,1485068256,271756956,117116005.3490
"Bourne ultimatum",1213311300,1213748460,437160,117116005.3490
"Bourne ultimatum",1213315380,1485068256,271752876,117116005.3490
"Bourne ultimatum",1213315380,1213664760,349380,117116005.3490
"Bourne ultimatum",1213316940,1485068256,271751316,117116005.3490
"Bourne ultimatum",1213377720,1485068256,271690536,117116005.3490
"Bourne ultimatum",1213377720,1214594040,1216320,117116005.3490
"Bourne ultimatum",1213383120,1485068256,271685136,117116005.3490
"Bourne ultimatum",1213385220,1485068256,271683036,117116005.3490
"Bourne ultimatum",1213385220,1485068256,271683036,117116005.3490
"Bourne ultimatum",1213385220,1213473540,88320,117116005.3490
"Bourne ultimatum",1213385220,1213737060,351840,117116005.3490
"Bourne ultimatum",1213392480,1485068256,271675776,117116005.3490
"Bourne ultimatum",1213392480,1214001240,608760,117116005.3490
"Bourne ultimatum",1213392840,1485068256,271675416,117116005.3490
"Bourne ultimatum",1213392840,1213650360,257520,117116005.3490
"Bourne ultimatum",1213393680,1485068256,271674576,117116005.3490
"Bourne ultimatum",1213393680,1215811380,2417700,117116005.3490
"Bourne ultimatum",1213396020,1485068256,271672236,117116005.3490
"Bourne ultimatum",1213396020,1214331540,935520,117116005.3490
"Bourne ultimatum",1213396920,1485068256,271671336,117116005.3490
"Bourne ultimatum",1213397040,1485068256,271671216,117116005.3490
"Bourne ultimatum",1213397040,1213649160,252120,117116005.3490
"Bourne ultimatum",1213398300,1485068256,271669956,117116005.3490
"Bourne ultimatum",1213398300,1215038400,1640100,117116005.3490
"Bourne ultimatum",1213403580,1485068256,271664676,117116005.3490
"Bourne ultimatum",1213403580,1214693100,1289520,117116005.3490
"Bourne ultimatum",1213403580,1214959920,1556340,117116005.3490
"Bourne ultimatum",1213403640,1485068256,271664616,117116005.3490
"Bourne ultimatum",1213403640,1213662600,258960,117116005.3490
"Bourne ultimatum",1213403880,1485068256,271664376,117116005.3490
"Bourne ultimatum",1213403880,1214176260,772380,117116005.3490
"Bourne ultimatum",1213464600,1485068256,271603656,117116005.3490
"Bourne ultimatum",1213464600,1213839600,375000,117116005.3490
"Bourne ultimatum",1213472220,1485068256,271596036,117116005.3490
"Bourne ultimatum",1213472220,1213662000,189780,117116005.3490
"Bourne ultimatum",1213472220,1213986780,514560,117116005.3490
"Bourne ultimatum",1213475220,1485068256,271593036,117116005.3490
"Bourne ultimatum",1213475220,1214956200,1480980,117116005.3490
"Bourne ultimatum",1213476840,1485068256,271591416,117116005.3490
"Bourne ultimatum",1213479060,1485068256,271589196,117116005.3490
"Bourne ultimatum",1213479060,1214267940,788880,117116005.3490
"Bourne ultimatum",1213483740,1485068256,271584516,117116005.3490
"Bourne ultimatum",1213483740,1213487100,3360,117116005.3490
"Bourne ultimatum",1213484520,1485068256,271583736,117116005.3490
"Bourne ultimatum",1213484640,1485068256,271583616,117116005.3490
"Bourne ultimatum",1213484640,1214695140,1210500,117116005.3490
"Bourne ultimatum",1213484820,1485068256,271583436,117116005.3490
"Bourne ultimatum",1213484820,1214003340,518520,117116005.3490
"Bourne ultimatum",1213485060,1485068256,271583196,117116005.3490
"Bourne ultimatum",1213485060,1214175900,690840,117116005.3490
"Bourne ultimatum",1213486140,1485068256,271582116,117116005.3490
"Bourne ultimatum",1213486140,1216329960,2843820,117116005.3490
"Bourne ultimatum",1213486380,1213486380,0,117116005.3490
"Bourne ultimatum",1213486380,1213660860,174480,117116005.3490
"Bourne ultimatum",1213487100,1485068256,271581156,117116005.3490
"Bourne ultimatum",1213487100,1213641780,154680,117116005.3490
"Bourne ultimatum",1213487520,1485068256,271580736,117116005.3490
"Bourne ultimatum",1213487520,1214611620,1124100,117116005.3490
"Bourne ultimatum",1213487520,1214945100,1457580,117116005.3490
"Bourne ultimatum",1213488060,1485068256,271580196,117116005.3490
"Bourne ultimatum",1213488060,1215895560,2407500,117116005.3490
"Bourne ultimatum",1213488060,1216326000,2837940,117116005.3490
"Bourne ultimatum",1213490880,1485068256,271577376,117116005.3490
"Bourne ultimatum",1213490880,1214262420,771540,117116005.3490
"Bourne ultimatum",1213491120,1485068256,271577136,117116005.3490
"Bourne ultimatum",1213491120,1214611560,1120440,117116005.3490
"Bourne ultimatum",1213558800,1485068256,271509456,117116005.3490
"Bourne ultimatum",1213558800,1213650480,91680,117116005.3490
"Bourne ultimatum",1213569180,1485068256,271499076,117116005.3490
"Bourne ultimatum",1213569900,1485068256,271498356,117116005.3490
"Bourne ultimatum",1213570020,1485068256,271498236,117116005.3490
"Bourne ultimatum",1213570020,1213641480,71460,117116005.3490
"Bourne ultimatum",1213576800,1485068256,271491456,117116005.3490
"Bourne ultimatum",1213576800,1213641480,64680,117116005.3490
"Bourne ultimatum",1213637880,1485068256,271430376,117116005.3490
"Bourne ultimatum",1213638000,1485068256,271430256,117116005.3490
"Bourne ultimatum",1213638000,1214524920,886920,117116005.3490
"Bourne ultimatum",1213638000,1214583420,945420,117116005.3490
"Bourne ultimatum",1213650780,1485068256,271417476,117116005.3490
"Bourne ultimatum",1213650780,1214360220,709440,117116005.3490
"Bourne ultimatum",1213650780,1214502420,851640,117116005.3490
"Bourne ultimatum",1213651200,1485068256,271417056,117116005.3490
"Bourne ultimatum",1213654860,1485068256,271413396,117116005.3490
"Bourne ultimatum",1213654860,1213903920,249060,117116005.3490
"Bourne ultimatum",1213654920,1485068256,271413336,117116005.3490
"Bourne ultimatum",1213654920,1485068256,271413336,117116005.3490
"Bourne ultimatum",1213654920,1213717380,62460,117116005.3490
"Bourne ultimatum",1213654920,1213717380,62460,117116005.3490
"Bourne ultimatum",1213656900,1485068256,271411356,117116005.3490
"Bourne ultimatum",1213656900,1213658640,1740,117116005.3490
"Bourne ultimatum",1213656960,1485068256,271411296,117116005.3490
"Bourne ultimatum",1213656960,1485068256,271411296,117116005.3490
"Bourne ultimatum",1213656960,1213742880,85920,117116005.3490
"Bourne ultimatum",1213659780,1485068256,271408476,117116005.3490
"Bourne ultimatum",1213659780,1213992660,332880,117116005.3490
"Bourne ultimatum",1213662060,1485068256,271406196,117116005.3490
"Bourne ultimatum",1213662060,1214868540,1206480,117116005.3490
"Bourne ultimatum",1213665360,1485068256,271402896,117116005.3490
"Bourne ultimatum",1213668060,1485068256,271400196,117116005.3490
"Bourne ultimatum",1213668060,1213843560,175500,117116005.3490
"Bourne ultimatum",1213668060,1215631080,1963020,117116005.3490
"Bourne ultimatum",1213668600,1485068256,271399656,117116005.3490
"Bourne ultimatum",1213668600,1214356740,688140,117116005.3490
"Bourne ultimatum",1213669380,1485068256,271398876,117116005.3490
"Bourne ultimatum",1213669380,1214004780,335400,117116005.3490
"Bourne ultimatum",1213669380,1214443800,774420,117116005.3490
"Bourne ultimatum",1213669620,1485068256,271398636,117116005.3490
"Bourne ultimatum",1213669620,1220943600,7273980,117116005.3490
"Bourne ultimatum",1213670160,1485068256,271398096,117116005.3490
"Bourne ultimatum",1213670160,1214091840,421680,117116005.3490
"Bourne ultimatum",1213670280,1485068256,271397976,117116005.3490
"Bourne ultimatum",1213728180,1485068256,271340076,117116005.3490
"Bourne ultimatum",1213728180,1213730040,1860,117116005.3490
"Bourne ultimatum",1213732500,1213732500,0,117116005.3490
"Bourne ultimatum",1213734420,1485068256,271333836,117116005.3490
"Bourne ultimatum",1213734420,1214965620,1231200,117116005.3490
"Bourne ultimatum",1213734900,1485068256,271333356,117116005.3490
"Bourne ultimatum",1213734900,1214424120,689220,117116005.3490
"Bourne ultimatum",1213735440,1485068256,271332816,117116005.3490
"Bourne ultimatum",1213736100,1213736100,0,117116005.3490
"Bourne ultimatum",1213738380,1485068256,271329876,117116005.3490
"Bourne ultimatum",1213738380,1214270520,532140,117116005.3490
"Bourne ultimatum",1213738680,1485068256,271329576,117116005.3490
"Bourne ultimatum",1213738680,1214172120,433440,117116005.3490
"Bourne ultimatum",1213741920,1485068256,271326336,117116005.3490
"Bourne ultimatum",1213741920,1214259360,517440,117116005.3490
"Bourne ultimatum",1213743600,1485068256,271324656,117116005.3490
"Bourne ultimatum",1213744980,1485068256,271323276,117116005.3490
"Bourne ultimatum",1213749120,1485068256,271319136,117116005.3490
"Bourne ultimatum",1213749120,1213825260,76140,117116005.3490
"Bourne ultimatum",1213750740,1485068256,271317516,117116005.3490
"Bourne ultimatum",1213750740,1214421960,671220,117116005.3490
"Bourne ultimatum",1213750740,1216089000,2338260,117116005.3490
"Bourne ultimatum",1213750740,1216151160,2400420,117116005.3490
"Bourne ultimatum",1213750740,1485068256,271317516,117116005.3490
"Bourne ultimatum",1213750740,1216511100,2760360,117116005.3490
"Bourne ultimatum",1213751100,1485068256,271317156,117116005.3490
"Bourne ultimatum",1213752000,1485068256,271316256,117116005.3490
"Bourne ultimatum",1213752000,1215053040,1301040,117116005.3490
"Bourne ultimatum",1213752120,1485068256,271316136,117116005.3490
"Bourne ultimatum",1213752180,1485068256,271316076,117116005.3490
"Bourne ultimatum",1213752180,1214698860,946680,117116005.3490
"Bourne ultimatum",1213752480,1485068256,271315776,117116005.3490
"Bourne ultimatum",1213753080,1485068256,271315176,117116005.3490
"Bourne ultimatum",1213753080,1214435580,682500,117116005.3490
"Bourne ultimatum",1213753080,1214626200,873120,117116005.3490
"Bourne ultimatum",1213753080,1214871240,1118160,117116005.3490
"Bourne ultimatum",1213757100,1485068256,271311156,117116005.3490
"Bourne ultimatum",1213757760,1485068256,271310496,117116005.3490
"Bourne ultimatum",1213757760,1213927200,169440,117116005.3490
"Bourne ultimatum",1213757820,1485068256,271310436,117116005.3490
"Bourne ultimatum",1213809120,1485068256,271259136,117116005.3490
"Bourne ultimatum",1213809120,1214856600,1047480,117116005.3490
"Bourne ultimatum",1213809180,1485068256,271259076,117116005.3490
"Bourne ultimatum",1213809180,1214347620,538440,117116005.3490
"Bourne ultimatum",1213810260,1485068256,271257996,117116005.3490
"Bourne ultimatum",1213810260,1214597160,786900,117116005.3490
"Bourne ultimatum",1213812540,1485068256,271255716,117116005.3490
"Bourne ultimatum",1213812540,1214680680,868140,117116005.3490
"Bourne ultimatum",1213812960,1485068256,271255296,117116005.3490
"Bourne ultimatum",1213812960,1214608920,795960,117116005.3490
"Bourne ultimatum",1213813200,1485068256,271255056,117116005.3490
"Bourne ultimatum",1213813200,1215983040,2169840,117116005.3490
"Bourne ultimatum",1213813740,1485068256,271254516,117116005.3490
"Bourne ultimatum",1213813740,1214590620,776880,117116005.3490
"Bourne ultimatum",1213814400,1485068256,271253856,117116005.3490
"Bourne ultimatum",1213814400,1214847360,1032960,117116005.3490
"Bourne ultimatum",1213819440,1485068256,271248816,117116005.3490
"Bourne ultimatum",1213819440,1214933400,1113960,117116005.3490
"Bourne ultimatum",1213820100,1485068256,271248156,117116005.3490
"Bourne ultimatum",1213821060,1213821060,0,117116005.3490
"Bourne ultimatum",1213823700,1485068256,271244556,117116005.3490
"Bourne ultimatum",1213823700,1213990440,166740,117116005.3490
"Bourne ultimatum",1213824000,1213824000,0,117116005.3490
"Bourne ultimatum",1213824540,1485068256,271243716,117116005.3490
"Bourne ultimatum",1213824540,1213920300,95760,117116005.3490
"Bourne ultimatum",1213837020,1485068256,271231236,117116005.3490
"Bourne ultimatum",1213837560,1485068256,271230696,117116005.3490
"Bourne ultimatum",1213837560,1216167780,2330220,117116005.3490
"Bourne ultimatum",1213837620,1485068256,271230636,117116005.3490
"Bourne ultimatum",1213837620,1214877240,1039620,117116005.3490
"Bourne ultimatum",1213837800,1485068256,271230456,117116005.3490
"Bourne ultimatum",1213838100,1485068256,271230156,117116005.3490
"Bourne ultimatum",1213840920,1485068256,271227336,117116005.3490
"Bourne ultimatum",1213840920,1214339040,498120,117116005.3490
"Bourne ultimatum",1213840920,1214619180,778260,117116005.3490
"Bourne ultimatum",1213840920,1214873400,1032480,117116005.3490
"Bourne ultimatum",1213842180,1485068256,271226076,117116005.3490
"Bourne ultimatum",1213842180,1215045300,1203120,117116005.3490
"Bourne ultimatum",1213842360,1485068256,271225896,117116005.3490
"Bourne ultimatum",1213890420,1485068256,271177836,117116005.3490
"Bourne ultimatum",1213890420,1213902060,11640,117116005.3490
"Bourne ultimatum",1213896360,1485068256,271171896,117116005.3490
"Bourne ultimatum",1213896360,1213988460,92100,117116005.3490
"Bourne ultimatum",1213896360,1214353380,457020,117116005.3490
"Bourne ultimatum",1213897020,1485068256,271171236,117116005.3490
"Bourne ultimatum",1213897020,1214241240,344220,117116005.3490
"Bourne ultimatum",1213899840,1485068256,271168416,117116005.3490
"Bourne ultimatum",1213900020,1213900020,0,117116005.3490
"Bourne ultimatum",1213901040,1213901040,0,117116005.3490
"Bourne ultimatum",1213901040,1213901040,0,117116005.3490
"Bourne ultimatum",1213901820,1485068256,271166436,117116005.3490
"Bourne ultimatum",1213901820,1213901820,0,117116005.3490
"Bourne ultimatum",1213901820,1216322460,2420640,117116005.3490
"Bourne ultimatum",1213904820,1485068256,271163436,117116005.3490
"Bourne ultimatum",1213904820,1215032880,1128060,117116005.3490
"Bourne ultimatum",1213907580,1485068256,271160676,117116005.3490
"Bourne ultimatum",1213907580,1214956860,1049280,117116005.3490
"Bourne ultimatum",1213908960,1485068256,271159296,117116005.3490
"Bourne ultimatum",1213908960,1216588260,2679300,117116005.3490
"Bourne ultimatum",1213911540,1485068256,271156716,117116005.3490
"Bourne ultimatum",1213911540,1215284580,1373040,117116005.3490
"Bourne ultimatum",1213912020,1485068256,271156236,117116005.3490
"Bourne ultimatum",1213912020,1214430660,518640,117116005.3490
"Bourne ultimatum",1213912320,1485068256,271155936,117116005.3490
"Bourne ultimatum",1213912320,1214516220,603900,117116005.3490
"Bourne ultimatum",1213912980,1485068256,271155276,117116005.3490
"Bourne ultimatum",1213912980,1214693340,780360,117116005.3490
"Bourne ultimatum",1213919040,1485068256,271149216,117116005.3490
"Bourne ultimatum",1213920360,1485068256,271147896,117116005.3490
"Bourne ultimatum",1213920360,1214173800,253440,117116005.3490
"Bourne ultimatum",1213920960,1485068256,271147296,117116005.3490
"Bourne ultimatum",1213920960,1215040680,1119720,117116005.3490
"Bourne ultimatum",1213924200,1485068256,271144056,117116005.3490
"Bourne ultimatum",1213924200,1485068256,271144056,117116005.3490
"Bourne ultimatum",1213924200,1214360520,436320,117116005.3490
"Bourne ultimatum",1213924200,1217115300,3191100,117116005.3490
"Bourne ultimatum",1213927020,1485068256,271141236,117116005.3490
"Bourne ultimatum",1213927740,1485068256,271140516,117116005.3490
"Bourne ultimatum",1213927740,1485068256,271140516,117116005.3490
"Bourne ultimatum",1213927740,1214245200,317460,117116005.3490
"Bourne ultimatum",1213927740,1214245200,317460,117116005.3490
"Bourne ultimatum",1213928880,1213928940,60,117116005.3490
"Bourne ultimatum",1213929000,1485068256,271139256,117116005.3490
"Bourne ultimatum",1213929000,1214428560,499560,117116005.3490
"Bourne ultimatum",1213929540,1485068256,271138716,117116005.3490
"Bourne ultimatum",1213929540,1215111900,1182360,117116005.3490
"Bourne ultimatum",1213984500,1485068256,271083756,117116005.3490
"Bourne ultimatum",1213984500,1214251800,267300,117116005.3490
"Bourne ultimatum",1213987800,1485068256,271080456,117116005.3490
"Bourne ultimatum",1213988160,1485068256,271080096,117116005.3490
"Bourne ultimatum",1213988160,1214610300,622140,117116005.3490
"Bourne ultimatum",1213989000,1485068256,271079256,117116005.3490
"Bourne ultimatum",1213991280,1485068256,271076976,117116005.3490
"Bourne ultimatum",1213991280,1215636120,1644840,117116005.3490
"Bourne ultimatum",1213993260,1485068256,271074996,117116005.3490
"Bourne ultimatum",1213993260,1214505540,512280,117116005.3490
"Bourne ultimatum",1213994520,1485068256,271073736,117116005.3490
"Bourne ultimatum",1213994520,1216929780,2935260,117116005.3490
"Bourne ultimatum",1213997220,1485068256,271071036,117116005.3490
"Bourne ultimatum",1213997220,1215122460,1125240,117116005.3490
"Bourne ultimatum",1213997580,1485068256,271070676,117116005.3490
"Bourne ultimatum",1213997580,1215129300,1131720,117116005.3490
"Bourne ultimatum",1213999140,1485068256,271069116,117116005.3490
"Bourne ultimatum",1213999140,1215552360,1553220,117116005.3490
"Bourne ultimatum",1213999260,1485068256,271068996,117116005.3490
"Bourne ultimatum",1213999260,1214510400,511140,117116005.3490
"Bourne ultimatum",1213999440,1485068256,271068816,117116005.3490
"Bourne ultimatum",1214003400,1485068256,271064856,117116005.3490
"Bourne ultimatum",1214003400,1214774520,771120,117116005.3490
"Bourne ultimatum",1214004840,1485068256,271063416,117116005.3490
"Bourne ultimatum",1214004840,1214947620,942780,117116005.3490
"Bourne ultimatum",1214007300,1485068256,271060956,117116005.3490
"Bourne ultimatum",1214008320,1485068256,271059936,117116005.3490
"Bourne ultimatum",1214008320,1215289560,1281240,117116005.3490
"Bourne ultimatum",1214008620,1485068256,271059636,117116005.3490
"Bourne ultimatum",1214008620,1214345220,336600,117116005.3490
"Bourne ultimatum",1214008860,1485068256,271059396,117116005.3490
"Bourne ultimatum",1214009100,1485068256,271059156,117116005.3490
"Bourne ultimatum",1214009640,1485068256,271058616,117116005.3490
"Bourne ultimatum",1214009640,1214532780,523140,117116005.3490
"Bourne ultimatum",1214073600,1485068256,270994656,117116005.3490
"Bourne ultimatum",1214073600,1214688240,614640,117116005.3490
"Bourne ultimatum",1214078280,1485068256,270989976,117116005.3490
"Bourne ultimatum",1214078280,1214859480,781200,117116005.3490
"Bourne ultimatum",1214080920,1485068256,270987336,117116005.3490
"Bourne ultimatum",1214080920,1215385260,1304340,117116005.3490
"Bourne ultimatum",1214082060,1485068256,270986196,117116005.3490
"Bourne ultimatum",1214082060,1215034200,952140,117116005.3490
"Bourne ultimatum",1214084700,1485068256,270983556,117116005.3490
"Bourne ultimatum",1214084700,1214244960,160260,117116005.3490
"Bourne ultimatum",1214088840,1485068256,270979416,117116005.3490
"Bourne ultimatum",1214088840,1224180360,10091520,117116005.3490
"Bourne ultimatum",1214095980,1485068256,270972276,117116005.3490
"Bourne ultimatum",1214095980,1214248800,152820,117116005.3490
"Bourne ultimatum",1214169060,1485068256,270899196,117116005.3490
"Bourne ultimatum",1214169060,1214244960,75900,117116005.3490
"Bourne ultimatum",1214173380,1485068256,270894876,117116005.3490
"Bourne ultimatum",1214173380,1214245020,71640,117116005.3490
"Bourne ultimatum",1214173380,1214508360,334980,117116005.3490
"Bourne ultimatum",1214177340,1485068256,270890916,117116005.3490
"Bourne ultimatum",1214177340,1214962140,784800,117116005.3490
"Bourne ultimatum",1214251500,1485068256,270816756,117116005.3490
"Bourne ultimatum",1214252100,1485068256,270816156,117116005.3490
"Bourne ultimatum",1214252100,1214592420,340320,117116005.3490
"Bourne ultimatum",1214254200,1485068256,270814056,117116005.3490
"Bourne ultimatum",1214254200,1215113580,859380,117116005.3490
"Bourne ultimatum",1214254740,1485068256,270813516,117116005.3490
"Bourne ultimatum",1214254740,1215461160,1206420,117116005.3490
"Bourne ultimatum",1214255220,1485068256,270813036,117116005.3490
"Bourne ultimatum",1214255820,1485068256,270812436,117116005.3490
"Bourne ultimatum",1214256120,1485068256,270812136,117116005.3490
"Bourne ultimatum",1214256120,1217280300,3024180,117116005.3490
"Bourne ultimatum",1214256840,1485068256,270811416,117116005.3490
"Bourne ultimatum",1214256840,1214515260,258420,117116005.3490
"Bourne ultimatum",1214262600,1485068256,270805656,117116005.3490
"Bourne ultimatum",1214262600,1216082700,1820100,117116005.3490
"Bourne ultimatum",1214263200,1485068256,270805056,117116005.3490
"Bourne ultimatum",1214263920,1485068256,270804336,117116005.3490
"Bourne ultimatum",1214263920,1214330760,66840,117116005.3490
"Bourne ultimatum",1214264700,1485068256,270803556,117116005.3490
"Bourne ultimatum",1214264700,1214690460,425760,117116005.3490
"Bourne ultimatum",1214266740,1485068256,270801516,117116005.3490
"Bourne ultimatum",1214266740,1215881220,1614480,117116005.3490
"Bourne ultimatum",1214267760,1485068256,270800496,117116005.3490
"Bourne ultimatum",1214268420,1485068256,270799836,117116005.3490
"Bourne ultimatum",1214268420,1215298920,1030500,117116005.3490
"Bourne ultimatum",1214269080,1485068256,270799176,117116005.3490
"Bourne ultimatum",1214269080,1214332620,63540,117116005.3490
"Bourne ultimatum",1214270340,1485068256,270797916,117116005.3490
"Bourne ultimatum",1214276100,1214276100,0,117116005.3490
"Bourne ultimatum",1214276400,1485068256,270791856,117116005.3490
"Bourne ultimatum",1214330640,1485068256,270737616,117116005.3490
"Bourne ultimatum",1214331600,1485068256,270736656,117116005.3490
"Bourne ultimatum",1214331600,1214408220,76620,117116005.3490
"Bourne ultimatum",1214331600,1214523000,191400,117116005.3490
"Bourne ultimatum",1214341440,1485068256,270726816,117116005.3490
"Bourne ultimatum",1214341440,1214879640,538200,117116005.3490
"Bourne ultimatum",1214343120,1485068256,270725136,117116005.3490
"Bourne ultimatum",1214343120,1214427420,84300,117116005.3490
"Bourne ultimatum",1214344560,1485068256,270723696,117116005.3490
"Bourne ultimatum",1214349360,1485068256,270718896,117116005.3490
"Bourne ultimatum",1214349360,1214966220,616860,117116005.3490
"Bourne ultimatum",1214349360,1216064880,1715520,117116005.3490
"Bourne ultimatum",1214351580,1485068256,270716676,117116005.3490
"Bourne ultimatum",1214351580,1217030580,2679000,117116005.3490
"Bourne ultimatum",1214351640,1485068256,270716616,117116005.3490
"Bourne ultimatum",1214351640,1214694300,342660,117116005.3490
"Bourne ultimatum",1214353680,1485068256,270714576,117116005.3490
"Bourne ultimatum",1214353680,1215280080,926400,117116005.3490
"Bourne ultimatum",1214355180,1485068256,270713076,117116005.3490
"Bourne ultimatum",1214355180,1214683260,328080,117116005.3490
"Bourne ultimatum",1214357760,1485068256,270710496,117116005.3490
"Bourne ultimatum",1214357760,1214603400,245640,117116005.3490
"Bourne ultimatum",1214358300,1485068256,270709956,117116005.3490
"Bourne ultimatum",1214358300,1214590140,231840,117116005.3490
"Bourne ultimatum",1214358300,1215019680,661380,117116005.3490
"Bourne ultimatum",1214422560,1485068256,270645696,117116005.3490
"Bourne ultimatum",1214424180,1485068256,270644076,117116005.3490
"Bourne ultimatum",1214424180,1215814140,1389960,117116005.3490
"Bourne ultimatum",1214425200,1485068256,270643056,117116005.3490
"Bourne ultimatum",1214425200,1214504460,79260,117116005.3490
"Bourne ultimatum",1214425320,1485068256,270642936,117116005.3490
"Bourne ultimatum",1214425320,1215050640,625320,117116005.3490
"Bourne ultimatum",1214425380,1485068256,270642876,117116005.3490
"Bourne ultimatum",1214425380,1215461040,1035660,117116005.3490
"Bourne ultimatum",1214431800,1485068256,270636456,117116005.3490
"Bourne ultimatum",1214432760,1485068256,270635496,117116005.3490
"Bourne ultimatum",1214432760,1214862840,430080,117116005.3490
"Bourne ultimatum",1214433180,1485068256,270635076,117116005.3490
"Bourne ultimatum",1214433180,1217878200,3445020,117116005.3490
"Bourne ultimatum",1214433720,1485068256,270634536,117116005.3490
"Bourne ultimatum",1214438940,1485068256,270629316,117116005.3490
"Bourne ultimatum",1214440080,1485068256,270628176,117116005.3490
"Bourne ultimatum",1214440320,1485068256,270627936,117116005.3490
"Bourne ultimatum",1214440320,1215381960,941640,117116005.3490
"Bourne ultimatum",1214441460,1485068256,270626796,117116005.3490
"Bourne ultimatum",1214441460,1214506500,65040,117116005.3490
"Bourne ultimatum",1214441460,1214691600,250140,117116005.3490
"Bourne ultimatum",1214444220,1485068256,270624036,117116005.3490
"Bourne ultimatum",1214444220,1214528820,84600,117116005.3490
"Bourne ultimatum",1214446200,1485068256,270622056,117116005.3490
"Bourne ultimatum",1214446200,1214504460,58260,117116005.3490
"Bourne ultimatum",1214500620,1485068256,270567636,117116005.3490
"Bourne ultimatum",1214500620,1215463380,962760,117116005.3490
"Bourne ultimatum",1214500920,1485068256,270567336,117116005.3490
"Bourne ultimatum",1214500920,1215630300,1129380,117116005.3490
"Bourne ultimatum",1214500920,1215712200,1211280,117116005.3490
"Bourne ultimatum",1214503020,1485068256,270565236,117116005.3490
"Bourne ultimatum",1214503020,1215804000,1300980,117116005.3490
"Bourne ultimatum",1214504580,1485068256,270563676,117116005.3490
"Bourne ultimatum",1214504580,1215656040,1151460,117116005.3490
"Bourne ultimatum",1214517720,1485068256,270550536,117116005.3490
"Bourne ultimatum",1214517720,1214608440,90720,117116005.3490
"Bourne ultimatum",1214519160,1485068256,270549096,117116005.3490
"Bourne ultimatum",1214519160,1216346160,1827000,117116005.3490
"Bourne ultimatum",1214519160,1216347720,1828560,117116005.3490
"Bourne ultimatum",1214519160,1216495140,1975980,117116005.3490
"Bourne ultimatum",1214521500,1485068256,270546756,117116005.3490
"Bourne ultimatum",1214528160,1485068256,270540096,117116005.3490
"Bourne ultimatum",1214528160,1214585820,57660,117116005.3490
"Bourne ultimatum",1214528280,1485068256,270539976,117116005.3490
"Bourne ultimatum",1214528280,1215129180,600900,117116005.3490
"Bourne ultimatum",1214528340,1485068256,270539916,117116005.3490
"Bourne ultimatum",1214528340,1216598400,2070060,117116005.3490
"Bourne ultimatum",1214532360,1485068256,270535896,117116005.3490
"Bourne ultimatum",1214532360,1215735660,1203300,117116005.3490
"Bourne ultimatum",1214534820,1485068256,270533436,117116005.3490
"Bourne ultimatum",1214535540,1485068256,270532716,117116005.3490
"Bourne ultimatum",1214535540,1214866440,330900,117116005.3490
"Bourne ultimatum",1214586360,1485068256,270481896,117116005.3490
"Bourne ultimatum",1214589780,1214589780,0,117116005.3490
"Bourne ultimatum",1214590320,1485068256,270477936,117116005.3490
"Bourne ultimatum",1214590320,1215120240,529920,117116005.3490
"Bourne ultimatum",1214591340,1485068256,270476916,117116005.3490
"Bourne ultimatum",1214591340,1217628780,3037440,117116005.3490
"Bourne ultimatum",1214591340,1217969760,3378420,117116005.3490
"Bourne ultimatum",1214594700,1485068256,270473556,117116005.3490
"Bourne ultimatum",1214594700,1215478740,884040,117116005.3490
"Bourne ultimatum",1214596980,1214596980,0,117116005.3490
"Bourne ultimatum",1214598780,1485068256,270469476,117116005.3490
"Bourne ultimatum",1214598780,1215474180,875400,117116005.3490
"Bourne ultimatum",1214600040,1485068256,270468216,117116005.3490
"Bourne ultimatum",1214600040,1215549000,948960,117116005.3490
"Bourne ultimatum",1214602080,1485068256,270466176,117116005.3490
"Bourne ultimatum",1214602080,1215130620,528540,117116005.3490
"Bourne ultimatum",1214603820,1485068256,270464436,117116005.3490
"Bourne ultimatum",1214607000,1485068256,270461256,117116005.3490
"Bourne ultimatum",1214607000,1215288900,681900,117116005.3490
"Bourne ultimatum",1214608560,1485068256,270459696,117116005.3490
"Bourne ultimatum",1214612100,1485068256,270456156,117116005.3490
"Bourne ultimatum",1214612100,1214957220,345120,117116005.3490
"Bourne ultimatum",1214612700,1485068256,270455556,117116005.3490
"Bourne ultimatum",1214612700,1215657960,1045260,117116005.3490
"Bourne ultimatum",1214612700,1215926760,1314060,117116005.3490
"Bourne ultimatum",1214612700,1216058100,1445400,117116005.3490
"Bourne ultimatum",1214614260,1485068256,270453996,117116005.3490
"Bourne ultimatum",1214673180,1485068256,270395076,117116005.3490
"Bourne ultimatum",1214673180,1215286620,613440,117116005.3490
"Bourne ultimatum",1214681460,1485068256,270386796,117116005.3490
"Bourne ultimatum",1214683920,1485068256,270384336,117116005.3490
"Bourne ultimatum",1214684520,1485068256,270383736,117116005.3490
"Bourne ultimatum",1214687100,1485068256,270381156,117116005.3490
"Bourne ultimatum",1214687100,1218764820,4077720,117116005.3490
"Bourne ultimatum",1214687100,1218949620,4262520,117116005.3490
"Bourne ultimatum",1214687100,1219182540,4495440,117116005.3490
"Bourne ultimatum",1214688360,1485068256,270379896,117116005.3490
"Bourne ultimatum",1214688360,1218930480,4242120,117116005.3490
"Bourne ultimatum",1214688960,1485068256,270379296,117116005.3490
"Bourne ultimatum",1214688960,1214856180,167220,117116005.3490
"Bourne ultimatum",1214696160,1485068256,270372096,117116005.3490
"Bourne ultimatum",1214696160,1214965800,269640,117116005.3490
"Bourne ultimatum",1214697420,1485068256,270370836,117116005.3490
"Bourne ultimatum",1214697420,1215984780,1287360,117116005.3490
"Bourne ultimatum",1214700480,1485068256,270367776,117116005.3490
"Bourne ultimatum",1214767500,1485068256,270300756,117116005.3490
"Bourne ultimatum",1214770860,1485068256,270297396,117116005.3490
"Bourne ultimatum",1214770860,1215550560,779700,117116005.3490
"Bourne ultimatum",1214772540,1485068256,270295716,117116005.3490
"Bourne ultimatum",1214783820,1485068256,270284436,117116005.3490
"Bourne ultimatum",1214854800,1485068256,270213456,117116005.3490
"Bourne ultimatum",1214854800,1217948880,3094080,117116005.3490
"Bourne ultimatum",1214856900,1485068256,270211356,117116005.3490
"Bourne ultimatum",1214857020,1485068256,270211236,117116005.3490
"Bourne ultimatum",1214857020,1216339860,1482840,117116005.3490
"Bourne ultimatum",1214857920,1485068256,270210336,117116005.3490
"Bourne ultimatum",1214857920,1216864920,2007000,117116005.3490
"Bourne ultimatum",1214857920,1219361220,4503300,117116005.3490
"Bourne ultimatum",1214867640,1485068256,270200616,117116005.3490
"Bourne ultimatum",1214867640,1217373240,2505600,117116005.3490
"Bourne ultimatum",1214867820,1485068256,270200436,117116005.3490
"Bourne ultimatum",1214867820,1215470940,603120,117116005.3490
"Bourne ultimatum",1214868180,1485068256,270200076,117116005.3490
"Bourne ultimatum",1214868180,1215556620,688440,117116005.3490
"Bourne ultimatum",1214870940,1485068256,270197316,117116005.3490
"Bourne ultimatum",1214870940,1215741780,870840,117116005.3490
"Bourne ultimatum",1214874780,1485068256,270193476,117116005.3490
"Bourne ultimatum",1214874780,1215480060,605280,117116005.3490
"Bourne ultimatum",1214877120,1485068256,270191136,117116005.3490
"Bourne ultimatum",1214877120,1215099180,222060,117116005.3490
"Bourne ultimatum",1214877960,1485068256,270190296,117116005.3490
"Bourne ultimatum",1214880780,1485068256,270187476,117116005.3490
"Bourne ultimatum",1214880780,1215139740,258960,117116005.3490
"Bourne ultimatum",1214932740,1485068256,270135516,117116005.3490
"Bourne ultimatum",1214932740,1216057560,1124820,117116005.3490
"Bourne ultimatum",1214933640,1485068256,270134616,117116005.3490
"Bourne ultimatum",1214933640,1215732480,798840,117116005.3490
"Bourne ultimatum",1214933820,1485068256,270134436,117116005.3490
"Bourne ultimatum",1214933820,1215110400,176580,117116005.3490
"Bourne ultimatum",1214942820,1485068256,270125436,117116005.3490
"Bourne ultimatum",1214942820,1215727740,784920,117116005.3490
"Bourne ultimatum",1214943360,1485068256,270124896,117116005.3490
"Bourne ultimatum",1214943360,1215555420,612060,117116005.3490
"Bourne ultimatum",1214943360,1215888720,945360,117116005.3490
"Bourne ultimatum",1214943960,1485068256,270124296,117116005.3490
"Bourne ultimatum",1214944260,1485068256,270123996,117116005.3490
"Bourne ultimatum",1214944260,1225350000,10405740,117116005.3490
"Bourne ultimatum",1214944260,1225385520,10441260,117116005.3490
"Bourne ultimatum",1214945280,1485068256,270122976,117116005.3490
"Bourne ultimatum",1214945280,1215559140,613860,117116005.3490
"Bourne ultimatum",1214945640,1485068256,270122616,117116005.3490
"Bourne ultimatum",1214945640,1216937520,1991880,117116005.3490
"Bourne ultimatum",1214945640,1224008820,9063180,117116005.3490
"Bourne ultimatum",1214945640,1224095040,9149400,117116005.3490
"Bourne ultimatum",1214946180,1485068256,270122076,117116005.3490
"Bourne ultimatum",1214946180,1215571140,624960,117116005.3490
"Bourne ultimatum",1214946480,1485068256,270121776,117116005.3490
"Bourne ultimatum",1214946480,1485068256,270121776,117116005.3490
"Bourne ultimatum",1214946480,1215540900,594420,117116005.3490
"Bourne ultimatum",1214946480,1215711240,764760,117116005.3490
"Bourne ultimatum",1214946600,1485068256,270121656,117116005.3490
"Bourne ultimatum",1214946600,1215815700,869100,117116005.3490
"Bourne ultimatum",1214946840,1485068256,270121416,117116005.3490
"Bourne ultimatum",1214946840,1215479040,532200,117116005.3490
"Bourne ultimatum",1214948040,1485068256,270120216,117116005.3490
"Bourne ultimatum",1214948040,1216155420,1207380,117116005.3490
"Bourne ultimatum",1214948100,1485068256,270120156,117116005.3490
"Bourne ultimatum",1214948100,1215297540,349440,117116005.3490
"Bourne ultimatum",1214950080,1485068256,270118176,117116005.3490
"Bourne ultimatum",1214950320,1485068256,270117936,117116005.3490
"Bourne ultimatum",1214950320,1215288900,338580,117116005.3490
"Bourne ultimatum",1214950920,1485068256,270117336,117116005.3490
"Bourne ultimatum",1214950920,1215636360,685440,117116005.3490
"Bourne ultimatum",1214951100,1485068256,270117156,117116005.3490
"Bourne ultimatum",1214952300,1485068256,270115956,117116005.3490
"Bourne ultimatum",1214957400,1485068256,270110856,117116005.3490
"Bourne ultimatum",1214958720,1485068256,270109536,117116005.3490
"Bourne ultimatum",1214962440,1485068256,270105816,117116005.3490
"Bourne ultimatum",1214963340,1485068256,270104916,117116005.3490
"Bourne ultimatum",1214963340,1215022260,58920,117116005.3490
"Bourne ultimatum",1214964060,1485068256,270104196,117116005.3490
"Bourne ultimatum",1214964060,1215641160,677100,117116005.3490
"Bourne ultimatum",1214964840,1485068256,270103416,117116005.3490
"Bourne ultimatum",1214964840,1215304980,340140,117116005.3490
"Bourne ultimatum",1214965080,1485068256,270103176,117116005.3490
"Bourne ultimatum",1214966160,1485068256,270102096,117116005.3490
"Bourne ultimatum",1214966160,1215388620,422460,117116005.3490
"Bourne ultimatum",1215020580,1485068256,270047676,117116005.3490
"Bourne ultimatum",1215024240,1485068256,270044016,117116005.3490
"Bourne ultimatum",1215025380,1485068256,270042876,117116005.3490
"Bourne ultimatum",1215025380,1217364180,2338800,117116005.3490
"Bourne ultimatum",1215026580,1485068256,270041676,117116005.3490
"Bourne ultimatum",1215026580,1215647880,621300,117116005.3490
"Bourne ultimatum",1215026820,1485068256,270041436,117116005.3490
"Bourne ultimatum",1215026820,1215797040,770220,117116005.3490
"Bourne ultimatum",1215027300,1485068256,270040956,117116005.3490
"Bourne ultimatum",1215027300,1216063440,1036140,117116005.3490
"Bourne ultimatum",1215027480,1485068256,270040776,117116005.3490
"Bourne ultimatum",1215027480,1215379620,352140,117116005.3490
"Bourne ultimatum",1215028020,1485068256,270040236,117116005.3490
"Bourne ultimatum",1215028020,1215383340,355320,117116005.3490
"Bourne ultimatum",1215028260,1485068256,270039996,117116005.3490
"Bourne ultimatum",1215028260,1485068256,270039996,117116005.3490
"Bourne ultimatum",1215028260,1216587720,1559460,117116005.3490
"Bourne ultimatum",1215032460,1485068256,270035796,117116005.3490
"Bourne ultimatum",1215035760,1485068256,270032496,117116005.3490
"Bourne ultimatum",1215038400,1485068256,270029856,117116005.3490
"Bourne ultimatum",1215038400,1215470340,431940,117116005.3490
"Bourne ultimatum",1215040200,1485068256,270028056,117116005.3490
"Bourne ultimatum",1215040200,1216685460,1645260,117116005.3490
"Bourne ultimatum",1215042900,1485068256,270025356,117116005.3490
"Bourne ultimatum",1215046860,1215046920,60,117116005.3490
"Bourne ultimatum",1215050220,1485068256,270018036,117116005.3490
"Bourne ultimatum",1215050220,1215812100,761880,117116005.3490
"Bourne ultimatum",1215052200,1485068256,270016056,117116005.3490
"Bourne ultimatum",1215052200,1215119340,67140,117116005.3490
"Bourne ultimatum",1215053640,1485068256,270014616,117116005.3490
"Bourne ultimatum",1215105060,1485068256,269963196,117116005.3490
"Bourne ultimatum",1215105060,1216089300,984240,117116005.3490
"Bourne ultimatum",1215105060,1216148340,1043280,117116005.3490
"Bourne ultimatum",1215105960,1485068256,269962296,117116005.3490
"Bourne ultimatum",1215105960,1216246980,1141020,117116005.3490
"Bourne ultimatum",1215106860,1485068256,269961396,117116005.3490
"Bourne ultimatum",1215106860,1217114760,2007900,117116005.3490
"Bourne ultimatum",1215115440,1485068256,269952816,117116005.3490
"Bourne ultimatum",1215115440,1218158280,3042840,117116005.3490
"Bourne ultimatum",1215118560,1485068256,269949696,117116005.3490
"Bourne ultimatum",1215118560,1216345260,1226700,117116005.3490
"Bourne ultimatum",1215120060,1485068256,269948196,117116005.3490
"Bourne ultimatum",1215120060,1217545860,2425800,117116005.3490
"Bourne ultimatum",1215121500,1485068256,269946756,117116005.3490
"Bourne ultimatum",1215121500,1215304980,183480,117116005.3490
"Bourne ultimatum",1215129360,1485068256,269938896,117116005.3490
"Bourne ultimatum",1215129360,1485068256,269938896,117116005.3490
"Bourne ultimatum",1215129360,1216342740,1213380,117116005.3490
"Bourne ultimatum",1215130920,1485068256,269937336,117116005.3490
"Bourne ultimatum",1215131040,1485068256,269937216,117116005.3490
"Bourne ultimatum",1215131040,1216426260,1295220,117116005.3490
"Bourne ultimatum",1215135180,1485068256,269933076,117116005.3490
"Bourne ultimatum",1215135180,1217199960,2064780,117116005.3490
"Bourne ultimatum",1215136080,1485068256,269932176,117116005.3490
"Bourne ultimatum",1215136080,1215144240,8160,117116005.3490
"Bourne ultimatum",1215136080,1215292620,156540,117116005.3490
"Bourne ultimatum",1215136080,1215474960,338880,117116005.3490
"Bourne ultimatum",1215136140,1485068256,269932116,117116005.3490
"Bourne ultimatum",1215136140,1215374880,238740,117116005.3490
"Bourne ultimatum",1215136440,1485068256,269931816,117116005.3490
"Bourne ultimatum",1215136440,1215811020,674580,117116005.3490
"Bourne ultimatum",1215136620,1485068256,269931636,117116005.3490
"Bourne ultimatum",1215136620,1218847680,3711060,117116005.3490
"Bourne ultimatum",1215279780,1485068256,269788476,117116005.3490
"Bourne ultimatum",1215279780,1216862460,1582680,117116005.3490
"Bourne ultimatum",1215280620,1485068256,269787636,117116005.3490
"Bourne ultimatum",1215282540,1485068256,269785716,117116005.3490
"Bourne ultimatum",1215283860,1485068256,269784396,117116005.3490
"Bourne ultimatum",1215283860,1216512780,1228920,117116005.3490
"Bourne ultimatum",1215287880,1485068256,269780376,117116005.3490
"Bourne ultimatum",1215287880,1215468360,180480,117116005.3490
"Bourne ultimatum",1215288240,1485068256,269780016,117116005.3490
"Bourne ultimatum",1215288240,1215727680,439440,117116005.3490
"Bourne ultimatum",1215290040,1485068256,269778216,117116005.3490
"Bourne ultimatum",1215291120,1485068256,269777136,117116005.3490
"Bourne ultimatum",1215291120,1215375660,84540,117116005.3490
"Bourne ultimatum",1215295260,1485068256,269772996,117116005.3490
"Bourne ultimatum",1215295260,1217288100,1992840,117116005.3490
"Bourne ultimatum",1215296160,1485068256,269772096,117116005.3490
"Bourne ultimatum",1215296220,1485068256,269772036,117116005.3490
"Bourne ultimatum",1215296220,1216513860,1217640,117116005.3490
"Bourne ultimatum",1215299340,1485068256,269768916,117116005.3490
"Bourne ultimatum",1215299340,1215821880,522540,117116005.3490
"Bourne ultimatum",1215299760,1485068256,269768496,117116005.3490
"Bourne ultimatum",1215299760,1216243440,943680,117116005.3490
"Bourne ultimatum",1215299760,1216354500,1054740,117116005.3490
"Bourne ultimatum",1215303480,1485068256,269764776,117116005.3490
"Bourne ultimatum",1215304140,1485068256,269764116,117116005.3490
"Bourne ultimatum",1215304140,1216493040,1188900,117116005.3490
"Bourne ultimatum",1215305220,1485068256,269763036,117116005.3490
"Bourne ultimatum",1215374220,1485068256,269694036,117116005.3490
"Bourne ultimatum",1215374220,1215640980,266760,117116005.3490
"Bourne ultimatum",1215375000,1485068256,269693256,117116005.3490
"Bourne ultimatum",1215375000,1215565380,190380,117116005.3490
"Bourne ultimatum",1215382320,1485068256,269685936,117116005.3490
"Bourne ultimatum",1215382320,1216087560,705240,117116005.3490
"Bourne ultimatum",1215387060,1485068256,269681196,117116005.3490
"Bourne ultimatum",1215388080,1485068256,269680176,117116005.3490
"Bourne ultimatum",1215388080,1217894220,2506140,117116005.3490
"Bourne ultimatum",1215388860,1485068256,269679396,117116005.3490
"Bourne ultimatum",1215388860,1216597560,1208700,117116005.3490
"Bourne ultimatum",1215461700,1485068256,269606556,117116005.3490
"Bourne ultimatum",1215461700,1215823320,361620,117116005.3490
"Bourne ultimatum",1215464220,1485068256,269604036,117116005.3490
"Bourne ultimatum",1215464220,1216168980,704760,117116005.3490
"Bourne ultimatum",1215465480,1485068256,269602776,117116005.3490
"Bourne ultimatum",1215465480,1216341480,876000,117116005.3490
"Bourne ultimatum",1215467460,1485068256,269600796,117116005.3490
"Bourne ultimatum",1215467460,1224726000,9258540,117116005.3490
"Bourne ultimatum",1215467460,1224789840,9322380,117116005.3490
"Bourne ultimatum",1215467460,1485068256,269600796,117116005.3490
"Bourne ultimatum",1215467460,1216071840,604380,117116005.3490
"Bourne ultimatum",1215467580,1485068256,269600676,117116005.3490
"Bourne ultimatum",1215467580,1216318200,850620,117116005.3490
"Bourne ultimatum",1215467700,1485068256,269600556,117116005.3490
"Bourne ultimatum",1215467700,1215905940,438240,117116005.3490
"Bourne ultimatum",1215468600,1485068256,269599656,117116005.3490
"Bourne ultimatum",1215468780,1485068256,269599476,117116005.3490
"Bourne ultimatum",1215468780,1216923660,1454880,117116005.3490
"Bourne ultimatum",1215469380,1485068256,269598876,117116005.3490
"Bourne ultimatum",1215470760,1485068256,269597496,117116005.3490
"Bourne ultimatum",1215470760,1215558300,87540,117116005.3490
"Bourne ultimatum",1215471600,1485068256,269596656,117116005.3490
"Bourne ultimatum",1215471600,1215732960,261360,117116005.3490
"Bourne ultimatum",1215472800,1485068256,269595456,117116005.3490
"Bourne ultimatum",1215472800,1217117640,1644840,117116005.3490
"Bourne ultimatum",1215473820,1485068256,269594436,117116005.3490
"Bourne ultimatum",1215473820,1215743460,269640,117116005.3490
"Bourne ultimatum",1215474060,1485068256,269594196,117116005.3490
"Bourne ultimatum",1215474060,1216178400,704340,117116005.3490
"Bourne ultimatum",1215476340,1485068256,269591916,117116005.3490
"Bourne ultimatum",1215476340,1216506300,1029960,117116005.3490
"Bourne ultimatum",1215476640,1485068256,269591616,117116005.3490
"Bourne ultimatum",1215476640,1216341300,864660,117116005.3490
"Bourne ultimatum",1215476760,1485068256,269591496,117116005.3490
"Bourne ultimatum",1215479400,1485068256,269588856,117116005.3490
"Bourne ultimatum",1215479400,1216774920,1295520,117116005.3490
"Bourne ultimatum",1215479940,1485068256,269588316,117116005.3490
"Bourne ultimatum",1215479940,1216693440,1213500,117116005.3490
"Bourne ultimatum",1215481440,1485068256,269586816,117116005.3490
"Bourne ultimatum",1215485820,1485068256,269582436,117116005.3490
"Bourne ultimatum",1215485820,1215647160,161340,117116005.3490
"Bourne ultimatum",1215485820,1215803220,317400,117116005.3490
"Bourne ultimatum",1215485820,1215884880,399060,117116005.3490
"Bourne ultimatum",1215486120,1485068256,269582136,117116005.3490
"Bourne ultimatum",1215486120,1215576360,90240,117116005.3490
"Bourne ultimatum",1215536880,1485068256,269531376,117116005.3490
"Bourne ultimatum",1215549300,1485068256,269518956,117116005.3490
"Bourne ultimatum",1215549780,1485068256,269518476,117116005.3490
"Bourne ultimatum",1215549780,1217626140,2076360,117116005.3490
"Bourne ultimatum",1215550380,1485068256,269517876,117116005.3490
"Bourne ultimatum",1215550380,1215712860,162480,117116005.3490
"Bourne ultimatum",1215550620,1485068256,269517636,117116005.3490
"Bourne ultimatum",1215550620,1216065900,515280,117116005.3490
"Bourne ultimatum",1215551400,1485068256,269516856,117116005.3490
"Bourne ultimatum",1215551400,1216326960,775560,117116005.3490
"Bourne ultimatum",1215554100,1485068256,269514156,117116005.3490
"Bourne ultimatum",1215554100,1216327920,773820,117116005.3490
"Bourne ultimatum",1215554580,1485068256,269513676,117116005.3490
"Bourne ultimatum",1215554580,1216081200,526620,117116005.3490
"Bourne ultimatum",1215555780,1485068256,269512476,117116005.3490
"Bourne ultimatum",1215555780,1217270340,1714560,117116005.3490
"Bourne ultimatum",1215556200,1485068256,269512056,117116005.3490
"Bourne ultimatum",1215556200,1215818760,262560,117116005.3490
"Bourne ultimatum",1215557100,1485068256,269511156,117116005.3490
"Bourne ultimatum",1215557580,1485068256,269510676,117116005.3490
"Bourne ultimatum",1215558720,1485068256,269509536,117116005.3490
"Bourne ultimatum",1215562620,1485068256,269505636,117116005.3490
"Bourne ultimatum",1215562620,1215976560,413940,117116005.3490
"Bourne ultimatum",1215563340,1485068256,269504916,117116005.3490
"Bourne ultimatum",1215563340,1216775700,1212360,117116005.3490
"Bourne ultimatum",1215564060,1485068256,269504196,117116005.3490
"Bourne ultimatum",1215564060,1215904080,340020,117116005.3490
"Bourne ultimatum",1215566520,1485068256,269501736,117116005.3490
"Bourne ultimatum",1215566520,1215819120,252600,117116005.3490
"Bourne ultimatum",1215570060,1485068256,269498196,117116005.3490
"Bourne ultimatum",1215618540,1485068256,269449716,117116005.3490
"Bourne ultimatum",1215618540,1217346000,1727460,117116005.3490
"Bourne ultimatum",1215623160,1485068256,269445096,117116005.3490
"Bourne ultimatum",1215623160,1216400880,777720,117116005.3490
"Bourne ultimatum",1215623160,1216498140,874980,117116005.3490
"Bourne ultimatum",1215624240,1485068256,269444016,117116005.3490
"Bourne ultimatum",1215624240,1216227720,603480,117116005.3490
"Bourne ultimatum",1215627900,1485068256,269440356,117116005.3490
"Bourne ultimatum",1215627900,1485068256,269440356,117116005.3490
"Bourne ultimatum",1215627900,1216326480,698580,117116005.3490
"Bourne ultimatum",1215628500,1485068256,269439756,117116005.3490
"Bourne ultimatum",1215636060,1485068256,269432196,117116005.3490
"Bourne ultimatum",1215636060,1216854780,1218720,117116005.3490
"Bourne ultimatum",1215639480,1485068256,269428776,117116005.3490
"Bourne ultimatum",1215640260,1485068256,269427996,117116005.3490
"Bourne ultimatum",1215640260,1216865760,1225500,117116005.3490
"Bourne ultimatum",1215643800,1485068256,269424456,117116005.3490
"Bourne ultimatum",1215643800,1216167060,523260,117116005.3490
"Bourne ultimatum",1215646560,1485068256,269421696,117116005.3490
"Bourne ultimatum",1215646560,1216861860,1215300,117116005.3490
"Bourne ultimatum",1215647520,1485068256,269420736,117116005.3490
"Bourne ultimatum",1215656220,1485068256,269412036,117116005.3490
"Bourne ultimatum",1215656220,1218077640,2421420,117116005.3490
"Bourne ultimatum",1215722940,1485068256,269345316,117116005.3490
"Bourne ultimatum",1215725580,1485068256,269342676,117116005.3490
"Bourne ultimatum",1215725580,1216162020,436440,117116005.3490
"Bourne ultimatum",1215726480,1485068256,269341776,117116005.3490
"Bourne ultimatum",1215726480,1218050100,2323620,117116005.3490
"Bourne ultimatum",1215727920,1485068256,269340336,117116005.3490
"Bourne ultimatum",1215727920,1216258620,530700,117116005.3490
"Bourne ultimatum",1215732600,1485068256,269335656,117116005.3490
"Bourne ultimatum",1215732720,1485068256,269335536,117116005.3490
"Bourne ultimatum",1215732720,1217967360,2234640,117116005.3490
"Bourne ultimatum",1215735660,1485068256,269332596,117116005.3490
"Bourne ultimatum",1215735660,1216586940,851280,117116005.3490
"Bourne ultimatum",1215737280,1485068256,269330976,117116005.3490
"Bourne ultimatum",1215737280,1485068256,269330976,117116005.3490
"Bourne ultimatum",1215737280,1216504860,767580,117116005.3490
"Bourne ultimatum",1215737280,1216765680,1028400,117116005.3490
"Bourne ultimatum",1215737280,1217806740,2069460,117116005.3490
"Bourne ultimatum",1215737340,1485068256,269330916,117116005.3490
"Bourne ultimatum",1215737340,1216952400,1215060,117116005.3490
"Bourne ultimatum",1215741540,1485068256,269326716,117116005.3490
"Bourne ultimatum",1215741540,1218679740,2938200,117116005.3490
"Bourne ultimatum",1215796020,1485068256,269272236,117116005.3490
"Bourne ultimatum",1215796020,1216320300,524280,117116005.3490
"Bourne ultimatum",1215802260,1485068256,269265996,117116005.3490
"Bourne ultimatum",1215809280,1485068256,269258976,117116005.3490
"Bourne ultimatum",1215812460,1485068256,269255796,117116005.3490
"Bourne ultimatum",1215814380,1485068256,269253876,117116005.3490
"Bourne ultimatum",1215815880,1485068256,269252376,117116005.3490
"Bourne ultimatum",1215815880,1216422360,606480,117116005.3490
"Bourne ultimatum",1215817320,1485068256,269250936,117116005.3490
"Bourne ultimatum",1215817320,1216677180,859860,117116005.3490
"Bourne ultimatum",1215817620,1485068256,269250636,117116005.3490
"Bourne ultimatum",1215817620,1215906900,89280,117116005.3490
"Bourne ultimatum",1215818100,1485068256,269250156,117116005.3490
"Bourne ultimatum",1215820980,1485068256,269247276,117116005.3490
"Bourne ultimatum",1215820980,1216779240,958260,117116005.3490
"Bourne ultimatum",1215822240,1485068256,269246016,117116005.3490
"Bourne ultimatum",1215822360,1485068256,269245896,117116005.3490
"Bourne ultimatum",1215822360,1217202300,1379940,117116005.3490
"Bourne ultimatum",1215822540,1485068256,269245716,117116005.3490
"Bourne ultimatum",1215823140,1485068256,269245116,117116005.3490
"Bourne ultimatum",1215823140,1216594380,771240,117116005.3490
"Bourne ultimatum",1215823920,1485068256,269244336,117116005.3490
"Bourne ultimatum",1215823920,1216320120,496200,117116005.3490
"Bourne ultimatum",1215884580,1485068256,269183676,117116005.3490
"Bourne ultimatum",1215886560,1485068256,269181696,117116005.3490
"Bourne ultimatum",1215886560,1216159860,273300,117116005.3490
"Bourne ultimatum",1215888300,1485068256,269179956,117116005.3490
"Bourne ultimatum",1215888300,1217106360,1218060,117116005.3490
"Bourne ultimatum",1215891180,1485068256,269177076,117116005.3490
"Bourne ultimatum",1215891180,1485068256,269177076,117116005.3490
"Bourne ultimatum",1215891180,1216692000,800820,117116005.3490
"Bourne ultimatum",1215891180,1217027040,1135860,117116005.3490
"Bourne ultimatum",1215891420,1485068256,269176836,117116005.3490
"Bourne ultimatum",1215891840,1485068256,269176416,117116005.3490
"Bourne ultimatum",1215891840,1216421220,529380,117116005.3490
"Bourne ultimatum",1215893280,1485068256,269174976,117116005.3490
"Bourne ultimatum",1215895200,1485068256,269173056,117116005.3490
"Bourne ultimatum",1215895200,1485068256,269173056,117116005.3490
"Bourne ultimatum",1215895200,1216509300,614100,117116005.3490
"Bourne ultimatum",1215895200,1217103780,1208580,117116005.3490
"Bourne ultimatum",1215895560,1485068256,269172696,117116005.3490
"Bourne ultimatum",1215903000,1485068256,269165256,117116005.3490
"Bourne ultimatum",1215903000,1485068256,269165256,117116005.3490
"Bourne ultimatum",1215903000,1216773720,870720,117116005.3490
"Bourne ultimatum",1215903000,1216779120,876120,117116005.3490
"Bourne ultimatum",1215905040,1485068256,269163216,117116005.3490
"Bourne ultimatum",1215905040,1217464260,1559220,117116005.3490
"Bourne ultimatum",1215908220,1485068256,269160036,117116005.3490
"Bourne ultimatum",1215908220,1217290380,1382160,117116005.3490
"Bourne ultimatum",1215908340,1485068256,269159916,117116005.3490
"Bourne ultimatum",1215908340,1218140700,2232360,117116005.3490
"Bourne ultimatum",1215908400,1485068256,269159856,117116005.3490
"Bourne ultimatum",1215910020,1485068256,269158236,117116005.3490
"Bourne ultimatum",1215910020,1216081260,171240,117116005.3490
"Bourne ultimatum",1215910440,1485068256,269157816,117116005.3490
"Bourne ultimatum",1215979260,1485068256,269088996,117116005.3490
"Bourne ultimatum",1215979260,1217450820,1471560,117116005.3490
"Bourne ultimatum",1215985500,1485068256,269082756,117116005.3490
"Bourne ultimatum",1215985500,1216165140,179640,117116005.3490
"Bourne ultimatum",1215985500,1216232880,247380,117116005.3490
"Bourne ultimatum",1215985500,1216245420,259920,117116005.3490
"Bourne ultimatum",1215986520,1485068256,269081736,117116005.3490
"Bourne ultimatum",1215986520,1216597320,610800,117116005.3490
"Bourne ultimatum",1215991320,1485068256,269076936,117116005.3490
"Bourne ultimatum",1215991320,1216329840,338520,117116005.3490
"Bourne ultimatum",1216050960,1485068256,269017296,117116005.3490
"Bourne ultimatum",1216050960,1218496320,2445360,117116005.3490
"Bourne ultimatum",1216065660,1485068256,269002596,117116005.3490
"Bourne ultimatum",1216065660,1216943100,877440,117116005.3490
"Bourne ultimatum",1216066920,1485068256,269001336,117116005.3490
"Bourne ultimatum",1216066920,1216772580,705660,117116005.3490
"Bourne ultimatum",1216068600,1485068256,268999656,117116005.3490
"Bourne ultimatum",1216068600,1216670760,602160,117116005.3490
"Bourne ultimatum",1216076220,1485068256,268992036,117116005.3490
"Bourne ultimatum",1216076220,1216683720,607500,117116005.3490
"Bourne ultimatum",1216077060,1485068256,268991196,117116005.3490
"Bourne ultimatum",1216077060,1217287200,1210140,117116005.3490
"Bourne ultimatum",1216078020,1485068256,268990236,117116005.3490
"Bourne ultimatum",1216078020,1217276100,1198080,117116005.3490
"Bourne ultimatum",1216078560,1485068256,268989696,117116005.3490
"Bourne ultimatum",1216078560,1217276460,1197900,117116005.3490
"Bourne ultimatum",1216079400,1485068256,268988856,117116005.3490
"Bourne ultimatum",1216079400,1217027340,947940,117116005.3490
"Bourne ultimatum",1216079940,1485068256,268988316,117116005.3490
"Bourne ultimatum",1216079940,1216334520,254580,117116005.3490
"Bourne ultimatum",1216080900,1485068256,268987356,117116005.3490
"Bourne ultimatum",1216083840,1485068256,268984416,117116005.3490
"Bourne ultimatum",1216083960,1485068256,268984296,117116005.3490
"Bourne ultimatum",1216083960,1218075420,1991460,117116005.3490
"Bourne ultimatum",1216084320,1485068256,268983936,117116005.3490
"Bourne ultimatum",1216084320,1217446920,1362600,117116005.3490
"Bourne ultimatum",1216084980,1485068256,268983276,117116005.3490
"Bourne ultimatum",1216084980,1217191860,1106880,117116005.3490
"Bourne ultimatum",1216086000,1485068256,268982256,117116005.3490
"Bourne ultimatum",1216086000,1216175640,89640,117116005.3490
"Bourne ultimatum",1216086000,1216402740,316740,117116005.3490
"Bourne ultimatum",1216086000,1216489800,403800,117116005.3490
"Bourne ultimatum",1216090440,1485068256,268977816,117116005.3490
"Bourne ultimatum",1216090440,1217296620,1206180,117116005.3490
"Bourne ultimatum",1216151640,1485068256,268916616,117116005.3490
"Bourne ultimatum",1216151640,1217360100,1208460,117116005.3490
"Bourne ultimatum",1216156620,1485068256,268911636,117116005.3490
"Bourne ultimatum",1216156620,1217293140,1136520,117116005.3490
"Bourne ultimatum",1216157340,1485068256,268910916,117116005.3490
"Bourne ultimatum",1216157580,1485068256,268910676,117116005.3490
"Bourne ultimatum",1216157580,1216865700,708120,117116005.3490
"Bourne ultimatum",1216157760,1485068256,268910496,117116005.3490
"Bourne ultimatum",1216157760,1217472600,1314840,117116005.3490
"Bourne ultimatum",1216158240,1485068256,268910016,117116005.3490
"Bourne ultimatum",1216161780,1485068256,268906476,117116005.3490
"Bourne ultimatum",1216161780,1217383200,1221420,117116005.3490
"Bourne ultimatum",1216164840,1485068256,268903416,117116005.3490
"Bourne ultimatum",1216164960,1485068256,268903296,117116005.3490
"Bourne ultimatum",1216165380,1485068256,268902876,117116005.3490
"Bourne ultimatum",1216165380,1217015340,849960,117116005.3490
"Bourne ultimatum",1216176780,1485068256,268891476,117116005.3490
"Bourne ultimatum",1216176780,1219110660,2933880,117116005.3490
"Bourne ultimatum",1216230660,1485068256,268837596,117116005.3490
"Bourne ultimatum",1216230660,1216681680,451020,117116005.3490
"Bourne ultimatum",1216236900,1485068256,268831356,117116005.3490
"Bourne ultimatum",1216236900,1217465640,1228740,117116005.3490
"Bourne ultimatum",1216237140,1485068256,268831116,117116005.3490
"Bourne ultimatum",1216237140,1217351160,1114020,117116005.3490
"Bourne ultimatum",1216241160,1485068256,268827096,117116005.3490
"Bourne ultimatum",1216241160,1217883960,1642800,117116005.3490
"Bourne ultimatum",1216241760,1485068256,268826496,117116005.3490
"Bourne ultimatum",1216241760,1217033520,791760,117116005.3490
"Bourne ultimatum",1216243260,1485068256,268824996,117116005.3490
"Bourne ultimatum",1216255260,1485068256,268812996,117116005.3490
"Bourne ultimatum",1216255260,1216779060,523800,117116005.3490
"Bourne ultimatum",1216315620,1485068256,268752636,117116005.3490
"Bourne ultimatum",1216315620,1216950180,634560,117116005.3490
"Bourne ultimatum",1216322520,1485068256,268745736,117116005.3490
"Bourne ultimatum",1216322520,1217542920,1220400,117116005.3490
"Bourne ultimatum",1216325280,1485068256,268742976,117116005.3490
"Bourne ultimatum",1216325280,1216942860,617580,117116005.3490
"Bourne ultimatum",1216326000,1485068256,268742256,117116005.3490
"Bourne ultimatum",1216327260,1485068256,268740996,117116005.3490
"Bourne ultimatum",1216327260,1217638200,1310940,117116005.3490
"Bourne ultimatum",1216327740,1485068256,268740516,117116005.3490
"Bourne ultimatum",1216327740,1217470320,1142580,117116005.3490
"Bourne ultimatum",1216330440,1485068256,268737816,117116005.3490
"Bourne ultimatum",1216330920,1485068256,268737336,117116005.3490
"Bourne ultimatum",1216330920,1216680600,349680,117116005.3490
"Bourne ultimatum",1216334880,1485068256,268733376,117116005.3490
"Bourne ultimatum",1216334880,1217104200,769320,117116005.3490
"Bourne ultimatum",1216335720,1485068256,268732536,117116005.3490
"Bourne ultimatum",1216336560,1485068256,268731696,117116005.3490
"Bourne ultimatum",1216336560,1216683480,346920,117116005.3490
"Bourne ultimatum",1216338780,1485068256,268729476,117116005.3490
"Bourne ultimatum",1216338780,1217617260,1278480,117116005.3490
"Bourne ultimatum",1216339680,1485068256,268728576,117116005.3490
"Bourne ultimatum",1216341480,1485068256,268726776,117116005.3490
"Bourne ultimatum",1216341480,1216943700,602220,117116005.3490
"Bourne ultimatum",1216342800,1485068256,268725456,117116005.3490
"Bourne ultimatum",1216342800,1217015520,672720,117116005.3490
"Bourne ultimatum",1216343280,1485068256,268724976,117116005.3490
"Bourne ultimatum",1216343400,1485068256,268724856,117116005.3490
"Bourne ultimatum",1216343400,1216769520,426120,117116005.3490
"Bourne ultimatum",1216343880,1485068256,268724376,117116005.3490
"Bourne ultimatum",1216347660,1485068256,268720596,117116005.3490
"Bourne ultimatum",1216347660,1217118420,770760,117116005.3490
"Bourne ultimatum",1216404240,1485068256,268664016,117116005.3490
"Bourne ultimatum",1216406100,1485068256,268662156,117116005.3490
"Bourne ultimatum",1216406100,1216951200,545100,117116005.3490
"Bourne ultimatum",1216416240,1485068256,268652016,117116005.3490
"Bourne ultimatum",1216416240,1216680240,264000,117116005.3490
"Bourne ultimatum",1216417860,1216418100,240,117116005.3490
"Bourne ultimatum",1216421700,1485068256,268646556,117116005.3490
"Bourne ultimatum",1216421700,1216772460,350760,117116005.3490
"Bourne ultimatum",1216425600,1485068256,268642656,117116005.3490
"Bourne ultimatum",1216425600,1217096040,670440,117116005.3490
"Bourne ultimatum",1216426980,1485068256,268641276,117116005.3490
"Bourne ultimatum",1216429140,1485068256,268639116,117116005.3490
"Bourne ultimatum",1216429140,1485068256,268639116,117116005.3490
"Bourne ultimatum",1216429140,1216922580,493440,117116005.3490
"Bourne ultimatum",1216501140,1485068256,268567116,117116005.3490
"Bourne ultimatum",1216501140,1216501200,60,117116005.3490
"Bourne ultimatum",1216501920,1485068256,268566336,117116005.3490
"Bourne ultimatum",1216502460,1485068256,268565796,117116005.3490
"Bourne ultimatum",1216502460,1217022420,519960,117116005.3490
"Bourne ultimatum",1216508880,1485068256,268559376,117116005.3490
"Bourne ultimatum",1216512660,1485068256,268555596,117116005.3490
"Bourne ultimatum",1216512660,1216684800,172140,117116005.3490
"Bourne ultimatum",1216581240,1216581180,60,117116005.3490
"Bourne ultimatum",1216581300,1485068256,268486956,117116005.3490
"Bourne ultimatum",1216581300,1221634800,5053500,117116005.3490
"Bourne ultimatum",1216583820,1485068256,268484436,117116005.3490
"Bourne ultimatum",1216587000,1485068256,268481256,117116005.3490
"Bourne ultimatum",1216587000,1217718000,1131000,117116005.3490
"Bourne ultimatum",1216588260,1485068256,268479996,117116005.3490
"Bourne ultimatum",1216589280,1485068256,268478976,117116005.3490
"Bourne ultimatum",1216589280,1217533020,943740,117116005.3490
"Bourne ultimatum",1216592940,1485068256,268475316,117116005.3490
"Bourne ultimatum",1216592940,1218154140,1561200,117116005.3490
"Bourne ultimatum",1216659960,1485068256,268408296,117116005.3490
"Bourne ultimatum",1216659960,1216834440,174480,117116005.3490
"Bourne ultimatum",1216671480,1485068256,268396776,117116005.3490
"Bourne ultimatum",1216671480,1217032980,361500,117116005.3490
"Bourne ultimatum",1216672680,1485068256,268395576,117116005.3490
"Bourne ultimatum",1216672680,1217890380,1217700,117116005.3490
"Bourne ultimatum",1216672980,1485068256,268395276,117116005.3490
"Bourne ultimatum",1216672980,1217458080,785100,117116005.3490
"Bourne ultimatum",1216675860,1485068256,268392396,117116005.3490
"Bourne ultimatum",1216675860,1217282940,607080,117116005.3490
"Bourne ultimatum",1216675920,1485068256,268392336,117116005.3490
"Bourne ultimatum",1216676460,1485068256,268391796,117116005.3490
"Bourne ultimatum",1216682580,1216682580,0,117116005.3490
"Bourne ultimatum",1216683240,1485068256,268385016,117116005.3490
"Bourne ultimatum",1216683240,1219803240,3120000,117116005.3490
"Bourne ultimatum",1216683660,1485068256,268384596,117116005.3490
"Bourne ultimatum",1216684620,1485068256,268383636,117116005.3490
"Bourne ultimatum",1216684860,1485068256,268383396,117116005.3490
"Bourne ultimatum",1216685820,1485068256,268382436,117116005.3490
"Bourne ultimatum",1216685820,1217449560,763740,117116005.3490
"Bourne ultimatum",1216686840,1485068256,268381416,117116005.3490
"Bourne ultimatum",1216686840,1218323220,1636380,117116005.3490
"Bourne ultimatum",1216686900,1485068256,268381356,117116005.3490
"Bourne ultimatum",1216686900,1217108340,421440,117116005.3490
"Bourne ultimatum",1216687260,1485068256,268380996,117116005.3490
"Bourne ultimatum",1216688400,1485068256,268379856,117116005.3490
"Bourne ultimatum",1216688400,1219013460,2325060,117116005.3490
"Bourne ultimatum",1216688700,1485068256,268379556,117116005.3490
"Bourne ultimatum",1216688700,1219272720,2584020,117116005.3490
"Bourne ultimatum",1216689240,1485068256,268379016,117116005.3490
"Bourne ultimatum",1216689240,1217119440,430200,117116005.3490
"Bourne ultimatum",1216692240,1485068256,268376016,117116005.3490
"Bourne ultimatum",1216692240,1217985300,1293060,117116005.3490
"Bourne ultimatum",1216692480,1485068256,268375776,117116005.3490
"Bourne ultimatum",1216692480,1217900640,1208160,117116005.3490
"Bourne ultimatum",1216692840,1485068256,268375416,117116005.3490
"Bourne ultimatum",1216692840,1218239340,1546500,117116005.3490
"Bourne ultimatum",1216763460,1485068256,268304796,117116005.3490
"Bourne ultimatum",1216763460,1217707320,943860,117116005.3490
"Bourne ultimatum",1216763520,1485068256,268304736,117116005.3490
"Bourne ultimatum",1216763520,1217637000,873480,117116005.3490
"Bourne ultimatum",1216773780,1485068256,268294476,117116005.3490
"Bourne ultimatum",1216773780,1217110560,336780,117116005.3490
"Bourne ultimatum",1216776480,1485068256,268291776,117116005.3490
"Bourne ultimatum",1216776480,1218660780,1884300,117116005.3490
"Bourne ultimatum",1216776480,1219864140,3087660,117116005.3490
"Bourne ultimatum",1216777980,1485068256,268290276,117116005.3490
"Bourne ultimatum",1216777980,1217709780,931800,117116005.3490
"Bourne ultimatum",1216779180,1485068256,268289076,117116005.3490
"Bourne ultimatum",1216779300,1485068256,268288956,117116005.3490
"Bourne ultimatum",1216781100,1485068256,268287156,117116005.3490
"Bourne ultimatum",1216781100,1217788920,1007820,117116005.3490
"Bourne ultimatum",1216833060,1485068256,268235196,117116005.3490
"Bourne ultimatum",1216833060,1217006820,173760,117116005.3490
"Bourne ultimatum",1216833060,1217008860,175800,117116005.3490
"Bourne ultimatum",1216833240,1485068256,268235016,117116005.3490
"Bourne ultimatum",1216833240,1217196960,363720,117116005.3490
"Bourne ultimatum",1216833660,1485068256,268234596,117116005.3490
"Bourne ultimatum",1216833660,1219689240,2855580,117116005.3490
"Bourne ultimatum",1216835940,1485068256,268232316,117116005.3490
"Bourne ultimatum",1216835940,1217289000,453060,117116005.3490
"Bourne ultimatum",1216842480,1485068256,268225776,117116005.3490
"Bourne ultimatum",1216842480,1217111640,269160,117116005.3490
"Bourne ultimatum",1216843560,1485068256,268224696,117116005.3490
"Bourne ultimatum",1216843560,1217546700,703140,117116005.3490
"Bourne ultimatum",1216845840,1485068256,268222416,117116005.3490
"Bourne ultimatum",1216845840,1216939260,93420,117116005.3490
"Bourne ultimatum",1216848060,1485068256,268220196,117116005.3490
"Bourne ultimatum",1216848060,1217371320,523260,117116005.3490
"Bourne ultimatum",1216848240,1485068256,268220016,117116005.3490
"Bourne ultimatum",1216848240,1217284980,436740,117116005.3490
"Bourne ultimatum",1216850340,1485068256,268217916,117116005.3490
"Bourne ultimatum",1216850340,1217095860,245520,117116005.3490
"Bourne ultimatum",1216850760,1485068256,268217496,117116005.3490
"Bourne ultimatum",1216850760,1218130080,1279320,117116005.3490
"Bourne ultimatum",1216853640,1485068256,268214616,117116005.3490
"Bourne ultimatum",1216853640,1217384580,530940,117116005.3490
"Bourne ultimatum",1216854240,1485068256,268214016,117116005.3490
"Bourne ultimatum",1216854240,1218074820,1220580,117116005.3490
"Bourne ultimatum",1216855500,1485068256,268212756,117116005.3490
"Bourne ultimatum",1216855500,1217370720,515220,117116005.3490
"Bourne ultimatum",1216855560,1485068256,268212696,117116005.3490
"Bourne ultimatum",1216856880,1485068256,268211376,117116005.3490
"Bourne ultimatum",1216858740,1485068256,268209516,117116005.3490
"Bourne ultimatum",1216858740,1221894000,5035260,117116005.3490
"Bourne ultimatum",1216863780,1485068256,268204476,117116005.3490
"Bourne ultimatum",1216863780,1485068256,268204476,117116005.3490
"Bourne ultimatum",1216867740,1485068256,268200516,117116005.3490
"Bourne ultimatum",1216922880,1485068256,268145376,117116005.3490
"Bourne ultimatum",1216922880,1217540640,617760,117116005.3490
"Bourne ultimatum",1216928160,1485068256,268140096,117116005.3490
"Bourne ultimatum",1216928160,1217626740,698580,117116005.3490
"Bourne ultimatum",1216932420,1485068256,268135836,117116005.3490
"Bourne ultimatum",1216932420,1218065160,1132740,117116005.3490
"Bourne ultimatum",1216933920,1485068256,268134336,117116005.3490
"Bourne ultimatum",1216933920,1218155400,1221480,117116005.3490
"Bourne ultimatum",1216935180,1485068256,268133076,117116005.3490
"Bourne ultimatum",1216935180,1217107380,172200,117116005.3490
"Bourne ultimatum",1216937640,1485068256,268130616,117116005.3490
"Bourne ultimatum",1216945200,1485068256,268123056,117116005.3490
"Bourne ultimatum",1216946820,1485068256,268121436,117116005.3490
"Bourne ultimatum",1216946820,1218157080,1210260,117116005.3490
"Bourne ultimatum",1217007480,1485068256,268060776,117116005.3490
"Bourne ultimatum",1217011320,1485068256,268056936,117116005.3490
"Bourne ultimatum",1217011320,1217712660,701340,117116005.3490
"Bourne ultimatum",1217012520,1485068256,268055736,117116005.3490
"Bourne ultimatum",1217012520,1217271300,258780,117116005.3490
"Bourne ultimatum",1217014500,1485068256,268053756,117116005.3490
"Bourne ultimatum",1217014500,1217297940,283440,117116005.3490
"Bourne ultimatum",1217015700,1485068256,268052556,117116005.3490
"Bourne ultimatum",1217015700,1217023320,7620,117116005.3490
"Bourne ultimatum",1217017920,1485068256,268050336,117116005.3490
"Bourne ultimatum",1217017920,1218054120,1036200,117116005.3490
"Bourne ultimatum",1217018160,1485068256,268050096,117116005.3490
"Bourne ultimatum",1217018160,1218226020,1207860,117116005.3490
"Bourne ultimatum",1217021460,1485068256,268046796,117116005.3490
"Bourne ultimatum",1217021460,1217439420,417960,117116005.3490
"Bourne ultimatum",1217032800,1485068256,268035456,117116005.3490
"Bourne ultimatum",1217093220,1485068256,267975036,117116005.3490
"Bourne ultimatum",1217093220,1217702640,609420,117116005.3490
"Bourne ultimatum",1217095980,1485068256,267972276,117116005.3490
"Bourne ultimatum",1217096040,1485068256,267972216,117116005.3490
"Bourne ultimatum",1217100600,1485068256,267967656,117116005.3490
"Bourne ultimatum",1217100600,1217968320,867720,117116005.3490
"Bourne ultimatum",1217100960,1485068256,267967296,117116005.3490
"Bourne ultimatum",1217102520,1485068256,267965736,117116005.3490
"Bourne ultimatum",1217102520,1218132480,1029960,117116005.3490
"Bourne ultimatum",1217108580,1485068256,267959676,117116005.3490
"Bourne ultimatum",1217109060,1485068256,267959196,117116005.3490
"Bourne ultimatum",1217109240,1485068256,267959016,117116005.3490
"Bourne ultimatum",1217109240,1217990280,881040,117116005.3490
"Bourne ultimatum",1217111880,1485068256,267956376,117116005.3490
"Bourne ultimatum",1217111880,1217623260,511380,117116005.3490
"Bourne ultimatum",1217112480,1485068256,267955776,117116005.3490
"Bourne ultimatum",1217112480,1217720700,608220,117116005.3490
"Bourne ultimatum",1217113920,1485068256,267954336,117116005.3490
"Bourne ultimatum",1217113920,1217809080,695160,117116005.3490
"Bourne ultimatum",1217114700,1485068256,267953556,117116005.3490
"Bourne ultimatum",1217115060,1485068256,267953196,117116005.3490
"Bourne ultimatum",1217115060,1217471040,355980,117116005.3490
"Bourne ultimatum",1217115300,1485068256,267952956,117116005.3490
"Bourne ultimatum",1217116560,1485068256,267951696,117116005.3490
"Bourne ultimatum",1217116560,1218933300,1816740,117116005.3490
"Bourne ultimatum",1217117160,1485068256,267951096,117116005.3490
"Bourne ultimatum",1217118180,1485068256,267950076,117116005.3490
"Bourne ultimatum",1217118180,1217374020,255840,117116005.3490
"Bourne ultimatum",1217118960,1485068256,267949296,117116005.3490
"Bourne ultimatum",1217118960,1219108080,1989120,117116005.3490
"Bourne ultimatum",1217119440,1485068256,267948816,117116005.3490
"Bourne ultimatum",1217187300,1485068256,267880956,117116005.3490
"Bourne ultimatum",1217187300,1217380440,193140,117116005.3490
"Bourne ultimatum",1217188860,1485068256,267879396,117116005.3490
"Bourne ultimatum",1217188860,1217712960,524100,117116005.3490
"Bourne ultimatum",1217193960,1485068256,267874296,117116005.3490
"Bourne ultimatum",1217195400,1485068256,267872856,117116005.3490
"Bourne ultimatum",1217195400,1217894880,699480,117116005.3490
"Bourne ultimatum",1217195400,1217964000,768600,117116005.3490
"Bourne ultimatum",1217199840,1485068256,267868416,117116005.3490
"Bourne ultimatum",1217199840,1217456460,256620,117116005.3490
"Bourne ultimatum",1217201940,1485068256,267866316,117116005.3490
"Bourne ultimatum",1217276880,1485068256,267791376,117116005.3490
"Bourne ultimatum",1217276880,1217461560,184680,117116005.3490
"Bourne ultimatum",1217277780,1485068256,267790476,117116005.3490
"Bourne ultimatum",1217277780,1217887980,610200,117116005.3490
"Bourne ultimatum",1217277780,1217975700,697920,117116005.3490
"Bourne ultimatum",1217277780,1218052500,774720,117116005.3490
"Bourne ultimatum",1217277960,1485068256,267790296,117116005.3490
"Bourne ultimatum",1217278260,1485068256,267789996,117116005.3490
"Bourne ultimatum",1217280960,1485068256,267787296,117116005.3490
"Bourne ultimatum",1217281260,1485068256,267786996,117116005.3490
"Bourne ultimatum",1217281260,1217456220,174960,117116005.3490
"Bourne ultimatum",1217281320,1485068256,267786936,117116005.3490
"Bourne ultimatum",1217281320,1218220200,938880,117116005.3490
"Bourne ultimatum",1217283120,1485068256,267785136,117116005.3490
"Bourne ultimatum",1217283120,1218073320,790200,117116005.3490
"Bourne ultimatum",1217284140,1485068256,267784116,117116005.3490
"Bourne ultimatum",1217284140,1219193160,1909020,117116005.3490
"Bourne ultimatum",1217285400,1485068256,267782856,117116005.3490
"Bourne ultimatum",1217285400,1218236640,951240,117116005.3490
"Bourne ultimatum",1217286060,1485068256,267782196,117116005.3490
"Bourne ultimatum",1217286060,1218655980,1369920,117116005.3490
"Bourne ultimatum",1217286360,1485068256,267781896,117116005.3490
"Bourne ultimatum",1217286360,1217466240,179880,117116005.3490
"Bourne ultimatum",1217290440,1485068256,267777816,117116005.3490
"Bourne ultimatum",1217293020,1485068256,267775236,117116005.3490
"Bourne ultimatum",1217293020,1217892480,599460,117116005.3490
"Bourne ultimatum",1217293320,1485068256,267774936,117116005.3490
"Bourne ultimatum",1217293320,1217713080,419760,117116005.3490
"Bourne ultimatum",1217295420,1485068256,267772836,117116005.3490
"Bourne ultimatum",1217296500,1485068256,267771756,117116005.3490
"Bourne ultimatum",1217296500,1218671580,1375080,117116005.3490
"Bourne ultimatum",1217299140,1485068256,267769116,117116005.3490
"Bourne ultimatum",1217299920,1485068256,267768336,117116005.3490
"Bourne ultimatum",1217300100,1485068256,267768156,117116005.3490
"Bourne ultimatum",1217300100,1217525820,225720,117116005.3490
"Bourne ultimatum",1217353860,1485068256,267714396,117116005.3490
"Bourne ultimatum",1217353860,1217381700,27840,117116005.3490
"Bourne ultimatum",1217354100,1485068256,267714156,117116005.3490
"Bourne ultimatum",1217354100,1217874900,520800,117116005.3490
"Bourne ultimatum",1217363640,1485068256,267704616,117116005.3490
"Bourne ultimatum",1217363640,1217444460,80820,117116005.3490
"Bourne ultimatum",1217365800,1485068256,267702456,117116005.3490
"Bourne ultimatum",1217365800,1218504180,1138380,117116005.3490
"Bourne ultimatum",1217365860,1485068256,267702396,117116005.3490
"Bourne ultimatum",1217365860,1217633700,267840,117116005.3490
"Bourne ultimatum",1217365860,1217808000,442140,117116005.3490
"Bourne ultimatum",1217373240,1485068256,267695016,117116005.3490
"Bourne ultimatum",1217373240,1219277940,1904700,117116005.3490
"Bourne ultimatum",1217373900,1485068256,267694356,117116005.3490
"Bourne ultimatum",1217373900,1217882280,508380,117116005.3490
"Bourne ultimatum",1217374680,1485068256,267693576,117116005.3490
"Bourne ultimatum",1217374680,1217550600,175920,117116005.3490
"Bourne ultimatum",1217375040,1485068256,267693216,117116005.3490
"Bourne ultimatum",1217375040,1219190640,1815600,117116005.3490
"Bourne ultimatum",1217375340,1485068256,267692916,117116005.3490
"Bourne ultimatum",1217375340,1217887080,511740,117116005.3490
"Bourne ultimatum",1217375340,1218056520,681180,117116005.3490
"Bourne ultimatum",1217375640,1485068256,267692616,117116005.3490
"Bourne ultimatum",1217375640,1218072840,697200,117116005.3490
"Bourne ultimatum",1217378040,1485068256,267690216,117116005.3490
"Bourne ultimatum",1217379600,1485068256,267688656,117116005.3490
"Bourne ultimatum",1217379600,1219957500,2577900,117116005.3490
"Bourne ultimatum",1217379600,1220387400,3007800,117116005.3490
"Bourne ultimatum",1217380680,1485068256,267687576,117116005.3490
"Bourne ultimatum",1217381040,1485068256,267687216,117116005.3490
"Bourne ultimatum",1217381040,1218137340,756300,117116005.3490
"Bourne ultimatum",1217383440,1485068256,267684816,117116005.3490
"Bourne ultimatum",1217384280,1485068256,267683976,117116005.3490
"Bourne ultimatum",1217384280,1218157560,773280,117116005.3490
"Bourne ultimatum",1217444940,1485068256,267623316,117116005.3490
"Bourne ultimatum",1217444940,1220653680,3208740,117116005.3490
"Bourne ultimatum",1217445120,1485068256,267623136,117116005.3490
"Bourne ultimatum",1217445120,1217806560,361440,117116005.3490
"Bourne ultimatum",1217445540,1485068256,267622716,117116005.3490
"Bourne ultimatum",1217445540,1217539320,93780,117116005.3490
"Bourne ultimatum",1217447520,1485068256,267620736,117116005.3490
"Bourne ultimatum",1217451780,1485068256,267616476,117116005.3490
"Bourne ultimatum",1217451780,1217616060,164280,117116005.3490
"Bourne ultimatum",1217451780,1218060060,608280,117116005.3490
"Bourne ultimatum",1217451960,1485068256,267616296,117116005.3490
"Bourne ultimatum",1217451960,1218847080,1395120,117116005.3490
"Bourne ultimatum",1217452740,1485068256,267615516,117116005.3490
"Bourne ultimatum",1217452740,1217722680,269940,117116005.3490
"Bourne ultimatum",1217452800,1485068256,267615456,117116005.3490
"Bourne ultimatum",1217452800,1218573480,1120680,117116005.3490
"Bourne ultimatum",1217452800,1219090140,1637340,117116005.3490
"Bourne ultimatum",1217454180,1485068256,267614076,117116005.3490
"Bourne ultimatum",1217454180,1217988420,534240,117116005.3490
"Bourne ultimatum",1217454300,1485068256,267613956,117116005.3490
"Bourne ultimatum",1217457000,1485068256,267611256,117116005.3490
"Bourne ultimatum",1217457000,1217529300,72300,117116005.3490
"Bourne ultimatum",1217457720,1485068256,267610536,117116005.3490
"Bourne ultimatum",1217457720,1218671520,1213800,117116005.3490
"Bourne ultimatum",1217458260,1485068256,267609996,117116005.3490
"Bourne ultimatum",1217460540,1485068256,267607716,117116005.3490
"Bourne ultimatum",1217460540,1217899140,438600,117116005.3490
"Bourne ultimatum",1217460600,1485068256,267607656,117116005.3490
"Bourne ultimatum",1217460600,1217979840,519240,117116005.3490
"Bourne ultimatum",1217460960,1485068256,267607296,117116005.3490
"Bourne ultimatum",1217461020,1485068256,267607236,117116005.3490
"Bourne ultimatum",1217461020,1217978880,517860,117116005.3490
"Bourne ultimatum",1217461020,1218067320,606300,117116005.3490
"Bourne ultimatum",1217461020,1218138660,677640,117116005.3490
"Bourne ultimatum",1217461920,1485068256,267606336,117116005.3490
"Bourne ultimatum",1217461920,1218054360,592440,117116005.3490
"Bourne ultimatum",1217462520,1485068256,267605736,117116005.3490
"Bourne ultimatum",1217462520,1218837720,1375200,117116005.3490
"Bourne ultimatum",1217464560,1485068256,267603696,117116005.3490
"Bourne ultimatum",1217464680,1485068256,267603576,117116005.3490
"Bourne ultimatum",1217464680,1218138180,673500,117116005.3490
"Bourne ultimatum",1217466060,1485068256,267602196,117116005.3490
"Bourne ultimatum",1217466060,1218832080,1366020,117116005.3490
"Bourne ultimatum",1217469060,1485068256,267599196,117116005.3490
"Bourne ultimatum",1217469060,1217617200,148140,117116005.3490
"Bourne ultimatum",1217469960,1485068256,267598296,117116005.3490
"Bourne ultimatum",1217470560,1485068256,267597696,117116005.3490
"Bourne ultimatum",1217471400,1485068256,267596856,117116005.3490
"Bourne ultimatum",1217471400,1217635320,163920,117116005.3490
"Bourne ultimatum",1217472120,1485068256,267596136,117116005.3490
"Bourne ultimatum",1217472120,1219284240,1812120,117116005.3490
"Bourne ultimatum",1217526120,1485068256,267542136,117116005.3490
"Bourne ultimatum",1217526120,1217983680,457560,117116005.3490
"Bourne ultimatum",1217528520,1485068256,267539736,117116005.3490
"Bourne ultimatum",1217530260,1485068256,267537996,117116005.3490
"Bourne ultimatum",1217530260,1217877420,347160,117116005.3490
"Bourne ultimatum",1217536740,1485068256,267531516,117116005.3490
"Bourne ultimatum",1217536740,1219007400,1470660,117116005.3490
"Bourne ultimatum",1217537220,1485068256,267531036,117116005.3490
"Bourne ultimatum",1217544060,1485068256,267524196,117116005.3490
"Bourne ultimatum",1217544060,1218043320,499260,117116005.3490
"Bourne ultimatum",1217544720,1485068256,267523536,117116005.3490
"Bourne ultimatum",1217545980,1485068256,267522276,117116005.3490
"Bourne ultimatum",1217545980,1218155340,609360,117116005.3490
"Bourne ultimatum",1217546400,1485068256,267521856,117116005.3490
"Bourne ultimatum",1217548800,1485068256,267519456,117116005.3490
"Bourne ultimatum",1217549520,1485068256,267518736,117116005.3490
"Bourne ultimatum",1217549520,1217893980,344460,117116005.3490
"Bourne ultimatum",1217552280,1485068256,267515976,117116005.3490
"Bourne ultimatum",1217554620,1485068256,267513636,117116005.3490
"Bourne ultimatum",1217555820,1485068256,267512436,117116005.3490
"Bourne ultimatum",1217555820,1217715900,160080,117116005.3490
"Bourne ultimatum",1217556960,1485068256,267511296,117116005.3490
"Bourne ultimatum",1217556960,1218735840,1178880,117116005.3490
"Bourne ultimatum",1217558460,1485068256,267509796,117116005.3490
"Bourne ultimatum",1217558460,1218159300,600840,117116005.3490
"Bourne ultimatum",1217612340,1485068256,267455916,117116005.3490
"Bourne ultimatum",1217614920,1485068256,267453336,117116005.3490
"Bourne ultimatum",1217614920,1222585200,4970280,117116005.3490
"Bourne ultimatum",1217629800,1485068256,267438456,117116005.3490
"Bourne ultimatum",1217629800,1219710540,2080740,117116005.3490
"Bourne ultimatum",1217633220,1485068256,267435036,117116005.3490
"Bourne ultimatum",1217634540,1485068256,267433716,117116005.3490
"Bourne ultimatum",1217634540,1218233640,599100,117116005.3490
"Bourne ultimatum",1217634960,1485068256,267433296,117116005.3490
"Bourne ultimatum",1217634960,1221852960,4218000,117116005.3490
"Bourne ultimatum",1217635320,1485068256,267432936,117116005.3490
"Bourne ultimatum",1217635320,1218314400,679080,117116005.3490
"Bourne ultimatum",1217637420,1485068256,267430836,117116005.3490
"Bourne ultimatum",1217637600,1485068256,267430656,117116005.3490
"Bourne ultimatum",1217637600,1218221040,583440,117116005.3490
"Bourne ultimatum",1217637660,1485068256,267430596,117116005.3490
"Bourne ultimatum",1217699460,1485068256,267368796,117116005.3490
"Bourne ultimatum",1217699460,1219534860,1835400,117116005.3490
"Bourne ultimatum",1217699880,1485068256,267368376,117116005.3490
"Bourne ultimatum",1217699880,1218495420,795540,117116005.3490
"Bourne ultimatum",1217708100,1485068256,267360156,117116005.3490
"Bourne ultimatum",1217709360,1485068256,267358896,117116005.3490
"Bourne ultimatum",1217709360,1218314520,605160,117116005.3490
"Bourne ultimatum",1217712360,1485068256,267355896,117116005.3490
"Bourne ultimatum",1217716920,1485068256,267351336,117116005.3490
"Bourne ultimatum",1217716920,1219618440,1901520,117116005.3490
"Bourne ultimatum",1217718960,1485068256,267349296,117116005.3490
"Bourne ultimatum",1217718960,1219788060,2069100,117116005.3490
"Bourne ultimatum",1217719020,1485068256,267349236,117116005.3490
"Bourne ultimatum",1217719020,1218764100,1045080,117116005.3490
"Bourne ultimatum",1217723400,1485068256,267344856,117116005.3490
"Bourne ultimatum",1217723400,1218839340,1115940,117116005.3490
"Bourne ultimatum",1217723760,1485068256,267344496,117116005.3490
"Bourne ultimatum",1217723760,1485068256,267344496,117116005.3490
"Bourne ultimatum",1217723760,1218226500,502740,117116005.3490
"Bourne ultimatum",1217723760,1218226500,502740,117116005.3490
"Bourne ultimatum",1217794980,1485068256,267273276,117116005.3490
"Bourne ultimatum",1217795040,1485068256,267273216,117116005.3490
"Bourne ultimatum",1217795040,1218410460,615420,117116005.3490
"Bourne ultimatum",1217797320,1485068256,267270936,117116005.3490
"Bourne ultimatum",1217797320,1220218260,2420940,117116005.3490
"Bourne ultimatum",1217797380,1485068256,267270876,117116005.3490
"Bourne ultimatum",1217799480,1485068256,267268776,117116005.3490
"Bourne ultimatum",1217804280,1485068256,267263976,117116005.3490
"Bourne ultimatum",1217804280,1217893320,89040,117116005.3490
"Bourne ultimatum",1217870160,1485068256,267198096,117116005.3490
"Bourne ultimatum",1217871060,1485068256,267197196,117116005.3490
"Bourne ultimatum",1217871060,1219000080,1129020,117116005.3490
"Bourne ultimatum",1217886540,1485068256,267181716,117116005.3490
"Bourne ultimatum",1217886540,1218237540,351000,117116005.3490
"Bourne ultimatum",1217888040,1485068256,267180216,117116005.3490
"Bourne ultimatum",1217888040,1218839880,951840,117116005.3490
"Bourne ultimatum",1217888280,1485068256,267179976,117116005.3490
"Bourne ultimatum",1217888520,1485068256,267179736,117116005.3490
"Bourne ultimatum",1217888520,1218142260,253740,117116005.3490
"Bourne ultimatum",1217889120,1485068256,267179136,117116005.3490
"Bourne ultimatum",1217889120,1218477240,588120,117116005.3490
"Bourne ultimatum",1217889180,1485068256,267179076,117116005.3490
"Bourne ultimatum",1217891520,1485068256,267176736,117116005.3490
"Bourne ultimatum",1217891520,1218410460,518940,117116005.3490
"Bourne ultimatum",1217893080,1485068256,267175176,117116005.3490
"Bourne ultimatum",1217893500,1485068256,267174756,117116005.3490
"Bourne ultimatum",1217893500,1218227700,334200,117116005.3490
"Bourne ultimatum",1217900160,1485068256,267168096,117116005.3490
"Bourne ultimatum",1217900160,1218927900,1027740,117116005.3490
"Bourne ultimatum",1217901660,1485068256,267166596,117116005.3490
"Bourne ultimatum",1217959620,1485068256,267108636,117116005.3490
"Bourne ultimatum",1217959620,1218395940,436320,117116005.3490
"Bourne ultimatum",1217966760,1485068256,267101496,117116005.3490
"Bourne ultimatum",1217966760,1219011420,1044660,117116005.3490
"Bourne ultimatum",1217970660,1485068256,267097596,117116005.3490
"Bourne ultimatum",1217970720,1485068256,267097536,117116005.3490
"Bourne ultimatum",1217970720,1218314220,343500,117116005.3490
"Bourne ultimatum",1217976060,1485068256,267092196,117116005.3490
"Bourne ultimatum",1217976060,1218316320,340260,117116005.3490
"Bourne ultimatum",1217976900,1485068256,267091356,117116005.3490
"Bourne ultimatum",1217976900,1219275240,1298340,117116005.3490
"Bourne ultimatum",1217977740,1485068256,267090516,117116005.3490
"Bourne ultimatum",1217977740,1218223920,246180,117116005.3490
"Bourne ultimatum",1217980320,1485068256,267087936,117116005.3490
"Bourne ultimatum",1217980320,1218306780,326460,117116005.3490
"Bourne ultimatum",1217981460,1485068256,267086796,117116005.3490
"Bourne ultimatum",1217985120,1485068256,267083136,117116005.3490
"Bourne ultimatum",1217985120,1218406560,421440,117116005.3490
"Bourne ultimatum",1217985960,1485068256,267082296,117116005.3490
"Bourne ultimatum",1217985960,1218504000,518040,117116005.3490
"Bourne ultimatum",1217990700,1485068256,267077556,117116005.3490
"Bourne ultimatum",1217991000,1485068256,267077256,117116005.3490
"Bourne ultimatum",1217991000,1218504000,513000,117116005.3490
"Bourne ultimatum",1217991540,1485068256,267076716,117116005.3490
"Bourne ultimatum",1217991540,1218063600,72060,117116005.3490
"Bourne ultimatum",1218043620,1485068256,267024636,117116005.3490
"Bourne ultimatum",1218052020,1485068256,267016236,117116005.3490
"Bourne ultimatum",1218053940,1485068256,267014316,117116005.3490
"Bourne ultimatum",1218053940,1219365780,1311840,117116005.3490
"Bourne ultimatum",1218055680,1485068256,267012576,117116005.3490
"Bourne ultimatum",1218055680,1218841560,785880,117116005.3490
"Bourne ultimatum",1218056040,1485068256,267012216,117116005.3490
"Bourne ultimatum",1218056040,1218486840,430800,117116005.3490
"Bourne ultimatum",1218059640,1485068256,267008616,117116005.3490
"Bourne ultimatum",1218061800,1485068256,267006456,117116005.3490
"Bourne ultimatum",1218061800,1218142800,81000,117116005.3490
"Bourne ultimatum",1218062820,1485068256,267005436,117116005.3490
"Bourne ultimatum",1218062820,1218584700,521880,117116005.3490
"Bourne ultimatum",1218064980,1485068256,267003276,117116005.3490
"Bourne ultimatum",1218064980,1218233340,168360,117116005.3490
"Bourne ultimatum",1218065580,1485068256,267002676,117116005.3490
"Bourne ultimatum",1218065580,1218579180,513600,117116005.3490
"Bourne ultimatum",1218065700,1485068256,267002556,117116005.3490
"Bourne ultimatum",1218065700,1218675240,609540,117116005.3490
"Bourne ultimatum",1218065820,1485068256,267002436,117116005.3490
"Bourne ultimatum",1218065820,1218492840,427020,117116005.3490
"Bourne ultimatum",1218067560,1485068256,267000696,117116005.3490
"Bourne ultimatum",1218069000,1485068256,266999256,117116005.3490
"Bourne ultimatum",1218069000,1218498000,429000,117116005.3490
"Bourne ultimatum",1218069300,1485068256,266998956,117116005.3490
"Bourne ultimatum",1218069300,1219192920,1123620,117116005.3490
"Bourne ultimatum",1218071520,1485068256,266996736,117116005.3490
"Bourne ultimatum",1218071520,1218506820,435300,117116005.3490
"Bourne ultimatum",1218074820,1485068256,266993436,117116005.3490
"Bourne ultimatum",1218074820,1219198200,1123380,117116005.3490
"Bourne ultimatum",1218075480,1485068256,266992776,117116005.3490
"Bourne ultimatum",1218130560,1485068256,266937696,117116005.3490
"Bourne ultimatum",1218130560,1220055120,1924560,117116005.3490
"Bourne ultimatum",1218137580,1485068256,266930676,117116005.3490
"Bourne ultimatum",1218137580,1219113360,975780,117116005.3490
"Bourne ultimatum",1218137700,1485068256,266930556,117116005.3490
"Bourne ultimatum",1218137700,1219270140,1132440,117116005.3490
"Bourne ultimatum",1218141300,1485068256,266926956,117116005.3490
"Bourne ultimatum",1218144480,1485068256,266923776,117116005.3490
"Bourne ultimatum",1218144480,1218662400,517920,117116005.3490
"Bourne ultimatum",1218144720,1485068256,266923536,117116005.3490
"Bourne ultimatum",1218144720,1218327240,182520,117116005.3490
"Bourne ultimatum",1218144720,1218744060,599340,117116005.3490
"Bourne ultimatum",1218150480,1485068256,266917776,117116005.3490
"Bourne ultimatum",1218150480,1218491460,340980,117116005.3490
"Bourne ultimatum",1218151680,1485068256,266916576,117116005.3490
"Bourne ultimatum",1218151680,1218328080,176400,117116005.3490
"Bourne ultimatum",1218215640,1485068256,266852616,117116005.3490
"Bourne ultimatum",1218217020,1485068256,266851236,117116005.3490
"Bourne ultimatum",1218217020,1220660220,2443200,117116005.3490
"Bourne ultimatum",1218218220,1485068256,266850036,117116005.3490
"Bourne ultimatum",1218218220,1221243840,3025620,117116005.3490
"Bourne ultimatum",1218220080,1485068256,266848176,117116005.3490
"Bourne ultimatum",1218220080,1219363140,1143060,117116005.3490
"Bourne ultimatum",1218220620,1485068256,266847636,117116005.3490
"Bourne ultimatum",1218220620,1219272420,1051800,117116005.3490
"Bourne ultimatum",1218223260,1485068256,266844996,117116005.3490
"Bourne ultimatum",1218223260,1218920760,697500,117116005.3490
"Bourne ultimatum",1218227760,1485068256,266840496,117116005.3490
"Bourne ultimatum",1218227760,1219946580,1718820,117116005.3490
"Bourne ultimatum",1218230160,1485068256,266838096,117116005.3490
"Bourne ultimatum",1218230160,1218583500,353340,117116005.3490
"Bourne ultimatum",1218231720,1485068256,266836536,117116005.3490
"Bourne ultimatum",1218231720,1219273440,1041720,117116005.3490
"Bourne ultimatum",1218231780,1485068256,266836476,117116005.3490
"Bourne ultimatum",1218231780,1218651360,419580,117116005.3490
"Bourne ultimatum",1218239640,1485068256,266828616,117116005.3490
"Bourne ultimatum",1218240060,1485068256,266828196,117116005.3490
"Bourne ultimatum",1218240060,1219180440,940380,117116005.3490
"Bourne ultimatum",1218240900,1485068256,266827356,117116005.3490
"Bourne ultimatum",1218240900,1218656340,415440,117116005.3490
"Bourne ultimatum",1218243120,1485068256,266825136,117116005.3490
"Bourne ultimatum",1218243120,1218926160,683040,117116005.3490
"Bourne ultimatum",1218303180,1485068256,266765076,117116005.3490
"Bourne ultimatum",1218303180,1218738420,435240,117116005.3490
"Bourne ultimatum",1218307260,1485068256,266760996,117116005.3490
"Bourne ultimatum",1218307260,1218651480,344220,117116005.3490
"Bourne ultimatum",1218308400,1485068256,266759856,117116005.3490
"Bourne ultimatum",1218308400,1219198440,890040,117116005.3490
"Bourne ultimatum",1218308460,1485068256,266759796,117116005.3490
"Bourne ultimatum",1218308460,1219013460,705000,117116005.3490
"Bourne ultimatum",1218309240,1485068256,266759016,117116005.3490
"Bourne ultimatum",1218309240,1220398080,2088840,117116005.3490
"Bourne ultimatum",1218309720,1485068256,266758536,117116005.3490
"Bourne ultimatum",1218309720,1218748860,439140,117116005.3490
"Bourne ultimatum",1218312480,1485068256,266755776,117116005.3490
"Bourne ultimatum",1218312480,1219108800,796320,117116005.3490
"Bourne ultimatum",1218312780,1485068256,266755476,117116005.3490
"Bourne ultimatum",1218312780,1218765780,453000,117116005.3490
"Bourne ultimatum",1218312960,1485068256,266755296,117116005.3490
"Bourne ultimatum",1218312960,1221701040,3388080,117116005.3490
"Bourne ultimatum",1218312960,1222712460,4399500,117116005.3490
"Bourne ultimatum",1218312960,1227402120,9089160,117116005.3490
"Bourne ultimatum",1218312960,1227558780,9245820,117116005.3490
"Bourne ultimatum",1218312960,1229893020,11580060,117116005.3490
"Bourne ultimatum",1218312960,1230073800,11760840,117116005.3490
"Bourne ultimatum",1218313020,1485068256,266755236,117116005.3490
"Bourne ultimatum",1218313020,1219193760,880740,117116005.3490
"Bourne ultimatum",1218314640,1485068256,266753616,117116005.3490
"Bourne ultimatum",1218314940,1485068256,266753316,117116005.3490
"Bourne ultimatum",1218314940,1219355460,1040520,117116005.3490
"Bourne ultimatum",1218315840,1485068256,266752416,117116005.3490
"Bourne ultimatum",1218315840,1221160140,2844300,117116005.3490
"Bourne ultimatum",1218316620,1485068256,266751636,117116005.3490
"Bourne ultimatum",1218316980,1485068256,266751276,117116005.3490
"Bourne ultimatum",1218316980,1485068256,266751276,117116005.3490
"Bourne ultimatum",1218316980,1219107960,790980,117116005.3490
"Bourne ultimatum",1218316980,1219797780,1480800,117116005.3490
"Bourne ultimatum",1218317700,1485068256,266750556,117116005.3490
"Bourne ultimatum",1218317700,1218839100,521400,117116005.3490
"Bourne ultimatum",1218319620,1485068256,266748636,117116005.3490
"Bourne ultimatum",1218319620,1219268220,948600,117116005.3490
"Bourne ultimatum",1218319620,1219427040,1107420,117116005.3490
"Bourne ultimatum",1218319620,1219510620,1191000,117116005.3490
"Bourne ultimatum",1218321360,1485068256,266746896,117116005.3490
"Bourne ultimatum",1218321360,1218841860,520500,117116005.3490
"Bourne ultimatum",1218322080,1485068256,266746176,117116005.3490
"Bourne ultimatum",1218322080,1218581220,259140,117116005.3490
"Bourne ultimatum",1218328860,1485068256,266739396,117116005.3490
"Bourne ultimatum",1218329880,1485068256,266738376,117116005.3490
"Bourne ultimatum",1218329880,1221099780,2769900,117116005.3490
"Bourne ultimatum",1218398400,1485068256,266669856,117116005.3490
"Bourne ultimatum",1218403680,1485068256,266664576,117116005.3490
"Bourne ultimatum",1218407880,1485068256,266660376,117116005.3490
"Bourne ultimatum",1218407880,1219010100,602220,117116005.3490
"Bourne ultimatum",1218411120,1485068256,266657136,117116005.3490
"Bourne ultimatum",1218411120,1220489160,2078040,117116005.3490
"Bourne ultimatum",1218486360,1485068256,266581896,117116005.3490
"Bourne ultimatum",1218486540,1485068256,266581716,117116005.3490
"Bourne ultimatum",1218486540,1219274160,787620,117116005.3490
"Bourne ultimatum",1218486660,1485068256,266581596,117116005.3490
"Bourne ultimatum",1218486660,1219609080,1122420,117116005.3490
"Bourne ultimatum",1218488700,1485068256,266579556,117116005.3490
"Bourne ultimatum",1218488700,1219434900,946200,117116005.3490
"Bourne ultimatum",1218488820,1485068256,266579436,117116005.3490
"Bourne ultimatum",1218489060,1485068256,266579196,117116005.3490
"Bourne ultimatum",1218489060,1222198560,3709500,117116005.3490
"Bourne ultimatum",1218489480,1485068256,266578776,117116005.3490
"Bourne ultimatum",1218489480,1220488500,1999020,117116005.3490
"Bourne ultimatum",1218489840,1485068256,266578416,117116005.3490
"Bourne ultimatum",1218489840,1222899960,4410120,117116005.3490
"Bourne ultimatum",1218489960,1485068256,266578296,117116005.3490
"Bourne ultimatum",1218489960,1219696740,1206780,117116005.3490
"Bourne ultimatum",1218490200,1485068256,266578056,117116005.3490
"Bourne ultimatum",1218490200,1218591240,101040,117116005.3490
"Bourne ultimatum",1218491700,1485068256,266576556,117116005.3490
"Bourne ultimatum",1218491700,1219281420,789720,117116005.3490
"Bourne ultimatum",1218492540,1485068256,266575716,117116005.3490
"Bourne ultimatum",1218492540,1219883640,1391100,117116005.3490
"Bourne ultimatum",1218492720,1485068256,266575536,117116005.3490
"Bourne ultimatum",1218492720,1219719000,1226280,117116005.3490
"Bourne ultimatum",1218492720,1219781760,1289040,117116005.3490
"Bourne ultimatum",1218493740,1485068256,266574516,117116005.3490
"Bourne ultimatum",1218493740,1218921420,427680,117116005.3490
"Bourne ultimatum",1218494580,1485068256,266573676,117116005.3490
"Bourne ultimatum",1218494580,1219521900,1027320,117116005.3490
"Bourne ultimatum",1218494940,1485068256,266573316,117116005.3490
"Bourne ultimatum",1218494940,1218678840,183900,117116005.3490
"Bourne ultimatum",1218494940,1218823800,328860,117116005.3490
"Bourne ultimatum",1218496860,1485068256,266571396,117116005.3490
"Bourne ultimatum",1218498540,1485068256,266569716,117116005.3490
"Bourne ultimatum",1218498540,1219109100,610560,117116005.3490
"Bourne ultimatum",1218502680,1485068256,266565576,117116005.3490
"Bourne ultimatum",1218502680,1219284900,782220,117116005.3490
"Bourne ultimatum",1218504720,1485068256,266563536,117116005.3490
"Bourne ultimatum",1218504720,1485068256,266563536,117116005.3490
"Bourne ultimatum",1218504720,1219001100,496380,117116005.3490
"Bourne ultimatum",1218504720,1220222940,1718220,117116005.3490
"Bourne ultimatum",1218505140,1485068256,266563116,117116005.3490
"Bourne ultimatum",1218505140,1218750600,245460,117116005.3490
"Bourne ultimatum",1218507420,1485068256,266560836,117116005.3490
"Bourne ultimatum",1218507420,1220667000,2159580,117116005.3490
"Bourne ultimatum",1218509340,1485068256,266558916,117116005.3490
"Bourne ultimatum",1218509340,1222042980,3533640,117116005.3490
"Bourne ultimatum",1218576840,1485068256,266491416,117116005.3490
"Bourne ultimatum",1218576840,1218759720,182880,117116005.3490
"Bourne ultimatum",1218576840,1218949680,372840,117116005.3490
"Bourne ultimatum",1218577980,1485068256,266490276,117116005.3490
"Bourne ultimatum",1218577980,1220050500,1472520,117116005.3490
"Bourne ultimatum",1218579960,1485068256,266488296,117116005.3490
"Bourne ultimatum",1218579960,1219795740,1215780,117116005.3490
"Bourne ultimatum",1218580320,1485068256,266487936,117116005.3490
"Bourne ultimatum",1218580320,1219702500,1122180,117116005.3490
"Bourne ultimatum",1218581100,1485068256,266487156,117116005.3490
"Bourne ultimatum",1218581100,1219718580,1137480,117116005.3490
"Bourne ultimatum",1218582720,1485068256,266485536,117116005.3490
"Bourne ultimatum",1218582720,1219788540,1205820,117116005.3490
"Bourne ultimatum",1218582900,1485068256,266485356,117116005.3490
"Bourne ultimatum",1218582900,1218662640,79740,117116005.3490
"Bourne ultimatum",1218583680,1485068256,266484576,117116005.3490
"Bourne ultimatum",1218583680,1218589020,5340,117116005.3490
"Bourne ultimatum",1218588600,1485068256,266479656,117116005.3490
"Bourne ultimatum",1218588600,1218823920,235320,117116005.3490
"Bourne ultimatum",1218590220,1485068256,266478036,117116005.3490
"Bourne ultimatum",1218591300,1485068256,266476956,117116005.3490
"Bourne ultimatum",1218592500,1485068256,266475756,117116005.3490
"Bourne ultimatum",1218592500,1220477340,1884840,117116005.3490
"Bourne ultimatum",1218652020,1485068256,266416236,117116005.3490
"Bourne ultimatum",1218652860,1485068256,266415396,117116005.3490
"Bourne ultimatum",1218652860,1219349580,696720,117116005.3490
"Bourne ultimatum",1218655500,1485068256,266412756,117116005.3490
"Bourne ultimatum",1218655500,1218735600,80100,117116005.3490
"Bourne ultimatum",1218658380,1485068256,266409876,117116005.3490
"Bourne ultimatum",1218658380,1219429560,771180,117116005.3490
"Bourne ultimatum",1218661620,1485068256,266406636,117116005.3490
"Bourne ultimatum",1218663240,1485068256,266405016,117116005.3490
"Bourne ultimatum",1218663240,1219177740,514500,117116005.3490
"Bourne ultimatum",1218664380,1485068256,266403876,117116005.3490
"Bourne ultimatum",1218664380,1219875780,1211400,117116005.3490
"Bourne ultimatum",1218667380,1485068256,266400876,117116005.3490
"Bourne ultimatum",1218667380,1219446360,778980,117116005.3490
"Bourne ultimatum",1218668700,1485068256,266399556,117116005.3490
"Bourne ultimatum",1218672660,1485068256,266395596,117116005.3490
"Bourne ultimatum",1218672660,1219200480,527820,117116005.3490
"Bourne ultimatum",1218674460,1485068256,266393796,117116005.3490
"Bourne ultimatum",1218674460,1219198980,524520,117116005.3490
"Bourne ultimatum",1218674760,1485068256,266393496,117116005.3490
"Bourne ultimatum",1218680460,1485068256,266387796,117116005.3490
"Bourne ultimatum",1218680460,1219520280,839820,117116005.3490
"Bourne ultimatum",1218734100,1485068256,266334156,117116005.3490
"Bourne ultimatum",1218734100,1219344240,610140,117116005.3490
"Bourne ultimatum",1218735180,1485068256,266333076,117116005.3490
"Bourne ultimatum",1218735180,1219112700,377520,117116005.3490
"Bourne ultimatum",1218737700,1485068256,266330556,117116005.3490
"Bourne ultimatum",1218737700,1218820140,82440,117116005.3490
"Bourne ultimatum",1218741240,1485068256,266327016,117116005.3490
"Bourne ultimatum",1218741240,1219177560,436320,117116005.3490
"Bourne ultimatum",1218749280,1485068256,266318976,117116005.3490
"Bourne ultimatum",1218749280,1219354380,605100,117116005.3490
"Bourne ultimatum",1218754140,1485068256,266314116,117116005.3490
"Bourne ultimatum",1218754140,1219425180,671040,117116005.3490
"Bourne ultimatum",1218754140,1219513320,759180,117116005.3490
"Bourne ultimatum",1218755280,1485068256,266312976,117116005.3490
"Bourne ultimatum",1218755280,1219704660,949380,117116005.3490
"Bourne ultimatum",1218757800,1485068256,266310456,117116005.3490
"Bourne ultimatum",1218766140,1485068256,266302116,117116005.3490
"Bourne ultimatum",1218766140,1218914280,148140,117116005.3490
"Bourne ultimatum",1218814320,1485068256,266253936,117116005.3490
"Bourne ultimatum",1218814320,1221510180,2695860,117116005.3490
"Bourne ultimatum",1218825060,1485068256,266243196,117116005.3490
"Bourne ultimatum",1218834600,1485068256,266233656,117116005.3490
"Bourne ultimatum",1218834600,1218929220,94620,117116005.3490
"Bourne ultimatum",1218836160,1485068256,266232096,117116005.3490
"Bourne ultimatum",1218836160,1219351500,515340,117116005.3490
"Bourne ultimatum",1218838800,1485068256,266229456,117116005.3490
"Bourne ultimatum",1218841200,1485068256,266227056,117116005.3490
"Bourne ultimatum",1218841200,1219005420,164220,117116005.3490
"Bourne ultimatum",1218841440,1485068256,266226816,117116005.3490
"Bourne ultimatum",1218841440,1222308180,3466740,117116005.3490
"Bourne ultimatum",1218841620,1485068256,266226636,117116005.3490
"Bourne ultimatum",1218841620,1218914340,72720,117116005.3490
"Bourne ultimatum",1218841800,1485068256,266226456,117116005.3490
"Bourne ultimatum",1218841800,1220400000,1558200,117116005.3490
"Bourne ultimatum",1218843420,1485068256,266224836,117116005.3490
"Bourne ultimatum",1218843420,1220054820,1211400,117116005.3490
"Bourne ultimatum",1218844080,1485068256,266224176,117116005.3490
"Bourne ultimatum",1218847740,1485068256,266220516,117116005.3490
"Bourne ultimatum",1218906720,1485068256,266161536,117116005.3490
"Bourne ultimatum",1218906720,1219177320,270600,117116005.3490
"Bourne ultimatum",1218910800,1485068256,266157456,117116005.3490
"Bourne ultimatum",1218910800,1220217840,1307040,117116005.3490
"Bourne ultimatum",1218910860,1485068256,266157396,117116005.3490
"Bourne ultimatum",1218911820,1485068256,266156436,117116005.3490
"Bourne ultimatum",1218911820,1220493540,1581720,117116005.3490
"Bourne ultimatum",1218912060,1485068256,266156196,117116005.3490
"Bourne ultimatum",1218912060,1219442340,530280,117116005.3490
"Bourne ultimatum",1218913440,1485068256,266154816,117116005.3490
"Bourne ultimatum",1218913680,1485068256,266154576,117116005.3490
"Bourne ultimatum",1218913680,1220225940,1312260,117116005.3490
"Bourne ultimatum",1218919080,1485068256,266149176,117116005.3490
"Bourne ultimatum",1218919080,1219612320,693240,117116005.3490
"Bourne ultimatum",1218921660,1485068256,266146596,117116005.3490
"Bourne ultimatum",1218921660,1219533120,611460,117116005.3490
"Bourne ultimatum",1218921660,1219774860,853200,117116005.3490
"Bourne ultimatum",1218928320,1485068256,266139936,117116005.3490
"Bourne ultimatum",1218928320,1220404860,1476540,117116005.3490
"Bourne ultimatum",1218931440,1485068256,266136816,117116005.3490
"Bourne ultimatum",1218931440,1220222100,1290660,117116005.3490
"Bourne ultimatum",1218933120,1485068256,266135136,117116005.3490
"Bourne ultimatum",1218933120,1219195560,262440,117116005.3490
"Bourne ultimatum",1218933240,1485068256,266135016,117116005.3490
"Bourne ultimatum",1218933240,1220659920,1726680,117116005.3490
"Bourne ultimatum",1219002120,1485068256,266066136,117116005.3490
"Bourne ultimatum",1219003380,1485068256,266064876,117116005.3490
"Bourne ultimatum",1219003380,1219713240,709860,117116005.3490
"Bourne ultimatum",1219003860,1485068256,266064396,117116005.3490
"Bourne ultimatum",1219003860,1219716360,712500,117116005.3490
"Bourne ultimatum",1219005120,1485068256,266063136,117116005.3490
"Bourne ultimatum",1219010160,1485068256,266058096,117116005.3490
"Bourne ultimatum",1219012380,1485068256,266055876,117116005.3490
"Bourne ultimatum",1219012380,1219093680,81300,117116005.3490
"Bourne ultimatum",1219016040,1485068256,266052216,117116005.3490
"Bourne ultimatum",1219016040,1220384520,1368480,117116005.3490
"Bourne ultimatum",1219016400,1485068256,266051856,117116005.3490
"Bourne ultimatum",1219016400,1219619160,602760,117116005.3490
"Bourne ultimatum",1219091460,1485068256,265976796,117116005.3490
"Bourne ultimatum",1219091460,1220393220,1301760,117116005.3490
"Bourne ultimatum",1219092000,1485068256,265976256,117116005.3490
"Bourne ultimatum",1219092720,1485068256,265975536,117116005.3490
"Bourne ultimatum",1219092720,1219798740,706020,117116005.3490
"Bourne ultimatum",1219093620,1485068256,265974636,117116005.3490
"Bourne ultimatum",1219093620,1219872060,778440,117116005.3490
"Bourne ultimatum",1219093620,1220119080,1025460,117116005.3490
"Bourne ultimatum",1219097100,1485068256,265971156,117116005.3490
"Bourne ultimatum",1219097100,1220470140,1373040,117116005.3490
"Bourne ultimatum",1219097880,1485068256,265970376,117116005.3490
"Bourne ultimatum",1219101600,1485068256,265966656,117116005.3490
"Bourne ultimatum",1219101600,1219365240,263640,117116005.3490
"Bourne ultimatum",1219102560,1485068256,265965696,117116005.3490
"Bourne ultimatum",1219102560,1224140400,5037840,117116005.3490
"Bourne ultimatum",1219103520,1485068256,265964736,117116005.3490
"Bourne ultimatum",1219113240,1485068256,265955016,117116005.3490
"Bourne ultimatum",1219113240,1220127600,1014360,117116005.3490
"Bourne ultimatum",1219114020,1485068256,265954236,117116005.3490
"Bourne ultimatum",1219178400,1485068256,265889856,117116005.3490
"Bourne ultimatum",1219183500,1485068256,265884756,117116005.3490
"Bourne ultimatum",1219183500,1220893740,1710240,117116005.3490
"Bourne ultimatum",1219184160,1485068256,265884096,117116005.3490
"Bourne ultimatum",1219184160,1220400000,1215840,117116005.3490
"Bourne ultimatum",1219186620,1485068256,265881636,117116005.3490
"Bourne ultimatum",1219186620,1219357980,171360,117116005.3490
"Bourne ultimatum",1219188360,1485068256,265879896,117116005.3490
"Bourne ultimatum",1219188360,1219713780,525420,117116005.3490
"Bourne ultimatum",1219190040,1485068256,265878216,117116005.3490
"Bourne ultimatum",1219192740,1485068256,265875516,117116005.3490
"Bourne ultimatum",1219192980,1485068256,265875276,117116005.3490
"Bourne ultimatum",1219192980,1219534140,341160,117116005.3490
"Bourne ultimatum",1219197180,1485068256,265871076,117116005.3490
"Bourne ultimatum",1219197180,1222825320,3628140,117116005.3490
"Bourne ultimatum",1219198860,1485068256,265869396,117116005.3490
"Bourne ultimatum",1219200600,1485068256,265867656,117116005.3490
"Bourne ultimatum",1219200600,1221167340,1966740,117116005.3490
"Bourne ultimatum",1219254060,1485068256,265814196,117116005.3490
"Bourne ultimatum",1219254060,1219620600,366540,117116005.3490
"Bourne ultimatum",1219255020,1485068256,265813236,117116005.3490
"Bourne ultimatum",1219255020,1219861800,606780,117116005.3490
"Bourne ultimatum",1219256040,1485068256,265812216,117116005.3490
"Bourne ultimatum",1219257360,1485068256,265810896,117116005.3490
"Bourne ultimatum",1219257360,1219346640,89280,117116005.3490
"Bourne ultimatum",1219260240,1485068256,265808016,117116005.3490
"Bourne ultimatum",1219260240,1219962360,702120,117116005.3490
"Bourne ultimatum",1219261920,1485068256,265806336,117116005.3490
"Bourne ultimatum",1219261920,1220579760,1317840,117116005.3490
"Bourne ultimatum",1219262040,1485068256,265806216,117116005.3490
"Bourne ultimatum",1219262040,1219510860,248820,117116005.3490
"Bourne ultimatum",1219265760,1485068256,265802496,117116005.3490
"Bourne ultimatum",1219268100,1485068256,265800156,117116005.3490
"Bourne ultimatum",1219268100,1220476740,1208640,117116005.3490
"Bourne ultimatum",1219268160,1485068256,265800096,117116005.3490
"Bourne ultimatum",1219268160,1219787580,519420,117116005.3490
"Bourne ultimatum",1219268160,1219872660,604500,117116005.3490
"Bourne ultimatum",1219270200,1485068256,265798056,117116005.3490
"Bourne ultimatum",1219270200,1220478120,1207920,117116005.3490
"Bourne ultimatum",1219271880,1485068256,265796376,117116005.3490
"Bourne ultimatum",1219272000,1485068256,265796256,117116005.3490
"Bourne ultimatum",1219272000,1240615860,21343860,117116005.3490
"Bourne ultimatum",1219273860,1485068256,265794396,117116005.3490
"Bourne ultimatum",1219273860,1219710540,436680,117116005.3490
"Bourne ultimatum",1219277880,1485068256,265790376,117116005.3490
"Bourne ultimatum",1219279680,1485068256,265788576,117116005.3490
"Bourne ultimatum",1219284540,1485068256,265783716,117116005.3490
"Bourne ultimatum",1219285080,1485068256,265783176,117116005.3490
"Bourne ultimatum",1219285080,1221339600,2054520,117116005.3490
"Bourne ultimatum",1219286040,1485068256,265782216,117116005.3490
"Bourne ultimatum",1219286040,1485068256,265782216,117116005.3490
"Bourne ultimatum",1219286040,1224966780,5680740,117116005.3490
"Bourne ultimatum",1219339440,1485068256,265728816,117116005.3490
"Bourne ultimatum",1219339440,1219952280,612840,117116005.3490
"Bourne ultimatum",1219340520,1485068256,265727736,117116005.3490
"Bourne ultimatum",1219343340,1485068256,265724916,117116005.3490
"Bourne ultimatum",1219343340,1220567160,1223820,117116005.3490
"Bourne ultimatum",1219344540,1485068256,265723716,117116005.3490
"Bourne ultimatum",1219344540,1223075940,3731400,117116005.3490
"Bourne ultimatum",1219345320,1485068256,265722936,117116005.3490
"Bourne ultimatum",1219345320,1220399640,1054320,117116005.3490
"Bourne ultimatum",1219349820,1485068256,265718436,117116005.3490
"Bourne ultimatum",1219349820,1222119420,2769600,117116005.3490
"Bourne ultimatum",1219351140,1485068256,265717116,117116005.3490
"Bourne ultimatum",1219351140,1219869840,518700,117116005.3490
"Bourne ultimatum",1219352220,1485068256,265716036,117116005.3490
"Bourne ultimatum",1219352220,1220646840,1294620,117116005.3490
"Bourne ultimatum",1219353840,1485068256,265714416,117116005.3490
"Bourne ultimatum",1219353840,1220049300,695460,117116005.3490
"Bourne ultimatum",1219354020,1485068256,265714236,117116005.3490
"Bourne ultimatum",1219354020,1220997420,1643400,117116005.3490
"Bourne ultimatum",1219354080,1485068256,265714176,117116005.3490
"Bourne ultimatum",1219354080,1220581260,1227180,117116005.3490
"Bourne ultimatum",1219355040,1485068256,265713216,117116005.3490
"Bourne ultimatum",1219355040,1220402280,1047240,117116005.3490
"Bourne ultimatum",1219355640,1485068256,265712616,117116005.3490
"Bourne ultimatum",1219360980,1485068256,265707276,117116005.3490
"Bourne ultimatum",1219360980,1219533780,172800,117116005.3490
"Bourne ultimatum",1219366500,1485068256,265701756,117116005.3490
"Bourne ultimatum",1219366500,1220401860,1035360,117116005.3490
"Bourne ultimatum",1219427820,1485068256,265640436,117116005.3490
"Bourne ultimatum",1219427820,1220751780,1323960,117116005.3490
"Bourne ultimatum",1219429500,1485068256,265638756,117116005.3490
"Bourne ultimatum",1219429500,1220399940,970440,117116005.3490
"Bourne ultimatum",1219431720,1485068256,265636536,117116005.3490
"Bourne ultimatum",1219431720,1219797900,366180,117116005.3490
"Bourne ultimatum",1219440060,1485068256,265628196,117116005.3490
"Bourne ultimatum",1219440060,1222135320,2695260,117116005.3490
"Bourne ultimatum",1219444980,1485068256,265623276,117116005.3490
"Bourne ultimatum",1219444980,1222991460,3546480,117116005.3490
"Bourne ultimatum",1219445640,1485068256,265622616,117116005.3490
"Bourne ultimatum",1219445640,1221689040,2243400,117116005.3490
"Bourne ultimatum",1219445940,1485068256,265622316,117116005.3490
"Bourne ultimatum",1219445940,1219446120,180,117116005.3490
"Bourne ultimatum",1219446180,1485068256,265622076,117116005.3490
"Bourne ultimatum",1219449900,1485068256,265618356,117116005.3490
"Bourne ultimatum",1219449900,1220408580,958680,117116005.3490
"Bourne ultimatum",1219450200,1485068256,265618056,117116005.3490
"Bourne ultimatum",1219450200,1219608900,158700,117116005.3490
"Bourne ultimatum",1219452600,1485068256,265615656,117116005.3490
"Bourne ultimatum",1219452600,1220660820,1208220,117116005.3490
"Bourne ultimatum",1219453020,1485068256,265615236,117116005.3490
"Bourne ultimatum",1219511100,1485068256,265557156,117116005.3490
"Bourne ultimatum",1219511100,1220140260,629160,117116005.3490
"Bourne ultimatum",1219512660,1485068256,265555596,117116005.3490
"Bourne ultimatum",1219520100,1485068256,265548156,117116005.3490
"Bourne ultimatum",1219520100,1219695300,175200,117116005.3490
"Bourne ultimatum",1219523280,1485068256,265544976,117116005.3490
"Bourne ultimatum",1219523280,1220736720,1213440,117116005.3490
"Bourne ultimatum",1219525980,1485068256,265542276,117116005.3490
"Bourne ultimatum",1219525980,1220648040,1122060,117116005.3490
"Bourne ultimatum",1219527900,1485068256,265540356,117116005.3490
"Bourne ultimatum",1219527900,1220733060,1205160,117116005.3490
"Bourne ultimatum",1219529580,1485068256,265538676,117116005.3490
"Bourne ultimatum",1219529580,1219789260,259680,117116005.3490
"Bourne ultimatum",1219529580,1219852920,323340,117116005.3490
"Bourne ultimatum",1219529580,1219863840,334260,117116005.3490
"Bourne ultimatum",1219529580,1219942920,413340,117116005.3490
"Bourne ultimatum",1219530540,1485068256,265537716,117116005.3490
"Bourne ultimatum",1219530540,1219538700,8160,117116005.3490
"Bourne ultimatum",1219534500,1485068256,265533756,117116005.3490
"Bourne ultimatum",1219534500,1220137260,602760,117116005.3490
"Bourne ultimatum",1219536420,1485068256,265531836,117116005.3490
"Bourne ultimatum",1219536900,1485068256,265531356,117116005.3490
"Bourne ultimatum",1219536900,1219619220,82320,117116005.3490
"Bourne ultimatum",1219536960,1485068256,265531296,117116005.3490
"Bourne ultimatum",1219536960,1220056680,519720,117116005.3490
"Bourne ultimatum",1219537320,1485068256,265530936,117116005.3490
"Bourne ultimatum",1219537320,1219699500,162180,117116005.3490
"Bourne ultimatum",1219608060,1485068256,265460196,117116005.3490
"Bourne ultimatum",1219608900,1485068256,265459356,117116005.3490
"Bourne ultimatum",1219608900,1220565120,956220,117116005.3490
"Bourne ultimatum",1219614960,1485068256,265453296,117116005.3490
"Bourne ultimatum",1219618020,1485068256,265450236,117116005.3490
"Bourne ultimatum",1219618020,1222716720,3098700,117116005.3490
"Bourne ultimatum",1219618260,1485068256,265449996,117116005.3490
"Bourne ultimatum",1219619280,1485068256,265448976,117116005.3490
"Bourne ultimatum",1219619700,1485068256,265448556,117116005.3490
"Bourne ultimatum",1219619700,1219796100,176400,117116005.3490
"Bourne ultimatum",1219620360,1485068256,265447896,117116005.3490
"Bourne ultimatum",1219620360,1220734680,1114320,117116005.3490
"Bourne ultimatum",1219621080,1485068256,265447176,117116005.3490
"Bourne ultimatum",1219621080,1220396640,775560,117116005.3490
"Bourne ultimatum",1219621080,1220562600,941520,117116005.3490
"Bourne ultimatum",1219624680,1485068256,265443576,117116005.3490
"Bourne ultimatum",1219624680,1220228940,604260,117116005.3490
"Bourne ultimatum",1219695720,1485068256,265372536,117116005.3490
"Bourne ultimatum",1219695720,1221325380,1629660,117116005.3490
"Bourne ultimatum",1219696800,1485068256,265371456,117116005.3490
"Bourne ultimatum",1219698900,1485068256,265369356,117116005.3490
"Bourne ultimatum",1219698900,1219881360,182460,117116005.3490
"Bourne ultimatum",1219699560,1485068256,265368696,117116005.3490
"Bourne ultimatum",1219699560,1220920440,1220880,117116005.3490
"Bourne ultimatum",1219701660,1485068256,265366596,117116005.3490
"Bourne ultimatum",1219702920,1485068256,265365336,117116005.3490
"Bourne ultimatum",1219704900,1485068256,265363356,117116005.3490
"Bourne ultimatum",1219704900,1219799040,94140,117116005.3490
"Bourne ultimatum",1219705740,1485068256,265362516,117116005.3490
"Bourne ultimatum",1219707480,1485068256,265360776,117116005.3490
"Bourne ultimatum",1219709760,1485068256,265358496,117116005.3490
"Bourne ultimatum",1219709760,1220399340,689580,117116005.3490
"Bourne ultimatum",1219712460,1485068256,265355796,117116005.3490
"Bourne ultimatum",1219712700,1485068256,265355556,117116005.3490
"Bourne ultimatum",1219712700,1220410560,697860,117116005.3490
"Bourne ultimatum",1219714500,1485068256,265353756,117116005.3490
"Bourne ultimatum",1219716840,1485068256,265351416,117116005.3490
"Bourne ultimatum",1219717140,1485068256,265351116,117116005.3490
"Bourne ultimatum",1219717140,1219802880,85740,117116005.3490
"Bourne ultimatum",1219781160,1485068256,265287096,117116005.3490
"Bourne ultimatum",1219781580,1485068256,265286676,117116005.3490
"Bourne ultimatum",1219781580,1221600180,1818600,117116005.3490
"Bourne ultimatum",1219781640,1485068256,265286616,117116005.3490
"Bourne ultimatum",1219781640,1221075660,1294020,117116005.3490
"Bourne ultimatum",1219786440,1485068256,265281816,117116005.3490
"Bourne ultimatum",1219786440,1221525300,1738860,117116005.3490
"Bourne ultimatum",1219788000,1485068256,265280256,117116005.3490
"Bourne ultimatum",1219788000,1220654760,866760,117116005.3490
"Bourne ultimatum",1219793520,1485068256,265274736,117116005.3490
"Bourne ultimatum",1219793520,1220122020,328500,117116005.3490
"Bourne ultimatum",1219794240,1485068256,265274016,117116005.3490
"Bourne ultimatum",1219794240,1219972140,177900,117116005.3490
"Bourne ultimatum",1219796760,1485068256,265271496,117116005.3490
"Bourne ultimatum",1219797780,1485068256,265270476,117116005.3490
"Bourne ultimatum",1219797780,1220822160,1024380,117116005.3490
"Bourne ultimatum",1219799940,1485068256,265268316,117116005.3490
"Bourne ultimatum",1219799940,1221864180,2064240,117116005.3490
"Bourne ultimatum",1219800000,1485068256,265268256,117116005.3490
"Bourne ultimatum",1219805880,1485068256,265262376,117116005.3490
"Bourne ultimatum",1219805880,1221002760,1196880,117116005.3490
"Bourne ultimatum",1219865700,1485068256,265202556,117116005.3490
"Bourne ultimatum",1219865700,1220049180,183480,117116005.3490
"Bourne ultimatum",1219866300,1485068256,265201956,117116005.3490
"Bourne ultimatum",1219871160,1485068256,265197096,117116005.3490
"Bourne ultimatum",1219871880,1485068256,265196376,117116005.3490
"Bourne ultimatum",1219871880,1220656020,784140,117116005.3490
"Bourne ultimatum",1219876980,1485068256,265191276,117116005.3490
"Bourne ultimatum",1219876980,1220474100,597120,117116005.3490
"Bourne ultimatum",1219878000,1485068256,265190256,117116005.3490
"Bourne ultimatum",1219878000,1220057340,179340,117116005.3490
"Bourne ultimatum",1219878000,1220387160,509160,117116005.3490
"Bourne ultimatum",1219885020,1485068256,265183236,117116005.3490
"Bourne ultimatum",1219885320,1485068256,265182936,117116005.3490
"Bourne ultimatum",1219885320,1220405400,520080,117116005.3490
"Bourne ultimatum",1219885740,1485068256,265182516,117116005.3490
"Bourne ultimatum",1219887060,1485068256,265181196,117116005.3490
"Bourne ultimatum",1219887060,1221100320,1213260,117116005.3490
"Bourne ultimatum",1219890120,1485068256,265178136,117116005.3490
"Bourne ultimatum",1219890120,1222471800,2581680,117116005.3490
"Bourne ultimatum",1219944660,1485068256,265123596,117116005.3490
"Bourne ultimatum",1219948500,1485068256,265119756,117116005.3490
"Bourne ultimatum",1219948500,1220138220,189720,117116005.3490
"Bourne ultimatum",1219954560,1485068256,265113696,117116005.3490
"Bourne ultimatum",1219954560,1223335320,3380760,117116005.3490
"Bourne ultimatum",1219954680,1485068256,265113576,117116005.3490
"Bourne ultimatum",1219954680,1221251340,1296660,117116005.3490
"Bourne ultimatum",1219956120,1485068256,265112136,117116005.3490
"Bourne ultimatum",1219956120,1221075480,1119360,117116005.3490
"Bourne ultimatum",1219960980,1485068256,265107276,117116005.3490
"Bourne ultimatum",1219960980,1221861360,1900380,117116005.3490
"Bourne ultimatum",1219963800,1485068256,265104456,117116005.3490
"Bourne ultimatum",1219963800,1220998860,1035060,117116005.3490
"Bourne ultimatum",1219964460,1485068256,265103796,117116005.3490
"Bourne ultimatum",1219964460,1221267000,1302540,117116005.3490
"Bourne ultimatum",1219971660,1485068256,265096596,117116005.3490
"Bourne ultimatum",1219973460,1485068256,265094796,117116005.3490
"Bourne ultimatum",1219974120,1485068256,265094136,117116005.3490
"Bourne ultimatum",1219974120,1222813500,2839380,117116005.3490
"Bourne ultimatum",1219974120,1223072220,3098100,117116005.3490
"Bourne ultimatum",1219974360,1485068256,265093896,117116005.3490
"Bourne ultimatum",1219974360,1220483160,508800,117116005.3490
"Bourne ultimatum",1219975320,1485068256,265092936,117116005.3490
"Bourne ultimatum",1219975320,1222394100,2418780,117116005.3490
"Bourne ultimatum",1219975440,1485068256,265092816,117116005.3490
"Bourne ultimatum",1219975440,1220392860,417420,117116005.3490
"Bourne ultimatum",1220034720,1485068256,265033536,117116005.3490
"Bourne ultimatum",1220034720,1223846040,3811320,117116005.3490
"Bourne ultimatum",1220037600,1485068256,265030656,117116005.3490
"Bourne ultimatum",1220038620,1485068256,265029636,117116005.3490
"Bourne ultimatum",1220038620,1220398740,360120,117116005.3490
"Bourne ultimatum",1220041800,1485068256,265026456,117116005.3490
"Bourne ultimatum",1220041800,1222300980,2259180,117116005.3490
"Bourne ultimatum",1220045460,1485068256,265022796,117116005.3490
"Bourne ultimatum",1220054580,1485068256,265013676,117116005.3490
"Bourne ultimatum",1220054580,1220658840,604260,117116005.3490
"Bourne ultimatum",1220055360,1485068256,265012896,117116005.3490
"Bourne ultimatum",1220123400,1485068256,264944856,117116005.3490
"Bourne ultimatum",1220123400,1220738100,614700,117116005.3490
"Bourne ultimatum",1220123580,1485068256,264944676,117116005.3490
"Bourne ultimatum",1220127240,1485068256,264941016,117116005.3490
"Bourne ultimatum",1220127240,1223155020,3027780,117116005.3490
"Bourne ultimatum",1220135280,1485068256,264932976,117116005.3490
"Bourne ultimatum",1220135280,1221937860,1802580,117116005.3490
"Bourne ultimatum",1220137560,1485068256,264930696,117116005.3490
"Bourne ultimatum",1220137560,1221341520,1203960,117116005.3490
"Bourne ultimatum",1220142900,1485068256,264925356,117116005.3490
"Bourne ultimatum",1220142900,1220408820,265920,117116005.3490
"Bourne ultimatum",1220143440,1485068256,264924816,117116005.3490
"Bourne ultimatum",1220144040,1485068256,264924216,117116005.3490
"Bourne ultimatum",1220144040,1220213520,69480,117116005.3490
"Bourne ultimatum",1220144160,1485068256,264924096,117116005.3490
"Bourne ultimatum",1220144160,1220907300,763140,117116005.3490
"Bourne ultimatum",1220209860,1485068256,264858396,117116005.3490
"Bourne ultimatum",1220213040,1485068256,264855216,117116005.3490
"Bourne ultimatum",1220213040,1220905020,691980,117116005.3490
"Bourne ultimatum",1220224680,1485068256,264843576,117116005.3490
"Bourne ultimatum",1220224680,1220576820,352140,117116005.3490
"Bourne ultimatum",1220386560,1485068256,264681696,117116005.3490
"Bourne ultimatum",1220388180,1485068256,264680076,117116005.3490
"Bourne ultimatum",1220388180,1221617520,1229340,117116005.3490
"Bourne ultimatum",1220389800,1485068256,264678456,117116005.3490
"Bourne ultimatum",1220389800,1222799220,2409420,117116005.3490
"Bourne ultimatum",1220392320,1485068256,264675936,117116005.3490
"Bourne ultimatum",1220392320,1220924640,532320,117116005.3490
"Bourne ultimatum",1220396160,1485068256,264672096,117116005.3490
"Bourne ultimatum",1220396160,1221617340,1221180,117116005.3490
"Bourne ultimatum",1220400120,1485068256,264668136,117116005.3490
"Bourne ultimatum",1220401200,1485068256,264667056,117116005.3490
"Bourne ultimatum",1220401200,1220824860,423660,117116005.3490
"Bourne ultimatum",1220401440,1485068256,264666816,117116005.3490
"Bourne ultimatum",1220401440,1222300620,1899180,117116005.3490
"Bourne ultimatum",1220403960,1485068256,264664296,117116005.3490
"Bourne ultimatum",1220403960,1220747460,343500,117116005.3490
"Bourne ultimatum",1220404680,1485068256,264663576,117116005.3490
"Bourne ultimatum",1220405460,1485068256,264662796,117116005.3490
"Bourne ultimatum",1220464920,1485068256,264603336,117116005.3490
"Bourne ultimatum",1220464920,1220733540,268620,117116005.3490
"Bourne ultimatum",1220473020,1485068256,264595236,117116005.3490
"Bourne ultimatum",1220473020,1221427380,954360,117116005.3490
"Bourne ultimatum",1220474340,1485068256,264593916,117116005.3490
"Bourne ultimatum",1220477880,1485068256,264590376,117116005.3490
"Bourne ultimatum",1220477880,1221778500,1300620,117116005.3490
"Bourne ultimatum",1220478780,1485068256,264589476,117116005.3490
"Bourne ultimatum",1220478780,1222126680,1647900,117116005.3490
"Bourne ultimatum",1220481660,1485068256,264586596,117116005.3490
"Bourne ultimatum",1220483100,1485068256,264585156,117116005.3490
"Bourne ultimatum",1220484660,1485068256,264583596,117116005.3490
"Bourne ultimatum",1220484660,1223345820,2861160,117116005.3490
"Bourne ultimatum",1220485620,1485068256,264582636,117116005.3490
"Bourne ultimatum",1220490180,1485068256,264578076,117116005.3490
"Bourne ultimatum",1220490180,1220828940,338760,117116005.3490
"Bourne ultimatum",1220491260,1485068256,264576996,117116005.3490
"Bourne ultimatum",1220491260,1221688920,1197660,117116005.3490
"Bourne ultimatum",1220553600,1485068256,264514656,117116005.3490
"Bourne ultimatum",1220553600,1220648520,94920,117116005.3490
"Bourne ultimatum",1220556600,1485068256,264511656,117116005.3490
"Bourne ultimatum",1220572140,1485068256,264496116,117116005.3490
"Bourne ultimatum",1220572140,1221090180,518040,117116005.3490
"Bourne ultimatum",1220574780,1485068256,264493476,117116005.3490
"Bourne ultimatum",1220575020,1485068256,264493236,117116005.3490
"Bourne ultimatum",1220575020,1224090180,3515160,117116005.3490
"Bourne ultimatum",1220576520,1485068256,264491736,117116005.3490
"Bourne ultimatum",1220576520,1221504780,928260,117116005.3490
"Bourne ultimatum",1220578200,1485068256,264490056,117116005.3490
"Bourne ultimatum",1220578200,1220822220,244020,117116005.3490
"Bourne ultimatum",1220580780,1485068256,264487476,117116005.3490
"Bourne ultimatum",1220581200,1485068256,264487056,117116005.3490
"Bourne ultimatum",1220581200,1221012660,431460,117116005.3490
"Bourne ultimatum",1220582640,1485068256,264485616,117116005.3490
"Bourne ultimatum",1220634480,1485068256,264433776,117116005.3490
"Bourne ultimatum",1220634480,1222967340,2332860,117116005.3490
"Bourne ultimatum",1220637600,1485068256,264430656,117116005.3490
"Bourne ultimatum",1220637600,1221073380,435780,117116005.3490
"Bourne ultimatum",1220638200,1485068256,264430056,117116005.3490
"Bourne ultimatum",1220638200,1221345240,707040,117116005.3490
"Bourne ultimatum",1220639280,1485068256,264428976,117116005.3490
"Bourne ultimatum",1220639280,1220923560,284280,117116005.3490
"Bourne ultimatum",1220640600,1485068256,264427656,117116005.3490
"Bourne ultimatum",1220641380,1485068256,264426876,117116005.3490
"Bourne ultimatum",1220641380,1222286460,1645080,117116005.3490
"Bourne ultimatum",1220641620,1485068256,264426636,117116005.3490
"Bourne ultimatum",1220641620,1221867180,1225560,117116005.3490
"Bourne ultimatum",1220650380,1485068256,264417876,117116005.3490
"Bourne ultimatum",1220650380,1223671500,3021120,117116005.3490
"Bourne ultimatum",1220651340,1485068256,264416916,117116005.3490
"Bourne ultimatum",1220652120,1485068256,264416136,117116005.3490
"Bourne ultimatum",1220656320,1485068256,264411936,117116005.3490
"Bourne ultimatum",1220656320,1224197880,3541560,117116005.3490
"Bourne ultimatum",1220659140,1485068256,264409116,117116005.3490
"Bourne ultimatum",1220659140,1485068256,264409116,117116005.3490
"Bourne ultimatum",1220659140,1220723100,63960,117116005.3490
"Bourne ultimatum",1220659140,1221683340,1024200,117116005.3490
"Bourne ultimatum",1220662020,1485068256,264406236,117116005.3490
"Bourne ultimatum",1220662020,1221094920,432900,117116005.3490
"Bourne ultimatum",1220662200,1485068256,264406056,117116005.3490
"Bourne ultimatum",1220662200,1221607080,944880,117116005.3490
"Bourne ultimatum",1220721240,1485068256,264347016,117116005.3490
"Bourne ultimatum",1220721240,1223160720,2439480,117116005.3490
"Bourne ultimatum",1220721900,1485068256,264346356,117116005.3490
"Bourne ultimatum",1220721900,1220814360,92460,117116005.3490
"Bourne ultimatum",1220722380,1221611280,888900,117116005.3490
"Bourne ultimatum",1220724000,1485068256,264344256,117116005.3490
"Bourne ultimatum",1220724000,1221334500,610500,117116005.3490
"Bourne ultimatum",1220724000,1221410880,686880,117116005.3490
"Bourne ultimatum",1220724000,1221423420,699420,117116005.3490
"Bourne ultimatum",1220724000,1221511920,787920,117116005.3490
"Bourne ultimatum",1220724840,1485068256,264343416,117116005.3490
"Bourne ultimatum",1220724840,1222370760,1645920,117116005.3490
"Bourne ultimatum",1220726400,1485068256,264341856,117116005.3490
"Bourne ultimatum",1220727060,1485068256,264341196,117116005.3490
"Bourne ultimatum",1220727060,1221006000,278940,117116005.3490
"Bourne ultimatum",1220732160,1485068256,264336096,117116005.3490
"Bourne ultimatum",1220732760,1485068256,264335496,117116005.3490
"Bourne ultimatum",1220732760,1221693360,960600,117116005.3490
"Bourne ultimatum",1220732760,1221764700,1031940,117116005.3490
"Bourne ultimatum",1220732880,1221782580,1049700,117116005.3490
"Bourne ultimatum",1220733060,1485068256,264335196,117116005.3490
"Bourne ultimatum",1220733600,1485068256,264334656,117116005.3490
"Bourne ultimatum",1220733600,1221161880,428280,117116005.3490
"Bourne ultimatum",1220740500,1485068256,264327756,117116005.3490
"Bourne ultimatum",1220740500,1221431340,690840,117116005.3490
"Bourne ultimatum",1220741880,1485068256,264326376,117116005.3490
"Bourne ultimatum",1220744400,1485068256,264323856,117116005.3490
"Bourne ultimatum",1220746860,1485068256,264321396,117116005.3490
"Bourne ultimatum",1220746860,1221260040,513180,117116005.3490
"Bourne ultimatum",1220746860,1221685560,938700,117116005.3490
"Bourne ultimatum",1220818560,1485068256,264249696,117116005.3490
"Bourne ultimatum",1220818560,1221006000,187440,117116005.3490
"Bourne ultimatum",1220819700,1485068256,264248556,117116005.3490
"Bourne ultimatum",1220819700,1221350340,530640,117116005.3490
"Bourne ultimatum",1220823600,1485068256,264244656,117116005.3490
"Bourne ultimatum",1220823600,1221525300,701700,117116005.3490
"Bourne ultimatum",1220825280,1485068256,264242976,117116005.3490
"Bourne ultimatum",1220825280,1221430560,605280,117116005.3490
"Bourne ultimatum",1220825280,1221533580,708300,117116005.3490
"Bourne ultimatum",1220825280,1221602220,776940,117116005.3490
"Bourne ultimatum",1220825880,1485068256,264242376,117116005.3490
"Bourne ultimatum",1220828040,1485068256,264240216,117116005.3490
"Bourne ultimatum",1220828040,1221188940,360900,117116005.3490
"Bourne ultimatum",1220829240,1485068256,264239016,117116005.3490
"Bourne ultimatum",1220829240,1222297500,1468260,117116005.3490
"Bourne ultimatum",1220832060,1485068256,264236196,117116005.3490
"Bourne ultimatum",1220832060,1221424440,592380,117116005.3490
"Bourne ultimatum",1220899320,1485068256,264168936,117116005.3490
"Bourne ultimatum",1220899320,1221249420,350100,117116005.3490
"Bourne ultimatum",1220900940,1485068256,264167316,117116005.3490
"Bourne ultimatum",1220900940,1221499800,598860,117116005.3490
"Bourne ultimatum",1220900940,1221601380,700440,117116005.3490
"Bourne ultimatum",1220901660,1485068256,264166596,117116005.3490
"Bourne ultimatum",1220901780,1485068256,264166476,117116005.3490
"Bourne ultimatum",1220901780,1221431340,529560,117116005.3490
"Bourne ultimatum",1220901780,1221510780,609000,117116005.3490
"Bourne ultimatum",1220909400,1485068256,264158856,117116005.3490
"Bourne ultimatum",1220909400,1221766560,857160,117116005.3490
"Bourne ultimatum",1220909940,1485068256,264158316,117116005.3490
"Bourne ultimatum",1220910720,1485068256,264157536,117116005.3490
"Bourne ultimatum",1220910720,1221336120,425400,117116005.3490
"Bourne ultimatum",1220910780,1485068256,264157476,117116005.3490
"Bourne ultimatum",1220910780,1221781080,870300,117116005.3490
"Bourne ultimatum",1220913120,1485068256,264155136,117116005.3490
"Bourne ultimatum",1220917140,1485068256,264151116,117116005.3490
"Bourne ultimatum",1220917140,1223076660,2159520,117116005.3490
"Bourne ultimatum",1220917500,1485068256,264150756,117116005.3490
"Bourne ultimatum",1220918220,1485068256,264150036,117116005.3490
"Bourne ultimatum",1220918220,1221702840,784620,117116005.3490
"Bourne ultimatum",1220918340,1485068256,264149916,117116005.3490
"Bourne ultimatum",1220918340,1221674880,756540,117116005.3490
"Bourne ultimatum",1220921280,1485068256,264146976,117116005.3490
"Bourne ultimatum",1220921280,1221599880,678600,117116005.3490
"Bourne ultimatum",1220924820,1485068256,264143436,117116005.3490
"Bourne ultimatum",1220924820,1221527520,602700,117116005.3490
"Bourne ultimatum",1220926740,1485068256,264141516,117116005.3490
"Bourne ultimatum",1220926740,1221526500,599760,117116005.3490
"Bourne ultimatum",1220928360,1485068256,264139896,117116005.3490
"Bourne ultimatum",1220928360,1221776760,848400,117116005.3490
"Bourne ultimatum",1220990880,1485068256,264077376,117116005.3490
"Bourne ultimatum",1220990880,1225609200,4618320,117116005.3490
"Bourne ultimatum",1220991120,1485068256,264077136,117116005.3490
"Bourne ultimatum",1220991120,1221251160,260040,117116005.3490
"Bourne ultimatum",1220992140,1485068256,264076116,117116005.3490
"Bourne ultimatum",1220992140,1221603300,611160,117116005.3490
"Bourne ultimatum",1220992560,1485068256,264075696,117116005.3490
"Bourne ultimatum",1220994420,1485068256,264073836,117116005.3490
"Bourne ultimatum",1220995860,1485068256,264072396,117116005.3490
"Bourne ultimatum",1220996460,1485068256,264071796,117116005.3490
"Bourne ultimatum",1220996460,1222742760,1746300,117116005.3490
"Bourne ultimatum",1220997060,1485068256,264071196,117116005.3490
"Bourne ultimatum",1220997060,1221616860,619800,117116005.3490
"Bourne ultimatum",1220997840,1485068256,264070416,117116005.3490
"Bourne ultimatum",1220997840,1221775200,777360,117116005.3490
"Bourne ultimatum",1220999400,1485068256,264068856,117116005.3490
"Bourne ultimatum",1220999460,1485068256,264068796,117116005.3490
"Bourne ultimatum",1221000840,1485068256,264067416,117116005.3490
"Bourne ultimatum",1221000840,1221868980,868140,117116005.3490
"Bourne ultimatum",1221004740,1485068256,264063516,117116005.3490
"Bourne ultimatum",1221004740,1222284900,1280160,117116005.3490
"Bourne ultimatum",1221004920,1485068256,264063336,117116005.3490
"Bourne ultimatum",1221004920,1222027620,1022700,117116005.3490
"Bourne ultimatum",1221006180,1485068256,264062076,117116005.3490
"Bourne ultimatum",1221007680,1485068256,264060576,117116005.3490
"Bourne ultimatum",1221007680,1221264540,256860,117116005.3490
"Bourne ultimatum",1221007740,1485068256,264060516,117116005.3490
"Bourne ultimatum",1221007740,1223332020,2324280,117116005.3490
"Bourne ultimatum",1221009060,1485068256,264059196,117116005.3490
"Bourne ultimatum",1221009060,1222115580,1106520,117116005.3490
"Bourne ultimatum",1221009900,1485068256,264058356,117116005.3490
"Bourne ultimatum",1221009900,1222034520,1024620,117116005.3490
"Bourne ultimatum",1221009900,1222273260,1263360,117116005.3490
"Bourne ultimatum",1221009900,1222288980,1279080,117116005.3490
"Bourne ultimatum",1221009900,1222374360,1364460,117116005.3490
"Bourne ultimatum",1221011400,1485068256,264056856,117116005.3490
"Bourne ultimatum",1221012420,1485068256,264055836,117116005.3490
"Bourne ultimatum",1221012420,1222133460,1121040,117116005.3490
"Bourne ultimatum",1221013080,1485068256,264055176,117116005.3490
"Bourne ultimatum",1221073200,1485068256,263995056,117116005.3490
"Bourne ultimatum",1221078360,1485068256,263989896,117116005.3490
"Bourne ultimatum",1221078360,1222551000,1472640,117116005.3490
"Bourne ultimatum",1221085380,1485068256,263982876,117116005.3490
"Bourne ultimatum",1221085380,1221941100,855720,117116005.3490
"Bourne ultimatum",1221085380,1226118900,5033520,117116005.3490
"Bourne ultimatum",1221085380,1226353680,5268300,117116005.3490
"Bourne ultimatum",1221085380,1235941740,14856360,117116005.3490
"Bourne ultimatum",1221085380,1236216240,15130860,117116005.3490
"Bourne ultimatum",1221085680,1485068256,263982576,117116005.3490
"Bourne ultimatum",1221085680,1222390620,1304940,117116005.3490
"Bourne ultimatum",1221087180,1485068256,263981076,117116005.3490
"Bourne ultimatum",1221088320,1485068256,263979936,117116005.3490
"Bourne ultimatum",1221088500,1485068256,263979756,117116005.3490
"Bourne ultimatum",1221088500,1221772200,683700,117116005.3490
"Bourne ultimatum",1221101580,1221102000,420,117116005.3490
"Bourne ultimatum",1221160860,1485068256,263907396,117116005.3490
"Bourne ultimatum",1221160860,1222290480,1129620,117116005.3490
"Bourne ultimatum",1221181200,1485068256,263887056,117116005.3490
"Bourne ultimatum",1221183480,1485068256,263884776,117116005.3490
"Bourne ultimatum",1221183480,1224537960,3354480,117116005.3490
"Bourne ultimatum",1221241860,1485068256,263826396,117116005.3490
"Bourne ultimatum",1221241860,1221845940,604080,117116005.3490
"Bourne ultimatum",1221241860,1222096740,854880,117116005.3490
"Bourne ultimatum",1221245040,1485068256,263823216,117116005.3490
"Bourne ultimatum",1221245040,1223492280,2247240,117116005.3490
"Bourne ultimatum",1221248040,1485068256,263820216,117116005.3490
"Bourne ultimatum",1221248040,1221677340,429300,117116005.3490
"Bourne ultimatum",1221248400,1485068256,263819856,117116005.3490
"Bourne ultimatum",1221253800,1485068256,263814456,117116005.3490
"Bourne ultimatum",1221253800,1222293000,1039200,117116005.3490
"Bourne ultimatum",1221262980,1485068256,263805276,117116005.3490
"Bourne ultimatum",1221262980,1224621960,3358980,117116005.3490
"Bourne ultimatum",1221267300,1485068256,263800956,117116005.3490
"Bourne ultimatum",1221325620,1485068256,263742636,117116005.3490
"Bourne ultimatum",1221326760,1485068256,263741496,117116005.3490
"Bourne ultimatum",1221332280,1485068256,263735976,117116005.3490
"Bourne ultimatum",1221332280,1224367920,3035640,117116005.3490
"Bourne ultimatum",1221332340,1485068256,263735916,117116005.3490
"Bourne ultimatum",1221332340,1222632600,1300260,117116005.3490
"Bourne ultimatum",1221337020,1485068256,263731236,117116005.3490
"Bourne ultimatum",1221338400,1485068256,263729856,117116005.3490
"Bourne ultimatum",1221339480,1485068256,263728776,117116005.3490
"Bourne ultimatum",1221339480,1221608700,269220,117116005.3490
"Bourne ultimatum",1221339540,1485068256,263728716,117116005.3490
"Bourne ultimatum",1221342480,1485068256,263725776,117116005.3490
"Bourne ultimatum",1221342600,1485068256,263725656,117116005.3490
"Bourne ultimatum",1221342600,1222037460,694860,117116005.3490
"Bourne ultimatum",1221344100,1485068256,263724156,117116005.3490
"Bourne ultimatum",1221344100,1222383540,1039440,117116005.3490
"Bourne ultimatum",1221348540,1485068256,263719716,117116005.3490
"Bourne ultimatum",1221351360,1485068256,263716896,117116005.3490
"Bourne ultimatum",1221351360,1222307340,955980,117116005.3490
"Bourne ultimatum",1221352140,1485068256,263716116,117116005.3490
"Bourne ultimatum",1221352140,1221614040,261900,117116005.3490
"Bourne ultimatum",1221353460,1485068256,263714796,117116005.3490
"Bourne ultimatum",1221353460,1221504660,151200,117116005.3490
"Bourne ultimatum",1221433740,1485068256,263634516,117116005.3490
"Bourne ultimatum",1221501060,1485068256,263567196,117116005.3490
"Bourne ultimatum",1221501060,1221761400,260340,117116005.3490
"Bourne ultimatum",1221510240,1485068256,263558016,117116005.3490
"Bourne ultimatum",1221515880,1485068256,263552376,117116005.3490
"Bourne ultimatum",1221515880,1223508660,1992780,117116005.3490
"Bourne ultimatum",1221516780,1485068256,263551476,117116005.3490
"Bourne ultimatum",1221516780,1221688620,171840,117116005.3490
"Bourne ultimatum",1221517320,1485068256,263550936,117116005.3490
"Bourne ultimatum",1221518520,1485068256,263549736,117116005.3490
"Bourne ultimatum",1221518520,1222738200,1219680,117116005.3490
"Bourne ultimatum",1221521280,1485068256,263546976,117116005.3490
"Bourne ultimatum",1221523380,1485068256,263544876,117116005.3490
"Bourne ultimatum",1221523380,1222218600,695220,117116005.3490
"Bourne ultimatum",1221523500,1485068256,263544756,117116005.3490
"Bourne ultimatum",1221523800,1485068256,263544456,117116005.3490
"Bourne ultimatum",1221523800,1221948480,424680,117116005.3490
"Bourne ultimatum",1221524040,1485068256,263544216,117116005.3490
"Bourne ultimatum",1221524040,1221703980,179940,117116005.3490
"Bourne ultimatum",1221524520,1485068256,263543736,117116005.3490
"Bourne ultimatum",1221524520,1223238360,1713840,117116005.3490
"Bourne ultimatum",1221595920,1485068256,263472336,117116005.3490
"Bourne ultimatum",1221595920,1485068256,263472336,117116005.3490
"Bourne ultimatum",1221595920,1222117020,521100,117116005.3490
"Bourne ultimatum",1221595920,1222461240,865320,117116005.3490
"Bourne ultimatum",1221596340,1485068256,263471916,117116005.3490
"Bourne ultimatum",1221596340,1222727520,1131180,117116005.3490
"Bourne ultimatum",1221596580,1485068256,263471676,117116005.3490
"Bourne ultimatum",1221596580,1222124580,528000,117116005.3490
"Bourne ultimatum",1221596700,1485068256,263471556,117116005.3490
"Bourne ultimatum",1221596700,1221870360,273660,117116005.3490
"Bourne ultimatum",1221596820,1485068256,263471436,117116005.3490
"Bourne ultimatum",1221596820,1224620760,3023940,117116005.3490
"Bourne ultimatum",1221601920,1485068256,263466336,117116005.3490
"Bourne ultimatum",1221601920,1222812180,1210260,117116005.3490
"Bourne ultimatum",1221604020,1485068256,263464236,117116005.3490
"Bourne ultimatum",1221604020,1222557960,953940,117116005.3490
"Bourne ultimatum",1221605580,1485068256,263462676,117116005.3490
"Bourne ultimatum",1221605580,1221695220,89640,117116005.3490
"Bourne ultimatum",1221606600,1485068256,263461656,117116005.3490
"Bourne ultimatum",1221606600,1222813320,1206720,117116005.3490
"Bourne ultimatum",1221610920,1485068256,263457336,117116005.3490
"Bourne ultimatum",1221610920,1222296780,685860,117116005.3490
"Bourne ultimatum",1221611100,1485068256,263457156,117116005.3490
"Bourne ultimatum",1221614580,1485068256,263453676,117116005.3490
"Bourne ultimatum",1221614580,1221867300,252720,117116005.3490
"Bourne ultimatum",1221676560,1485068256,263391696,117116005.3490
"Bourne ultimatum",1221676560,1221856080,179520,117116005.3490
"Bourne ultimatum",1221678660,1485068256,263389596,117116005.3490
"Bourne ultimatum",1221681720,1485068256,263386536,117116005.3490
"Bourne ultimatum",1221681840,1485068256,263386416,117116005.3490
"Bourne ultimatum",1221689760,1485068256,263378496,117116005.3490
"Bourne ultimatum",1221689760,1222912380,1222620,117116005.3490
"Bourne ultimatum",1221691440,1485068256,263376816,117116005.3490
"Bourne ultimatum",1221691440,1222210740,519300,117116005.3490
"Bourne ultimatum",1221693060,1485068256,263375196,117116005.3490
"Bourne ultimatum",1221693060,1222734360,1041300,117116005.3490
"Bourne ultimatum",1221695640,1485068256,263372616,117116005.3490
"Bourne ultimatum",1221696540,1485068256,263371716,117116005.3490
"Bourne ultimatum",1221696540,1223233380,1536840,117116005.3490
"Bourne ultimatum",1221698160,1485068256,263370096,117116005.3490
"Bourne ultimatum",1221698640,1485068256,263369616,117116005.3490
"Bourne ultimatum",1221698640,1224444420,2745780,117116005.3490
"Bourne ultimatum",1221701820,1485068256,263366436,117116005.3490
"Bourne ultimatum",1221771300,1485068256,263296956,117116005.3490
"Bourne ultimatum",1221771300,1222117740,346440,117116005.3490
"Bourne ultimatum",1221771360,1485068256,263296896,117116005.3490
"Bourne ultimatum",1221771360,1222191540,420180,117116005.3490
"Bourne ultimatum",1221774120,1485068256,263294136,117116005.3490
"Bourne ultimatum",1221774120,1222277820,503700,117116005.3490
"Bourne ultimatum",1221776280,1485068256,263291976,117116005.3490
"Bourne ultimatum",1221776280,1222036080,259800,117116005.3490
"Bourne ultimatum",1221779820,1485068256,263288436,117116005.3490
"Bourne ultimatum",1221780240,1485068256,263288016,117116005.3490
"Bourne ultimatum",1221780240,1224375060,2594820,117116005.3490
"Bourne ultimatum",1221780240,1224529320,2749080,117116005.3490
"Bourne ultimatum",1221781380,1485068256,263286876,117116005.3490
"Bourne ultimatum",1221781380,1222993260,1211880,117116005.3490
"Bourne ultimatum",1221782880,1485068256,263285376,117116005.3490
"Bourne ultimatum",1221782940,1485068256,263285316,117116005.3490
"Bourne ultimatum",1221782940,1223166600,1383660,117116005.3490
"Bourne ultimatum",1221786300,1485068256,263281956,117116005.3490
"Bourne ultimatum",1221786300,1222910940,1124640,117116005.3490
"Bourne ultimatum",1221786300,1223492160,1705860,117116005.3490
"Bourne ultimatum",1221787260,1485068256,263280996,117116005.3490
"Bourne ultimatum",1221787260,1222742580,955320,117116005.3490
"Bourne ultimatum",1221791280,1485068256,263276976,117116005.3490
"Bourne ultimatum",1221791280,1222034580,243300,117116005.3490
"Bourne ultimatum",1221792540,1485068256,263275716,117116005.3490
"Bourne ultimatum",1221853800,1485068256,263214456,117116005.3490
"Bourne ultimatum",1221853800,1223241300,1387500,117116005.3490
"Bourne ultimatum",1221854400,1485068256,263213856,117116005.3490
"Bourne ultimatum",1221854400,1222899480,1045080,117116005.3490
"Bourne ultimatum",1221859620,1485068256,263208636,117116005.3490
"Bourne ultimatum",1221859620,1223068380,1208760,117116005.3490
"Bourne ultimatum",1221859860,1485068256,263208396,117116005.3490
"Bourne ultimatum",1221860700,1485068256,263207556,117116005.3490
"Bourne ultimatum",1221862380,1485068256,263205876,117116005.3490
"Bourne ultimatum",1221867360,1485068256,263200896,117116005.3490
"Bourne ultimatum",1221867360,1222825200,957840,117116005.3490
"Bourne ultimatum",1221867600,1485068256,263200656,117116005.3490
"Bourne ultimatum",1221867660,1485068256,263200596,117116005.3490
"Bourne ultimatum",1221868440,1485068256,263199816,117116005.3490
"Bourne ultimatum",1221868440,1222813260,944820,117116005.3490
"Bourne ultimatum",1221869040,1485068256,263199216,117116005.3490
"Bourne ultimatum",1221869040,1221941820,72780,117116005.3490
"Bourne ultimatum",1221872460,1485068256,263195796,117116005.3490
"Bourne ultimatum",1221930660,1485068256,263137596,117116005.3490
"Bourne ultimatum",1221932700,1485068256,263135556,117116005.3490
"Bourne ultimatum",1221932700,1223145900,1213200,117116005.3490
"Bourne ultimatum",1221936180,1485068256,263132076,117116005.3490
"Bourne ultimatum",1221936180,1221937440,1260,117116005.3490
"Bourne ultimatum",1221938040,1485068256,263130216,117116005.3490
"Bourne ultimatum",1221938040,1222982520,1044480,117116005.3490
"Bourne ultimatum",1221944820,1485068256,263123436,117116005.3490
"Bourne ultimatum",1221944820,1222632600,687780,117116005.3490
"Bourne ultimatum",1221945180,1485068256,263123076,117116005.3490
"Bourne ultimatum",1221945180,1223078460,1133280,117116005.3490
"Bourne ultimatum",1221948060,1485068256,263120196,117116005.3490
"Bourne ultimatum",1221948060,1223428020,1479960,117116005.3490
"Bourne ultimatum",1221948780,1485068256,263119476,117116005.3490
"Bourne ultimatum",1221949140,1485068256,263119116,117116005.3490
"Bourne ultimatum",1221949140,1222308000,358860,117116005.3490
"Bourne ultimatum",1221949320,1485068256,263118936,117116005.3490
"Bourne ultimatum",1221949320,1223154840,1205520,117116005.3490
"Bourne ultimatum",1221950160,1485068256,263118096,117116005.3490
"Bourne ultimatum",1221950160,1222983600,1033440,117116005.3490
"Bourne ultimatum",1221951900,1485068256,263116356,117116005.3490
"Bourne ultimatum",1221951900,1222999740,1047840,117116005.3490
"Bourne ultimatum",1221955320,1485068256,263112936,117116005.3490
"Bourne ultimatum",1221955320,1222906260,950940,117116005.3490
"Bourne ultimatum",1221958020,1485068256,263110236,117116005.3490
"Bourne ultimatum",1221958020,1223164200,1206180,117116005.3490
"Bourne ultimatum",1222105680,1485068256,262962576,117116005.3490
"Bourne ultimatum",1222105680,1223417820,1312140,117116005.3490
"Bourne ultimatum",1222118040,1485068256,262950216,117116005.3490
"Bourne ultimatum",1222118040,1222980000,861960,117116005.3490
"Bourne ultimatum",1222118700,1485068256,262949556,117116005.3490
"Bourne ultimatum",1222118700,1222207800,89100,117116005.3490
"Bourne ultimatum",1222120140,1485068256,262948116,117116005.3490
"Bourne ultimatum",1222120140,1222823220,703080,117116005.3490
"Bourne ultimatum",1222120140,1223419980,1299840,117116005.3490
"Bourne ultimatum",1222120140,1223436000,1315860,117116005.3490
"Bourne ultimatum",1222122720,1485068256,262945536,117116005.3490
"Bourne ultimatum",1222122720,1222379880,257160,117116005.3490
"Bourne ultimatum",1222123500,1485068256,262944756,117116005.3490
"Bourne ultimatum",1222123500,1223431500,1308000,117116005.3490
"Bourne ultimatum",1222123680,1485068256,262944576,117116005.3490
"Bourne ultimatum",1222123680,1224189240,2065560,117116005.3490
"Bourne ultimatum",1222127100,1485068256,262941156,117116005.3490
"Bourne ultimatum",1222127100,1222996200,869100,117116005.3490
"Bourne ultimatum",1222127700,1485068256,262940556,117116005.3490
"Bourne ultimatum",1222127700,1222457640,329940,117116005.3490
"Bourne ultimatum",1222129260,1485068256,262938996,117116005.3490
"Bourne ultimatum",1222129260,1224548400,2419140,117116005.3490
"Bourne ultimatum",1222130520,1485068256,262937736,117116005.3490
"Bourne ultimatum",1222130520,1222894500,763980,117116005.3490
"Bourne ultimatum",1222137420,1485068256,262930836,117116005.3490
"Bourne ultimatum",1222137420,1223606280,1468860,117116005.3490
"Bourne ultimatum",1222189500,1485068256,262878756,117116005.3490
"Bourne ultimatum",1222189500,1223153700,964200,117116005.3490
"Bourne ultimatum",1222196100,1485068256,262872156,117116005.3490
"Bourne ultimatum",1222196100,1223158260,962160,117116005.3490
"Bourne ultimatum",1222198680,1485068256,262869576,117116005.3490
"Bourne ultimatum",1222198680,1485068256,262869576,117116005.3490
"Bourne ultimatum",1222198680,1222975260,776580,117116005.3490
"Bourne ultimatum",1222198680,1223326020,1127340,117116005.3490
"Bourne ultimatum",1222201500,1485068256,262866756,117116005.3490
"Bourne ultimatum",1222202760,1485068256,262865496,117116005.3490
"Bourne ultimatum",1222202760,1223069340,866580,117116005.3490
"Bourne ultimatum",1222204980,1485068256,262863276,117116005.3490
"Bourne ultimatum",1222204980,1222375200,170220,117116005.3490
"Bourne ultimatum",1222207020,1485068256,262861236,117116005.3490
"Bourne ultimatum",1222207020,1222297680,90660,117116005.3490
"Bourne ultimatum",1222208280,1485068256,262859976,117116005.3490
"Bourne ultimatum",1222209360,1485068256,262858896,117116005.3490
"Bourne ultimatum",1222209360,1223345940,1136580,117116005.3490
"Bourne ultimatum",1222213440,1485068256,262854816,117116005.3490
"Bourne ultimatum",1222213440,1223340540,1127100,117116005.3490
"Bourne ultimatum",1222216080,1485068256,262852176,117116005.3490
"Bourne ultimatum",1222216080,1222909620,693540,117116005.3490
"Bourne ultimatum",1222218480,1485068256,262849776,117116005.3490
"Bourne ultimatum",1222218480,1222468860,250380,117116005.3490
"Bourne ultimatum",1222221300,1485068256,262846956,117116005.3490
"Bourne ultimatum",1222276140,1485068256,262792116,117116005.3490
"Bourne ultimatum",1222276140,1224007680,1731540,117116005.3490
"Bourne ultimatum",1222278900,1485068256,262789356,117116005.3490
"Bourne ultimatum",1222282020,1485068256,262786236,117116005.3490
"Bourne ultimatum",1222282020,1224289200,2007180,117116005.3490
"Bourne ultimatum",1222283880,1485068256,262784376,117116005.3490
"Bourne ultimatum",1222290120,1485068256,262778136,117116005.3490
"Bourne ultimatum",1222290120,1223680500,1390380,117116005.3490
"Bourne ultimatum",1222290480,1485068256,262777776,117116005.3490
"Bourne ultimatum",1222294080,1485068256,262774176,117116005.3490
"Bourne ultimatum",1222294080,1223074260,780180,117116005.3490
"Bourne ultimatum",1222296300,1485068256,262771956,117116005.3490
"Bourne ultimatum",1222296300,1222642680,346380,117116005.3490
"Bourne ultimatum",1222298160,1485068256,262770096,117116005.3490
"Bourne ultimatum",1222305420,1485068256,262762836,117116005.3490
"Bourne ultimatum",1222305420,1223145840,840420,117116005.3490
"Bourne ultimatum",1222308360,1485068256,262759896,117116005.3490
"Bourne ultimatum",1222308540,1485068256,262759716,117116005.3490
"Bourne ultimatum",1222308540,1223675400,1366860,117116005.3490
"Bourne ultimatum",1222309620,1485068256,262758636,117116005.3490
"Bourne ultimatum",1222309620,1223147280,837660,117116005.3490
"Bourne ultimatum",1222310760,1485068256,262757496,117116005.3490
"Bourne ultimatum",1222370160,1485068256,262698096,117116005.3490
"Bourne ultimatum",1222372860,1485068256,262695396,117116005.3490
"Bourne ultimatum",1222372860,1224878100,2505240,117116005.3490
"Bourne ultimatum",1222375020,1485068256,262693236,117116005.3490
"Bourne ultimatum",1222375020,1222644840,269820,117116005.3490
"Bourne ultimatum",1222377660,1485068256,262690596,117116005.3490
"Bourne ultimatum",1222377660,1222720200,342540,117116005.3490
"Bourne ultimatum",1222378200,1485068256,262690056,117116005.3490
"Bourne ultimatum",1222378200,1222824660,446460,117116005.3490
"Bourne ultimatum",1222383420,1485068256,262684836,117116005.3490
"Bourne ultimatum",1222383420,1224202620,1819200,117116005.3490
"Bourne ultimatum",1222383720,1485068256,262684536,117116005.3490
"Bourne ultimatum",1222383720,1224628620,2244900,117116005.3490
"Bourne ultimatum",1222384980,1485068256,262683276,117116005.3490
"Bourne ultimatum",1222384980,1222911360,526380,117116005.3490
"Bourne ultimatum",1222386480,1485068256,262681776,117116005.3490
"Bourne ultimatum",1222387680,1485068256,262680576,117116005.3490
"Bourne ultimatum",1222387920,1485068256,262680336,117116005.3490
"Bourne ultimatum",1222387920,1222644840,256920,117116005.3490
"Bourne ultimatum",1222388340,1485068256,262679916,117116005.3490
"Bourne ultimatum",1222388340,1222992360,604020,117116005.3490
"Bourne ultimatum",1222390200,1485068256,262678056,117116005.3490
"Bourne ultimatum",1222390200,1223079540,689340,117116005.3490
"Bourne ultimatum",1222451340,1485068256,262616916,117116005.3490
"Bourne ultimatum",1222459080,1485068256,262609176,117116005.3490
"Bourne ultimatum",1222459080,1223081100,622020,117116005.3490
"Bourne ultimatum",1222460040,1485068256,262608216,117116005.3490
"Bourne ultimatum",1222460040,1223420940,960900,117116005.3490
"Bourne ultimatum",1222464540,1485068256,262603716,117116005.3490
"Bourne ultimatum",1222464540,1222984980,520440,117116005.3490
"Bourne ultimatum",1222467540,1485068256,262600716,117116005.3490
"Bourne ultimatum",1222467540,1224017940,1550400,117116005.3490
"Bourne ultimatum",1222468140,1485068256,262600116,117116005.3490
"Bourne ultimatum",1222468140,1224544920,2076780,117116005.3490
"Bourne ultimatum",1222470720,1485068256,262597536,117116005.3490
"Bourne ultimatum",1222470720,1223333220,862500,117116005.3490
"Bourne ultimatum",1222472580,1485068256,262595676,117116005.3490
"Bourne ultimatum",1222473600,1485068256,262594656,117116005.3490
"Bourne ultimatum",1222473600,1223160060,686460,117116005.3490
"Bourne ultimatum",1222477320,1485068256,262590936,117116005.3490
"Bourne ultimatum",1222537320,1485068256,262530936,117116005.3490
"Bourne ultimatum",1222537320,1222901760,364440,117116005.3490
"Bourne ultimatum",1222543920,1485068256,262524336,117116005.3490
"Bourne ultimatum",1222543920,1223937360,1393440,117116005.3490
"Bourne ultimatum",1222544400,1485068256,262523856,117116005.3490
"Bourne ultimatum",1222544400,1222813560,269160,117116005.3490
"Bourne ultimatum",1222548360,1485068256,262519896,117116005.3490
"Bourne ultimatum",1222550160,1485068256,262518096,117116005.3490
"Bourne ultimatum",1222550160,1223146080,595920,117116005.3490
"Bourne ultimatum",1222554180,1485068256,262514076,117116005.3490
"Bourne ultimatum",1222555920,1485068256,262512336,117116005.3490
"Bourne ultimatum",1222555920,1223432940,877020,117116005.3490
"Bourne ultimatum",1222561680,1485068256,262506576,117116005.3490
"Bourne ultimatum",1222561680,1223336460,774780,117116005.3490
"Bourne ultimatum",1222561920,1485068256,262506336,117116005.3490
"Bourne ultimatum",1222561920,1223771460,1209540,117116005.3490
"Bourne ultimatum",1222562340,1485068256,262505916,117116005.3490
"Bourne ultimatum",1222562340,1223594220,1031880,117116005.3490
"Bourne ultimatum",1222632360,1485068256,262435896,117116005.3490
"Bourne ultimatum",1222632360,1223237940,605580,117116005.3490
"Bourne ultimatum",1222633200,1485068256,262435056,117116005.3490
"Bourne ultimatum",1222633200,1223242620,609420,117116005.3490
"Bourne ultimatum",1222634040,1485068256,262434216,117116005.3490
"Bourne ultimatum",1222634040,1223058720,424680,117116005.3490
"Bourne ultimatum",1222635060,1485068256,262433196,117116005.3490
"Bourne ultimatum",1222635060,1223581140,946080,117116005.3490
"Bourne ultimatum",1222638120,1485068256,262430136,117116005.3490
"Bourne ultimatum",1222639620,1485068256,262428636,117116005.3490
"Bourne ultimatum",1222646400,1485068256,262421856,117116005.3490
"Bourne ultimatum",1222646400,1224117540,1471140,117116005.3490
"Bourne ultimatum",1222715400,1485068256,262352856,117116005.3490
"Bourne ultimatum",1222715400,1223406540,691140,117116005.3490
"Bourne ultimatum",1222721580,1485068256,262346676,117116005.3490
"Bourne ultimatum",1222721580,1222913820,192240,117116005.3490
"Bourne ultimatum",1222724460,1485068256,262343796,117116005.3490
"Bourne ultimatum",1222724460,1223339220,614760,117116005.3490
"Bourne ultimatum",1222734900,1485068256,262333356,117116005.3490
"Bourne ultimatum",1222734900,1224626940,1892040,117116005.3490
"Bourne ultimatum",1222735260,1485068256,262332996,117116005.3490
"Bourne ultimatum",1222735260,1224032520,1297260,117116005.3490
"Bourne ultimatum",1222735680,1485068256,262332576,117116005.3490
"Bourne ultimatum",1222735680,1223603580,867900,117116005.3490
"Bourne ultimatum",1222738320,1485068256,262329936,117116005.3490
"Bourne ultimatum",1222738320,1224894120,2155800,117116005.3490
"Bourne ultimatum",1222738980,1485068256,262329276,117116005.3490
"Bourne ultimatum",1222738980,1223426460,687480,117116005.3490
"Bourne ultimatum",1222739100,1485068256,262329156,117116005.3490
"Bourne ultimatum",1222743120,1485068256,262325136,117116005.3490
"Bourne ultimatum",1222743120,1227063840,4320720,117116005.3490
"Bourne ultimatum",1222743420,1485068256,262324836,117116005.3490
"Bourne ultimatum",1222800180,1485068256,262268076,117116005.3490
"Bourne ultimatum",1222800180,1223497320,697140,117116005.3490
"Bourne ultimatum",1222806300,1485068256,262261956,117116005.3490
"Bourne ultimatum",1222806300,1224627540,1821240,117116005.3490
"Bourne ultimatum",1222810620,1485068256,262257636,117116005.3490
"Bourne ultimatum",1222810620,1231024320,8213700,117116005.3490
"Bourne ultimatum",1222810620,1231028100,8217480,117116005.3490
"Bourne ultimatum",1222811280,1485068256,262256976,117116005.3490
"Bourne ultimatum",1222812720,1485068256,262255536,117116005.3490
"Bourne ultimatum",1222812720,1222988220,175500,117116005.3490
"Bourne ultimatum",1222815360,1485068256,262252896,117116005.3490
"Bourne ultimatum",1222815360,1222898040,82680,117116005.3490
"Bourne ultimatum",1222815840,1485068256,262252416,117116005.3490
"Bourne ultimatum",1222817220,1485068256,262251036,117116005.3490
"Bourne ultimatum",1222817220,1224203220,1386000,117116005.3490
"Bourne ultimatum",1222817940,1485068256,262250316,117116005.3490
"Bourne ultimatum",1222817940,1223591880,773940,117116005.3490
"Bourne ultimatum",1222820940,1485068256,262247316,117116005.3490
"Bourne ultimatum",1222820940,1223146680,325740,117116005.3490
"Bourne ultimatum",1222824060,1485068256,262244196,117116005.3490
"Bourne ultimatum",1222826340,1485068256,262241916,117116005.3490
"Bourne ultimatum",1222827420,1485068256,262240836,117116005.3490
"Bourne ultimatum",1222897980,1485068256,262170276,117116005.3490
"Bourne ultimatum",1222897980,1223666100,768120,117116005.3490
"Bourne ultimatum",1222902900,1485068256,262165356,117116005.3490
"Bourne ultimatum",1222903620,1485068256,262164636,117116005.3490
"Bourne ultimatum",1222903620,1224715020,1811400,117116005.3490
"Bourne ultimatum",1222903980,1485068256,262164276,117116005.3490
"Bourne ultimatum",1222903980,1223347380,443400,117116005.3490
"Bourne ultimatum",1222904580,1485068256,262163676,117116005.3490
"Bourne ultimatum",1222904580,1224117660,1213080,117116005.3490
"Bourne ultimatum",1222907280,1485068256,262160976,117116005.3490
"Bourne ultimatum",1222907700,1485068256,262160556,117116005.3490
"Bourne ultimatum",1222907700,1224116460,1208760,117116005.3490
"Bourne ultimatum",1222908540,1485068256,262159716,117116005.3490
"Bourne ultimatum",1222909620,1485068256,262158636,117116005.3490
"Bourne ultimatum",1222909620,1224555060,1645440,117116005.3490
"Bourne ultimatum",1222909800,1222912200,2400,117116005.3490
"Bourne ultimatum",1222910760,1485068256,262157496,117116005.3490
"Bourne ultimatum",1222910760,1223425560,514800,117116005.3490
"Bourne ultimatum",1222971480,1485068256,262096776,117116005.3490
"Bourne ultimatum",1222971480,1223504160,532680,117116005.3490
"Bourne ultimatum",1222978080,1485068256,262090176,117116005.3490
"Bourne ultimatum",1222978080,1223592120,614040,117116005.3490
"Bourne ultimatum",1222979520,1485068256,262088736,117116005.3490
"Bourne ultimatum",1222979520,1223772120,792600,117116005.3490
"Bourne ultimatum",1222982640,1485068256,262085616,117116005.3490
"Bourne ultimatum",1222982640,1226009280,3026640,117116005.3490
"Bourne ultimatum",1222985280,1485068256,262082976,117116005.3490
"Bourne ultimatum",1222985280,1223417940,432660,117116005.3490
"Bourne ultimatum",1222985340,1485068256,262082916,117116005.3490
"Bourne ultimatum",1222985340,1224885300,1899960,117116005.3490
"Bourne ultimatum",1222986780,1485068256,262081476,117116005.3490
"Bourne ultimatum",1222986780,1223424420,437640,117116005.3490
"Bourne ultimatum",1222989660,1485068256,262078596,117116005.3490
"Bourne ultimatum",1222989660,1224196500,1206840,117116005.3490
"Bourne ultimatum",1222993140,1485068256,262075116,117116005.3490
"Bourne ultimatum",1222993140,1224039120,1045980,117116005.3490
"Bourne ultimatum",1222994100,1485068256,262074156,117116005.3490
"Bourne ultimatum",1222994100,1223941080,946980,117116005.3490
"Bourne ultimatum",1223057640,1485068256,262010616,117116005.3490
"Bourne ultimatum",1223057640,1224027060,969420,117116005.3490
"Bourne ultimatum",1223065680,1485068256,262002576,117116005.3490
"Bourne ultimatum",1223069640,1485068256,261998616,117116005.3490
"Bourne ultimatum",1223077500,1485068256,261990756,117116005.3490
"Bourne ultimatum",1223079000,1485068256,261989256,117116005.3490
"Bourne ultimatum",1223079000,1223838240,759240,117116005.3490
"Bourne ultimatum",1223079000,1223925420,846420,117116005.3490
"Bourne ultimatum",1223079300,1485068256,261988956,117116005.3490
"Bourne ultimatum",1223079300,1224190800,1111500,117116005.3490
"Bourne ultimatum",1223079540,1485068256,261988716,117116005.3490
"Bourne ultimatum",1223079540,1485068256,261988716,117116005.3490
"Bourne ultimatum",1223079540,1223590980,511440,117116005.3490
"Bourne ultimatum",1223141400,1485068256,261926856,117116005.3490
"Bourne ultimatum",1223141400,1224882120,1740720,117116005.3490
"Bourne ultimatum",1223143260,1485068256,261924996,117116005.3490
"Bourne ultimatum",1223144760,1485068256,261923496,117116005.3490
"Bourne ultimatum",1223144760,1224369660,1224900,117116005.3490
"Bourne ultimatum",1223151540,1485068256,261916716,117116005.3490
"Bourne ultimatum",1223151540,1223330400,178860,117116005.3490
"Bourne ultimatum",1223155380,1485068256,261912876,117116005.3490
"Bourne ultimatum",1223155380,1224289260,1133880,117116005.3490
"Bourne ultimatum",1223161620,1485068256,261906636,117116005.3490
"Bourne ultimatum",1223161620,1225412160,2250540,117116005.3490
"Bourne ultimatum",1223161680,1485068256,261906576,117116005.3490
"Bourne ultimatum",1223164740,1485068256,261903516,117116005.3490
"Bourne ultimatum",1223164740,1223325840,161100,117116005.3490
"Bourne ultimatum",1223166900,1485068256,261901356,117116005.3490
"Bourne ultimatum",1223239260,1485068256,261828996,117116005.3490
"Bourne ultimatum",1223239260,1223848920,609660,117116005.3490
"Bourne ultimatum",1223249280,1485068256,261818976,117116005.3490
"Bourne ultimatum",1223249280,1224271620,1022340,117116005.3490
"Bourne ultimatum",1223323680,1485068256,261744576,117116005.3490
"Bourne ultimatum",1223323680,1223668380,344700,117116005.3490
"Bourne ultimatum",1223325840,1485068256,261742416,117116005.3490
"Bourne ultimatum",1223325840,1223675640,349800,117116005.3490
"Bourne ultimatum",1223326560,1485068256,261741696,117116005.3490
"Bourne ultimatum",1223331480,1485068256,261736776,117116005.3490
"Bourne ultimatum",1223331480,1223765940,434460,117116005.3490
"Bourne ultimatum",1223334540,1485068256,261733716,117116005.3490
"Bourne ultimatum",1223336040,1485068256,261732216,117116005.3490
"Bourne ultimatum",1223336040,1223583660,247620,117116005.3490
"Bourne ultimatum",1223337960,1485068256,261730296,117116005.3490
"Bourne ultimatum",1223337960,1223673540,335580,117116005.3490
"Bourne ultimatum",1223338140,1485068256,261730116,117116005.3490
"Bourne ultimatum",1223338140,1225230780,1892640,117116005.3490
"Bourne ultimatum",1223338500,1485068256,261729756,117116005.3490
"Bourne ultimatum",1223338500,1223430000,91500,117116005.3490
"Bourne ultimatum",1223339580,1485068256,261728676,117116005.3490
"Bourne ultimatum",1223339580,1223428080,88500,117116005.3490
"Bourne ultimatum",1223339760,1485068256,261728496,117116005.3490
"Bourne ultimatum",1223341440,1485068256,261726816,117116005.3490
"Bourne ultimatum",1223341440,1223509020,167580,117116005.3490
"Bourne ultimatum",1223344320,1485068256,261723936,117116005.3490
"Bourne ultimatum",1223344320,1224208500,864180,117116005.3490
"Bourne ultimatum",1223348160,1485068256,261720096,117116005.3490
"Bourne ultimatum",1223348160,1223431260,83100,117116005.3490
"Bourne ultimatum",1223348160,1223920920,572760,117116005.3490
"Bourne ultimatum",1223348280,1485068256,261719976,117116005.3490
"Bourne ultimatum",1223348280,1224456600,1108320,117116005.3490
"Bourne ultimatum",1223404380,1485068256,261663876,117116005.3490
"Bourne ultimatum",1223404380,1225825020,2420640,117116005.3490
"Bourne ultimatum",1223406600,1485068256,261661656,117116005.3490
"Bourne ultimatum",1223406600,1224025200,618600,117116005.3490
"Bourne ultimatum",1223410500,1485068256,261657756,117116005.3490
"Bourne ultimatum",1223410500,1224365160,954660,117116005.3490
"Bourne ultimatum",1223415960,1485068256,261652296,117116005.3490
"Bourne ultimatum",1223417160,1485068256,261651096,117116005.3490
"Bourne ultimatum",1223417160,1224123420,706260,117116005.3490
"Bourne ultimatum",1223417280,1485068256,261650976,117116005.3490
"Bourne ultimatum",1223417280,1223591880,174600,117116005.3490
"Bourne ultimatum",1223417820,1485068256,261650436,117116005.3490
"Bourne ultimatum",1223417820,1226188380,2770560,117116005.3490
"Bourne ultimatum",1223419740,1485068256,261648516,117116005.3490
"Bourne ultimatum",1223419740,1225671600,2251860,117116005.3490
"Bourne ultimatum",1223420580,1485068256,261647676,117116005.3490
"Bourne ultimatum",1223420580,1224197460,776880,117116005.3490
"Bourne ultimatum",1223420880,1485068256,261647376,117116005.3490
"Bourne ultimatum",1223420880,1223508960,88080,117116005.3490
"Bourne ultimatum",1223423280,1485068256,261644976,117116005.3490
"Bourne ultimatum",1223423280,1223932380,509100,117116005.3490
"Bourne ultimatum",1223423700,1485068256,261644556,117116005.3490
"Bourne ultimatum",1223423700,1224097800,674100,117116005.3490
"Bourne ultimatum",1223424360,1485068256,261643896,117116005.3490
"Bourne ultimatum",1223424360,1224960540,1536180,117116005.3490
"Bourne ultimatum",1223425860,1485068256,261642396,117116005.3490
"Bourne ultimatum",1223425860,1223849640,423780,117116005.3490
"Bourne ultimatum",1223429820,1485068256,261638436,117116005.3490
"Bourne ultimatum",1223429820,1234651260,11221440,117116005.3490
"Bourne ultimatum",1223432820,1485068256,261635436,117116005.3490
"Bourne ultimatum",1223432820,1224036780,603960,117116005.3490
"Bourne ultimatum",1223434080,1485068256,261634176,117116005.3490
"Bourne ultimatum",1223485620,1485068256,261582636,117116005.3490
"Bourne ultimatum",1223487300,1485068256,261580956,117116005.3490
"Bourne ultimatum",1223487300,1224092100,604800,117116005.3490
"Bourne ultimatum",1223490060,1485068256,261578196,117116005.3490
"Bourne ultimatum",1223490060,1223751420,261360,117116005.3490
"Bourne ultimatum",1223490120,1485068256,261578136,117116005.3490
"Bourne ultimatum",1223494920,1485068256,261573336,117116005.3490
"Bourne ultimatum",1223495580,1485068256,261572676,117116005.3490
"Bourne ultimatum",1223495580,1223747460,251880,117116005.3490
"Bourne ultimatum",1223496300,1485068256,261571956,117116005.3490
"Bourne ultimatum",1223496300,1224368760,872460,117116005.3490
"Bourne ultimatum",1223496480,1485068256,261571776,117116005.3490
"Bourne ultimatum",1223496480,1223946180,449700,117116005.3490
"Bourne ultimatum",1223497860,1485068256,261570396,117116005.3490
"Bourne ultimatum",1223497860,1224107760,609900,117116005.3490
"Bourne ultimatum",1223498940,1485068256,261569316,117116005.3490
"Bourne ultimatum",1223498940,1225326120,1827180,117116005.3490
"Bourne ultimatum",1223501400,1485068256,261566856,117116005.3490
"Bourne ultimatum",1223501400,1223925840,424440,117116005.3490
"Bourne ultimatum",1223501760,1485068256,261566496,117116005.3490
"Bourne ultimatum",1223501760,1224019800,518040,117116005.3490
"Bourne ultimatum",1223504280,1485068256,261563976,117116005.3490
"Bourne ultimatum",1223504280,1224280980,776700,117116005.3490
"Bourne ultimatum",1223506440,1485068256,261561816,117116005.3490
"Bourne ultimatum",1223506440,1224873300,1366860,117116005.3490
"Bourne ultimatum",1223510460,1485068256,261557796,117116005.3490
"Bourne ultimatum",1223510460,1224455100,944640,117116005.3490
"Bourne ultimatum",1223510520,1485068256,261557736,117116005.3490
"Bourne ultimatum",1223510520,1225055700,1545180,117116005.3490
"Bourne ultimatum",1223510580,1485068256,261557676,117116005.3490
"Bourne ultimatum",1223510580,1224373560,862980,117116005.3490
"Bourne ultimatum",1223512260,1485068256,261555996,117116005.3490
"Bourne ultimatum",1223512260,1225840620,2328360,117116005.3490
"Bourne ultimatum",1223512380,1485068256,261555876,117116005.3490
"Bourne ultimatum",1223512380,1224018780,506400,117116005.3490
"Bourne ultimatum",1223512680,1485068256,261555576,117116005.3490
"Bourne ultimatum",1223512680,1228464000,4951320,117116005.3490
"Bourne ultimatum",1223512680,1231895700,8383020,117116005.3490
"Bourne ultimatum",1223514000,1485068256,261554256,117116005.3490
"Bourne ultimatum",1223514000,1224120240,606240,117116005.3490
"Bourne ultimatum",1223516280,1485068256,261551976,117116005.3490
"Bourne ultimatum",1223516280,1223580480,64200,117116005.3490
"Bourne ultimatum",1223517120,1485068256,261551136,117116005.3490
"Bourne ultimatum",1223519400,1485068256,261548856,117116005.3490
"Bourne ultimatum",1223519400,1224445800,926400,117116005.3490
"Bourne ultimatum",1223571840,1485068256,261496416,117116005.3490
"Bourne ultimatum",1223586180,1485068256,261482076,117116005.3490
"Bourne ultimatum",1223586180,1224620640,1034460,117116005.3490
"Bourne ultimatum",1223588160,1485068256,261480096,117116005.3490
"Bourne ultimatum",1223588160,1225155480,1567320,117116005.3490
"Bourne ultimatum",1223589360,1485068256,261478896,117116005.3490
"Bourne ultimatum",1223589360,1224961080,1371720,117116005.3490
"Bourne ultimatum",1223593560,1485068256,261474696,117116005.3490
"Bourne ultimatum",1223593560,1223848560,255000,117116005.3490
"Bourne ultimatum",1223595180,1485068256,261473076,117116005.3490
"Bourne ultimatum",1223595180,1224027060,431880,117116005.3490
"Bourne ultimatum",1223596740,1485068256,261471516,117116005.3490
"Bourne ultimatum",1223596740,1224540000,943260,117116005.3490
"Bourne ultimatum",1223597760,1485068256,261470496,117116005.3490
"Bourne ultimatum",1223597760,1224119940,522180,117116005.3490
"Bourne ultimatum",1223599380,1485068256,261468876,117116005.3490
"Bourne ultimatum",1223606340,1485068256,261461916,117116005.3490
"Bourne ultimatum",1223606340,1224349020,742680,117116005.3490
"Bourne ultimatum",1223661780,1485068256,261406476,117116005.3490
"Bourne ultimatum",1223661780,1223946600,284820,117116005.3490
"Bourne ultimatum",1223667060,1485068256,261401196,117116005.3490
"Bourne ultimatum",1223667060,1223744100,77040,117116005.3490
"Bourne ultimatum",1223672160,1485068256,261396096,117116005.3490
"Bourne ultimatum",1223675400,1485068256,261392856,117116005.3490
"Bourne ultimatum",1223675400,1224456600,781200,117116005.3490
"Bourne ultimatum",1223677800,1485068256,261390456,117116005.3490
"Bourne ultimatum",1223677800,1224372300,694500,117116005.3490
"Bourne ultimatum",1223679660,1485068256,261388596,117116005.3490
"Bourne ultimatum",1223679660,1223853900,174240,117116005.3490
"Bourne ultimatum",1223683260,1485068256,261384996,117116005.3490
"Bourne ultimatum",1223683260,1224200520,517260,117116005.3490
"Bourne ultimatum",1223683800,1485068256,261384456,117116005.3490
"Bourne ultimatum",1223683800,1224115620,431820,117116005.3490
"Bourne ultimatum",1223684820,1485068256,261383436,117116005.3490
"Bourne ultimatum",1223685360,1485068256,261382896,117116005.3490
"Bourne ultimatum",1223686860,1485068256,261381396,117116005.3490
"Bourne ultimatum",1223686860,1224123960,437100,117116005.3490
"Bourne ultimatum",1223750880,1485068256,261317376,117116005.3490
"Bourne ultimatum",1223750880,1224360420,609540,117116005.3490
"Bourne ultimatum",1223751240,1485068256,261317016,117116005.3490
"Bourne ultimatum",1223751240,1225154160,1402920,117116005.3490
"Bourne ultimatum",1223752080,1485068256,261316176,117116005.3490
"Bourne ultimatum",1223752080,1223760720,8640,117116005.3490
"Bourne ultimatum",1223752740,1485068256,261315516,117116005.3490
"Bourne ultimatum",1223752740,1224369600,616860,117116005.3490
"Bourne ultimatum",1223753220,1485068256,261315036,117116005.3490
"Bourne ultimatum",1223753220,1224191340,438120,117116005.3490
"Bourne ultimatum",1223753460,1485068256,261314796,117116005.3490
"Bourne ultimatum",1223753460,1224965160,1211700,117116005.3490
"Bourne ultimatum",1223754060,1485068256,261314196,117116005.3490
"Bourne ultimatum",1223754060,1224636300,882240,117116005.3490
"Bourne ultimatum",1223755200,1485068256,261313056,117116005.3490
"Bourne ultimatum",1223755200,1224263160,507960,117116005.3490
"Bourne ultimatum",1223759640,1485068256,261308616,117116005.3490
"Bourne ultimatum",1223759640,1224894960,1135320,117116005.3490
"Bourne ultimatum",1223760480,1485068256,261307776,117116005.3490
"Bourne ultimatum",1223762520,1485068256,261305736,117116005.3490
"Bourne ultimatum",1223762520,1224531300,768780,117116005.3490
"Bourne ultimatum",1223765760,1485068256,261302496,117116005.3490
"Bourne ultimatum",1223766660,1485068256,261301596,117116005.3490
"Bourne ultimatum",1223769540,1485068256,261298716,117116005.3490
"Bourne ultimatum",1223769540,1224964560,1195020,117116005.3490
"Bourne ultimatum",1223772840,1485068256,261295416,117116005.3490
"Bourne ultimatum",1223772840,1224364800,591960,117116005.3490
"Bourne ultimatum",1223773380,1485068256,261294876,117116005.3490
"Bourne ultimatum",1223773380,1229563800,5790420,117116005.3490
"Bourne ultimatum",1223845800,1485068256,261222456,117116005.3490
"Bourne ultimatum",1223845800,1225404420,1558620,117116005.3490
"Bourne ultimatum",1223851020,1485068256,261217236,117116005.3490
"Bourne ultimatum",1223851020,1224811080,960060,117116005.3490
"Bourne ultimatum",1223852220,1485068256,261216036,117116005.3490
"Bourne ultimatum",1223852220,1224969240,1117020,117116005.3490
"Bourne ultimatum",1223928360,1485068256,261139896,117116005.3490
"Bourne ultimatum",1223928360,1225763940,1835580,117116005.3490
"Bourne ultimatum",1223928780,1485068256,261139476,117116005.3490
"Bourne ultimatum",1223934360,1485068256,261133896,117116005.3490
"Bourne ultimatum",1223936280,1485068256,261131976,117116005.3490
"Bourne ultimatum",1223936280,1224546900,610620,117116005.3490
"Bourne ultimatum",1223937000,1485068256,261131256,117116005.3490
"Bourne ultimatum",1223937000,1225149360,1212360,117116005.3490
"Bourne ultimatum",1223940060,1485068256,261128196,117116005.3490
"Bourne ultimatum",1223940060,1224121560,181500,117116005.3490
"Bourne ultimatum",1223941320,1485068256,261126936,117116005.3490
"Bourne ultimatum",1223943720,1485068256,261124536,117116005.3490
"Bourne ultimatum",1223943720,1224369180,425460,117116005.3490
"Bourne ultimatum",1223944080,1485068256,261124176,117116005.3490
"Bourne ultimatum",1223944080,1225937040,1992960,117116005.3490
"Bourne ultimatum",1223944080,1226118480,2174400,117116005.3490
"Bourne ultimatum",1223945940,1485068256,261122316,117116005.3490
"Bourne ultimatum",1223945940,1224195720,249780,117116005.3490
"Bourne ultimatum",1223946180,1485068256,261122076,117116005.3490
"Bourne ultimatum",1223946900,1485068256,261121356,117116005.3490
"Bourne ultimatum",1223946900,1231142400,7195500,117116005.3490
"Bourne ultimatum",1223948160,1485068256,261120096,117116005.3490
"Bourne ultimatum",1223948160,1225325760,1377600,117116005.3490
"Bourne ultimatum",1223948160,1225664760,1716600,117116005.3490
"Bourne ultimatum",1223952660,1485068256,261115596,117116005.3490
"Bourne ultimatum",1223952660,1224642240,689580,117116005.3490
"Bourne ultimatum",1223952960,1485068256,261115296,117116005.3490
"Bourne ultimatum",1223952960,1224551880,598920,117116005.3490
"Bourne ultimatum",1224011400,1485068256,261056856,117116005.3490
"Bourne ultimatum",1224011400,1226276640,2265240,117116005.3490
"Bourne ultimatum",1224014640,1485068256,261053616,117116005.3490
"Bourne ultimatum",1224014640,1225308720,1294080,117116005.3490
"Bourne ultimatum",1224017640,1485068256,261050616,117116005.3490
"Bourne ultimatum",1224022500,1485068256,261045756,117116005.3490
"Bourne ultimatum",1224022500,1224355140,332640,117116005.3490
"Bourne ultimatum",1224022920,1485068256,261045336,117116005.3490
"Bourne ultimatum",1224022920,1224977520,954600,117116005.3490
"Bourne ultimatum",1224026520,1485068256,261041736,117116005.3490
"Bourne ultimatum",1224026520,1225062720,1036200,117116005.3490
"Bourne ultimatum",1224029820,1485068256,261038436,117116005.3490
"Bourne ultimatum",1224029820,1224277080,247260,117116005.3490
"Bourne ultimatum",1224033300,1485068256,261034956,117116005.3490
"Bourne ultimatum",1224033300,1224204780,171480,117116005.3490
"Bourne ultimatum",1224033480,1485068256,261034776,117116005.3490
"Bourne ultimatum",1224033480,1225242000,1208520,117116005.3490
"Bourne ultimatum",1224035520,1485068256,261032736,117116005.3490
"Bourne ultimatum",1224035520,1224121260,85740,117116005.3490
"Bourne ultimatum",1224038820,1485068256,261029436,117116005.3490
"Bourne ultimatum",1224039180,1485068256,261029076,117116005.3490
"Bourne ultimatum",1224039180,1224895140,855960,117116005.3490
"Bourne ultimatum",1224095820,1485068256,260972436,117116005.3490
"Bourne ultimatum",1224095820,1225302660,1206840,117116005.3490
"Bourne ultimatum",1224099780,1485068256,260968476,117116005.3490
"Bourne ultimatum",1224099780,1225231260,1131480,117116005.3490
"Bourne ultimatum",1224099840,1485068256,260968416,117116005.3490
"Bourne ultimatum",1224099840,1228896000,4796160,117116005.3490
"Bourne ultimatum",1224099840,1233275340,9175500,117116005.3490
"Bourne ultimatum",1224107520,1485068256,260960736,117116005.3490
"Bourne ultimatum",1224107520,1224538740,431220,117116005.3490
"Bourne ultimatum",1224107880,1485068256,260960376,117116005.3490
"Bourne ultimatum",1224107880,1228853580,4745700,117116005.3490
"Bourne ultimatum",1224108180,1485068256,260960076,117116005.3490
"Bourne ultimatum",1224108180,1224706860,598680,117116005.3490
"Bourne ultimatum",1224108720,1485068256,260959536,117116005.3490
"Bourne ultimatum",1224110820,1485068256,260957436,117116005.3490
"Bourne ultimatum",1224110820,1226089500,1978680,117116005.3490
"Bourne ultimatum",1224111360,1485068256,260956896,117116005.3490
"Bourne ultimatum",1224113340,1485068256,260954916,117116005.3490
"Bourne ultimatum",1224113640,1485068256,260954616,117116005.3490
"Bourne ultimatum",1224113880,1485068256,260954376,117116005.3490
"Bourne ultimatum",1224115440,1485068256,260952816,117116005.3490
"Bourne ultimatum",1224115620,1485068256,260952636,117116005.3490
"Bourne ultimatum",1224115620,1224275100,159480,117116005.3490
"Bourne ultimatum",1224120000,1485068256,260948256,117116005.3490
"Bourne ultimatum",1224120480,1485068256,260947776,117116005.3490
"Bourne ultimatum",1224120480,1224807240,686760,117116005.3490
"Bourne ultimatum",1224121500,1485068256,260946756,117116005.3490
"Bourne ultimatum",1224123060,1485068256,260945196,117116005.3490
"Bourne ultimatum",1224123060,1224549540,426480,117116005.3490
"Bourne ultimatum",1224177540,1485068256,260890716,117116005.3490
"Bourne ultimatum",1224177540,1226100000,1922460,117116005.3490
"Bourne ultimatum",1224178740,1485068256,260889516,117116005.3490
"Bourne ultimatum",1224178740,1224355500,176760,117116005.3490
"Bourne ultimatum",1224188400,1485068256,260879856,117116005.3490
"Bourne ultimatum",1224188400,1224543180,354780,117116005.3490
"Bourne ultimatum",1224190740,1485068256,260877516,117116005.3490
"Bourne ultimatum",1224192900,1485068256,260875356,117116005.3490
"Bourne ultimatum",1224193560,1485068256,260874696,117116005.3490
"Bourne ultimatum",1224193560,1225402800,1209240,117116005.3490
"Bourne ultimatum",1224193920,1485068256,260874336,117116005.3490
"Bourne ultimatum",1224193920,1224368880,174960,117116005.3490
"Bourne ultimatum",1224195480,1485068256,260872776,117116005.3490
"Bourne ultimatum",1224199020,1485068256,260869236,117116005.3490
"Bourne ultimatum",1224199020,1224889440,690420,117116005.3490
"Bourne ultimatum",1224205020,1485068256,260863236,117116005.3490
"Bourne ultimatum",1224205800,1485068256,260862456,117116005.3490
"Bourne ultimatum",1224211260,1485068256,260856996,117116005.3490
"Bourne ultimatum",1224211260,1224786540,575280,117116005.3490
"Bourne ultimatum",1224212280,1485068256,260855976,117116005.3490
"Bourne ultimatum",1224270900,1485068256,260797356,117116005.3490
"Bourne ultimatum",1224276240,1485068256,260792016,117116005.3490
"Bourne ultimatum",1224276240,1225311180,1034940,117116005.3490
"Bourne ultimatum",1224276600,1485068256,260791656,117116005.3490
"Bourne ultimatum",1224276600,1224288660,12060,117116005.3490
"Bourne ultimatum",1224284580,1485068256,260783676,117116005.3490
"Bourne ultimatum",1224286440,1485068256,260781816,117116005.3490
"Bourne ultimatum",1224286440,1224717420,430980,117116005.3490
"Bourne ultimatum",1224290700,1485068256,260777556,117116005.3490
"Bourne ultimatum",1224290700,1226973960,2683260,117116005.3490
"Bourne ultimatum",1224290700,1228614420,4323720,117116005.3490
"Bourne ultimatum",1224290760,1485068256,260777496,117116005.3490
"Bourne ultimatum",1224290760,1224807660,516900,117116005.3490
"Bourne ultimatum",1224291420,1485068256,260776836,117116005.3490
"Bourne ultimatum",1224291420,1226697960,2406540,117116005.3490
"Bourne ultimatum",1224352080,1485068256,260716176,117116005.3490
"Bourne ultimatum",1224352080,1224793860,441780,117116005.3490
"Bourne ultimatum",1224353160,1485068256,260715096,117116005.3490
"Bourne ultimatum",1224353160,1224543420,190260,117116005.3490
"Bourne ultimatum",1224356100,1485068256,260712156,117116005.3490
"Bourne ultimatum",1224356100,1225487280,1131180,117116005.3490
"Bourne ultimatum",1224356700,1485068256,260711556,117116005.3490
"Bourne ultimatum",1224357600,1485068256,260710656,117116005.3490
"Bourne ultimatum",1224357600,1226178420,1820820,117116005.3490
"Bourne ultimatum",1224363360,1485068256,260704896,117116005.3490
"Bourne ultimatum",1224364380,1485068256,260703876,117116005.3490
"Bourne ultimatum",1224364380,1225056240,691860,117116005.3490
"Bourne ultimatum",1224365340,1485068256,260702916,117116005.3490
"Bourne ultimatum",1224365340,1225566540,1201200,117116005.3490
"Bourne ultimatum",1224366120,1485068256,260702136,117116005.3490
"Bourne ultimatum",1224366120,1225662720,1296600,117116005.3490
"Bourne ultimatum",1224367680,1485068256,260700576,117116005.3490
"Bourne ultimatum",1224367680,1225068060,700380,117116005.3490
"Bourne ultimatum",1224371040,1485068256,260697216,117116005.3490
"Bourne ultimatum",1224371100,1485068256,260697156,117116005.3490
"Bourne ultimatum",1224371100,1224976740,605640,117116005.3490
"Bourne ultimatum",1224372660,1485068256,260695596,117116005.3490
"Bourne ultimatum",1224372660,1224555060,182400,117116005.3490
"Bourne ultimatum",1224374460,1485068256,260693796,117116005.3490
"Bourne ultimatum",1224374460,1225421760,1047300,117116005.3490
"Bourne ultimatum",1224375720,1485068256,260692536,117116005.3490
"Bourne ultimatum",1224376080,1485068256,260692176,117116005.3490
"Bourne ultimatum",1224377160,1485068256,260691096,117116005.3490
"Bourne ultimatum",1224377160,1224962220,585060,117116005.3490
"Bourne ultimatum",1224377880,1485068256,260690376,117116005.3490
"Bourne ultimatum",1224377880,1224890280,512400,117116005.3490
"Bourne ultimatum",1224454140,1485068256,260614116,117116005.3490
"Bourne ultimatum",1224455880,1485068256,260612376,117116005.3490
"Bourne ultimatum",1224455880,1224964140,508260,117116005.3490
"Bourne ultimatum",1224533460,1485068256,260534796,117116005.3490
"Bourne ultimatum",1224533460,1224806520,273060,117116005.3490
"Bourne ultimatum",1224537300,1485068256,260530956,117116005.3490
"Bourne ultimatum",1224537300,1225311540,774240,117116005.3490
"Bourne ultimatum",1224540000,1485068256,260528256,117116005.3490
"Bourne ultimatum",1224540000,1225498140,958140,117116005.3490
"Bourne ultimatum",1224540120,1485068256,260528136,117116005.3490
"Bourne ultimatum",1224542820,1485068256,260525436,117116005.3490
"Bourne ultimatum",1224542820,1224630780,87960,117116005.3490
"Bourne ultimatum",1224543360,1485068256,260524896,117116005.3490
"Bourne ultimatum",1224543360,1225927560,1384200,117116005.3490
"Bourne ultimatum",1224544140,1485068256,260524116,117116005.3490
"Bourne ultimatum",1224544140,1225234860,690720,117116005.3490
"Bourne ultimatum",1224544140,1225300680,756540,117116005.3490
"Bourne ultimatum",1224544860,1485068256,260523396,117116005.3490
"Bourne ultimatum",1224546060,1485068256,260522196,117116005.3490
"Bourne ultimatum",1224546060,1226276460,1730400,117116005.3490
"Bourne ultimatum",1224547380,1485068256,260520876,117116005.3490
"Bourne ultimatum",1224547380,1226005560,1458180,117116005.3490
"Bourne ultimatum",1224547500,1485068256,260520756,117116005.3490
"Bourne ultimatum",1224547500,1228165620,3618120,117116005.3490
"Bourne ultimatum",1224549780,1485068256,260518476,117116005.3490
"Bourne ultimatum",1224549780,1228963440,4413660,117116005.3490
"Bourne ultimatum",1224550440,1485068256,260517816,117116005.3490
"Bourne ultimatum",1224550440,1224893640,343200,117116005.3490
"Bourne ultimatum",1224550560,1485068256,260517696,117116005.3490
"Bourne ultimatum",1224551160,1485068256,260517096,117116005.3490
"Bourne ultimatum",1224557100,1485068256,260511156,117116005.3490
"Bourne ultimatum",1224557100,1224725100,168000,117116005.3490
"Bourne ultimatum",1224609060,1485068256,260459196,117116005.3490
"Bourne ultimatum",1224621960,1485068256,260446296,117116005.3490
"Bourne ultimatum",1224621960,1225064400,442440,117116005.3490
"Bourne ultimatum",1224623460,1485068256,260444796,117116005.3490
"Bourne ultimatum",1224624840,1485068256,260443416,117116005.3490
"Bourne ultimatum",1224624840,1224815340,190500,117116005.3490
"Bourne ultimatum",1224626520,1485068256,260441736,117116005.3490
"Bourne ultimatum",1224627060,1485068256,260441196,117116005.3490
"Bourne ultimatum",1224627660,1485068256,260440596,117116005.3490
"Bourne ultimatum",1224627660,1224964740,337080,117116005.3490
"Bourne ultimatum",1224627720,1485068256,260440536,117116005.3490
"Bourne ultimatum",1224627720,1226535600,1907880,117116005.3490
"Bourne ultimatum",1224628320,1485068256,260439936,117116005.3490
"Bourne ultimatum",1224628320,1225138980,510660,117116005.3490
"Bourne ultimatum",1224628320,1225222020,593700,117116005.3490
"Bourne ultimatum",1224629880,1485068256,260438376,117116005.3490
"Bourne ultimatum",1224629880,1225153440,523560,117116005.3490
"Bourne ultimatum",1224630300,1485068256,260437956,117116005.3490
"Bourne ultimatum",1224631860,1485068256,260436396,117116005.3490
"Bourne ultimatum",1224631860,1225747560,1115700,117116005.3490
"Bourne ultimatum",1224632460,1485068256,260435796,117116005.3490
"Bourne ultimatum",1224632460,1225481880,849420,117116005.3490
"Bourne ultimatum",1224634020,1485068256,260434236,117116005.3490
"Bourne ultimatum",1224634320,1485068256,260433936,117116005.3490
"Bourne ultimatum",1224634320,1224979440,345120,117116005.3490
"Bourne ultimatum",1224636120,1485068256,260432136,117116005.3490
"Bourne ultimatum",1224636120,1224707880,71760,117116005.3490
"Bourne ultimatum",1224636840,1485068256,260431416,117116005.3490
"Bourne ultimatum",1224642660,1485068256,260425596,117116005.3490
"Bourne ultimatum",1224642660,1225159620,516960,117116005.3490
"Bourne ultimatum",1224643080,1485068256,260425176,117116005.3490
"Bourne ultimatum",1224696840,1485068256,260371416,117116005.3490
"Bourne ultimatum",1224703080,1485068256,260365176,117116005.3490
"Bourne ultimatum",1224703080,1225234020,530940,117116005.3490
"Bourne ultimatum",1224703380,1485068256,260364876,117116005.3490
"Bourne ultimatum",1224707460,1485068256,260360796,117116005.3490
"Bourne ultimatum",1224707460,1224954840,247380,117116005.3490
"Bourne ultimatum",1224710040,1485068256,260358216,117116005.3490
"Bourne ultimatum",1224710040,1224967140,257100,117116005.3490
"Bourne ultimatum",1224710280,1485068256,260357976,117116005.3490
"Bourne ultimatum",1224716340,1485068256,260351916,117116005.3490
"Bourne ultimatum",1224716340,1226006100,1289760,117116005.3490
"Bourne ultimatum",1224718860,1485068256,260349396,117116005.3490
"Bourne ultimatum",1224719160,1485068256,260349096,117116005.3490
"Bourne ultimatum",1224719160,1225498140,778980,117116005.3490
"Bourne ultimatum",1224728280,1485068256,260339976,117116005.3490
"Bourne ultimatum",1224728280,1224976020,247740,117116005.3490
"Bourne ultimatum",1224796020,1485068256,260272236,117116005.3490
"Bourne ultimatum",1224796020,1224891360,95340,117116005.3490
"Bourne ultimatum",1224804240,1485068256,260264016,117116005.3490
"Bourne ultimatum",1224804240,1226365620,1561380,117116005.3490
"Bourne ultimatum",1224813420,1485068256,260254836,117116005.3490
"Bourne ultimatum",1224813420,1225149000,335580,117116005.3490
"Bourne ultimatum",1224814860,1485068256,260253396,117116005.3490
"Bourne ultimatum",1224875520,1485068256,260192736,117116005.3490
"Bourne ultimatum",1224875520,1225769760,894240,117116005.3490
"Bourne ultimatum",1224875940,1485068256,260192316,117116005.3490
"Bourne ultimatum",1224875940,1225851720,975780,117116005.3490
"Bourne ultimatum",1224885420,1485068256,260182836,117116005.3490
"Bourne ultimatum",1224885420,1225668480,783060,117116005.3490
"Bourne ultimatum",1224887280,1485068256,260180976,117116005.3490
"Bourne ultimatum",1224889020,1485068256,260179236,117116005.3490
"Bourne ultimatum",1224889020,1225749600,860580,117116005.3490
"Bourne ultimatum",1224890520,1485068256,260177736,117116005.3490
"Bourne ultimatum",1224892260,1485068256,260175996,117116005.3490
"Bourne ultimatum",1224894480,1485068256,260173776,117116005.3490
"Bourne ultimatum",1224894480,1225567740,673260,117116005.3490
"Bourne ultimatum",1224956940,1485068256,260111316,117116005.3490
"Bourne ultimatum",1224956940,1228691880,3734940,117116005.3490
"Bourne ultimatum",1224956940,1232574360,7617420,117116005.3490
"Bourne ultimatum",1224958560,1485068256,260109696,117116005.3490
"Bourne ultimatum",1224958560,1227379380,2420820,117116005.3490
"Bourne ultimatum",1224959460,1485068256,260108796,117116005.3490
"Bourne ultimatum",1224959460,1226881920,1922460,117116005.3490
"Bourne ultimatum",1224959460,1231883640,6924180,117116005.3490
"Bourne ultimatum",1224959700,1485068256,260108556,117116005.3490
"Bourne ultimatum",1224959700,1225246680,286980,117116005.3490
"Bourne ultimatum",1224960420,1485068256,260107836,117116005.3490
"Bourne ultimatum",1224960420,1224972120,11700,117116005.3490
"Bourne ultimatum",1224960600,1485068256,260107656,117116005.3490
"Bourne ultimatum",1224965820,1485068256,260102436,117116005.3490
"Bourne ultimatum",1224965820,1225312740,346920,117116005.3490
"Bourne ultimatum",1224967320,1485068256,260100936,117116005.3490
"Bourne ultimatum",1224967320,1225406460,439140,117116005.3490
"Bourne ultimatum",1224968220,1485068256,260100036,117116005.3490
"Bourne ultimatum",1224971700,1485068256,260096556,117116005.3490
"Bourne ultimatum",1224971700,1228434600,3462900,117116005.3490
"Bourne ultimatum",1224973200,1485068256,260095056,117116005.3490
"Bourne ultimatum",1224973200,1226619600,1646400,117116005.3490
"Bourne ultimatum",1224977280,1485068256,260090976,117116005.3490
"Bourne ultimatum",1224977280,1225663860,686580,117116005.3490
"Bourne ultimatum",1224977520,1485068256,260090736,117116005.3490
"Bourne ultimatum",1224977520,1226194200,1216680,117116005.3490
"Bourne ultimatum",1224979200,1485068256,260089056,117116005.3490
"Bourne ultimatum",1224979200,1226182980,1203780,117116005.3490
"Bourne ultimatum",1224982440,1485068256,260085816,117116005.3490
"Bourne ultimatum",1224982440,1225940100,957660,117116005.3490
"Bourne ultimatum",1225054440,1485068256,260013816,117116005.3490
"Bourne ultimatum",1225057500,1485068256,260010756,117116005.3490
"Bourne ultimatum",1225062180,1485068256,260006076,117116005.3490
"Bourne ultimatum",1225062180,1225568700,506520,117116005.3490
"Bourne ultimatum",1225063500,1485068256,260004756,117116005.3490
"Bourne ultimatum",1225064100,1485068256,260004156,117116005.3490
"Bourne ultimatum",1225064100,1225583280,519180,117116005.3490
"Bourne ultimatum",1225135500,1485068256,259932756,117116005.3490
"Bourne ultimatum",1225135500,1225915800,780300,117116005.3490
"Bourne ultimatum",1225143240,1485068256,259925016,117116005.3490
"Bourne ultimatum",1225147080,1485068256,259921176,117116005.3490
"Bourne ultimatum",1225148280,1485068256,259919976,117116005.3490
"Bourne ultimatum",1225148280,1225321980,173700,117116005.3490
"Bourne ultimatum",1225148520,1485068256,259919736,117116005.3490
"Bourne ultimatum",1225148520,1225851840,703320,117116005.3490
"Bourne ultimatum",1225149180,1485068256,259919076,117116005.3490
"Bourne ultimatum",1225149180,1227474120,2324940,117116005.3490
"Bourne ultimatum",1225151160,1485068256,259917096,117116005.3490
"Bourne ultimatum",1225151160,1225765260,614100,117116005.3490
"Bourne ultimatum",1225151160,1225999260,848100,117116005.3490
"Bourne ultimatum",1225155480,1485068256,259912776,117116005.3490
"Bourne ultimatum",1225155480,1226539140,1383660,117116005.3490
"Bourne ultimatum",1225214580,1485068256,259853676,117116005.3490
"Bourne ultimatum",1225214580,1225908720,694140,117116005.3490
"Bourne ultimatum",1225222440,1485068256,259845816,117116005.3490
"Bourne ultimatum",1225222440,1225675680,453240,117116005.3490
"Bourne ultimatum",1225222440,1225738320,515880,117116005.3490
"Bourne ultimatum",1225222440,1225829940,607500,117116005.3490
"Bourne ultimatum",1225224840,1485068256,259843416,117116005.3490
"Bourne ultimatum",1225224840,1225757880,533040,117116005.3490
"Bourne ultimatum",1225224840,1225854360,629520,117116005.3490
"Bourne ultimatum",1225226820,1485068256,259841436,117116005.3490
"Bourne ultimatum",1225226820,1225413120,186300,117116005.3490
"Bourne ultimatum",1225228080,1485068256,259840176,117116005.3490
"Bourne ultimatum",1225228080,1227317100,2089020,117116005.3490
"Bourne ultimatum",1225229160,1485068256,259839096,117116005.3490
"Bourne ultimatum",1225229160,1226528640,1299480,117116005.3490
"Bourne ultimatum",1225231980,1485068256,259836276,117116005.3490
"Bourne ultimatum",1225233120,1485068256,259835136,117116005.3490
"Bourne ultimatum",1225236420,1485068256,259831836,117116005.3490
"Bourne ultimatum",1225236420,1225472880,236460,117116005.3490
"Bourne ultimatum",1225236720,1485068256,259831536,117116005.3490
"Bourne ultimatum",1225236720,1226369760,1133040,117116005.3490
"Bourne ultimatum",1225237560,1485068256,259830696,117116005.3490
"Bourne ultimatum",1225305780,1485068256,259762476,117116005.3490
"Bourne ultimatum",1225305780,1225487460,181680,117116005.3490
"Bourne ultimatum",1225312560,1485068256,259755696,117116005.3490
"Bourne ultimatum",1225312560,1226195340,882780,117116005.3490
"Bourne ultimatum",1225313640,1485068256,259754616,117116005.3490
"Bourne ultimatum",1225313640,1225925640,612000,117116005.3490
"Bourne ultimatum",1225315800,1485068256,259752456,117116005.3490
"Bourne ultimatum",1225315800,1226518740,1202940,117116005.3490
"Bourne ultimatum",1225317540,1485068256,259750716,117116005.3490
"Bourne ultimatum",1225317540,1225498860,181320,117116005.3490
"Bourne ultimatum",1225318200,1485068256,259750056,117116005.3490
"Bourne ultimatum",1225318200,1225915140,596940,117116005.3490
"Bourne ultimatum",1225320780,1485068256,259747476,117116005.3490
"Bourne ultimatum",1225324320,1485068256,259743936,117116005.3490
"Bourne ultimatum",1225328160,1485068256,259740096,117116005.3490
"Bourne ultimatum",1225328160,1225663320,335160,117116005.3490
"Bourne ultimatum",1225328460,1485068256,259739796,117116005.3490
"Bourne ultimatum",1225328460,1226375280,1046820,117116005.3490
"Bourne ultimatum",1225333080,1485068256,259735176,117116005.3490
"Bourne ultimatum",1225333080,1225761300,428220,117116005.3490
"Bourne ultimatum",1225391520,1485068256,259676736,117116005.3490
"Bourne ultimatum",1225391520,1225837260,445740,117116005.3490
"Bourne ultimatum",1225391640,1485068256,259676616,117116005.3490
"Bourne ultimatum",1225391640,1228083000,2691360,117116005.3490
"Bourne ultimatum",1225404600,1485068256,259663656,117116005.3490
"Bourne ultimatum",1225405260,1485068256,259662996,117116005.3490
"Bourne ultimatum",1225405680,1485068256,259662576,117116005.3490
"Bourne ultimatum",1225405680,1226084340,678660,117116005.3490
"Bourne ultimatum",1225406280,1485068256,259661976,117116005.3490
"Bourne ultimatum",1225406280,1225746120,339840,117116005.3490
"Bourne ultimatum",1225407420,1485068256,259660836,117116005.3490
"Bourne ultimatum",1225408800,1485068256,259659456,117116005.3490
"Bourne ultimatum",1225408800,1226631000,1222200,117116005.3490
"Bourne ultimatum",1225412280,1225412880,600,117116005.3490
"Bourne ultimatum",1225476120,1485068256,259592136,117116005.3490
"Bourne ultimatum",1225476420,1485068256,259591836,117116005.3490
"Bourne ultimatum",1225477740,1485068256,259590516,117116005.3490
"Bourne ultimatum",1225477740,1226685120,1207380,117116005.3490
"Bourne ultimatum",1225479000,1485068256,259589256,117116005.3490
"Bourne ultimatum",1225479240,1485068256,259589016,117116005.3490
"Bourne ultimatum",1225480740,1485068256,259587516,117116005.3490
"Bourne ultimatum",1225480740,1225566360,85620,117116005.3490
"Bourne ultimatum",1225482420,1485068256,259585836,117116005.3490
"Bourne ultimatum",1225482540,1485068256,259585716,117116005.3490
"Bourne ultimatum",1225482540,1226600820,1118280,117116005.3490
"Bourne ultimatum",1225484100,1485068256,259584156,117116005.3490
"Bourne ultimatum",1225484100,1225919340,435240,117116005.3490
"Bourne ultimatum",1225486500,1485068256,259581756,117116005.3490
"Bourne ultimatum",1225486500,1226267820,781320,117116005.3490
"Bourne ultimatum",1225487940,1485068256,259580316,117116005.3490
"Bourne ultimatum",1225488180,1485068256,259580076,117116005.3490
"Bourne ultimatum",1225488180,1226538000,1049820,117116005.3490
"Bourne ultimatum",1225488840,1485068256,259579416,117116005.3490
"Bourne ultimatum",1225488840,1226527440,1038600,117116005.3490
"Bourne ultimatum",1225492620,1485068256,259575636,117116005.3490
"Bourne ultimatum",1225492920,1485068256,259575336,117116005.3490
"Bourne ultimatum",1225492920,1226539080,1046160,117116005.3490
"Bourne ultimatum",1225495200,1485068256,259573056,117116005.3490
"Bourne ultimatum",1225495200,1225746120,250920,117116005.3490
"Bourne ultimatum",1225495860,1485068256,259572396,117116005.3490
"Bourne ultimatum",1225495860,1226526000,1030140,117116005.3490
"Bourne ultimatum",1225495980,1485068256,259572276,117116005.3490
"Bourne ultimatum",1225495980,1226544360,1048380,117116005.3490
"Bourne ultimatum",1225500060,1485068256,259568196,117116005.3490
"Bourne ultimatum",1225500060,1226625420,1125360,117116005.3490
"Bourne ultimatum",1225560300,1485068256,259507956,117116005.3490
"Bourne ultimatum",1225560300,1226520900,960600,117116005.3490
"Bourne ultimatum",1225561680,1485068256,259506576,117116005.3490
"Bourne ultimatum",1225570260,1485068256,259497996,117116005.3490
"Bourne ultimatum",1225570260,1227563160,1992900,117116005.3490
"Bourne ultimatum",1225570440,1485068256,259497816,117116005.3490
"Bourne ultimatum",1225570440,1226007240,436800,117116005.3490
"Bourne ultimatum",1225570440,1226955660,1385220,117116005.3490
"Bourne ultimatum",1225572360,1485068256,259495896,117116005.3490
"Bourne ultimatum",1225573680,1485068256,259494576,117116005.3490
"Bourne ultimatum",1225576260,1485068256,259491996,117116005.3490
"Bourne ultimatum",1225576260,1226174400,598140,117116005.3490
"Bourne ultimatum",1225578480,1485068256,259489776,117116005.3490
"Bourne ultimatum",1225582260,1485068256,259485996,117116005.3490
"Bourne ultimatum",1225582260,1226365980,783720,117116005.3490
"Bourne ultimatum",1225582800,1485068256,259485456,117116005.3490
"Bourne ultimatum",1225585560,1485068256,259482696,117116005.3490
"Bourne ultimatum",1225664340,1485068256,259403916,117116005.3490
"Bourne ultimatum",1225670220,1485068256,259398036,117116005.3490
"Bourne ultimatum",1225670220,1226026860,356640,117116005.3490
"Bourne ultimatum",1225671300,1485068256,259396956,117116005.3490
"Bourne ultimatum",1225671420,1485068256,259396836,117116005.3490
"Bourne ultimatum",1225671420,1225921020,249600,117116005.3490
"Bourne ultimatum",1225672560,1485068256,259395696,117116005.3490
"Bourne ultimatum",1225672560,1226365380,692820,117116005.3490
"Bourne ultimatum",1225673880,1485068256,259394376,117116005.3490
"Bourne ultimatum",1225673880,1225841040,167160,117116005.3490
"Bourne ultimatum",1225737180,1485068256,259331076,117116005.3490
"Bourne ultimatum",1225737480,1485068256,259330776,117116005.3490
"Bourne ultimatum",1225737480,1226018460,280980,117116005.3490
"Bourne ultimatum",1225741200,1485068256,259327056,117116005.3490
"Bourne ultimatum",1225741200,1226529000,787800,117116005.3490
"Bourne ultimatum",1225746540,1485068256,259321716,117116005.3490
"Bourne ultimatum",1225746540,1226006700,260160,117116005.3490
"Bourne ultimatum",1225747080,1485068256,259321176,117116005.3490
"Bourne ultimatum",1225747080,1228509780,2762700,117116005.3490
"Bourne ultimatum",1225747080,1228695000,2947920,117116005.3490
"Bourne ultimatum",1225747080,1228846260,3099180,117116005.3490
"Bourne ultimatum",1225747560,1485068256,259320696,117116005.3490
"Bourne ultimatum",1225747560,1226621340,873780,117116005.3490
"Bourne ultimatum",1225748100,1485068256,259320156,117116005.3490
"Bourne ultimatum",1225748100,1485068256,259320156,117116005.3490
"Bourne ultimatum",1225748100,1225926120,178020,117116005.3490
"Bourne ultimatum",1225748100,1226351040,602940,117116005.3490
"Bourne ultimatum",1225749420,1485068256,259318836,117116005.3490
"Bourne ultimatum",1225749420,1226524740,775320,117116005.3490
"Bourne ultimatum",1225750560,1485068256,259317696,117116005.3490
"Bourne ultimatum",1225750560,1231200180,5449620,117116005.3490
"Bourne ultimatum",1225751160,1485068256,259317096,117116005.3490
"Bourne ultimatum",1225751220,1485068256,259317036,117116005.3490
"Bourne ultimatum",1225751340,1485068256,259316916,117116005.3490
"Bourne ultimatum",1225751820,1485068256,259316436,117116005.3490
"Bourne ultimatum",1225751820,1229730900,3979080,117116005.3490
"Bourne ultimatum",1225752540,1485068256,259315716,117116005.3490
"Bourne ultimatum",1225752540,1485068256,259315716,117116005.3490
"Bourne ultimatum",1225752540,1226354760,602220,117116005.3490
"Bourne ultimatum",1225753140,1485068256,259315116,117116005.3490
"Bourne ultimatum",1225753200,1485068256,259315056,117116005.3490
"Bourne ultimatum",1225753200,1226017620,264420,117116005.3490
"Bourne ultimatum",1225756680,1485068256,259311576,117116005.3490
"Bourne ultimatum",1225758060,1485068256,259310196,117116005.3490
"Bourne ultimatum",1225758060,1226023800,265740,117116005.3490
"Bourne ultimatum",1225759020,1485068256,259309236,117116005.3490
"Bourne ultimatum",1225759260,1485068256,259308996,117116005.3490
"Bourne ultimatum",1225841280,1485068256,259226976,117116005.3490
"Bourne ultimatum",1225843260,1485068256,259224996,117116005.3490
"Bourne ultimatum",1225844100,1485068256,259224156,117116005.3490
"Bourne ultimatum",1225844100,1226095860,251760,117116005.3490
"Bourne ultimatum",1225845360,1485068256,259222896,117116005.3490
"Bourne ultimatum",1225846800,1485068256,259221456,117116005.3490
"Bourne ultimatum",1225846800,1226538900,692100,117116005.3490
"Bourne ultimatum",1225848420,1485068256,259219836,117116005.3490
"Bourne ultimatum",1225851180,1485068256,259217076,117116005.3490
"Bourne ultimatum",1225851180,1227487440,1636260,117116005.3490
"Bourne ultimatum",1225854180,1485068256,259214076,117116005.3490
"Bourne ultimatum",1225909200,1485068256,259159056,117116005.3490
"Bourne ultimatum",1225909200,1227118200,1209000,117116005.3490
"Bourne ultimatum",1225911960,1485068256,259156296,117116005.3490
"Bourne ultimatum",1225911960,1226527800,615840,117116005.3490
"Bourne ultimatum",1225919880,1485068256,259148376,117116005.3490
"Bourne ultimatum",1225919880,1225996800,76920,117116005.3490
"Bourne ultimatum",1225919880,1226085240,165360,117116005.3490
"Bourne ultimatum",1225919880,1226259360,339480,117116005.3490
"Bourne ultimatum",1225921200,1485068256,259147056,117116005.3490
"Bourne ultimatum",1225921200,1226099040,177840,117116005.3490
"Bourne ultimatum",1225922460,1485068256,259145796,117116005.3490
"Bourne ultimatum",1225922640,1485068256,259145616,117116005.3490
"Bourne ultimatum",1225922640,1226352480,429840,117116005.3490
"Bourne ultimatum",1225927380,1485068256,259140876,117116005.3490
"Bourne ultimatum",1225936200,1485068256,259132056,117116005.3490
"Bourne ultimatum",1225939980,1485068256,259128276,117116005.3490
"Bourne ultimatum",1225941000,1485068256,259127256,117116005.3490
"Bourne ultimatum",1225941000,1226343720,402720,117116005.3490
"Bourne ultimatum",1225942800,1485068256,259125456,117116005.3490
"Bourne ultimatum",1225995180,1485068256,259073076,117116005.3490
"Bourne ultimatum",1225995180,1226613780,618600,117116005.3490
"Bourne ultimatum",1225995180,1226698800,703620,117116005.3490
"Bourne ultimatum",1225996620,1485068256,259071636,117116005.3490
"Bourne ultimatum",1226003160,1485068256,259065096,117116005.3490
"Bourne ultimatum",1226003160,1226363460,360300,117116005.3490
"Bourne ultimatum",1226008980,1485068256,259059276,117116005.3490
"Bourne ultimatum",1226010360,1485068256,259057896,117116005.3490
"Bourne ultimatum",1226010360,1226775960,765600,117116005.3490
"Bourne ultimatum",1226013600,1485068256,259054656,117116005.3490
"Bourne ultimatum",1226015100,1485068256,259053156,117116005.3490
"Bourne ultimatum",1226015100,1226539140,524040,117116005.3490
"Bourne ultimatum",1226023620,1485068256,259044636,117116005.3490
"Bourne ultimatum",1226081220,1485068256,258987036,117116005.3490
"Bourne ultimatum",1226081400,1485068256,258986856,117116005.3490
"Bourne ultimatum",1226085000,1485068256,258983256,117116005.3490
"Bourne ultimatum",1226085000,1226524380,439380,117116005.3490
"Bourne ultimatum",1226085300,1485068256,258982956,117116005.3490
"Bourne ultimatum",1226087040,1485068256,258981216,117116005.3490
"Bourne ultimatum",1226088060,1226088240,180,117116005.3490
"Bourne ultimatum",1226088300,1485068256,258979956,117116005.3490
"Bourne ultimatum",1226088300,1226706720,618420,117116005.3490
"Bourne ultimatum",1226088300,1226888580,800280,117116005.3490
"Bourne ultimatum",1226095860,1485068256,258972396,117116005.3490
"Bourne ultimatum",1226095860,1226615760,519900,117116005.3490
"Bourne ultimatum",1226095860,1228695960,2600100,117116005.3490
"Bourne ultimatum",1226095860,1231442160,5346300,117116005.3490
"Bourne ultimatum",1226095860,1231528320,5432460,117116005.3490
"Bourne ultimatum",1226096460,1485068256,258971796,117116005.3490
"Bourne ultimatum",1226096460,1227306240,1209780,117116005.3490
"Bourne ultimatum",1226099820,1485068256,258968436,117116005.3490
"Bourne ultimatum",1226101560,1485068256,258966696,117116005.3490
"Bourne ultimatum",1226103240,1485068256,258965016,117116005.3490
"Bourne ultimatum",1226103240,1226356080,252840,117116005.3490
"Bourne ultimatum",1226105520,1485068256,258962736,117116005.3490
"Bourne ultimatum",1226106180,1485068256,258962076,117116005.3490
"Bourne ultimatum",1226106180,1230624000,4517820,117116005.3490
"Bourne ultimatum",1226108460,1485068256,258959796,117116005.3490
"Bourne ultimatum",1226108460,1226368560,260100,117116005.3490
"Bourne ultimatum",1226109300,1485068256,258958956,117116005.3490
"Bourne ultimatum",1226168280,1485068256,258899976,117116005.3490
"Bourne ultimatum",1226172300,1485068256,258895956,117116005.3490
"Bourne ultimatum",1226172300,1226268600,96300,117116005.3490
"Bourne ultimatum",1226173980,1485068256,258894276,117116005.3490
"Bourne ultimatum",1226174280,1485068256,258893976,117116005.3490
"Bourne ultimatum",1226178900,1485068256,258889356,117116005.3490
"Bourne ultimatum",1226178900,1226366820,187920,117116005.3490
"Bourne ultimatum",1226181900,1485068256,258886356,117116005.3490
"Bourne ultimatum",1226192520,1485068256,258875736,117116005.3490
"Bourne ultimatum",1226192520,1227389760,1197240,117116005.3490
"Bourne ultimatum",1226261580,1485068256,258806676,117116005.3490
"Bourne ultimatum",1226262960,1485068256,258805296,117116005.3490
"Bourne ultimatum",1226262960,1227483420,1220460,117116005.3490
"Bourne ultimatum",1226273460,1485068256,258794796,117116005.3490
"Bourne ultimatum",1226273940,1485068256,258794316,117116005.3490
"Bourne ultimatum",1226274060,1485068256,258794196,117116005.3490
"Bourne ultimatum",1226279580,1485068256,258788676,117116005.3490
"Bourne ultimatum",1226279580,1226631300,351720,117116005.3490
"Bourne ultimatum",1226352960,1485068256,258715296,117116005.3490
"Bourne ultimatum",1226354760,1485068256,258713496,117116005.3490
"Bourne ultimatum",1226355420,1485068256,258712836,117116005.3490
"Bourne ultimatum",1226355420,1226547720,192300,117116005.3490
"Bourne ultimatum",1226356080,1485068256,258712176,117116005.3490
"Bourne ultimatum",1226357220,1485068256,258711036,117116005.3490
"Bourne ultimatum",1226357220,1230425940,4068720,117116005.3490
"Bourne ultimatum",1226358060,1485068256,258710196,117116005.3490
"Bourne ultimatum",1226359800,1485068256,258708456,117116005.3490
"Bourne ultimatum",1226360280,1485068256,258707976,117116005.3490
"Bourne ultimatum",1226360280,1228873320,2513040,117116005.3490
"Bourne ultimatum",1226363340,1485068256,258704916,117116005.3490
"Bourne ultimatum",1226363340,1226539860,176520,117116005.3490
"Bourne ultimatum",1226363880,1485068256,258704376,117116005.3490
"Bourne ultimatum",1226364000,1485068256,258704256,117116005.3490
"Bourne ultimatum",1226366520,1485068256,258701736,117116005.3490
"Bourne ultimatum",1226373480,1485068256,258694776,117116005.3490
"Bourne ultimatum",1226373480,1227226200,852720,117116005.3490
"Bourne ultimatum",1226375160,1485068256,258693096,117116005.3490
"Bourne ultimatum",1226514300,1485068256,258553956,117116005.3490
"Bourne ultimatum",1226516280,1485068256,258551976,117116005.3490
"Bourne ultimatum",1226516280,1226632680,116400,117116005.3490
"Bourne ultimatum",1226522520,1485068256,258545736,117116005.3490
"Bourne ultimatum",1226522520,1227746460,1223940,117116005.3490
"Bourne ultimatum",1226525700,1485068256,258542556,117116005.3490
"Bourne ultimatum",1226526660,1485068256,258541596,117116005.3490
"Bourne ultimatum",1226526660,1230598020,4071360,117116005.3490
"Bourne ultimatum",1226529300,1485068256,258538956,117116005.3490
"Bourne ultimatum",1226529300,1227317820,788520,117116005.3490
"Bourne ultimatum",1226530980,1485068256,258537276,117116005.3490
"Bourne ultimatum",1226530980,1227150840,619860,117116005.3490
"Bourne ultimatum",1226533800,1228868520,2334720,117116005.3490
"Bourne ultimatum",1226535000,1485068256,258533256,117116005.3490
"Bourne ultimatum",1226535000,1228167600,1632600,117116005.3490
"Bourne ultimatum",1226536800,1485068256,258531456,117116005.3490
"Bourne ultimatum",1226540340,1485068256,258527916,117116005.3490
"Bourne ultimatum",1226540340,1226713380,173040,117116005.3490
"Bourne ultimatum",1226542200,1485068256,258526056,117116005.3490
"Bourne ultimatum",1226543100,1485068256,258525156,117116005.3490
"Bourne ultimatum",1226543100,1227317100,774000,117116005.3490
"Bourne ultimatum",1226543820,1485068256,258524436,117116005.3490
"Bourne ultimatum",1226544780,1226626020,81240,117116005.3490
"Bourne ultimatum",1226547480,1485068256,258520776,117116005.3490
"Bourne ultimatum",1226547480,1227566160,1018680,117116005.3490
"Bourne ultimatum",1226547780,1226547960,180,117116005.3490
"Bourne ultimatum",1226548680,1485068256,258519576,117116005.3490
"Bourne ultimatum",1226604180,1485068256,258464076,117116005.3490
"Bourne ultimatum",1226604180,1226772780,168600,117116005.3490
"Bourne ultimatum",1226604780,1485068256,258463476,117116005.3490
"Bourne ultimatum",1226604780,1226702400,97620,117116005.3490
"Bourne ultimatum",1226606460,1485068256,258461796,117116005.3490
"Bourne ultimatum",1226608440,1485068256,258459816,117116005.3490
"Bourne ultimatum",1226609160,1485068256,258459096,117116005.3490
"Bourne ultimatum",1226609160,1230340620,3731460,117116005.3490
"Bourne ultimatum",1226611860,1485068256,258456396,117116005.3490
"Bourne ultimatum",1226611860,1226703780,91920,117116005.3490
"Bourne ultimatum",1226612940,1485068256,258455316,117116005.3490
"Bourne ultimatum",1226615760,1485068256,258452496,117116005.3490
"Bourne ultimatum",1226622900,1485068256,258445356,117116005.3490
"Bourne ultimatum",1226627940,1227916680,1288740,117116005.3490
"Bourne ultimatum",1226630280,1485068256,258437976,117116005.3490
"Bourne ultimatum",1226630280,1265677080,39046800,117116005.3490
"Bourne ultimatum",1226630460,1485068256,258437796,117116005.3490
"Bourne ultimatum",1226630460,1227578760,948300,117116005.3490
"Bourne ultimatum",1226686140,1485068256,258382116,117116005.3490
"Bourne ultimatum",1226686140,1227737640,1051500,117116005.3490
"Bourne ultimatum",1226686200,1485068256,258382056,117116005.3490
"Bourne ultimatum",1226686200,1226945460,259260,117116005.3490
"Bourne ultimatum",1226686680,1485068256,258381576,117116005.3490
"Bourne ultimatum",1226686680,1227758400,1071720,117116005.3490
"Bourne ultimatum",1226691660,1485068256,258376596,117116005.3490
"Bourne ultimatum",1226691660,1227638940,947280,117116005.3490
"Bourne ultimatum",1226693460,1485068256,258374796,117116005.3490
"Bourne ultimatum",1226694420,1485068256,258373836,117116005.3490
"Bourne ultimatum",1226694420,1227756660,1062240,117116005.3490
"Bourne ultimatum",1226696580,1485068256,258371676,117116005.3490
"Bourne ultimatum",1226696580,1227139500,442920,117116005.3490
"Bourne ultimatum",1226697000,1485068256,258371256,117116005.3490
"Bourne ultimatum",1226697000,1485068256,258371256,117116005.3490
"Bourne ultimatum",1226697000,1226970360,273360,117116005.3490
"Bourne ultimatum",1226697000,1227136020,439020,117116005.3490
"Bourne ultimatum",1226699940,1228868400,2168460,117116005.3490
"Bourne ultimatum",1226702520,1485068256,258365736,117116005.3490
"Bourne ultimatum",1226705640,1485068256,258362616,117116005.3490
"Bourne ultimatum",1226706780,1227399120,692340,117116005.3490
"Bourne ultimatum",1226707860,1485068256,258360396,117116005.3490
"Bourne ultimatum",1226707860,1227132540,424680,117116005.3490
"Bourne ultimatum",1226708340,1485068256,258359916,117116005.3490
"Bourne ultimatum",1226710860,1485068256,258357396,117116005.3490
"Bourne ultimatum",1226710860,1227735960,1025100,117116005.3490
"Bourne ultimatum",1226711340,1485068256,258356916,117116005.3490
"Bourne ultimatum",1226779500,1485068256,258288756,117116005.3490
"Bourne ultimatum",1226779500,1227046020,266520,117116005.3490
"Bourne ultimatum",1226779680,1485068256,258288576,117116005.3490
"Bourne ultimatum",1226779680,1227903840,1124160,117116005.3490
"Bourne ultimatum",1226781720,1226978280,196560,117116005.3490
"Bourne ultimatum",1226782560,1226953140,170580,117116005.3490
"Bourne ultimatum",1226783580,1485068256,258284676,117116005.3490
"Bourne ultimatum",1226783580,1227311400,527820,117116005.3490
"Bourne ultimatum",1226783580,1227983460,1199880,117116005.3490
"Bourne ultimatum",1226784480,1227998220,1213740,117116005.3490
"Bourne ultimatum",1226785620,1231747200,4961580,117116005.3490
"Bourne ultimatum",1226792400,1227915900,1123500,117116005.3490
"Bourne ultimatum",1226793180,1228937820,2144640,117116005.3490
"Bourne ultimatum",1226793600,1485068256,258274656,117116005.3490
"Bourne ultimatum",1226793600,1228007160,1213560,117116005.3490
"Bourne ultimatum",1226797680,1485068256,258270576,117116005.3490
"Bourne ultimatum",1226797680,1227996000,1198320,117116005.3490
"Bourne ultimatum",1226798040,1485068256,258270216,117116005.3490
"Bourne ultimatum",1226872920,1485068256,258195336,117116005.3490
"Bourne ultimatum",1226874060,1485068256,258194196,117116005.3490
"Bourne ultimatum",1226874060,1227903660,1029600,117116005.3490
"Bourne ultimatum",1226880600,1485068256,258187656,117116005.3490
"Bourne ultimatum",1226880600,1227917880,1037280,117116005.3490
"Bourne ultimatum",1226882460,1228180800,1298340,117116005.3490
"Bourne ultimatum",1226884980,1485068256,258183276,117116005.3490
"Bourne ultimatum",1226884980,1227908700,1023720,117116005.3490
"Bourne ultimatum",1226960580,1485068256,258107676,117116005.3490
"Bourne ultimatum",1226960580,1229379660,2419080,117116005.3490
"Bourne ultimatum",1226962380,1227304500,342120,117116005.3490
"Bourne ultimatum",1226963700,1227657000,693300,117116005.3490
"Bourne ultimatum",1226965140,1228010100,1044960,117116005.3490
"Bourne ultimatum",1226968680,1227395160,426480,117116005.3490
"Bourne ultimatum",1226974860,1485068256,258093396,117116005.3490
"Bourne ultimatum",1226974860,1227559440,584580,117116005.3490
"Bourne ultimatum",1226979180,1227485160,505980,117116005.3490
"Bourne ultimatum",1226980260,1227063720,83460,117116005.3490
"Bourne ultimatum",1227032520,1485068256,258035736,117116005.3490
"Bourne ultimatum",1227032520,1228246620,1214100,117116005.3490
"Bourne ultimatum",1227041100,1485068256,258027156,117116005.3490
"Bourne ultimatum",1227045900,1485068256,258022356,117116005.3490
"Bourne ultimatum",1227045900,1227477900,432000,117116005.3490
"Bourne ultimatum",1227046320,1485068256,258021936,117116005.3490
"Bourne ultimatum",1227046320,1227565020,518700,117116005.3490
"Bourne ultimatum",1227052680,1228362120,1309440,117116005.3490
"Bourne ultimatum",1227053400,1485068256,258014856,117116005.3490
"Bourne ultimatum",1227053400,1228881000,1827600,117116005.3490
"Bourne ultimatum",1227056340,1227581100,524760,117116005.3490
"Bourne ultimatum",1227058200,1227913380,855180,117116005.3490
"Bourne ultimatum",1227058200,1228180800,1122600,117116005.3490
"Bourne ultimatum",1227059760,1228265940,1206180,117116005.3490
"Bourne ultimatum",1227060540,1485068256,258007716,117116005.3490
"Bourne ultimatum",1227060540,1227147000,86460,117116005.3490
"Bourne ultimatum",1227060900,1485068256,258007356,117116005.3490
"Bourne ultimatum",1227064200,1485068256,258004056,117116005.3490
"Bourne ultimatum",1227064680,1485068256,258003576,117116005.3490
"Bourne ultimatum",1227118500,1485068256,257949756,117116005.3490
"Bourne ultimatum",1227118500,1227908580,790080,117116005.3490
"Bourne ultimatum",1227120240,1228189080,1068840,117116005.3490
"Bourne ultimatum",1227126420,1229732280,2605860,117116005.3490
"Bourne ultimatum",1227130500,1227570720,440220,117116005.3490
"Bourne ultimatum",1227130740,1228362420,1231680,117116005.3490
"Bourne ultimatum",1227135180,1227647820,512640,117116005.3490
"Bourne ultimatum",1227135180,1227986820,851640,117116005.3490
"Bourne ultimatum",1227139140,1227915240,776100,117116005.3490
"Bourne ultimatum",1227142140,1228524660,1382520,117116005.3490
"Bourne ultimatum",1227142620,1228510200,1367580,117116005.3490
"Bourne ultimatum",1227142620,1229024040,1881420,117116005.3490
"Bourne ultimatum",1227146700,1485068256,257921556,117116005.3490
"Bourne ultimatum",1227148500,1227311400,162900,117116005.3490
"Bourne ultimatum",1227205860,1227987720,781860,117116005.3490
"Bourne ultimatum",1227211140,1227316140,105000,117116005.3490
"Bourne ultimatum",1227211800,1485068256,257856456,117116005.3490
"Bourne ultimatum",1227214140,1228881540,1667400,117116005.3490
"Bourne ultimatum",1227218820,1227988500,769680,117116005.3490
"Bourne ultimatum",1227219840,1228173780,953940,117116005.3490
"Bourne ultimatum",1227220500,1228436100,1215600,117116005.3490
"Bourne ultimatum",1227222420,1485068256,257845836,117116005.3490
"Bourne ultimatum",1227222420,1228435680,1213260,117116005.3490
"Bourne ultimatum",1227222660,1228181100,958440,117116005.3490
"Bourne ultimatum",1227223200,1228516440,1293240,117116005.3490
"Bourne ultimatum",1227225720,1485068256,257842536,117116005.3490
"Bourne ultimatum",1227226140,1228429500,1203360,117116005.3490
"Bourne ultimatum",1227227700,1228361640,1133940,117116005.3490
"Bourne ultimatum",1227239280,1227653460,414180,117116005.3490
"Bourne ultimatum",1227293280,1485068256,257774976,117116005.3490
"Bourne ultimatum",1227298380,1485068256,257769876,117116005.3490
"Bourne ultimatum",1227298380,1228511460,1213080,117116005.3490
"Bourne ultimatum",1227302880,1485068256,257765376,117116005.3490
"Bourne ultimatum",1227302880,1227992040,689160,117116005.3490
"Bourne ultimatum",1227307740,1485068256,257760516,117116005.3490
"Bourne ultimatum",1227307740,1229038980,1731240,117116005.3490
"Bourne ultimatum",1227308580,1485068256,257759676,117116005.3490
"Bourne ultimatum",1227308580,1228519320,1210740,117116005.3490
"Bourne ultimatum",1227310200,1485068256,257758056,117116005.3490
"Bourne ultimatum",1227310200,1228603260,1293060,117116005.3490
"Bourne ultimatum",1227310800,1485068256,257757456,117116005.3490
"Bourne ultimatum",1227311700,1485068256,257756556,117116005.3490
"Bourne ultimatum",1227311700,1228172100,860400,117116005.3490
"Bourne ultimatum",1227313440,1485068256,257754816,117116005.3490
"Bourne ultimatum",1227314280,1485068256,257753976,117116005.3490
"Bourne ultimatum",1227315240,1485068256,257753016,117116005.3490
"Bourne ultimatum",1227315240,1230945540,3630300,117116005.3490
"Bourne ultimatum",1227316860,1485068256,257751396,117116005.3490
"Bourne ultimatum",1227381060,1485068256,257687196,117116005.3490
"Bourne ultimatum",1227383400,1485068256,257684856,117116005.3490
"Bourne ultimatum",1227387540,1485068256,257680716,117116005.3490
"Bourne ultimatum",1227387540,1230414420,3026880,117116005.3490
"Bourne ultimatum",1227391080,1485068256,257677176,117116005.3490
"Bourne ultimatum",1227392340,1485068256,257675916,117116005.3490
"Bourne ultimatum",1227392340,1228274460,882120,117116005.3490
"Bourne ultimatum",1227393420,1485068256,257674836,117116005.3490
"Bourne ultimatum",1227393420,1228442400,1048980,117116005.3490
"Bourne ultimatum",1227395160,1485068256,257673096,117116005.3490
"Bourne ultimatum",1227395160,1229464740,2069580,117116005.3490
"Bourne ultimatum",1227395640,1485068256,257672616,117116005.3490
"Bourne ultimatum",1227398100,1485068256,257670156,117116005.3490
"Bourne ultimatum",1227398100,1233773460,6375360,117116005.3490
"Bourne ultimatum",1227402300,1485068256,257665956,117116005.3490
"Bourne ultimatum",1227402300,1227897540,495240,117116005.3490
"Bourne ultimatum",1227403080,1485068256,257665176,117116005.3490
"Bourne ultimatum",1227471780,1485068256,257596476,117116005.3490
"Bourne ultimatum",1227471780,1228081320,609540,117116005.3490
"Bourne ultimatum",1227477360,1485068256,257590896,117116005.3490
"Bourne ultimatum",1227479460,1485068256,257588796,117116005.3490
"Bourne ultimatum",1227486360,1485068256,257581896,117116005.3490
"Bourne ultimatum",1227488460,1485068256,257579796,117116005.3490
"Bourne ultimatum",1227488460,1229719860,2231400,117116005.3490
"Bourne ultimatum",1227551280,1485068256,257516976,117116005.3490
"Bourne ultimatum",1227551280,1227738480,187200,117116005.3490
"Bourne ultimatum",1227566160,1485068256,257502096,117116005.3490
"Bourne ultimatum",1227566160,1228856100,1289940,117116005.3490
"Bourne ultimatum",1227568680,1485068256,257499576,117116005.3490
"Bourne ultimatum",1227571560,1485068256,257496696,117116005.3490
"Bourne ultimatum",1227571560,1228261020,689460,117116005.3490
"Bourne ultimatum",1227573660,1485068256,257494596,117116005.3490
"Bourne ultimatum",1227573660,1228257120,683460,117116005.3490
"Bourne ultimatum",1227575460,1485068256,257492796,117116005.3490
"Bourne ultimatum",1227576240,1485068256,257492016,117116005.3490
"Bourne ultimatum",1227576240,1227995340,419100,117116005.3490
"Bourne ultimatum",1227585180,1485068256,257483076,117116005.3490
"Bourne ultimatum",1227585180,1228166700,581520,117116005.3490
"Bourne ultimatum",1227649320,1485068256,257418936,117116005.3490
"Bourne ultimatum",1227652320,1485068256,257415936,117116005.3490
"Bourne ultimatum",1227652320,1228947720,1295400,117116005.3490
"Bourne ultimatum",1227652680,1485068256,257415576,117116005.3490
"Bourne ultimatum",1227653820,1485068256,257414436,117116005.3490
"Bourne ultimatum",1227653820,1229388420,1734600,117116005.3490
"Bourne ultimatum",1227653820,1243387800,15733980,117116005.3490
"Bourne ultimatum",1227654240,1485068256,257414016,117116005.3490
"Bourne ultimatum",1227654240,1228001940,347700,117116005.3490
"Bourne ultimatum",1227655020,1485068256,257413236,117116005.3490
"Bourne ultimatum",1227655020,1228166340,511320,117116005.3490
"Bourne ultimatum",1227655740,1485068256,257412516,117116005.3490
"Bourne ultimatum",1227655740,1485068256,257412516,117116005.3490
"Bourne ultimatum",1227655740,1228940940,1285200,117116005.3490
"Bourne ultimatum",1227655740,1228941480,1285740,117116005.3490
"Bourne ultimatum",1227657000,1485068256,257411256,117116005.3490
"Bourne ultimatum",1227657000,1228171200,514200,117116005.3490
"Bourne ultimatum",1227661920,1485068256,257406336,117116005.3490
"Bourne ultimatum",1227662160,1485068256,257406096,117116005.3490
"Bourne ultimatum",1227662640,1485068256,257405616,117116005.3490
"Bourne ultimatum",1227662640,1227752100,89460,117116005.3490
"Bourne ultimatum",1227665520,1485068256,257402736,117116005.3490
"Bourne ultimatum",1227665520,1228182120,516600,117116005.3490
"Bourne ultimatum",1227665940,1485068256,257402316,117116005.3490
"Bourne ultimatum",1227665940,1228526340,860400,117116005.3490
"Bourne ultimatum",1227667680,1485068256,257400576,117116005.3490
"Bourne ultimatum",1227667680,1229641680,1974000,117116005.3490
"Bourne ultimatum",1227667680,1230073200,2405520,117116005.3490
"Bourne ultimatum",1227723120,1485068256,257345136,117116005.3490
"Bourne ultimatum",1227723120,1228427340,704220,117116005.3490
"Bourne ultimatum",1227733500,1485068256,257334756,117116005.3490
"Bourne ultimatum",1227733500,1227993960,260460,117116005.3490
"Bourne ultimatum",1227735420,1485068256,257332836,117116005.3490
"Bourne ultimatum",1227735420,1228781100,1045680,117116005.3490
"Bourne ultimatum",1227735420,1228862100,1126680,117116005.3490
"Bourne ultimatum",1227746280,1485068256,257321976,117116005.3490
"Bourne ultimatum",1227746280,1228960500,1214220,117116005.3490
"Bourne ultimatum",1227746700,1485068256,257321556,117116005.3490
"Bourne ultimatum",1227749160,1485068256,257319096,117116005.3490
"Bourne ultimatum",1227900480,1485068256,257167776,117116005.3490
"Bourne ultimatum",1227900480,1228521240,620760,117116005.3490
"Bourne ultimatum",1227903120,1485068256,257165136,117116005.3490
"Bourne ultimatum",1227903120,1232870400,4967280,117116005.3490
"Bourne ultimatum",1227904080,1485068256,257164176,117116005.3490
"Bourne ultimatum",1227911760,1485068256,257156496,117116005.3490
"Bourne ultimatum",1227911760,1228588680,676920,117116005.3490
"Bourne ultimatum",1227911820,1485068256,257156436,117116005.3490
"Bourne ultimatum",1227911820,1228602660,690840,117116005.3490
"Bourne ultimatum",1227912120,1485068256,257156136,117116005.3490
"Bourne ultimatum",1227912120,1228789740,877620,117116005.3490
"Bourne ultimatum",1227912120,1228962480,1050360,117116005.3490
"Bourne ultimatum",1227982860,1485068256,257085396,117116005.3490
"Bourne ultimatum",1227982860,1485068256,257085396,117116005.3490
"Bourne ultimatum",1227986640,1485068256,257081616,117116005.3490
"Bourne ultimatum",1227992280,1485068256,257075976,117116005.3490
"Bourne ultimatum",1227993780,1485068256,257074476,117116005.3490
"Bourne ultimatum",1227993780,1228512240,518460,117116005.3490
"Bourne ultimatum",1227994740,1485068256,257073516,117116005.3490
"Bourne ultimatum",1227996240,1485068256,257072016,117116005.3490
"Bourne ultimatum",1227996240,1229210280,1214040,117116005.3490
"Bourne ultimatum",1227998520,1485068256,257069736,117116005.3490
"Bourne ultimatum",1227998520,1229295300,1296780,117116005.3490
"Bourne ultimatum",1227998700,1485068256,257069556,117116005.3490
"Bourne ultimatum",1227998700,1231636320,3637620,117116005.3490
"Bourne ultimatum",1228001940,1485068256,257066316,117116005.3490
"Bourne ultimatum",1228002900,1485068256,257065356,117116005.3490
"Bourne ultimatum",1228005780,1485068256,257062476,117116005.3490
"Bourne ultimatum",1228005780,1485068256,257062476,117116005.3490
"Bourne ultimatum",1228005780,1228079940,74160,117116005.3490
"Bourne ultimatum",1228005780,1230077940,2072160,117116005.3490
"Bourne ultimatum",1228075500,1485068256,256992756,117116005.3490
"Bourne ultimatum",1228075500,1228251720,176220,117116005.3490
"Bourne ultimatum",1228080420,1485068256,256987836,117116005.3490
"Bourne ultimatum",1228080420,1230339000,2258580,117116005.3490
"Bourne ultimatum",1228081440,1485068256,256986816,117116005.3490
"Bourne ultimatum",1228081440,1228593840,512400,117116005.3490
"Bourne ultimatum",1228082400,1485068256,256985856,117116005.3490
"Bourne ultimatum",1228092780,1228176180,83400,117116005.3490
"Bourne ultimatum",1228168920,1485068256,256899336,117116005.3490
"Bourne ultimatum",1228168920,1231210140,3041220,117116005.3490
"Bourne ultimatum",1228171140,1485068256,256897116,117116005.3490
"Bourne ultimatum",1228171140,1228433280,262140,117116005.3490
"Bourne ultimatum",1228176240,1485068256,256892016,117116005.3490
"Bourne ultimatum",1228177200,1485068256,256891056,117116005.3490
"Bourne ultimatum",1228177200,1228523700,346500,117116005.3490
"Bourne ultimatum",1228177500,1485068256,256890756,117116005.3490
"Bourne ultimatum",1228177500,1228609080,431580,117116005.3490
"Bourne ultimatum",1228177500,1228781580,604080,117116005.3490
"Bourne ultimatum",1228179060,1485068256,256889196,117116005.3490
"Bourne ultimatum",1228180380,1485068256,256887876,117116005.3490
"Bourne ultimatum",1228180380,1232492580,4312200,117116005.3490
"Bourne ultimatum",1228181520,1485068256,256886736,117116005.3490
"Bourne ultimatum",1228182420,1485068256,256885836,117116005.3490
"Bourne ultimatum",1228184220,1485068256,256884036,117116005.3490
"Bourne ultimatum",1228184220,1228525200,340980,117116005.3490
"Bourne ultimatum",1228188420,1485068256,256879836,117116005.3490
"Bourne ultimatum",1228188420,1485068256,256879836,117116005.3490
"Bourne ultimatum",1228188420,1229456700,1268280,117116005.3490
"Bourne ultimatum",1228190220,1485068256,256878036,117116005.3490
"Bourne ultimatum",1228190220,1229568420,1378200,117116005.3490
"Bourne ultimatum",1228190400,1485068256,256877856,117116005.3490
"Bourne ultimatum",1228190400,1229218800,1028400,117116005.3490
"Bourne ultimatum",1228252020,1485068256,256816236,117116005.3490
"Bourne ultimatum",1228253580,1485068256,256814676,117116005.3490
"Bourne ultimatum",1228253580,1231276980,3023400,117116005.3490
"Bourne ultimatum",1228257360,1485068256,256810896,117116005.3490
"Bourne ultimatum",1228257360,1228866660,609300,117116005.3490
"Bourne ultimatum",1228257960,1485068256,256810296,117116005.3490
"Bourne ultimatum",1228257960,1228683600,425640,117116005.3490
"Bourne ultimatum",1228261500,1485068256,256806756,117116005.3490
"Bourne ultimatum",1228261500,1229470320,1208820,117116005.3490
"Bourne ultimatum",1228263060,1485068256,256805196,117116005.3490
"Bourne ultimatum",1228263060,1228612020,348960,117116005.3490
"Bourne ultimatum",1228263120,1485068256,256805136,117116005.3490
"Bourne ultimatum",1228263120,1229563440,1300320,117116005.3490
"Bourne ultimatum",1228267800,1485068256,256800456,117116005.3490
"Bourne ultimatum",1228267800,1229049420,781620,117116005.3490
"Bourne ultimatum",1228267920,1485068256,256800336,117116005.3490
"Bourne ultimatum",1228267920,1229059140,791220,117116005.3490
"Bourne ultimatum",1228267920,1229104980,837060,117116005.3490
"Bourne ultimatum",1228268820,1485068256,256799436,117116005.3490
"Bourne ultimatum",1228268820,1228866420,597600,117116005.3490
"Bourne ultimatum",1228269960,1485068256,256798296,117116005.3490
"Bourne ultimatum",1228269960,1228874160,604200,117116005.3490
"Bourne ultimatum",1228270380,1485068256,256797876,117116005.3490
"Bourne ultimatum",1228270380,1229476980,1206600,117116005.3490
"Bourne ultimatum",1228271100,1485068256,256797156,117116005.3490
"Bourne ultimatum",1228271100,1229039760,768660,117116005.3490
"Bourne ultimatum",1228276320,1485068256,256791936,117116005.3490
"Bourne ultimatum",1228276320,1228962300,685980,117116005.3490
"Bourne ultimatum",1228333260,1485068256,256734996,117116005.3490
"Bourne ultimatum",1228338660,1485068256,256729596,117116005.3490
"Bourne ultimatum",1228338660,1231813980,3475320,117116005.3490
"Bourne ultimatum",1228344420,1485068256,256723836,117116005.3490
"Bourne ultimatum",1228344420,1229541660,1197240,117116005.3490
"Bourne ultimatum",1228345080,1485068256,256723176,117116005.3490
"Bourne ultimatum",1228345200,1485068256,256723056,117116005.3490
"Bourne ultimatum",1228349160,1485068256,256719096,117116005.3490
"Bourne ultimatum",1228349160,1228868580,519420,117116005.3490
"Bourne ultimatum",1228350780,1485068256,256717476,117116005.3490
"Bourne ultimatum",1228350780,1229560920,1210140,117116005.3490
"Bourne ultimatum",1228352820,1485068256,256715436,117116005.3490
"Bourne ultimatum",1228352820,1230769140,2416320,117116005.3490
"Bourne ultimatum",1228352880,1485068256,256715376,117116005.3490
"Bourne ultimatum",1228352880,1230599160,2246280,117116005.3490
"Bourne ultimatum",1228352880,1232050080,3697200,117116005.3490
"Bourne ultimatum",1228361460,1228362660,1200,117116005.3490
"Bourne ultimatum",1228418220,1485068256,256650036,117116005.3490
"Bourne ultimatum",1228428780,1485068256,256639476,117116005.3490
"Bourne ultimatum",1228428780,1229031780,603000,117116005.3490
"Bourne ultimatum",1228435980,1485068256,256632276,117116005.3490
"Bourne ultimatum",1228435980,1229208480,772500,117116005.3490
"Bourne ultimatum",1228437300,1485068256,256630956,117116005.3490
"Bourne ultimatum",1228437300,1230404220,1966920,117116005.3490
"Bourne ultimatum",1228440900,1485068256,256627356,117116005.3490
"Bourne ultimatum",1228440900,1228521540,80640,117116005.3490
"Bourne ultimatum",1228441260,1485068256,256626996,117116005.3490
"Bourne ultimatum",1228441260,1229561220,1119960,117116005.3490
"Bourne ultimatum",1228441260,1230325080,1883820,117116005.3490
"Bourne ultimatum",1228445280,1485068256,256622976,117116005.3490
"Bourne ultimatum",1228445280,1229570040,1124760,117116005.3490
"Bourne ultimatum",1228446960,1485068256,256621296,117116005.3490
"Bourne ultimatum",1228447500,1485068256,256620756,117116005.3490
"Bourne ultimatum",1228448940,1485068256,256619316,117116005.3490
"Bourne ultimatum",1228448940,1228940820,491880,117116005.3490
"Bourne ultimatum",1228500780,1485068256,256567476,117116005.3490
"Bourne ultimatum",1228500780,1231010760,2509980,117116005.3490
"Bourne ultimatum",1228506120,1485068256,256562136,117116005.3490
"Bourne ultimatum",1228509720,1485068256,256558536,117116005.3490
"Bourne ultimatum",1228509720,1228946220,436500,117116005.3490
"Bourne ultimatum",1228512180,1485068256,256556076,117116005.3490
"Bourne ultimatum",1228512180,1228947000,434820,117116005.3490
"Bourne ultimatum",1228517760,1485068256,256550496,117116005.3490
"Bourne ultimatum",1228520280,1485068256,256547976,117116005.3490
"Bourne ultimatum",1228520280,1229110620,590340,117116005.3490
"Bourne ultimatum",1228520400,1485068256,256547856,117116005.3490
"Bourne ultimatum",1228520400,1229124180,603780,117116005.3490
"Bourne ultimatum",1228522560,1485068256,256545696,117116005.3490
"Bourne ultimatum",1228522560,1229130360,607800,117116005.3490
"Bourne ultimatum",1228525740,1485068256,256542516,117116005.3490
"Bourne ultimatum",1228525740,1228793760,268020,117116005.3490
"Bourne ultimatum",1228527060,1485068256,256541196,117116005.3490
"Bourne ultimatum",1228527060,1230424140,1897080,117116005.3490
"Bourne ultimatum",1228527600,1485068256,256540656,117116005.3490
"Bourne ultimatum",1228527600,1229904000,1376400,117116005.3490
"Bourne ultimatum",1228527720,1485068256,256540536,117116005.3490
"Bourne ultimatum",1228527720,1229294220,766500,117116005.3490
"Bourne ultimatum",1228528380,1485068256,256539876,117116005.3490
"Bourne ultimatum",1228528380,1229210460,682080,117116005.3490
"Bourne ultimatum",1228589040,1485068256,256479216,117116005.3490
"Bourne ultimatum",1228590660,1485068256,256477596,117116005.3490
"Bourne ultimatum",1228591920,1485068256,256476336,117116005.3490
"Bourne ultimatum",1228591920,1228680600,88680,117116005.3490
"Bourne ultimatum",1228593360,1485068256,256474896,117116005.3490
"Bourne ultimatum",1228593360,1229126520,533160,117116005.3490
"Bourne ultimatum",1228593960,1485068256,256474296,117116005.3490
"Bourne ultimatum",1228594440,1485068256,256473816,117116005.3490
"Bourne ultimatum",1228594440,1229735160,1140720,117116005.3490
"Bourne ultimatum",1228600320,1485068256,256467936,117116005.3490
"Bourne ultimatum",1228601760,1485068256,256466496,117116005.3490
"Bourne ultimatum",1228601760,1232498760,3897000,117116005.3490
"Bourne ultimatum",1228603260,1485068256,256464996,117116005.3490
"Bourne ultimatum",1228603260,1229203080,599820,117116005.3490
"Bourne ultimatum",1228603260,1229465700,862440,117116005.3490
"Bourne ultimatum",1228688580,1485068256,256379676,117116005.3490
"Bourne ultimatum",1228697040,1485068256,256371216,117116005.3490
"Bourne ultimatum",1228765380,1485068256,256302876,117116005.3490
"Bourne ultimatum",1228765380,1229305260,539880,117116005.3490
"Bourne ultimatum",1228765380,1231806600,3041220,117116005.3490
"Bourne ultimatum",1228786860,1485068256,256281396,117116005.3490
"Bourne ultimatum",1228786860,1485068256,256281396,117116005.3490
"Bourne ultimatum",1228786860,1229981400,1194540,117116005.3490
"Bourne ultimatum",1228786860,1232585940,3799080,117116005.3490
"Bourne ultimatum",1228789440,1485068256,256278816,117116005.3490
"Bourne ultimatum",1228847880,1485068256,256220376,117116005.3490
"Bourne ultimatum",1228847880,1229566860,718980,117116005.3490
"Bourne ultimatum",1228847880,1230402600,1554720,117116005.3490
"Bourne ultimatum",1228860420,1485068256,256207836,117116005.3490
"Bourne ultimatum",1228865880,1485068256,256202376,117116005.3490
"Bourne ultimatum",1228866720,1485068256,256201536,117116005.3490
"Bourne ultimatum",1228868820,1485068256,256199436,117116005.3490
"Bourne ultimatum",1228873380,1485068256,256194876,117116005.3490
"Bourne ultimatum",1228878660,1485068256,256189596,117116005.3490
"Bourne ultimatum",1228878660,1230428100,1549440,117116005.3490
"Bourne ultimatum",1228949160,1485068256,256119096,117116005.3490
"Bourne ultimatum",1228949160,1230329220,1380060,117116005.3490
"Bourne ultimatum",1228949460,1485068256,256118796,117116005.3490
"Bourne ultimatum",1228949460,1230331140,1381680,117116005.3490
"Bourne ultimatum",1228949640,1485068256,256118616,117116005.3490
"Bourne ultimatum",1228951680,1485068256,256116576,117116005.3490
"Bourne ultimatum",1228951680,1231382640,2430960,117116005.3490
"Bourne ultimatum",1228954320,1485068256,256113936,117116005.3490
"Bourne ultimatum",1228958040,1485068256,256110216,117116005.3490
"Bourne ultimatum",1228958040,1229719740,761700,117116005.3490
"Bourne ultimatum",1228959540,1485068256,256108716,117116005.3490
"Bourne ultimatum",1228959540,1230926220,1966680,117116005.3490
"Bourne ultimatum",1228960440,1485068256,256107816,117116005.3490
"Bourne ultimatum",1228960440,1229392020,431580,117116005.3490
"Bourne ultimatum",1228962780,1485068256,256105476,117116005.3490
"Bourne ultimatum",1228962780,1229042460,79680,117116005.3490
"Bourne ultimatum",1228963500,1485068256,256104756,117116005.3490
"Bourne ultimatum",1229023980,1485068256,256044276,117116005.3490
"Bourne ultimatum",1229023980,1231291860,2267880,117116005.3490
"Bourne ultimatum",1229024520,1485068256,256043736,117116005.3490
"Bourne ultimatum",1229027880,1485068256,256040376,117116005.3490
"Bourne ultimatum",1229028120,1485068256,256040136,117116005.3490
"Bourne ultimatum",1229028120,1230063000,1034880,117116005.3490
"Bourne ultimatum",1229029740,1485068256,256038516,117116005.3490
"Bourne ultimatum",1229029740,1229564520,534780,117116005.3490
"Bourne ultimatum",1229031840,1485068256,256036416,117116005.3490
"Bourne ultimatum",1229031840,1230073860,1042020,117116005.3490
"Bourne ultimatum",1229041620,1485068256,256026636,117116005.3490
"Bourne ultimatum",1229041620,1229045580,3960,117116005.3490
"Bourne ultimatum",1229048220,1485068256,256020036,117116005.3490
"Bourne ultimatum",1229048220,1229296680,248460,117116005.3490
"Bourne ultimatum",1229051160,1485068256,256017096,117116005.3490
"Bourne ultimatum",1229106600,1485068256,255961656,117116005.3490
"Bourne ultimatum",1229106600,1229367120,260520,117116005.3490
"Bourne ultimatum",1229107200,1485068256,255961056,117116005.3490
"Bourne ultimatum",1229107200,1230073020,965820,117116005.3490
"Bourne ultimatum",1229109900,1485068256,255958356,117116005.3490
"Bourne ultimatum",1229109900,1229452200,342300,117116005.3490
"Bourne ultimatum",1229112000,1485068256,255956256,117116005.3490
"Bourne ultimatum",1229112000,1229551680,439680,117116005.3490
"Bourne ultimatum",1229117220,1485068256,255951036,117116005.3490
"Bourne ultimatum",1229117220,1229207640,90420,117116005.3490
"Bourne ultimatum",1229120220,1485068256,255948036,117116005.3490
"Bourne ultimatum",1229120760,1485068256,255947496,117116005.3490
"Bourne ultimatum",1229120760,1231619100,2498340,117116005.3490
"Bourne ultimatum",1229122260,1485068256,255945996,117116005.3490
"Bourne ultimatum",1229122260,1229464680,342420,117116005.3490
"Bourne ultimatum",1229129460,1485068256,255938796,117116005.3490
"Bourne ultimatum",1229129640,1485068256,255938616,117116005.3490
"Bourne ultimatum",1229129640,1229298660,169020,117116005.3490
"Bourne ultimatum",1229130780,1485068256,255937476,117116005.3490
"Bourne ultimatum",1229130780,1231984200,2853420,117116005.3490
"Bourne ultimatum",1229191800,1485068256,255876456,117116005.3490
"Bourne ultimatum",1229194560,1485068256,255873696,117116005.3490
"Bourne ultimatum",1229194560,1230427200,1232640,117116005.3490
"Bourne ultimatum",1229197800,1485068256,255870456,117116005.3490
"Bourne ultimatum",1229197800,1230077460,879660,117116005.3490
"Bourne ultimatum",1229202540,1485068256,255865716,117116005.3490
"Bourne ultimatum",1229202540,1230689280,1486740,117116005.3490
"Bourne ultimatum",1229211720,1485068256,255856536,117116005.3490
"Bourne ultimatum",1229288160,1485068256,255780096,117116005.3490
"Bourne ultimatum",1229291520,1485068256,255776736,117116005.3490
"Bourne ultimatum",1229291520,1230601200,1309680,117116005.3490
"Bourne ultimatum",1229294220,1485068256,255774036,117116005.3490
"Bourne ultimatum",1229294220,1229636280,342060,117116005.3490
"Bourne ultimatum",1229299560,1485068256,255768696,117116005.3490
"Bourne ultimatum",1229301600,1485068256,255766656,117116005.3490
"Bourne ultimatum",1229301600,1229468820,167220,117116005.3490
"Bourne ultimatum",1229376600,1485068256,255691656,117116005.3490
"Bourne ultimatum",1229376600,1233264480,3887880,117116005.3490
"Bourne ultimatum",1229377260,1485068256,255690996,117116005.3490
"Bourne ultimatum",1229377260,1229985300,608040,117116005.3490
"Bourne ultimatum",1229381640,1485068256,255686616,117116005.3490
"Bourne ultimatum",1229381640,1234339200,4957560,117116005.3490
"Bourne ultimatum",1229383860,1485068256,255684396,117116005.3490
"Bourne ultimatum",1229383860,1230688560,1304700,117116005.3490
"Bourne ultimatum",1229384340,1485068256,255683916,117116005.3490
"Bourne ultimatum",1229384340,1229569200,184860,117116005.3490
"Bourne ultimatum",1229384760,1485068256,255683496,117116005.3490
"Bourne ultimatum",1229384760,1230062700,677940,117116005.3490
"Bourne ultimatum",1229385480,1485068256,255682776,117116005.3490
"Bourne ultimatum",1229385480,1230675420,1289940,117116005.3490
"Bourne ultimatum",1229392080,1485068256,255676176,117116005.3490
"Bourne ultimatum",1229393340,1485068256,255674916,117116005.3490
"Bourne ultimatum",1229398500,1485068256,255669756,117116005.3490
"Bourne ultimatum",1229398500,1231811220,2412720,117116005.3490
"Bourne ultimatum",1229398500,1232061000,2662500,117116005.3490
"Bourne ultimatum",1229399100,1485068256,255669156,117116005.3490
"Bourne ultimatum",1229461740,1485068256,255606516,117116005.3490
"Bourne ultimatum",1229461740,1230607260,1145520,117116005.3490
"Bourne ultimatum",1229466300,1485068256,255601956,117116005.3490
"Bourne ultimatum",1229471700,1485068256,255596556,117116005.3490
"Bourne ultimatum",1229472660,1485068256,255595596,117116005.3490
"Bourne ultimatum",1229472660,1229983080,510420,117116005.3490
"Bourne ultimatum",1229473020,1485068256,255595236,117116005.3490
"Bourne ultimatum",1229473020,1229981760,508740,117116005.3490
"Bourne ultimatum",1229475720,1485068256,255592536,117116005.3490
"Bourne ultimatum",1229476980,1485068256,255591276,117116005.3490
"Bourne ultimatum",1229477820,1485068256,255590436,117116005.3490
"Bourne ultimatum",1229477820,1233109980,3632160,117116005.3490
"Bourne ultimatum",1229478360,1485068256,255589896,117116005.3490
"Bourne ultimatum",1229480040,1485068256,255588216,117116005.3490
"Bourne ultimatum",1229480040,1230497580,1017540,117116005.3490
"Bourne ultimatum",1229481480,1485068256,255586776,117116005.3490
"Bourne ultimatum",1229481480,1230510840,1029360,117116005.3490
"Bourne ultimatum",1229484540,1485068256,255583716,117116005.3490
"Bourne ultimatum",1229484540,1230071100,586560,117116005.3490
"Bourne ultimatum",1229485020,1485068256,255583236,117116005.3490
"Bourne ultimatum",1229485020,1229645400,160380,117116005.3490
"Bourne ultimatum",1229537640,1485068256,255530616,117116005.3490
"Bourne ultimatum",1229537640,1229722980,185340,117116005.3490
"Bourne ultimatum",1229538180,1485068256,255530076,117116005.3490
"Bourne ultimatum",1229538180,1230426900,888720,117116005.3490
"Bourne ultimatum",1229538960,1485068256,255529296,117116005.3490
"Bourne ultimatum",1229538960,1230681360,1142400,117116005.3490
"Bourne ultimatum",1229552580,1485068256,255515676,117116005.3490
"Bourne ultimatum",1229552580,1230066660,514080,117116005.3490
"Bourne ultimatum",1229553060,1485068256,255515196,117116005.3490
"Bourne ultimatum",1229554320,1485068256,255513936,117116005.3490
"Bourne ultimatum",1229554320,1232577360,3023040,117116005.3490
"Bourne ultimatum",1229557860,1485068256,255510396,117116005.3490
"Bourne ultimatum",1229560620,1485068256,255507636,117116005.3490
"Bourne ultimatum",1229566800,1485068256,255501456,117116005.3490
"Bourne ultimatum",1229570820,1485068256,255497436,117116005.3490
"Bourne ultimatum",1229571840,1485068256,255496416,117116005.3490
"Bourne ultimatum",1229638260,1485068256,255429996,117116005.3490
"Bourne ultimatum",1229639340,1485068256,255428916,117116005.3490
"Bourne ultimatum",1229639340,1230602940,963600,117116005.3490
"Bourne ultimatum",1229642760,1485068256,255425496,117116005.3490
"Bourne ultimatum",1229642760,1229814120,171360,117116005.3490
"Bourne ultimatum",1229645220,1485068256,255423036,117116005.3490
"Bourne ultimatum",1229645460,1485068256,255422796,117116005.3490
"Bourne ultimatum",1229645460,1232153340,2507880,117116005.3490
"Bourne ultimatum",1229720220,1485068256,255348036,117116005.3490
"Bourne ultimatum",1229720220,1230593160,872940,117116005.3490
"Bourne ultimatum",1229720700,1485068256,255347556,117116005.3490
"Bourne ultimatum",1229720700,1230335880,615180,117116005.3490
"Bourne ultimatum",1229725140,1485068256,255343116,117116005.3490
"Bourne ultimatum",1229725140,1230598140,873000,117116005.3490
"Bourne ultimatum",1229728080,1485068256,255340176,117116005.3490
"Bourne ultimatum",1229732940,1485068256,255335316,117116005.3490
"Bourne ultimatum",1229736360,1485068256,255331896,117116005.3490
"Bourne ultimatum",1229736360,1231113540,1377180,117116005.3490
"Bourne ultimatum",1229804040,1485068256,255264216,117116005.3490
"Bourne ultimatum",1229804040,1230942420,1138380,117116005.3490
"Bourne ultimatum",1229805000,1485068256,255263256,117116005.3490
"Bourne ultimatum",1229805000,1231287780,1482780,117116005.3490
"Bourne ultimatum",1229805000,1231366500,1561500,117116005.3490
"Bourne ultimatum",1229807160,1485068256,255261096,117116005.3490
"Bourne ultimatum",1229807160,1230590160,783000,117116005.3490
"Bourne ultimatum",1229809020,1485068256,255259236,117116005.3490
"Bourne ultimatum",1229809020,1231030380,1221360,117116005.3490
"Bourne ultimatum",1229814720,1485068256,255253536,117116005.3490
"Bourne ultimatum",1229899800,1485068256,255168456,117116005.3490
"Bourne ultimatum",1229899800,1229985540,85740,117116005.3490
"Bourne ultimatum",1229904480,1485068256,255163776,117116005.3490
"Bourne ultimatum",1229904480,1230772500,868020,117116005.3490
"Bourne ultimatum",1229980980,1485068256,255087276,117116005.3490
"Bourne ultimatum",1229980980,1230589380,608400,117116005.3490
"Bourne ultimatum",1229981160,1485068256,255087096,117116005.3490
"Bourne ultimatum",1229981160,1230326220,345060,117116005.3490
"Bourne ultimatum",1229984040,1485068256,255084216,117116005.3490
"Bourne ultimatum",1229984040,1231209780,1225740,117116005.3490
"Bourne ultimatum",1229984220,1485068256,255084036,117116005.3490
"Bourne ultimatum",1229984220,1231208040,1223820,117116005.3490
"Bourne ultimatum",1229984940,1485068256,255083316,117116005.3490
"Bourne ultimatum",1229984940,1230504900,519960,117116005.3490
"Bourne ultimatum",1229985840,1485068256,255082416,117116005.3490
"Bourne ultimatum",1229985840,1230425280,439440,117116005.3490
"Bourne ultimatum",1229987760,1485068256,255080496,117116005.3490
"Bourne ultimatum",1229987760,1230411300,423540,117116005.3490
"Bourne ultimatum",1229988060,1485068256,255080196,117116005.3490
"Bourne ultimatum",1229988060,1231213140,1225080,117116005.3490
"Bourne ultimatum",1229991480,1485068256,255076776,117116005.3490
"Bourne ultimatum",1229991480,1230076140,84660,117116005.3490
"Bourne ultimatum",1230065220,1485068256,255003036,117116005.3490
"Bourne ultimatum",1230065220,1230584220,519000,117116005.3490
"Bourne ultimatum",1230068400,1485068256,254999856,117116005.3490
"Bourne ultimatum",1230068400,1231374960,1306560,117116005.3490
"Bourne ultimatum",1230068460,1485068256,254999796,117116005.3490
"Bourne ultimatum",1230068460,1230675300,606840,117116005.3490
"Bourne ultimatum",1230068580,1485068256,254999676,117116005.3490
"Bourne ultimatum",1230068580,1230408480,339900,117116005.3490
"Bourne ultimatum",1230069240,1485068256,254999016,117116005.3490
"Bourne ultimatum",1230069960,1485068256,254998296,117116005.3490
"Bourne ultimatum",1230073080,1485068256,254995176,117116005.3490
"Bourne ultimatum",1230073080,1230931500,858420,117116005.3490
"Bourne ultimatum",1230074160,1485068256,254994096,117116005.3490
"Bourne ultimatum",1230074160,1230509460,435300,117116005.3490
"Bourne ultimatum",1230074640,1485068256,254993616,117116005.3490
"Bourne ultimatum",1230074640,1230323760,249120,117116005.3490
"Bourne ultimatum",1230077640,1485068256,254990616,117116005.3490
"Bourne ultimatum",1230079260,1485068256,254988996,117116005.3490
"Bourne ultimatum",1230079260,1231629000,1549740,117116005.3490
"Bourne ultimatum",1230079380,1485068256,254988876,117116005.3490
"Bourne ultimatum",1230079380,1230494520,415140,117116005.3490
"Bourne ultimatum",1230079680,1485068256,254988576,117116005.3490
"Bourne ultimatum",1230079680,1231205220,1125540,117116005.3490
"Bourne ultimatum",1230324540,1485068256,254743716,117116005.3490
"Bourne ultimatum",1230324540,1231618920,1294380,117116005.3490
"Bourne ultimatum",1230325740,1485068256,254742516,117116005.3490
"Bourne ultimatum",1230325740,1230928020,602280,117116005.3490
"Bourne ultimatum",1230327240,1485068256,254741016,117116005.3490
"Bourne ultimatum",1230327240,1231027740,700500,117116005.3490
"Bourne ultimatum",1230328500,1485068256,254739756,117116005.3490
"Bourne ultimatum",1230328500,1230760320,431820,117116005.3490
"Bourne ultimatum",1230328560,1485068256,254739696,117116005.3490
"Bourne ultimatum",1230328560,1231440360,1111800,117116005.3490
"Bourne ultimatum",1230328860,1485068256,254739396,117116005.3490
"Bourne ultimatum",1230328860,1231631580,1302720,117116005.3490
"Bourne ultimatum",1230333840,1485068256,254734416,117116005.3490
"Bourne ultimatum",1230334800,1485068256,254733456,117116005.3490
"Bourne ultimatum",1230334800,1231456080,1121280,117116005.3490
"Bourne ultimatum",1230335340,1485068256,254732916,117116005.3490
"Bourne ultimatum",1230335340,1231025160,689820,117116005.3490
"Bourne ultimatum",1230336000,1485068256,254732256,117116005.3490
"Bourne ultimatum",1230340860,1485068256,254727396,117116005.3490
"Bourne ultimatum",1230340860,1231956600,1615740,117116005.3490
"Bourne ultimatum",1230342540,1485068256,254725716,117116005.3490
"Bourne ultimatum",1230342540,1230685800,343260,117116005.3490
"Bourne ultimatum",1230404580,1485068256,254663676,117116005.3490
"Bourne ultimatum",1230404580,1231970580,1566000,117116005.3490
"Bourne ultimatum",1230407400,1485068256,254660856,117116005.3490
"Bourne ultimatum",1230408420,1485068256,254659836,117116005.3490
"Bourne ultimatum",1230408420,1230939480,531060,117116005.3490
"Bourne ultimatum",1230409560,1485068256,254658696,117116005.3490
"Bourne ultimatum",1230412740,1485068256,254655516,117116005.3490
"Bourne ultimatum",1230417240,1485068256,254651016,117116005.3490
"Bourne ultimatum",1230417240,1231285860,868620,117116005.3490
"Bourne ultimatum",1230417480,1485068256,254650776,117116005.3490
"Bourne ultimatum",1230419760,1485068256,254648496,117116005.3490
"Bourne ultimatum",1230419760,1230605520,185760,117116005.3490
"Bourne ultimatum",1230424560,1485068256,254643696,117116005.3490
"Bourne ultimatum",1230424560,1231018800,594240,117116005.3490
"Bourne ultimatum",1230425640,1485068256,254642616,117116005.3490
"Bourne ultimatum",1230425640,1231706040,1280400,117116005.3490
"Bourne ultimatum",1230426300,1485068256,254641956,117116005.3490
"Bourne ultimatum",1230426300,1231815000,1388700,117116005.3490
"Bourne ultimatum",1230429120,1485068256,254639136,117116005.3490
"Bourne ultimatum",1230429120,1230927480,498360,117116005.3490
"Bourne ultimatum",1230429120,1231863960,1434840,117116005.3490
"Bourne ultimatum",1230495840,1485068256,254572416,117116005.3490
"Bourne ultimatum",1230495840,1230678300,182460,117116005.3490
"Bourne ultimatum",1230496800,1485068256,254571456,117116005.3490
"Bourne ultimatum",1230501540,1485068256,254566716,117116005.3490
"Bourne ultimatum",1230505080,1485068256,254563176,117116005.3490
"Bourne ultimatum",1230507360,1485068256,254560896,117116005.3490
"Bourne ultimatum",1230508680,1485068256,254559576,117116005.3490
"Bourne ultimatum",1230508680,1231457280,948600,117116005.3490
"Bourne ultimatum",1230508980,1485068256,254559276,117116005.3490
"Bourne ultimatum",1230585420,1485068256,254482836,117116005.3490
"Bourne ultimatum",1230586200,1485068256,254482056,117116005.3490
"Bourne ultimatum",1230586200,1231376880,790680,117116005.3490
"Bourne ultimatum",1230586500,1485068256,254481756,117116005.3490
"Bourne ultimatum",1230586620,1485068256,254481636,117116005.3490
"Bourne ultimatum",1230586620,1236927600,6340980,117116005.3490
"Bourne ultimatum",1230587460,1485068256,254480796,117116005.3490
"Bourne ultimatum",1230587460,1230939300,351840,117116005.3490
"Bourne ultimatum",1230589800,1485068256,254478456,117116005.3490
"Bourne ultimatum",1230589800,1485068256,254478456,117116005.3490
"Bourne ultimatum",1230589800,1231272420,682620,117116005.3490
"Bourne ultimatum",1230589800,1232591280,2001480,117116005.3490
"Bourne ultimatum",1230592620,1485068256,254475636,117116005.3490
"Bourne ultimatum",1230595200,1485068256,254473056,117116005.3490
"Bourne ultimatum",1230595200,1231460580,865380,117116005.3490
"Bourne ultimatum",1230595320,1485068256,254472936,117116005.3490
"Bourne ultimatum",1230595320,1230938460,343140,117116005.3490
"Bourne ultimatum",1230597060,1485068256,254471196,117116005.3490
"Bourne ultimatum",1230597060,1233010440,2413380,117116005.3490
"Bourne ultimatum",1230597720,1485068256,254470536,117116005.3490
"Bourne ultimatum",1230597840,1485068256,254470416,117116005.3490
"Bourne ultimatum",1230597840,1230691260,93420,117116005.3490
"Bourne ultimatum",1230601740,1485068256,254466516,117116005.3490
"Bourne ultimatum",1230601740,1230942900,341160,117116005.3490
"Bourne ultimatum",1230601980,1485068256,254466276,117116005.3490
"Bourne ultimatum",1230601980,1230774300,172320,117116005.3490
"Bourne ultimatum",1230602280,1485068256,254465976,117116005.3490
"Bourne ultimatum",1230602280,1231019100,416820,117116005.3490
"Bourne ultimatum",1230604380,1485068256,254463876,117116005.3490
"Bourne ultimatum",1230604380,1231897380,1293000,117116005.3490
"Bourne ultimatum",1230604440,1485068256,254463816,117116005.3490
"Bourne ultimatum",1230604440,1231110780,506340,117116005.3490
"Bourne ultimatum",1230604620,1485068256,254463636,117116005.3490
"Bourne ultimatum",1230605160,1485068256,254463096,117116005.3490
"Bourne ultimatum",1230605160,1233797640,3192480,117116005.3490
"Bourne ultimatum",1230667080,1485068256,254401176,117116005.3490
"Bourne ultimatum",1230667080,1231100340,433260,117116005.3490
"Bourne ultimatum",1230670260,1485068256,254397996,117116005.3490
"Bourne ultimatum",1230670260,1231188840,518580,117116005.3490
"Bourne ultimatum",1230670260,1233266760,2596500,117116005.3490
"Bourne ultimatum",1230673380,1485068256,254394876,117116005.3490
"Bourne ultimatum",1230673380,1231281600,608220,117116005.3490
"Bourne ultimatum",1230674280,1485068256,254393976,117116005.3490
"Bourne ultimatum",1230674280,1231969500,1295220,117116005.3490
"Bourne ultimatum",1230676020,1485068256,254392236,117116005.3490
"Bourne ultimatum",1230681180,1485068256,254387076,117116005.3490
"Bourne ultimatum",1230681180,1231115820,434640,117116005.3490
"Bourne ultimatum",1230683820,1485068256,254384436,117116005.3490
"Bourne ultimatum",1230686580,1485068256,254381676,117116005.3490
"Bourne ultimatum",1230686580,1235635200,4948620,117116005.3490
"Bourne ultimatum",1230688560,1485068256,254379696,117116005.3490
"Bourne ultimatum",1230688560,1231285500,596940,117116005.3490
"Bourne ultimatum",1230690480,1485068256,254377776,117116005.3490
"Bourne ultimatum",1230690480,1231023480,333000,117116005.3490
"Bourne ultimatum",1230691260,1485068256,254376996,117116005.3490
"Bourne ultimatum",1230691260,1231708500,1017240,117116005.3490
"Bourne ultimatum",1230691800,1485068256,254376456,117116005.3490
"Bourne ultimatum",1230693840,1485068256,254374416,117116005.3490
"Bourne ultimatum",1230693840,1231190400,496560,117116005.3490
"Bourne ultimatum",1230693840,1231612860,919020,117116005.3490
"Bourne ultimatum",1230749700,1485068256,254318556,117116005.3490
"Bourne ultimatum",1230749700,1232228040,1478340,117116005.3490
"Bourne ultimatum",1230750000,1485068256,254318256,117116005.3490
"Bourne ultimatum",1230750000,1235167380,4417380,117116005.3490
"Bourne ultimatum",1230754440,1485068256,254313816,117116005.3490
"Bourne ultimatum",1230754440,1232487540,1733100,117116005.3490
"Bourne ultimatum",1230757800,1485068256,254310456,117116005.3490
"Bourne ultimatum",1230759780,1485068256,254308476,117116005.3490
"Bourne ultimatum",1230760560,1485068256,254307696,117116005.3490
"Bourne ultimatum",1230760560,1234234080,3473520,117116005.3490
"Bourne ultimatum",1230760920,1230761820,900,117116005.3490
"Bourne ultimatum",1230766500,1485068256,254301756,117116005.3490
"Bourne ultimatum",1230766500,1231115820,349320,117116005.3490
"Bourne ultimatum",1230767340,1485068256,254300916,117116005.3490
"Bourne ultimatum",1230768060,1485068256,254300196,117116005.3490
"Bourne ultimatum",1230768060,1231895220,1127160,117116005.3490
"Bourne ultimatum",1230768060,1231976100,1208040,117116005.3490
"Bourne ultimatum",1230768900,1485068256,254299356,117116005.3490
"Bourne ultimatum",1230768900,1231028460,259560,117116005.3490
"Bourne ultimatum",1230770820,1485068256,254297436,117116005.3490
"Bourne ultimatum",1230770820,1235721600,4950780,117116005.3490
"Bourne ultimatum",1230922380,1485068256,254145876,117116005.3490
"Bourne ultimatum",1230922380,1231899540,977160,117116005.3490
"Bourne ultimatum",1230924480,1485068256,254143776,117116005.3490
"Bourne ultimatum",1230924480,1231889460,964980,117116005.3490
"Bourne ultimatum",1230925020,1485068256,254143236,117116005.3490
"Bourne ultimatum",1230928140,1485068256,254140116,117116005.3490
"Bourne ultimatum",1230928500,1485068256,254139756,117116005.3490
"Bourne ultimatum",1230928500,1231547640,619140,117116005.3490
"Bourne ultimatum",1230928860,1485068256,254139396,117116005.3490
"Bourne ultimatum",1230933420,1485068256,254134836,117116005.3490
"Bourne ultimatum",1230936120,1485068256,254132136,117116005.3490
"Bourne ultimatum",1230936720,1485068256,254131536,117116005.3490
"Bourne ultimatum",1230936720,1233959040,3022320,117116005.3490
"Bourne ultimatum",1230937560,1485068256,254130696,117116005.3490
"Bourne ultimatum",1230937560,1231628580,691020,117116005.3490
"Bourne ultimatum",1230940320,1485068256,254127936,117116005.3490
"Bourne ultimatum",1230940320,1231373880,433560,117116005.3490
"Bourne ultimatum",1230941760,1485068256,254126496,117116005.3490
"Bourne ultimatum",1230941760,1231815840,874080,117116005.3490
"Bourne ultimatum",1230942180,1485068256,254126076,117116005.3490
"Bourne ultimatum",1230942180,1231384560,442380,117116005.3490
"Bourne ultimatum",1230944820,1485068256,254123436,117116005.3490
"Bourne ultimatum",1230944820,1232063040,1118220,117116005.3490
"Bourne ultimatum",1230945300,1485068256,254122956,117116005.3490
"Bourne ultimatum",1230945300,1231982640,1037340,117116005.3490
"Bourne ultimatum",1230945720,1485068256,254122536,117116005.3490
"Bourne ultimatum",1230945720,1231958520,1012800,117116005.3490
"Bourne ultimatum",1230945780,1485068256,254122476,117116005.3490
"Bourne ultimatum",1230945780,1231108140,162360,117116005.3490
"Bourne ultimatum",1230946440,1485068256,254121816,117116005.3490
"Bourne ultimatum",1230946440,1231446960,500520,117116005.3490
"Bourne ultimatum",1230947580,1485068256,254120676,117116005.3490
"Bourne ultimatum",1230947580,1231298040,350460,117116005.3490
"Bourne ultimatum",1231006680,1485068256,254061576,117116005.3490
"Bourne ultimatum",1231006680,1232491920,1485240,117116005.3490
"Bourne ultimatum",1231011840,1485068256,254056416,117116005.3490
"Bourne ultimatum",1231011840,1231634400,622560,117116005.3490
"Bourne ultimatum",1231013340,1485068256,254054916,117116005.3490
"Bourne ultimatum",1231013340,1231710180,696840,117116005.3490
"Bourne ultimatum",1231014060,1485068256,254054196,117116005.3490
"Bourne ultimatum",1231018380,1485068256,254049876,117116005.3490
"Bourne ultimatum",1231018380,1232069700,1051320,117116005.3490
"Bourne ultimatum",1231022340,1485068256,254045916,117116005.3490
"Bourne ultimatum",1231022340,1231465080,442740,117116005.3490
"Bourne ultimatum",1231024080,1485068256,254044176,117116005.3490
"Bourne ultimatum",1231024080,1231194360,170280,117116005.3490
"Bourne ultimatum",1231024440,1485068256,254043816,117116005.3490
"Bourne ultimatum",1231024440,1231621800,597360,117116005.3490
"Bourne ultimatum",1231030560,1485068256,254037696,117116005.3490
"Bourne ultimatum",1231032540,1485068256,254035716,117116005.3490
"Bourne ultimatum",1231103760,1485068256,253964496,117116005.3490
"Bourne ultimatum",1231107120,1485068256,253961136,117116005.3490
"Bourne ultimatum",1231107120,1232069700,962580,117116005.3490
"Bourne ultimatum",1231110840,1485068256,253957416,117116005.3490
"Bourne ultimatum",1231110840,1231625580,514740,117116005.3490
"Bourne ultimatum",1231112640,1485068256,253955616,117116005.3490
"Bourne ultimatum",1231116060,1485068256,253952196,117116005.3490
"Bourne ultimatum",1231116060,1232143500,1027440,117116005.3490
"Bourne ultimatum",1231190340,1485068256,253877916,117116005.3490
"Bourne ultimatum",1231190340,1232489520,1299180,117116005.3490
"Bourne ultimatum",1231199460,1485068256,253868796,117116005.3490
"Bourne ultimatum",1231199460,1231706820,507360,117116005.3490
"Bourne ultimatum",1231202520,1485068256,253865736,117116005.3490
"Bourne ultimatum",1231202520,1235084040,3881520,117116005.3490
"Bourne ultimatum",1231207320,1485068256,253860936,117116005.3490
"Bourne ultimatum",1231207320,1232074920,867600,117116005.3490
"Bourne ultimatum",1231211400,1485068256,253856856,117116005.3490
"Bourne ultimatum",1231272060,1485068256,253796196,117116005.3490
"Bourne ultimatum",1231276740,1485068256,253791516,117116005.3490
"Bourne ultimatum",1231277280,1485068256,253790976,117116005.3490
"Bourne ultimatum",1231277280,1235248380,3971100,117116005.3490
"Bourne ultimatum",1231282260,1485068256,253785996,117116005.3490
"Bourne ultimatum",1231283820,1485068256,253784436,117116005.3490
"Bourne ultimatum",1231283820,1231890540,606720,117116005.3490
"Bourne ultimatum",1231285620,1485068256,253782636,117116005.3490
"Bourne ultimatum",1231285620,1232231640,946020,117116005.3490
"Bourne ultimatum",1231287600,1231287720,120,117116005.3490
"Bourne ultimatum",1231289160,1485068256,253779096,117116005.3490
"Bourne ultimatum",1231289160,1231625880,336720,117116005.3490
"Bourne ultimatum",1231289640,1485068256,253778616,117116005.3490
"Bourne ultimatum",1231290120,1485068256,253778136,117116005.3490
"Bourne ultimatum",1231290120,1231807800,517680,117116005.3490
"Bourne ultimatum",1231292460,1485068256,253775796,117116005.3490
"Bourne ultimatum",1231292460,1231712400,419940,117116005.3490
"Bourne ultimatum",1231296360,1485068256,253771896,117116005.3490
"Bourne ultimatum",1231296360,1231717140,420780,117116005.3490
"Bourne ultimatum",1231296900,1485068256,253771356,117116005.3490
"Bourne ultimatum",1231296900,1231805100,508200,117116005.3490
"Bourne ultimatum",1231296900,1231958700,661800,117116005.3490
"Bourne ultimatum",1231297620,1485068256,253770636,117116005.3490
"Bourne ultimatum",1231356900,1485068256,253711356,117116005.3490
"Bourne ultimatum",1231356900,1234562700,3205800,117116005.3490
"Bourne ultimatum",1231358940,1485068256,253709316,117116005.3490
"Bourne ultimatum",1231361280,1485068256,253706976,117116005.3490
"Bourne ultimatum",1231361280,1231634700,273420,117116005.3490
"Bourne ultimatum",1231363200,1485068256,253705056,117116005.3490
"Bourne ultimatum",1231363200,1485068256,253705056,117116005.3490
"Bourne ultimatum",1231363200,1232047800,684600,117116005.3490
"Bourne ultimatum",1231363500,1485068256,253704756,117116005.3490
"Bourne ultimatum",1231363500,1232582580,1219080,117116005.3490
"Bourne ultimatum",1231365360,1485068256,253702896,117116005.3490
"Bourne ultimatum",1231365360,1232216940,851580,117116005.3490
"Bourne ultimatum",1231366200,1485068256,253702056,117116005.3490
"Bourne ultimatum",1231372080,1485068256,253696176,117116005.3490
"Bourne ultimatum",1231372080,1231452480,80400,117116005.3490
"Bourne ultimatum",1231376640,1485068256,253691616,117116005.3490
"Bourne ultimatum",1231376640,1233703560,2326920,117116005.3490
"Bourne ultimatum",1231377600,1485068256,253690656,117116005.3490
"Bourne ultimatum",1231377600,1232151600,774000,117116005.3490
"Bourne ultimatum",1231381140,1485068256,253687116,117116005.3490
"Bourne ultimatum",1231381140,1232507820,1126680,117116005.3490
"Bourne ultimatum",1231383300,1485068256,253684956,117116005.3490
"Bourne ultimatum",1231442340,1485068256,253625916,117116005.3490
"Bourne ultimatum",1231446360,1485068256,253621896,117116005.3490
"Bourne ultimatum",1231446360,1232489700,1043340,117116005.3490
"Bourne ultimatum",1231450260,1485068256,253617996,117116005.3490
"Bourne ultimatum",1231450260,1232666580,1216320,117116005.3490
"Bourne ultimatum",1231450440,1485068256,253617816,117116005.3490
"Bourne ultimatum",1231450440,1234744800,3294360,117116005.3490
"Bourne ultimatum",1231455660,1485068256,253612596,117116005.3490
"Bourne ultimatum",1231455660,1232647860,1192200,117116005.3490
"Bourne ultimatum",1231456080,1485068256,253612176,117116005.3490
"Bourne ultimatum",1231456080,1234480200,3024120,117116005.3490
"Bourne ultimatum",1231458540,1485068256,253609716,117116005.3490
"Bourne ultimatum",1231458540,1231631400,172860,117116005.3490
"Bourne ultimatum",1231458540,1231880640,422100,117116005.3490
"Bourne ultimatum",1231462860,1485068256,253605396,117116005.3490
"Bourne ultimatum",1231465860,1485068256,253602396,117116005.3490
"Bourne ultimatum",1231465860,1231811160,345300,117116005.3490
"Bourne ultimatum",1231466640,1485068256,253601616,117116005.3490
"Bourne ultimatum",1231466640,1232755320,1288680,117116005.3490
"Bourne ultimatum",1231473240,1485068256,253595016,117116005.3490
"Bourne ultimatum",1231473240,1233942720,2469480,117116005.3490
"Bourne ultimatum",1231530240,1485068256,253538016,117116005.3490
"Bourne ultimatum",1231530240,1232316840,786600,117116005.3490
"Bourne ultimatum",1231536720,1485068256,253531536,117116005.3490
"Bourne ultimatum",1231536720,1232585640,1048920,117116005.3490
"Bourne ultimatum",1231542120,1485068256,253526136,117116005.3490
"Bourne ultimatum",1231542120,1233447720,1905600,117116005.3490
"Bourne ultimatum",1231546140,1485068256,253522116,117116005.3490
"Bourne ultimatum",1231546140,1233880620,2334480,117116005.3490
"Bourne ultimatum",1231548960,1485068256,253519296,117116005.3490
"Bourne ultimatum",1231551600,1485068256,253516656,117116005.3490
"Bourne ultimatum",1231551600,1232678880,1127280,117116005.3490
"Bourne ultimatum",1231551600,1233078600,1527000,117116005.3490
"Bourne ultimatum",1231552260,1485068256,253515996,117116005.3490
"Bourne ultimatum",1231613700,1485068256,253454556,117116005.3490
"Bourne ultimatum",1231613700,1232236380,622680,117116005.3490
"Bourne ultimatum",1231614420,1485068256,253453836,117116005.3490
"Bourne ultimatum",1231614420,1232236920,622500,117116005.3490
"Bourne ultimatum",1231615680,1485068256,253452576,117116005.3490
"Bourne ultimatum",1231619340,1485068256,253448916,117116005.3490
"Bourne ultimatum",1231629540,1485068256,253438716,117116005.3490
"Bourne ultimatum",1231629540,1485068256,253438716,117116005.3490
"Bourne ultimatum",1231629540,1232311440,681900,117116005.3490
"Bourne ultimatum",1231629660,1485068256,253438596,117116005.3490
"Bourne ultimatum",1231629660,1232309160,679500,117116005.3490
"Bourne ultimatum",1231629840,1485068256,253438416,117116005.3490
"Bourne ultimatum",1231629840,1232833140,1203300,117116005.3490
"Bourne ultimatum",1231632900,1485068256,253435356,117116005.3490
"Bourne ultimatum",1231632900,1232674920,1042020,117116005.3490
"Bourne ultimatum",1231634280,1485068256,253433976,117116005.3490
"Bourne ultimatum",1231635360,1485068256,253432896,117116005.3490
"Bourne ultimatum",1231635360,1235174340,3538980,117116005.3490
"Bourne ultimatum",1231635360,1235242440,3607080,117116005.3490
"Bourne ultimatum",1231636740,1485068256,253431516,117116005.3490
"Bourne ultimatum",1231636740,1232752260,1115520,117116005.3490
"Bourne ultimatum",1231637520,1485068256,253430736,117116005.3490
"Bourne ultimatum",1231638480,1485068256,253429776,117116005.3490
"Bourne ultimatum",1231638480,1232071320,432840,117116005.3490
"Bourne ultimatum",1231705800,1485068256,253362456,117116005.3490
"Bourne ultimatum",1231709580,1485068256,253358676,117116005.3490
"Bourne ultimatum",1231709580,1232647980,938400,117116005.3490
"Bourne ultimatum",1231709700,1485068256,253358556,117116005.3490
"Bourne ultimatum",1231709700,1232930160,1220460,117116005.3490
"Bourne ultimatum",1231709820,1485068256,253358436,117116005.3490
"Bourne ultimatum",1231710120,1485068256,253358136,117116005.3490
"Bourne ultimatum",1231710120,1232841780,1131660,117116005.3490
"Bourne ultimatum",1231710720,1485068256,253357536,117116005.3490
"Bourne ultimatum",1231712580,1485068256,253355676,117116005.3490
"Bourne ultimatum",1231716660,1485068256,253351596,117116005.3490
"Bourne ultimatum",1231718160,1485068256,253350096,117116005.3490
"Bourne ultimatum",1231718160,1231796460,78300,117116005.3490
"Bourne ultimatum",1231721640,1485068256,253346616,117116005.3490
"Bourne ultimatum",1231721640,1232844360,1122720,117116005.3490
"Bourne ultimatum",1231791000,1485068256,253277256,117116005.3490
"Bourne ultimatum",1231791000,1232478780,687780,117116005.3490
"Bourne ultimatum",1231795680,1485068256,253272576,117116005.3490
"Bourne ultimatum",1231795680,1232841900,1046220,117116005.3490
"Bourne ultimatum",1231795680,1233258660,1462980,117116005.3490
"Bourne ultimatum",1231795800,1485068256,253272456,117116005.3490
"Bourne ultimatum",1231800840,1485068256,253267416,117116005.3490
"Bourne ultimatum",1231800840,1233090540,1289700,117116005.3490
"Bourne ultimatum",1231802580,1485068256,253265676,117116005.3490
"Bourne ultimatum",1231802580,1231894860,92280,117116005.3490
"Bourne ultimatum",1231804380,1485068256,253263876,117116005.3490
"Bourne ultimatum",1231804380,1232652840,848460,117116005.3490
"Bourne ultimatum",1231811100,1485068256,253257156,117116005.3490
"Bourne ultimatum",1231811100,1233087000,1275900,117116005.3490
"Bourne ultimatum",1231815180,1485068256,253253076,117116005.3490
"Bourne ultimatum",1231818420,1485068256,253249836,117116005.3490
"Bourne ultimatum",1231818420,1232669160,850740,117116005.3490
"Bourne ultimatum",1231883400,1485068256,253184856,117116005.3490
"Bourne ultimatum",1231883400,1232221980,338580,117116005.3490
"Bourne ultimatum",1231884420,1485068256,253183836,117116005.3490
"Bourne ultimatum",1231884420,1232490060,605640,117116005.3490
"Bourne ultimatum",1231888080,1485068256,253180176,117116005.3490
"Bourne ultimatum",1231890780,1485068256,253177476,117116005.3490
"Bourne ultimatum",1231891680,1485068256,253176576,117116005.3490
"Bourne ultimatum",1231891680,1233254820,1363140,117116005.3490
"Bourne ultimatum",1231896420,1485068256,253171836,117116005.3490
"Bourne ultimatum",1231896420,1233711240,1814820,117116005.3490
"Bourne ultimatum",1231896660,1485068256,253171596,117116005.3490
"Bourne ultimatum",1231896660,1232671800,775140,117116005.3490
"Bourne ultimatum",1231900200,1485068256,253168056,117116005.3490
"Bourne ultimatum",1231900200,1235013000,3112800,117116005.3490
"Bourne ultimatum",1231901820,1485068256,253166436,117116005.3490
"Bourne ultimatum",1231901820,1233113700,1211880,117116005.3490
"Bourne ultimatum",1231902360,1485068256,253165896,117116005.3490
"Bourne ultimatum",1231902360,1233451020,1548660,117116005.3490
"Bourne ultimatum",1231903860,1485068256,253164396,117116005.3490
"Bourne ultimatum",1231903860,1232676000,772140,117116005.3490
"Bourne ultimatum",1231905540,1485068256,253162716,117116005.3490
"Bourne ultimatum",1231905540,1232508660,603120,117116005.3490
"Bourne ultimatum",1231957020,1485068256,253111236,117116005.3490
"Bourne ultimatum",1231957020,1233179280,1222260,117116005.3490
"Bourne ultimatum",1231957800,1485068256,253110456,117116005.3490
"Bourne ultimatum",1231957800,1234396800,2439000,117116005.3490
"Bourne ultimatum",1231959840,1485068256,253108416,117116005.3490
"Bourne ultimatum",1231966800,1485068256,253101456,117116005.3490
"Bourne ultimatum",1231966800,1232595780,628980,117116005.3490
"Bourne ultimatum",1231971720,1485068256,253096536,117116005.3490
"Bourne ultimatum",1231975500,1485068256,253092756,117116005.3490
"Bourne ultimatum",1231975500,1232504160,528660,117116005.3490
"Bourne ultimatum",1231976280,1485068256,253091976,117116005.3490
"Bourne ultimatum",1231976280,1233356820,1380540,117116005.3490
"Bourne ultimatum",1231977420,1485068256,253090836,117116005.3490
"Bourne ultimatum",1231981140,1485068256,253087116,117116005.3490
"Bourne ultimatum",1231981140,1233101880,1120740,117116005.3490
"Bourne ultimatum",1231982640,1485068256,253085616,117116005.3490
"Bourne ultimatum",1231982640,1233527700,1545060,117116005.3490
"Bourne ultimatum",1231982640,1241153940,9171300,117116005.3490
"Bourne ultimatum",1231982640,1241285640,9303000,117116005.3490
"Bourne ultimatum",1231982640,1247200140,15217500,117116005.3490
"Bourne ultimatum",1231982640,1247337660,15355020,117116005.3490
"Bourne ultimatum",1231985220,1485068256,253083036,117116005.3490
"Bourne ultimatum",1231985220,1232582340,597120,117116005.3490
"Bourne ultimatum",1231991040,1485068256,253077216,117116005.3490
"Bourne ultimatum",1231991040,1232832660,841620,117116005.3490
"Bourne ultimatum",1232050140,1485068256,253018116,117116005.3490
"Bourne ultimatum",1232050140,1232143620,93480,117116005.3490
"Bourne ultimatum",1232050620,1485068256,253017636,117116005.3490
"Bourne ultimatum",1232050620,1232488800,438180,117116005.3490
"Bourne ultimatum",1232052000,1485068256,253016256,117116005.3490
"Bourne ultimatum",1232053380,1485068256,253014876,117116005.3490
"Bourne ultimatum",1232053380,1232755440,702060,117116005.3490
"Bourne ultimatum",1232058720,1485068256,253009536,117116005.3490
"Bourne ultimatum",1232058720,1232486640,427920,117116005.3490
"Bourne ultimatum",1232064180,1485068256,253004076,117116005.3490
"Bourne ultimatum",1232064180,1232155860,91680,117116005.3490
"Bourne ultimatum",1232064900,1485068256,253003356,117116005.3490
"Bourne ultimatum",1232064900,1232830020,765120,117116005.3490
"Bourne ultimatum",1232065560,1485068256,253002696,117116005.3490
"Bourne ultimatum",1232066820,1485068256,253001436,117116005.3490
"Bourne ultimatum",1232066820,1232508300,441480,117116005.3490
"Bourne ultimatum",1232068380,1485068256,252999876,117116005.3490
"Bourne ultimatum",1232068380,1232761560,693180,117116005.3490
"Bourne ultimatum",1232068680,1485068256,252999576,117116005.3490
"Bourne ultimatum",1232071740,1485068256,252996516,117116005.3490
"Bourne ultimatum",1232071740,1236633900,4562160,117116005.3490
"Bourne ultimatum",1232071740,1240499880,8428140,117116005.3490
"Bourne ultimatum",1232076480,1485068256,252991776,117116005.3490
"Bourne ultimatum",1232076480,1232928480,852000,117116005.3490
"Bourne ultimatum",1232132040,1485068256,252936216,117116005.3490
"Bourne ultimatum",1232132040,1233620100,1488060,117116005.3490
"Bourne ultimatum",1232132340,1485068256,252935916,117116005.3490
"Bourne ultimatum",1232133420,1485068256,252934836,117116005.3490
"Bourne ultimatum",1232133420,1233353220,1219800,117116005.3490
"Bourne ultimatum",1232135220,1485068256,252933036,117116005.3490
"Bourne ultimatum",1232135220,1232574960,439740,117116005.3490
"Bourne ultimatum",1232138340,1485068256,252929916,117116005.3490
"Bourne ultimatum",1232139480,1485068256,252928776,117116005.3490
"Bourne ultimatum",1232139480,1233359340,1219860,117116005.3490
"Bourne ultimatum",1232143320,1485068256,252924936,117116005.3490
"Bourne ultimatum",1232143320,1232238360,95040,117116005.3490
"Bourne ultimatum",1232148120,1485068256,252920136,117116005.3490
"Bourne ultimatum",1232148120,1232834640,686520,117116005.3490
"Bourne ultimatum",1232153940,1485068256,252914316,117116005.3490
"Bourne ultimatum",1232153940,1232758560,604620,117116005.3490
"Bourne ultimatum",1232155560,1485068256,252912696,117116005.3490
"Bourne ultimatum",1232155560,1233258480,1102920,117116005.3490
"Bourne ultimatum",1232156220,1485068256,252912036,117116005.3490
"Bourne ultimatum",1232156220,1232507280,351060,117116005.3490
"Bourne ultimatum",1232156400,1232156580,180,117116005.3490
"Bourne ultimatum",1232224560,1485068256,252843696,117116005.3490
"Bourne ultimatum",1232224560,1232923080,698520,117116005.3490
"Bourne ultimatum",1232227140,1485068256,252841116,117116005.3490
"Bourne ultimatum",1232229000,1485068256,252839256,117116005.3490
"Bourne ultimatum",1232230800,1485068256,252837456,117116005.3490
"Bourne ultimatum",1232230800,1232845980,615180,117116005.3490
"Bourne ultimatum",1232230860,1485068256,252837396,117116005.3490
"Bourne ultimatum",1232230860,1232325000,94140,117116005.3490
"Bourne ultimatum",1232238000,1485068256,252830256,117116005.3490
"Bourne ultimatum",1232238000,1232493900,255900,117116005.3490
"Bourne ultimatum",1232238600,1485068256,252829656,117116005.3490
"Bourne ultimatum",1232238600,1233364920,1126320,117116005.3490
"Bourne ultimatum",1232310120,1485068256,252758136,117116005.3490
"Bourne ultimatum",1232310120,1232823180,513060,117116005.3490
"Bourne ultimatum",1232314920,1485068256,252753336,117116005.3490
"Bourne ultimatum",1232314920,1233786660,1471740,117116005.3490
"Bourne ultimatum",1232316600,1485068256,252751656,117116005.3490
"Bourne ultimatum",1232316600,1233100440,783840,117116005.3490
"Bourne ultimatum",1232323800,1485068256,252744456,117116005.3490
"Bourne ultimatum",1232326680,1485068256,252741576,117116005.3490
"Bourne ultimatum",1232326680,1233599700,1273020,117116005.3490
"Bourne ultimatum",1232491200,1485068256,252577056,117116005.3490
"Bourne ultimatum",1232491200,1233445800,954600,117116005.3490
"Bourne ultimatum",1232493480,1485068256,252574776,117116005.3490
"Bourne ultimatum",1232493480,1232659020,165540,117116005.3490
"Bourne ultimatum",1232493900,1485068256,252574356,117116005.3490
"Bourne ultimatum",1232493900,1233882780,1388880,117116005.3490
"Bourne ultimatum",1232495820,1485068256,252572436,117116005.3490
"Bourne ultimatum",1232495820,1485068256,252572436,117116005.3490
"Bourne ultimatum",1232495820,1232592660,96840,117116005.3490
"Bourne ultimatum",1232495820,1233193500,697680,117116005.3490
"Bourne ultimatum",1232496300,1485068256,252571956,117116005.3490
"Bourne ultimatum",1232496300,1233167340,671040,117116005.3490
"Bourne ultimatum",1232497920,1485068256,252570336,117116005.3490
"Bourne ultimatum",1232498040,1485068256,252570216,117116005.3490
"Bourne ultimatum",1232498700,1485068256,252569556,117116005.3490
"Bourne ultimatum",1232500200,1485068256,252568056,117116005.3490
"Bourne ultimatum",1232500200,1232838300,338100,117116005.3490
"Bourne ultimatum",1232500620,1485068256,252567636,117116005.3490
"Bourne ultimatum",1232500620,1234924740,2424120,117116005.3490
"Bourne ultimatum",1232501040,1485068256,252567216,117116005.3490
"Bourne ultimatum",1232501040,1241506800,9005760,117116005.3490
"Bourne ultimatum",1232501040,1245112080,12611040,117116005.3490
"Bourne ultimatum",1232501760,1485068256,252566496,117116005.3490
"Bourne ultimatum",1232501760,1233632820,1131060,117116005.3490
"Bourne ultimatum",1232503860,1485068256,252564396,117116005.3490
"Bourne ultimatum",1232503860,1233197100,693240,117116005.3490
"Bourne ultimatum",1232507640,1485068256,252560616,117116005.3490
"Bourne ultimatum",1232563200,1485068256,252505056,117116005.3490
"Bourne ultimatum",1232563200,1234307700,1744500,117116005.3490
"Bourne ultimatum",1232563440,1485068256,252504816,117116005.3490
"Bourne ultimatum",1232563440,1232845380,281940,117116005.3490
"Bourne ultimatum",1232565960,1485068256,252502296,117116005.3490
"Bourne ultimatum",1232570760,1485068256,252497496,117116005.3490
"Bourne ultimatum",1232570760,1233952980,1382220,117116005.3490
"Bourne ultimatum",1232571600,1485068256,252496656,117116005.3490
"Bourne ultimatum",1232571600,1232743740,172140,117116005.3490
"Bourne ultimatum",1232573460,1485068256,252494796,117116005.3490
"Bourne ultimatum",1232573460,1233272340,698880,117116005.3490
"Bourne ultimatum",1232573880,1485068256,252494376,117116005.3490
"Bourne ultimatum",1232576820,1485068256,252491436,117116005.3490
"Bourne ultimatum",1232576820,1233445740,868920,117116005.3490
"Bourne ultimatum",1232577420,1485068256,252490836,117116005.3490
"Bourne ultimatum",1232577420,1233966180,1388760,117116005.3490
"Bourne ultimatum",1232579760,1485068256,252488496,117116005.3490
"Bourne ultimatum",1232583840,1485068256,252484416,117116005.3490
"Bourne ultimatum",1232583840,1233622260,1038420,117116005.3490
"Bourne ultimatum",1232586840,1485068256,252481416,117116005.3490
"Bourne ultimatum",1232586840,1232830740,243900,117116005.3490
"Bourne ultimatum",1232590440,1485068256,252477816,117116005.3490
"Bourne ultimatum",1232644560,1485068256,252423696,117116005.3490
"Bourne ultimatum",1232644560,1234477140,1832580,117116005.3490
"Bourne ultimatum",1232647980,1485068256,252420276,117116005.3490
"Bourne ultimatum",1232647980,1233859500,1211520,117116005.3490
"Bourne ultimatum",1232647980,1234296780,1648800,117116005.3490
"Bourne ultimatum",1232658840,1485068256,252409416,117116005.3490
"Bourne ultimatum",1232658840,1233268800,609960,117116005.3490
"Bourne ultimatum",1232659860,1485068256,252408396,117116005.3490
"Bourne ultimatum",1232659860,1233446580,786720,117116005.3490
"Bourne ultimatum",1232661480,1485068256,252406776,117116005.3490
"Bourne ultimatum",1232665020,1485068256,252403236,117116005.3490
"Bourne ultimatum",1232665980,1485068256,252402276,117116005.3490
"Bourne ultimatum",1232665980,1234311900,1645920,117116005.3490
"Bourne ultimatum",1232668620,1485068256,252399636,117116005.3490
"Bourne ultimatum",1232668620,1234300440,1631820,117116005.3490
"Bourne ultimatum",1232668860,1485068256,252399396,117116005.3490
"Bourne ultimatum",1232668860,1233888120,1219260,117116005.3490
"Bourne ultimatum",1232670660,1485068256,252397596,117116005.3490
"Bourne ultimatum",1232670660,1233274740,604080,117116005.3490
"Bourne ultimatum",1232671680,1485068256,252396576,117116005.3490
"Bourne ultimatum",1232671680,1233875400,1203720,117116005.3490
"Bourne ultimatum",1232677380,1485068256,252390876,117116005.3490
"Bourne ultimatum",1232677380,1233199140,521760,117116005.3490
"Bourne ultimatum",1232677560,1485068256,252390696,117116005.3490
"Bourne ultimatum",1232677560,1234920960,2243400,117116005.3490
"Bourne ultimatum",1232735280,1485068256,252332976,117116005.3490
"Bourne ultimatum",1232735280,1233173100,437820,117116005.3490
"Bourne ultimatum",1232739180,1485068256,252329076,117116005.3490
"Bourne ultimatum",1232739180,1232926860,187680,117116005.3490
"Bourne ultimatum",1232741760,1485068256,252326496,117116005.3490
"Bourne ultimatum",1232741760,1235439660,2697900,117116005.3490
"Bourne ultimatum",1232752260,1485068256,252315996,117116005.3490
"Bourne ultimatum",1232752260,1233614280,862020,117116005.3490
"Bourne ultimatum",1232753520,1485068256,252314736,117116005.3490
"Bourne ultimatum",1232753520,1233789780,1036260,117116005.3490
"Bourne ultimatum",1232755500,1485068256,252312756,117116005.3490
"Bourne ultimatum",1232759820,1485068256,252308436,117116005.3490
"Bourne ultimatum",1232759820,1233707400,947580,117116005.3490
"Bourne ultimatum",1232760780,1485068256,252307476,117116005.3490
"Bourne ultimatum",1232760900,1485068256,252307356,117116005.3490
"Bourne ultimatum",1232760900,1233434700,673800,117116005.3490
"Bourne ultimatum",1232762400,1485068256,252305856,117116005.3490
"Bourne ultimatum",1232826900,1485068256,252241356,117116005.3490
"Bourne ultimatum",1232827740,1485068256,252240516,117116005.3490
"Bourne ultimatum",1232827740,1233448560,620820,117116005.3490
"Bourne ultimatum",1232835120,1485068256,252233136,117116005.3490
"Bourne ultimatum",1232835120,1233878160,1043040,117116005.3490
"Bourne ultimatum",1232835840,1485068256,252232416,117116005.3490
"Bourne ultimatum",1232835840,1235445360,2609520,117116005.3490
"Bourne ultimatum",1232836860,1485068256,252231396,117116005.3490
"Bourne ultimatum",1232836860,1233952980,1116120,117116005.3490
"Bourne ultimatum",1232839080,1485068256,252229176,117116005.3490
"Bourne ultimatum",1232839080,1235610720,2771640,117116005.3490
"Bourne ultimatum",1232841000,1485068256,252227256,117116005.3490
"Bourne ultimatum",1232841360,1485068256,252226896,117116005.3490
"Bourne ultimatum",1232841360,1234045860,1204500,117116005.3490
"Bourne ultimatum",1232843340,1485068256,252224916,117116005.3490
"Bourne ultimatum",1232843340,1233432540,589200,117116005.3490
"Bourne ultimatum",1232843760,1485068256,252224496,117116005.3490
"Bourne ultimatum",1232843760,1236301440,3457680,117116005.3490
"Bourne ultimatum",1232845140,1485068256,252223116,117116005.3490
"Bourne ultimatum",1232845740,1485068256,252222516,117116005.3490
"Bourne ultimatum",1232845740,1234137360,1291620,117116005.3490
"Bourne ultimatum",1232846100,1485068256,252222156,117116005.3490
"Bourne ultimatum",1232847600,1485068256,252220656,117116005.3490
"Bourne ultimatum",1232917920,1485068256,252150336,117116005.3490
"Bourne ultimatum",1232917920,1233712440,794520,117116005.3490
"Bourne ultimatum",1232920200,1485068256,252148056,117116005.3490
"Bourne ultimatum",1232924220,1485068256,252144036,117116005.3490
"Bourne ultimatum",1232924220,1233444900,520680,117116005.3490
"Bourne ultimatum",1233006240,1485068256,252062016,117116005.3490
"Bourne ultimatum",1233007740,1485068256,252060516,117116005.3490
"Bourne ultimatum",1233007740,1233872220,864480,117116005.3490
"Bourne ultimatum",1233008820,1485068256,252059436,117116005.3490
"Bourne ultimatum",1233018120,1485068256,252050136,117116005.3490
"Bourne ultimatum",1233018120,1233101760,83640,117116005.3490
"Bourne ultimatum",1233018480,1485068256,252049776,117116005.3490
"Bourne ultimatum",1233018480,1234223700,1205220,117116005.3490
"Bourne ultimatum",1233019500,1485068256,252048756,117116005.3490
"Bourne ultimatum",1233019500,1233698100,678600,117116005.3490
"Bourne ultimatum",1233026220,1485068256,252042036,117116005.3490
"Bourne ultimatum",1233097200,1485068256,251971056,117116005.3490
"Bourne ultimatum",1233097200,1233194940,97740,117116005.3490
"Bourne ultimatum",1233100560,1485068256,251967696,117116005.3490
"Bourne ultimatum",1233100560,1233707340,606780,117116005.3490
"Bourne ultimatum",1233102840,1485068256,251965416,117116005.3490
"Bourne ultimatum",1233105120,1485068256,251963136,117116005.3490
"Bourne ultimatum",1233105120,1233883440,778320,117116005.3490
"Bourne ultimatum",1233113400,1485068256,251954856,117116005.3490
"Bourne ultimatum",1233113400,1233702660,589260,117116005.3490
"Bourne ultimatum",1233113940,1485068256,251954316,117116005.3490
"Bourne ultimatum",1233113940,1233626220,512280,117116005.3490
"Bourne ultimatum",1233114000,1485068256,251954256,117116005.3490
"Bourne ultimatum",1233114000,1233781020,667020,117116005.3490
"Bourne ultimatum",1233166680,1485068256,251901576,117116005.3490
"Bourne ultimatum",1233166680,1233954840,788160,117116005.3490
"Bourne ultimatum",1233167820,1485068256,251900436,117116005.3490
"Bourne ultimatum",1233168840,1485068256,251899416,117116005.3490
"Bourne ultimatum",1233168840,1234394880,1226040,117116005.3490
"Bourne ultimatum",1233181140,1485068256,251887116,117116005.3490
"Bourne ultimatum",1233181140,1233446760,265620,117116005.3490
"Bourne ultimatum",1233181500,1485068256,251886756,117116005.3490
"Bourne ultimatum",1233181500,1234728780,1547280,117116005.3490
"Bourne ultimatum",1233191400,1485068256,251876856,117116005.3490
"Bourne ultimatum",1233191400,1234914120,1722720,117116005.3490
"Bourne ultimatum",1233192240,1485068256,251876016,117116005.3490
"Bourne ultimatum",1233192240,1234057320,865080,117116005.3490
"Bourne ultimatum",1233192540,1485068256,251875716,117116005.3490
"Bourne ultimatum",1233194040,1485068256,251874216,117116005.3490
"Bourne ultimatum",1233194040,1233436620,242580,117116005.3490
"Bourne ultimatum",1233201000,1485068256,251867256,117116005.3490
"Bourne ultimatum",1233201000,1234475940,1274940,117116005.3490
"Bourne ultimatum",1233256800,1485068256,251811456,117116005.3490
"Bourne ultimatum",1233256800,1233618180,361380,117116005.3490
"Bourne ultimatum",1233258540,1485068256,251809716,117116005.3490
"Bourne ultimatum",1233265620,1485068256,251802636,117116005.3490
"Bourne ultimatum",1233265620,1233515040,249420,117116005.3490
"Bourne ultimatum",1233265620,1235591520,2325900,117116005.3490
"Bourne ultimatum",1233265620,1235677260,2411640,117116005.3490
"Bourne ultimatum",1233267420,1485068256,251800836,117116005.3490
"Bourne ultimatum",1233267420,1233709680,442260,117116005.3490
"Bourne ultimatum",1233274380,1485068256,251793876,117116005.3490
"Bourne ultimatum",1233274380,1233432540,158160,117116005.3490
"Bourne ultimatum",1233274500,1485068256,251793756,117116005.3490
"Bourne ultimatum",1233274500,1234380120,1105620,117116005.3490
"Bourne ultimatum",1233274560,1485068256,251793696,117116005.3490
"Bourne ultimatum",1233274560,1234492740,1218180,117116005.3490
"Bourne ultimatum",1233277860,1485068256,251790396,117116005.3490
"Bourne ultimatum",1233277860,1233709140,431280,117116005.3490
"Bourne ultimatum",1233281400,1485068256,251786856,117116005.3490
"Bourne ultimatum",1233281400,1234406340,1124940,117116005.3490
"Bourne ultimatum",1233282840,1485068256,251785416,117116005.3490
"Bourne ultimatum",1233282840,1234467300,1184460,117116005.3490
"Bourne ultimatum",1233283020,1485068256,251785236,117116005.3490
"Bourne ultimatum",1233283260,1485068256,251784996,117116005.3490
"Bourne ultimatum",1233287820,1485068256,251780436,117116005.3490
"Bourne ultimatum",1233353100,1485068256,251715156,117116005.3490
"Bourne ultimatum",1233353100,1234046700,693600,117116005.3490
"Bourne ultimatum",1233353100,1234126260,773160,117116005.3490
"Bourne ultimatum",1233353100,1234228080,874980,117116005.3490
"Bourne ultimatum",1233357780,1485068256,251710476,117116005.3490
"Bourne ultimatum",1233357780,1234231500,873720,117116005.3490
"Bourne ultimatum",1233358800,1485068256,251709456,117116005.3490
"Bourne ultimatum",1233358800,1234727160,1368360,117116005.3490
"Bourne ultimatum",1233361320,1485068256,251706936,117116005.3490
"Bourne ultimatum",1233361320,1236384840,3023520,117116005.3490
"Bourne ultimatum",1233365520,1485068256,251702736,117116005.3490
"Bourne ultimatum",1233434880,1485068256,251633376,117116005.3490
"Bourne ultimatum",1233434880,1234652280,1217400,117116005.3490
"Bourne ultimatum",1233435420,1485068256,251632836,117116005.3490
"Bourne ultimatum",1233435420,1233793620,358200,117116005.3490
"Bourne ultimatum",1233442200,1485068256,251626056,117116005.3490
"Bourne ultimatum",1233442200,1234315500,873300,117116005.3490
"Bourne ultimatum",1233442320,1485068256,251625936,117116005.3490
"Bourne ultimatum",1233442320,1233603180,160860,117116005.3490
"Bourne ultimatum",1233447720,1485068256,251620536,117116005.3490
"Bourne ultimatum",1233447720,1234051980,604260,117116005.3490
"Bourne ultimatum",1233447780,1485068256,251620476,117116005.3490
"Bourne ultimatum",1233452940,1485068256,251615316,117116005.3490
"Bourne ultimatum",1233452940,1234322400,869460,117116005.3490
"Bourne ultimatum",1233453300,1485068256,251614956,117116005.3490
"Bourne ultimatum",1233453300,1233594720,141420,117116005.3490
"Bourne ultimatum",1233520080,1485068256,251548176,117116005.3490
"Bourne ultimatum",1233520260,1485068256,251547996,117116005.3490
"Bourne ultimatum",1233520260,1234317720,797460,117116005.3490
"Bourne ultimatum",1233523140,1485068256,251545116,117116005.3490
"Bourne ultimatum",1233523140,1233795960,272820,117116005.3490
"Bourne ultimatum",1233529320,1485068256,251538936,117116005.3490
"Bourne ultimatum",1233529500,1485068256,251538756,117116005.3490
"Bourne ultimatum",1233610260,1485068256,251457996,117116005.3490
"Bourne ultimatum",1233610260,1233805680,195420,117116005.3490
"Bourne ultimatum",1233617760,1485068256,251450496,117116005.3490
"Bourne ultimatum",1233617760,1234983540,1365780,117116005.3490
"Bourne ultimatum",1233620880,1485068256,251447376,117116005.3490
"Bourne ultimatum",1233620880,1234395540,774660,117116005.3490
"Bourne ultimatum",1233624060,1485068256,251444196,117116005.3490
"Bourne ultimatum",1233624060,1236028380,2404320,117116005.3490
"Bourne ultimatum",1233627900,1485068256,251440356,117116005.3490
"Bourne ultimatum",1233627900,1233878880,250980,117116005.3490
"Bourne ultimatum",1233699540,1485068256,251368716,117116005.3490
"Bourne ultimatum",1233699540,1234045980,346440,117116005.3490
"Bourne ultimatum",1233699780,1485068256,251368476,117116005.3490
"Bourne ultimatum",1233699780,1234924740,1224960,117116005.3490
"Bourne ultimatum",1233702540,1485068256,251365716,117116005.3490
"Bourne ultimatum",1233702540,1234311480,608940,117116005.3490
"Bourne ultimatum",1233705840,1485068256,251362416,117116005.3490
"Bourne ultimatum",1233705840,1236618360,2912520,117116005.3490
"Bourne ultimatum",1233705960,1485068256,251362296,117116005.3490
"Bourne ultimatum",1233705960,1234051980,346020,117116005.3490
"Bourne ultimatum",1233708120,1485068256,251360136,117116005.3490
"Bourne ultimatum",1233710460,1485068256,251357796,117116005.3490
"Bourne ultimatum",1233710460,1238655600,4945140,117116005.3490
"Bourne ultimatum",1233714780,1485068256,251353476,117116005.3490
"Bourne ultimatum",1233714780,1234924020,1209240,117116005.3490
"Bourne ultimatum",1233714840,1485068256,251353416,117116005.3490
"Bourne ultimatum",1233714840,1234926360,1211520,117116005.3490
"Bourne ultimatum",1233715500,1485068256,251352756,117116005.3490
"Bourne ultimatum",1233715500,1234317120,601620,117116005.3490
"Bourne ultimatum",1233719580,1485068256,251348676,117116005.3490
"Bourne ultimatum",1233719580,1234662180,942600,117116005.3490
"Bourne ultimatum",1233774420,1485068256,251293836,117116005.3490
"Bourne ultimatum",1233774420,1234462860,688440,117116005.3490
"Bourne ultimatum",1233778560,1485068256,251289696,117116005.3490
"Bourne ultimatum",1233780300,1485068256,251287956,117116005.3490
"Bourne ultimatum",1233780300,1234741620,961320,117116005.3490
"Bourne ultimatum",1233780300,1234920120,1139820,117116005.3490
"Bourne ultimatum",1233780300,1234993380,1213080,117116005.3490
"Bourne ultimatum",1233785700,1485068256,251282556,117116005.3490
"Bourne ultimatum",1233785700,1234397520,611820,117116005.3490
"Bourne ultimatum",1233786180,1485068256,251282076,117116005.3490
"Bourne ultimatum",1233786600,1485068256,251281656,117116005.3490
"Bourne ultimatum",1233786600,1233963900,177300,117116005.3490
"Bourne ultimatum",1233788340,1485068256,251279916,117116005.3490
"Bourne ultimatum",1233788340,1234497000,708660,117116005.3490
"Bourne ultimatum",1233795000,1485068256,251273256,117116005.3490
"Bourne ultimatum",1233795000,1234644300,849300,117116005.3490
"Bourne ultimatum",1233795000,1235067660,1272660,117116005.3490
"Bourne ultimatum",1233796680,1485068256,251271576,117116005.3490
"Bourne ultimatum",1233796680,1237341780,3545100,117116005.3490
"Bourne ultimatum",1233800040,1485068256,251268216,117116005.3490
"Bourne ultimatum",1233800040,1234050240,250200,117116005.3490
"Bourne ultimatum",1233800280,1485068256,251267976,117116005.3490
"Bourne ultimatum",1233861720,1485068256,251206536,117116005.3490
"Bourne ultimatum",1233872160,1485068256,251196096,117116005.3490
"Bourne ultimatum",1233872160,1234307760,435600,117116005.3490
"Bourne ultimatum",1233874200,1485068256,251194056,117116005.3490
"Bourne ultimatum",1233874200,1234743180,868980,117116005.3490
"Bourne ultimatum",1233888720,1485068256,251179536,117116005.3490
"Bourne ultimatum",1233888720,1234396680,507960,117116005.3490
"Bourne ultimatum",1233891720,1485068256,251176536,117116005.3490
"Bourne ultimatum",1233892200,1485068256,251176056,117116005.3490
"Bourne ultimatum",1233892200,1234476360,584160,117116005.3490
"Bourne ultimatum",1233957960,1485068256,251110296,117116005.3490
"Bourne ultimatum",1233957960,1485068256,251110296,117116005.3490
"Bourne ultimatum",1233957960,1234380840,422880,117116005.3490
"Bourne ultimatum",1233957960,1234659300,701340,117116005.3490
"Bourne ultimatum",1233959340,1485068256,251108916,117116005.3490
"Bourne ultimatum",1233959820,1485068256,251108436,117116005.3490
"Bourne ultimatum",1233959820,1235180520,1220700,117116005.3490
"Bourne ultimatum",1233960120,1485068256,251108136,117116005.3490
"Bourne ultimatum",1233960120,1234408020,447900,117116005.3490
"Bourne ultimatum",1233960360,1485068256,251107896,117116005.3490
"Bourne ultimatum",1233960360,1234987440,1027080,117116005.3490
"Bourne ultimatum",1233960600,1485068256,251107656,117116005.3490
"Bourne ultimatum",1233960600,1234307400,346800,117116005.3490
"Bourne ultimatum",1233966480,1485068256,251101776,117116005.3490
"Bourne ultimatum",1233967860,1485068256,251100396,117116005.3490
"Bourne ultimatum",1233970560,1485068256,251097696,117116005.3490
"Bourne ultimatum",1234030320,1485068256,251037936,117116005.3490
"Bourne ultimatum",1234030320,1234380060,349740,117116005.3490
"Bourne ultimatum",1234032000,1485068256,251036256,117116005.3490
"Bourne ultimatum",1234032000,1235513760,1481760,117116005.3490
"Bourne ultimatum",1234032000,1235695200,1663200,117116005.3490
"Bourne ultimatum",1234032000,1235759940,1727940,117116005.3490
"Bourne ultimatum",1234035360,1485068256,251032896,117116005.3490
"Bourne ultimatum",1234035360,1235252100,1216740,117116005.3490
"Bourne ultimatum",1234039020,1485068256,251029236,117116005.3490
"Bourne ultimatum",1234039020,1234567200,528180,117116005.3490
"Bourne ultimatum",1234039020,1234638480,599460,117116005.3490
"Bourne ultimatum",1234042680,1485068256,251025576,117116005.3490
"Bourne ultimatum",1234042680,1234585200,542520,117116005.3490
"Bourne ultimatum",1234044900,1485068256,251023356,117116005.3490
"Bourne ultimatum",1234044900,1234906740,861840,117116005.3490
"Bourne ultimatum",1234054560,1485068256,251013696,117116005.3490
"Bourne ultimatum",1234054560,1236223620,2169060,117116005.3490
"Bourne ultimatum",1234055460,1485068256,251012796,117116005.3490
"Bourne ultimatum",1234055820,1485068256,251012436,117116005.3490
"Bourne ultimatum",1234056300,1485068256,251011956,117116005.3490
"Bourne ultimatum",1234056300,1234745460,689160,117116005.3490
"Bourne ultimatum",1234057260,1485068256,251010996,117116005.3490
"Bourne ultimatum",1234057260,1234658280,601020,117116005.3490
"Bourne ultimatum",1234135500,1485068256,250932756,117116005.3490
"Bourne ultimatum",1234135500,1234560840,425340,117116005.3490
"Bourne ultimatum",1234138680,1485068256,250929576,117116005.3490
"Bourne ultimatum",1234139820,1485068256,250928436,117116005.3490
"Bourne ultimatum",1234139820,1235075580,935760,117116005.3490
"Bourne ultimatum",1234214580,1485068256,250853676,117116005.3490
"Bourne ultimatum",1234214580,1235248080,1033500,117116005.3490
"Bourne ultimatum",1234218060,1485068256,250850196,117116005.3490
"Bourne ultimatum",1234218060,1234323060,105000,117116005.3490
"Bourne ultimatum",1234224120,1485068256,250844136,117116005.3490
"Bourne ultimatum",1234224300,1485068256,250843956,117116005.3490
"Bourne ultimatum",1234229280,1485068256,250838976,117116005.3490
"Bourne ultimatum",1234229280,1235446080,1216800,117116005.3490
"Bourne ultimatum",1234232940,1485068256,250835316,117116005.3490
"Bourne ultimatum",1234232940,1235611260,1378320,117116005.3490
"Bourne ultimatum",1234235220,1485068256,250833036,117116005.3490
"Bourne ultimatum",1234292340,1485068256,250775916,117116005.3490
"Bourne ultimatum",1234292340,1234987680,695340,117116005.3490
"Bourne ultimatum",1234300920,1485068256,250767336,117116005.3490
"Bourne ultimatum",1234300920,1234483620,182700,117116005.3490
"Bourne ultimatum",1234301400,1485068256,250766856,117116005.3490
"Bourne ultimatum",1234301880,1485068256,250766376,117116005.3490
"Bourne ultimatum",1234301880,1234484160,182280,117116005.3490
"Bourne ultimatum",1234303440,1485068256,250764816,117116005.3490
"Bourne ultimatum",1234303440,1234915980,612540,117116005.3490
"Bourne ultimatum",1234305780,1485068256,250762476,117116005.3490
"Bourne ultimatum",1234310280,1485068256,250757976,117116005.3490
"Bourne ultimatum",1234310760,1485068256,250757496,117116005.3490
"Bourne ultimatum",1234310760,1238530860,4220100,117116005.3490
"Bourne ultimatum",1234311540,1485068256,250756716,117116005.3490
"Bourne ultimatum",1234311540,1235527740,1216200,117116005.3490
"Bourne ultimatum",1234314180,1485068256,250754076,117116005.3490
"Bourne ultimatum",1234314180,1235527200,1213020,117116005.3490
"Bourne ultimatum",1234317060,1485068256,250751196,117116005.3490
"Bourne ultimatum",1234317060,1234488600,171540,117116005.3490
"Bourne ultimatum",1234318260,1485068256,250749996,117116005.3490
"Bourne ultimatum",1234318680,1485068256,250749576,117116005.3490
"Bourne ultimatum",1234319640,1485068256,250748616,117116005.3490
"Bourne ultimatum",1234319640,1235088000,768360,117116005.3490
"Bourne ultimatum",1234321500,1485068256,250746756,117116005.3490
"Bourne ultimatum",1234321500,1234923540,602040,117116005.3490
"Bourne ultimatum",1234324500,1485068256,250743756,117116005.3490
"Bourne ultimatum",1234324500,1236211440,1886940,117116005.3490
"Bourne ultimatum",1234385100,1485068256,250683156,117116005.3490
"Bourne ultimatum",1234385100,1234636140,251040,117116005.3490
"Bourne ultimatum",1234385580,1485068256,250682676,117116005.3490
"Bourne ultimatum",1234391160,1485068256,250677096,117116005.3490
"Bourne ultimatum",1234396740,1485068256,250671516,117116005.3490
"Bourne ultimatum",1234396740,1238448420,4051680,117116005.3490
"Bourne ultimatum",1234398780,1485068256,250669476,117116005.3490
"Bourne ultimatum",1234398780,1235255160,856380,117116005.3490
"Bourne ultimatum",1234400880,1485068256,250667376,117116005.3490
"Bourne ultimatum",1234400880,1235433780,1032900,117116005.3490
"Bourne ultimatum",1234402440,1485068256,250665816,117116005.3490
"Bourne ultimatum",1234402440,1235683200,1280760,117116005.3490
"Bourne ultimatum",1234402980,1485068256,250665276,117116005.3490
"Bourne ultimatum",1234405140,1485068256,250663116,117116005.3490
"Bourne ultimatum",1234405140,1236720900,2315760,117116005.3490
"Bourne ultimatum",1234409760,1485068256,250658496,117116005.3490
"Bourne ultimatum",1234409760,1234655760,246000,117116005.3490
"Bourne ultimatum",1234410240,1485068256,250658016,117116005.3490
"Bourne ultimatum",1234410240,1234655340,245100,117116005.3490
"Bourne ultimatum",1234411020,1485068256,250657236,117116005.3490
"Bourne ultimatum",1234411020,1235427420,1016400,117116005.3490
"Bourne ultimatum",1234462860,1485068256,250605396,117116005.3490
"Bourne ultimatum",1234462860,1235153160,690300,117116005.3490
"Bourne ultimatum",1234463880,1485068256,250604376,117116005.3490
"Bourne ultimatum",1234463880,1235091300,627420,117116005.3490
"Bourne ultimatum",1234469280,1485068256,250598976,117116005.3490
"Bourne ultimatum",1234469280,1235442540,973260,117116005.3490
"Bourne ultimatum",1234469460,1485068256,250598796,117116005.3490
"Bourne ultimatum",1234469460,1236206760,1737300,117116005.3490
"Bourne ultimatum",1234472040,1485068256,250596216,117116005.3490
"Bourne ultimatum",1234477140,1485068256,250591116,117116005.3490
"Bourne ultimatum",1234477140,1239124440,4647300,117116005.3490
"Bourne ultimatum",1234480260,1485068256,250587996,117116005.3490
"Bourne ultimatum",1234480260,1235695320,1215060,117116005.3490
"Bourne ultimatum",1234481160,1485068256,250587096,117116005.3490
"Bourne ultimatum",1234481160,1237858560,3377400,117116005.3490
"Bourne ultimatum",1234481460,1485068256,250586796,117116005.3490
"Bourne ultimatum",1234481460,1235674740,1193280,117116005.3490
"Bourne ultimatum",1234482480,1485068256,250585776,117116005.3490
"Bourne ultimatum",1234482480,1234927620,445140,117116005.3490
"Bourne ultimatum",1234486560,1485068256,250581696,117116005.3490
"Bourne ultimatum",1234486560,1235172000,685440,117116005.3490
"Bourne ultimatum",1234497060,1485068256,250571196,117116005.3490
"Bourne ultimatum",1234549800,1485068256,250518456,117116005.3490
"Bourne ultimatum",1234552920,1485068256,250515336,117116005.3490
"Bourne ultimatum",1234560480,1485068256,250507776,117116005.3490
"Bourne ultimatum",1234560480,1237404360,2843880,117116005.3490
"Bourne ultimatum",1234560480,1237418100,2857620,117116005.3490
"Bourne ultimatum",1234567980,1485068256,250500276,117116005.3490
"Bourne ultimatum",1234572420,1485068256,250495836,117116005.3490
"Bourne ultimatum",1234572420,1234655100,82680,117116005.3490
"Bourne ultimatum",1234574400,1485068256,250493856,117116005.3490
"Bourne ultimatum",1234634820,1485068256,250433436,117116005.3490
"Bourne ultimatum",1234634820,1235856480,1221660,117116005.3490
"Bourne ultimatum",1234634820,1236196380,1561560,117116005.3490
"Bourne ultimatum",1234639680,1485068256,250428576,117116005.3490
"Bourne ultimatum",1234639680,1235595600,955920,117116005.3490
"Bourne ultimatum",1234640280,1485068256,250427976,117116005.3490
"Bourne ultimatum",1234648320,1485068256,250419936,117116005.3490
"Bourne ultimatum",1234648320,1235702880,1054560,117116005.3490
"Bourne ultimatum",1234648740,1485068256,250419516,117116005.3490
"Bourne ultimatum",1234648740,1234732920,84180,117116005.3490
"Bourne ultimatum",1234653660,1485068256,250414596,117116005.3490
"Bourne ultimatum",1234653660,1234742400,88740,117116005.3490
"Bourne ultimatum",1234656000,1485068256,250412256,117116005.3490
"Bourne ultimatum",1234656000,1235435520,779520,117116005.3490
"Bourne ultimatum",1234661220,1485068256,250407036,117116005.3490
"Bourne ultimatum",1234661460,1485068256,250406796,117116005.3490
"Bourne ultimatum",1234661460,1234911180,249720,117116005.3490
"Bourne ultimatum",1234662480,1485068256,250405776,117116005.3490
"Bourne ultimatum",1234662540,1485068256,250405716,117116005.3490
"Bourne ultimatum",1234662540,1235348940,686400,117116005.3490
"Bourne ultimatum",1234662840,1485068256,250405416,117116005.3490
"Bourne ultimatum",1234729920,1485068256,250338336,117116005.3490
"Bourne ultimatum",1234729920,1235082060,352140,117116005.3490
"Bourne ultimatum",1234729920,1235423520,693600,117116005.3490
"Bourne ultimatum",1234731240,1485068256,250337016,117116005.3490
"Bourne ultimatum",1234731780,1485068256,250336476,117116005.3490
"Bourne ultimatum",1234731780,1235697600,965820,117116005.3490
"Bourne ultimatum",1234731900,1485068256,250336356,117116005.3490
"Bourne ultimatum",1234734900,1485068256,250333356,117116005.3490
"Bourne ultimatum",1234742460,1485068256,250325796,117116005.3490
"Bourne ultimatum",1234900020,1485068256,250168236,117116005.3490
"Bourne ultimatum",1234906080,1485068256,250162176,117116005.3490
"Bourne ultimatum",1234906080,1235425500,519420,117116005.3490
"Bourne ultimatum",1234906140,1485068256,250162116,117116005.3490
"Bourne ultimatum",1234908360,1485068256,250159896,117116005.3490
"Bourne ultimatum",1234910700,1485068256,250157556,117116005.3490
"Bourne ultimatum",1234916100,1485068256,250152156,117116005.3490
"Bourne ultimatum",1234916100,1236973680,2057580,117116005.3490
"Bourne ultimatum",1234916100,1240109040,5192940,117116005.3490
"Bourne ultimatum",1234916100,1240256640,5340540,117116005.3490
"Bourne ultimatum",1234918320,1485068256,250149936,117116005.3490
"Bourne ultimatum",1234920660,1485068256,250147596,117116005.3490
"Bourne ultimatum",1234921800,1485068256,250146456,117116005.3490
"Bourne ultimatum",1234921800,1236033600,1111800,117116005.3490
"Bourne ultimatum",1234980900,1485068256,250087356,117116005.3490
"Bourne ultimatum",1234980900,1236288420,1307520,117116005.3490
"Bourne ultimatum",1234984380,1485068256,250083876,117116005.3490
"Bourne ultimatum",1234984380,1235099700,115320,117116005.3490
"Bourne ultimatum",1234988040,1485068256,250080216,117116005.3490
"Bourne ultimatum",1234988280,1485068256,250079976,117116005.3490
"Bourne ultimatum",1234988280,1235700960,712680,117116005.3490
"Bourne ultimatum",1234997400,1485068256,250070856,117116005.3490
"Bourne ultimatum",1234997400,1235426460,429060,117116005.3490
"Bourne ultimatum",1234998960,1485068256,250069296,117116005.3490
"Bourne ultimatum",1234999920,1485068256,250068336,117116005.3490
"Bourne ultimatum",1235000580,1485068256,250067676,117116005.3490
"Bourne ultimatum",1235000580,1235245080,244500,117116005.3490
"Bourne ultimatum",1235000580,1235500920,500340,117116005.3490
"Bourne ultimatum",1235000580,1235593980,593400,117116005.3490
"Bourne ultimatum",1235006520,1485068256,250061736,117116005.3490
"Bourne ultimatum",1235010000,1485068256,250058256,117116005.3490
"Bourne ultimatum",1235010000,1235093520,83520,117116005.3490
"Bourne ultimatum",1235011740,1485068256,250056516,117116005.3490
"Bourne ultimatum",1235013420,1485068256,250054836,117116005.3490
"Bourne ultimatum",1235085000,1485068256,249983256,117116005.3490
"Bourne ultimatum",1235085540,1485068256,249982716,117116005.3490
"Bourne ultimatum",1235085540,1236731760,1646220,117116005.3490
"Bourne ultimatum",1235095800,1485068256,249972456,117116005.3490
"Bourne ultimatum",1235095800,1235867340,771540,117116005.3490
"Bourne ultimatum",1235095860,1485068256,249972396,117116005.3490
"Bourne ultimatum",1235096640,1485068256,249971616,117116005.3490
"Bourne ultimatum",1235096640,1236310560,1213920,117116005.3490
"Bourne ultimatum",1235097780,1485068256,249970476,117116005.3490
"Bourne ultimatum",1235097780,1235252400,154620,117116005.3490
"Bourne ultimatum",1235153700,1485068256,249914556,117116005.3490
"Bourne ultimatum",1235153700,1236807660,1653960,117116005.3490
"Bourne ultimatum",1235164140,1485068256,249904116,117116005.3490
"Bourne ultimatum",1235165100,1485068256,249903156,117116005.3490
"Bourne ultimatum",1235165100,1235785320,620220,117116005.3490
"Bourne ultimatum",1235165460,1485068256,249902796,117116005.3490
"Bourne ultimatum",1235165580,1485068256,249902676,117116005.3490
"Bourne ultimatum",1235165580,1235783100,617520,117116005.3490
"Bourne ultimatum",1235165940,1485068256,249902316,117116005.3490
"Bourne ultimatum",1235166060,1485068256,249902196,117116005.3490
"Bourne ultimatum",1235166060,1236204840,1038780,117116005.3490
"Bourne ultimatum",1235166240,1485068256,249902016,117116005.3490
"Bourne ultimatum",1235166240,1237410060,2243820,117116005.3490
"Bourne ultimatum",1235169840,1485068256,249898416,117116005.3490
"Bourne ultimatum",1235169840,1236387420,1217580,117116005.3490
"Bourne ultimatum",1235171460,1485068256,249896796,117116005.3490
"Bourne ultimatum",1235172180,1485068256,249896076,117116005.3490
"Bourne ultimatum",1235172180,1236033480,861300,117116005.3490
"Bourne ultimatum",1235173860,1485068256,249894396,117116005.3490
"Bourne ultimatum",1235173860,1236816240,1642380,117116005.3490
"Bourne ultimatum",1235175600,1485068256,249892656,117116005.3490
"Bourne ultimatum",1235175600,1235349660,174060,117116005.3490
"Bourne ultimatum",1235175900,1485068256,249892356,117116005.3490
"Bourne ultimatum",1235175900,1236206220,1030320,117116005.3490
"Bourne ultimatum",1235179680,1485068256,249888576,117116005.3490
"Bourne ultimatum",1235179680,1236311280,1131600,117116005.3490
"Bourne ultimatum",1235179800,1485068256,249888456,117116005.3490
"Bourne ultimatum",1235180280,1485068256,249887976,117116005.3490
"Bourne ultimatum",1235180280,1235255820,75540,117116005.3490
"Bourne ultimatum",1235181000,1485068256,249887256,117116005.3490
"Bourne ultimatum",1235181000,1235603520,422520,117116005.3490
"Bourne ultimatum",1235240760,1485068256,249827496,117116005.3490
"Bourne ultimatum",1235240760,1235348940,108180,117116005.3490
"Bourne ultimatum",1235245560,1485068256,249822696,117116005.3490
"Bourne ultimatum",1235245560,1236475860,1230300,117116005.3490
"Bourne ultimatum",1235245560,1236793260,1547700,117116005.3490
"Bourne ultimatum",1235253960,1485068256,249814296,117116005.3490
"Bourne ultimatum",1235253960,1235602260,348300,117116005.3490
"Bourne ultimatum",1235258460,1485068256,249809796,117116005.3490
"Bourne ultimatum",1235258640,1485068256,249809616,117116005.3490
"Bourne ultimatum",1235258640,1236966000,1707360,117116005.3490
"Bourne ultimatum",1235259300,1485068256,249808956,117116005.3490
"Bourne ultimatum",1235259300,1235694480,435180,117116005.3490
"Bourne ultimatum",1235261040,1485068256,249807216,117116005.3490
"Bourne ultimatum",1235261040,1235698740,437700,117116005.3490
"Bourne ultimatum",1235261100,1485068256,249807156,117116005.3490
"Bourne ultimatum",1235262240,1485068256,249806016,117116005.3490
"Bourne ultimatum",1235263140,1485068256,249805116,117116005.3490
"Bourne ultimatum",1235263140,1235437080,173940,117116005.3490
"Bourne ultimatum",1235265240,1485068256,249803016,117116005.3490
"Bourne ultimatum",1235266140,1485068256,249802116,117116005.3490
"Bourne ultimatum",1235266140,1236643140,1377000,117116005.3490
"Bourne ultimatum",1235340300,1485068256,249727956,117116005.3490
"Bourne ultimatum",1235347860,1485068256,249720396,117116005.3490
"Bourne ultimatum",1235347860,1236552900,1205040,117116005.3490
"Bourne ultimatum",1235349120,1485068256,249719136,117116005.3490
"Bourne ultimatum",1235424300,1485068256,249643956,117116005.3490
"Bourne ultimatum",1235424300,1235777460,353160,117116005.3490
"Bourne ultimatum",1235427420,1485068256,249640836,117116005.3490
"Bourne ultimatum",1235427420,1236208140,780720,117116005.3490
"Bourne ultimatum",1235430120,1485068256,249638136,117116005.3490
"Bourne ultimatum",1235430120,1236128280,698160,117116005.3490
"Bourne ultimatum",1235430540,1485068256,249637716,117116005.3490
"Bourne ultimatum",1235431020,1485068256,249637236,117116005.3490
"Bourne ultimatum",1235431020,1235869380,438360,117116005.3490
"Bourne ultimatum",1235433120,1485068256,249635136,117116005.3490
"Bourne ultimatum",1235433420,1485068256,249634836,117116005.3490
"Bourne ultimatum",1235433480,1485068256,249634776,117116005.3490
"Bourne ultimatum",1235433480,1235609160,175680,117116005.3490
"Bourne ultimatum",1235434740,1485068256,249633516,117116005.3490
"Bourne ultimatum",1235434740,1235694060,259320,117116005.3490
"Bourne ultimatum",1235438280,1485068256,249629976,117116005.3490
"Bourne ultimatum",1235440020,1485068256,249628236,117116005.3490
"Bourne ultimatum",1235440020,1237596060,2156040,117116005.3490
"Bourne ultimatum",1235440200,1485068256,249628056,117116005.3490
"Bourne ultimatum",1235440200,1236469260,1029060,117116005.3490
"Bourne ultimatum",1235441580,1485068256,249626676,117116005.3490
"Bourne ultimatum",1235441580,1235786280,344700,117116005.3490
"Bourne ultimatum",1235443980,1485068256,249624276,117116005.3490
"Bourne ultimatum",1235511000,1485068256,249557256,117116005.3490
"Bourne ultimatum",1235511000,1235947140,436140,117116005.3490
"Bourne ultimatum",1235515320,1485068256,249552936,117116005.3490
"Bourne ultimatum",1235515320,1235779020,263700,117116005.3490
"Bourne ultimatum",1235517660,1485068256,249550596,117116005.3490
"Bourne ultimatum",1235517660,1238726160,3208500,117116005.3490
"Bourne ultimatum",1235524140,1485068256,249544116,117116005.3490
"Bourne ultimatum",1235531700,1485068256,249536556,117116005.3490
"Bourne ultimatum",1235531700,1236131100,599400,117116005.3490
"Bourne ultimatum",1235532600,1485068256,249535656,117116005.3490
"Bourne ultimatum",1235532600,1238105100,2572500,117116005.3490
"Bourne ultimatum",1235588760,1485068256,249479496,117116005.3490
"Bourne ultimatum",1235588760,1236221460,632700,117116005.3490
"Bourne ultimatum",1235592660,1485068256,249475596,117116005.3490
"Bourne ultimatum",1235592660,1236292080,699420,117116005.3490
"Bourne ultimatum",1235596140,1485068256,249472116,117116005.3490
"Bourne ultimatum",1235596140,1235683020,86880,117116005.3490
"Bourne ultimatum",1235598900,1485068256,249469356,117116005.3490
"Bourne ultimatum",1235598900,1235845560,246660,117116005.3490
"Bourne ultimatum",1235601420,1485068256,249466836,117116005.3490
"Bourne ultimatum",1235602680,1485068256,249465576,117116005.3490
"Bourne ultimatum",1235602680,1236029040,426360,117116005.3490
"Bourne ultimatum",1235602860,1485068256,249465396,117116005.3490
"Bourne ultimatum",1235606640,1485068256,249461616,117116005.3490
"Bourne ultimatum",1235606640,1235849460,242820,117116005.3490
"Bourne ultimatum",1235607660,1485068256,249460596,117116005.3490
"Bourne ultimatum",1235607660,1236389580,781920,117116005.3490
"Bourne ultimatum",1235607960,1485068256,249460296,117116005.3490
"Bourne ultimatum",1235607960,1235850360,242400,117116005.3490
"Bourne ultimatum",1235607960,1236112260,504300,117116005.3490
"Bourne ultimatum",1235609760,1485068256,249458496,117116005.3490
"Bourne ultimatum",1235609760,1236049020,439260,117116005.3490
"Bourne ultimatum",1235611320,1485068256,249456936,117116005.3490
"Bourne ultimatum",1235611320,1236038100,426780,117116005.3490
"Bourne ultimatum",1235612340,1485068256,249455916,117116005.3490
"Bourne ultimatum",1235612340,1236553740,941400,117116005.3490
"Bourne ultimatum",1235615400,1485068256,249452856,117116005.3490
"Bourne ultimatum",1235677920,1485068256,249390336,117116005.3490
"Bourne ultimatum",1235683920,1485068256,249384336,117116005.3490
"Bourne ultimatum",1235683920,1236793740,1109820,117116005.3490
"Bourne ultimatum",1235683920,1236894300,1210380,117116005.3490
"Bourne ultimatum",1235686920,1485068256,249381336,117116005.3490
"Bourne ultimatum",1235686920,1236117540,430620,117116005.3490
"Bourne ultimatum",1235687640,1485068256,249380616,117116005.3490
"Bourne ultimatum",1235687640,1236207720,520080,117116005.3490
"Bourne ultimatum",1235688780,1485068256,249379476,117116005.3490
"Bourne ultimatum",1235688780,1236896340,1207560,117116005.3490
"Bourne ultimatum",1235691780,1485068256,249376476,117116005.3490
"Bourne ultimatum",1235691780,1485068256,249376476,117116005.3490
"Bourne ultimatum",1235691780,1236193800,502020,117116005.3490
"Bourne ultimatum",1235691780,1236299400,607620,117116005.3490
"Bourne ultimatum",1235691840,1485068256,249376416,117116005.3490
"Bourne ultimatum",1235691840,1236299880,608040,117116005.3490
"Bourne ultimatum",1235692560,1485068256,249375696,117116005.3490
"Bourne ultimatum",1235692560,1237420560,1728000,117116005.3490
"Bourne ultimatum",1235695020,1485068256,249373236,117116005.3490
"Bourne ultimatum",1235695020,1236030360,335340,117116005.3490
"Bourne ultimatum",1235695140,1485068256,249373116,117116005.3490
"Bourne ultimatum",1235695140,1236476760,781620,117116005.3490
"Bourne ultimatum",1235696400,1485068256,249371856,117116005.3490
"Bourne ultimatum",1235696400,1236126540,430140,117116005.3490
"Bourne ultimatum",1235698080,1485068256,249370176,117116005.3490
"Bourne ultimatum",1235698080,1236652740,954660,117116005.3490
"Bourne ultimatum",1235699760,1485068256,249368496,117116005.3490
"Bourne ultimatum",1235699760,1236295260,595500,117116005.3490
"Bourne ultimatum",1235704140,1485068256,249364116,117116005.3490
"Bourne ultimatum",1235704140,1236307200,603060,117116005.3490
"Bourne ultimatum",1235752320,1485068256,249315936,117116005.3490
"Bourne ultimatum",1235752320,1238194080,2441760,117116005.3490
"Bourne ultimatum",1235758020,1485068256,249310236,117116005.3490
"Bourne ultimatum",1235760600,1485068256,249307656,117116005.3490
"Bourne ultimatum",1235760600,1236286980,526380,117116005.3490
"Bourne ultimatum",1235766120,1485068256,249302136,117116005.3490
"Bourne ultimatum",1235766120,1236908760,1142640,117116005.3490
"Bourne ultimatum",1235769300,1485068256,249298956,117116005.3490
"Bourne ultimatum",1235769300,1236372240,602940,117116005.3490
"Bourne ultimatum",1235774580,1485068256,249293676,117116005.3490
"Bourne ultimatum",1235774580,1236987900,1213320,117116005.3490
"Bourne ultimatum",1235785260,1235785380,120,117116005.3490
"Bourne ultimatum",1235847120,1485068256,249221136,117116005.3490
"Bourne ultimatum",1235847120,1237059000,1211880,117116005.3490
"Bourne ultimatum",1235847240,1485068256,249221016,117116005.3490
"Bourne ultimatum",1235847240,1237063020,1215780,117116005.3490
"Bourne ultimatum",1235849100,1485068256,249219156,117116005.3490
"Bourne ultimatum",1235849100,1236715920,866820,117116005.3490
"Bourne ultimatum",1235851620,1485068256,249216636,117116005.3490
"Bourne ultimatum",1235851620,1485068256,249216636,117116005.3490
"Bourne ultimatum",1235851620,1236460500,608880,117116005.3490
"Bourne ultimatum",1235851620,1239239820,3388200,117116005.3490
"Bourne ultimatum",1235852220,1485068256,249216036,117116005.3490
"Bourne ultimatum",1235852220,1237144140,1291920,117116005.3490
"Bourne ultimatum",1235852220,1237487760,1635540,117116005.3490
"Bourne ultimatum",1235862360,1485068256,249205896,117116005.3490
"Bourne ultimatum",1235862360,1237754820,1892460,117116005.3490
"Bourne ultimatum",1235865660,1485068256,249202596,117116005.3490
"Bourne ultimatum",1235947140,1485068256,249121116,117116005.3490
"Bourne ultimatum",1235947140,1236975660,1028520,117116005.3490
"Bourne ultimatum",1235947140,1237398960,1451820,117116005.3490
"Bourne ultimatum",1235949780,1485068256,249118476,117116005.3490
"Bourne ultimatum",1236030360,1485068256,249037896,117116005.3490
"Bourne ultimatum",1236030360,1236647580,617220,117116005.3490
"Bourne ultimatum",1236033720,1485068256,249034536,117116005.3490
"Bourne ultimatum",1236033720,1236635700,601980,117116005.3490
"Bourne ultimatum",1236034260,1485068256,249033996,117116005.3490
"Bourne ultimatum",1236034260,1237572600,1538340,117116005.3490
"Bourne ultimatum",1236040440,1485068256,249027816,117116005.3490
"Bourne ultimatum",1236040440,1236211980,171540,117116005.3490
"Bourne ultimatum",1236042660,1485068256,249025596,117116005.3490
"Bourne ultimatum",1236042660,1236222420,179760,117116005.3490
"Bourne ultimatum",1236042840,1485068256,249025416,117116005.3490
"Bourne ultimatum",1236042840,1236645060,602220,117116005.3490
"Bourne ultimatum",1236043440,1485068256,249024816,117116005.3490
"Bourne ultimatum",1236046140,1485068256,249022116,117116005.3490
"Bourne ultimatum",1236046140,1242077340,6031200,117116005.3490
"Bourne ultimatum",1236048720,1485068256,249019536,117116005.3490
"Bourne ultimatum",1236048720,1236720300,671580,117116005.3490
"Bourne ultimatum",1236049200,1485068256,249019056,117116005.3490
"Bourne ultimatum",1236049200,1238721180,2671980,117116005.3490
"Bourne ultimatum",1236114660,1485068256,248953596,117116005.3490
"Bourne ultimatum",1236114660,1236799740,685080,117116005.3490
"Bourne ultimatum",1236120900,1485068256,248947356,117116005.3490
"Bourne ultimatum",1236120900,1240348680,4227780,117116005.3490
"Bourne ultimatum",1236122820,1485068256,248945436,117116005.3490
"Bourne ultimatum",1236122820,1236555960,433140,117116005.3490
"Bourne ultimatum",1236123240,1485068256,248945016,117116005.3490
"Bourne ultimatum",1236123240,1237593360,1470120,117116005.3490
"Bourne ultimatum",1236126180,1485068256,248942076,117116005.3490
"Bourne ultimatum",1236126180,1238549880,2423700,117116005.3490
"Bourne ultimatum",1236126720,1485068256,248941536,117116005.3490
"Bourne ultimatum",1236126720,1236471840,345120,117116005.3490
"Bourne ultimatum",1236127620,1485068256,248940636,117116005.3490
"Bourne ultimatum",1236127620,1240517100,4389480,117116005.3490
"Bourne ultimatum",1236129660,1485068256,248938596,117116005.3490
"Bourne ultimatum",1236129660,1236823140,693480,117116005.3490
"Bourne ultimatum",1236129660,1237235580,1105920,117116005.3490
"Bourne ultimatum",1236129660,1237313520,1183860,117116005.3490
"Bourne ultimatum",1236134880,1485068256,248933376,117116005.3490
"Bourne ultimatum",1236134880,1237512240,1377360,117116005.3490
"Bourne ultimatum",1236190560,1485068256,248877696,117116005.3490
"Bourne ultimatum",1236199080,1485068256,248869176,117116005.3490
"Bourne ultimatum",1236199080,1238274720,2075640,117116005.3490
"Bourne ultimatum",1236204060,1485068256,248864196,117116005.3490
"Bourne ultimatum",1236204060,1237247400,1043340,117116005.3490
"Bourne ultimatum",1236204060,1237314420,1110360,117116005.3490
"Bourne ultimatum",1236206760,1485068256,248861496,117116005.3490
"Bourne ultimatum",1236206760,1237413300,1206540,117116005.3490
"Bourne ultimatum",1236209400,1485068256,248858856,117116005.3490
"Bourne ultimatum",1236209400,1241120160,4910760,117116005.3490
"Bourne ultimatum",1236214560,1485068256,248853696,117116005.3490
"Bourne ultimatum",1236214560,1236910980,696420,117116005.3490
"Bourne ultimatum",1236216060,1485068256,248852196,117116005.3490
"Bourne ultimatum",1236216060,1236733620,517560,117116005.3490
"Bourne ultimatum",1236218940,1236219000,60,117116005.3490
"Bourne ultimatum",1236219000,1485068256,248849256,117116005.3490
"Bourne ultimatum",1236219000,1237336980,1117980,117116005.3490
"Bourne ultimatum",1236225240,1485068256,248843016,117116005.3490
"Bourne ultimatum",1236225240,1236805860,580620,117116005.3490
"Bourne ultimatum",1236281580,1485068256,248786676,117116005.3490
"Bourne ultimatum",1236285060,1485068256,248783196,117116005.3490
"Bourne ultimatum",1236285060,1236635580,350520,117116005.3490
"Bourne ultimatum",1236285060,1236895860,610800,117116005.3490
"Bourne ultimatum",1236285060,1236977400,692340,117116005.3490
"Bourne ultimatum",1236289320,1485068256,248778936,117116005.3490
"Bourne ultimatum",1236289320,1237495260,1205940,117116005.3490
"Bourne ultimatum",1236292800,1485068256,248775456,117116005.3490
"Bourne ultimatum",1236292800,1236372780,79980,117116005.3490
"Bourne ultimatum",1236293760,1485068256,248774496,117116005.3490
"Bourne ultimatum",1236296940,1485068256,248771316,117116005.3490
"Bourne ultimatum",1236296940,1236638340,341400,117116005.3490
"Bourne ultimatum",1236298200,1485068256,248770056,117116005.3490
"Bourne ultimatum",1236298200,1238026920,1728720,117116005.3490
"Bourne ultimatum",1236300360,1485068256,248767896,117116005.3490
"Bourne ultimatum",1236300360,1236476580,176220,117116005.3490
"Bourne ultimatum",1236305460,1485068256,248762796,117116005.3490
"Bourne ultimatum",1236305460,1241247600,4942140,117116005.3490
"Bourne ultimatum",1236363960,1485068256,248704296,117116005.3490
"Bourne ultimatum",1236363960,1236389760,25800,117116005.3490
"Bourne ultimatum",1236365520,1485068256,248702736,117116005.3490
"Bourne ultimatum",1236365520,1236881520,516000,117116005.3490
"Bourne ultimatum",1236369780,1485068256,248698476,117116005.3490
"Bourne ultimatum",1236369780,1236973260,603480,117116005.3490
"Bourne ultimatum",1236374880,1485068256,248693376,117116005.3490
"Bourne ultimatum",1236374880,1236889440,514560,117116005.3490
"Bourne ultimatum",1236379380,1485068256,248688876,117116005.3490
"Bourne ultimatum",1236379620,1485068256,248688636,117116005.3490
"Bourne ultimatum",1236379620,1236462960,83340,117116005.3490
"Bourne ultimatum",1236382380,1485068256,248685876,117116005.3490
"Bourne ultimatum",1236384240,1485068256,248684016,117116005.3490
"Bourne ultimatum",1236384240,1237678140,1293900,117116005.3490
"Bourne ultimatum",1236388200,1485068256,248680056,117116005.3490
"Bourne ultimatum",1236390540,1485068256,248677716,117116005.3490
"Bourne ultimatum",1236455160,1485068256,248613096,117116005.3490
"Bourne ultimatum",1236455160,1237678800,1223640,117116005.3490
"Bourne ultimatum",1236455580,1485068256,248612676,117116005.3490
"Bourne ultimatum",1236455580,1239910740,3455160,117116005.3490
"Bourne ultimatum",1236459360,1485068256,248608896,117116005.3490
"Bourne ultimatum",1236462900,1485068256,248605356,117116005.3490
"Bourne ultimatum",1236463440,1485068256,248604816,117116005.3490
"Bourne ultimatum",1236463440,1236882960,419520,117116005.3490
"Bourne ultimatum",1236464580,1485068256,248603676,117116005.3490
"Bourne ultimatum",1236466020,1485068256,248602236,117116005.3490
"Bourne ultimatum",1236470400,1485068256,248597856,117116005.3490
"Bourne ultimatum",1236470400,1236910740,440340,117116005.3490
"Bourne ultimatum",1236475320,1485068256,248592936,117116005.3490
"Bourne ultimatum",1236475320,1237677540,1202220,117116005.3490
"Bourne ultimatum",1236476820,1485068256,248591436,117116005.3490
"Bourne ultimatum",1236539700,1485068256,248528556,117116005.3490
"Bourne ultimatum",1236542280,1485068256,248525976,117116005.3490
"Bourne ultimatum",1236543120,1485068256,248525136,117116005.3490
"Bourne ultimatum",1236543120,1236724500,181380,117116005.3490
"Bourne ultimatum",1236552960,1485068256,248515296,117116005.3490
"Bourne ultimatum",1236625560,1485068256,248442696,117116005.3490
"Bourne ultimatum",1236625560,1237835700,1210140,117116005.3490
"Bourne ultimatum",1236629520,1485068256,248438736,117116005.3490
"Bourne ultimatum",1236629520,1236983580,354060,117116005.3490
"Bourne ultimatum",1236631260,1485068256,248436996,117116005.3490
"Bourne ultimatum",1236631260,1237234680,603420,117116005.3490
"Bourne ultimatum",1236631560,1485068256,248436696,117116005.3490
"Bourne ultimatum",1236631560,1236971040,339480,117116005.3490
"Bourne ultimatum",1236635760,1485068256,248432496,117116005.3490
"Bourne ultimatum",1236643560,1485068256,248424696,117116005.3490
"Bourne ultimatum",1236643560,1239063120,2419560,117116005.3490
"Bourne ultimatum",1236647520,1485068256,248420736,117116005.3490
"Bourne ultimatum",1236647520,1237062660,415140,117116005.3490
"Bourne ultimatum",1236648540,1485068256,248419716,117116005.3490
"Bourne ultimatum",1236648600,1485068256,248419656,117116005.3490
"Bourne ultimatum",1236648720,1485068256,248419536,117116005.3490
"Bourne ultimatum",1236648720,1237587900,939180,117116005.3490
"Bourne ultimatum",1236649080,1485068256,248419176,117116005.3490
"Bourne ultimatum",1236649080,1237572660,923580,117116005.3490
"Bourne ultimatum",1236649680,1485068256,248418576,117116005.3490
"Bourne ultimatum",1236650160,1485068256,248418096,117116005.3490
"Bourne ultimatum",1236650160,1238114880,1464720,117116005.3490
"Bourne ultimatum",1236650160,1238115780,1465620,117116005.3490
"Bourne ultimatum",1236650520,1485068256,248417736,117116005.3490
"Bourne ultimatum",1236650520,1237860060,1209540,117116005.3490
"Bourne ultimatum",1236651720,1485068256,248416536,117116005.3490
"Bourne ultimatum",1236651720,1237238640,586920,117116005.3490
"Bourne ultimatum",1236716700,1485068256,248351556,117116005.3490
"Bourne ultimatum",1236716700,1237928400,1211700,117116005.3490
"Bourne ultimatum",1236717240,1485068256,248351016,117116005.3490
"Bourne ultimatum",1236717240,1236805740,88500,117116005.3490
"Bourne ultimatum",1236717720,1485068256,248350536,117116005.3490
"Bourne ultimatum",1236720660,1485068256,248347596,117116005.3490
"Bourne ultimatum",1236720660,1237324740,604080,117116005.3490
"Bourne ultimatum",1236723060,1485068256,248345196,117116005.3490
"Bourne ultimatum",1236723060,1236801960,78900,117116005.3490
"Bourne ultimatum",1236724740,1485068256,248343516,117116005.3490
"Bourne ultimatum",1236724740,1237421220,696480,117116005.3490
"Bourne ultimatum",1236725460,1485068256,248342796,117116005.3490
"Bourne ultimatum",1236725460,1237149540,424080,117116005.3490
"Bourne ultimatum",1236730860,1485068256,248337396,117116005.3490
"Bourne ultimatum",1236731160,1485068256,248337096,117116005.3490
"Bourne ultimatum",1236731160,1236902340,171180,117116005.3490
"Bourne ultimatum",1236738480,1485068256,248329776,117116005.3490
"Bourne ultimatum",1236740280,1485068256,248327976,117116005.3490
"Bourne ultimatum",1236740280,1237077720,337440,117116005.3490
"Bourne ultimatum",1236795540,1485068256,248272716,117116005.3490
"Bourne ultimatum",1236795540,1237256280,460740,117116005.3490
"Bourne ultimatum",1236800700,1485068256,248267556,117116005.3490
"Bourne ultimatum",1236800700,1237337580,536880,117116005.3490
"Bourne ultimatum",1236804900,1485068256,248263356,117116005.3490
"Bourne ultimatum",1236808020,1485068256,248260236,117116005.3490
"Bourne ultimatum",1236808020,1238705040,1897020,117116005.3490
"Bourne ultimatum",1236809160,1485068256,248259096,117116005.3490
"Bourne ultimatum",1236809160,1237242360,433200,117116005.3490
"Bourne ultimatum",1236810360,1485068256,248257896,117116005.3490
"Bourne ultimatum",1236810360,1237504380,694020,117116005.3490
"Bourne ultimatum",1236812160,1485068256,248256096,117116005.3490
"Bourne ultimatum",1236812160,1236896400,84240,117116005.3490
"Bourne ultimatum",1236814380,1485068256,248253876,117116005.3490
"Bourne ultimatum",1236815880,1485068256,248252376,117116005.3490
"Bourne ultimatum",1236817500,1485068256,248250756,117116005.3490
"Bourne ultimatum",1236817500,1237674960,857460,117116005.3490
"Bourne ultimatum",1236823200,1485068256,248245056,117116005.3490
"Bourne ultimatum",1236823200,1238116140,1292940,117116005.3490
"Bourne ultimatum",1236883740,1485068256,248184516,117116005.3490
"Bourne ultimatum",1236885300,1485068256,248182956,117116005.3490
"Bourne ultimatum",1236885300,1237664880,779580,117116005.3490
"Bourne ultimatum",1236892020,1485068256,248176236,117116005.3490
"Bourne ultimatum",1236892020,1236977340,85320,117116005.3490
"Bourne ultimatum",1236894840,1485068256,248173416,117116005.3490
"Bourne ultimatum",1236899580,1485068256,248168676,117116005.3490
"Bourne ultimatum",1236899580,1237679520,779940,117116005.3490
"Bourne ultimatum",1236900420,1485068256,248167836,117116005.3490
"Bourne ultimatum",1236900420,1238102940,1202520,117116005.3490
"Bourne ultimatum",1236902040,1485068256,248166216,117116005.3490
"Bourne ultimatum",1236904620,1485068256,248163636,117116005.3490
"Bourne ultimatum",1236906240,1485068256,248162016,117116005.3490
"Bourne ultimatum",1236906240,1237596600,690360,117116005.3490
"Bourne ultimatum",1236910260,1485068256,248157996,117116005.3490
"Bourne ultimatum",1236910260,1238280960,1370700,117116005.3490
"Bourne ultimatum",1236970860,1485068256,248097396,117116005.3490
"Bourne ultimatum",1236970860,1237496280,525420,117116005.3490
"Bourne ultimatum",1236971880,1485068256,248096376,117116005.3490
"Bourne ultimatum",1236977100,1485068256,248091156,117116005.3490
"Bourne ultimatum",1236977100,1238363580,1386480,117116005.3490
"Bourne ultimatum",1236977580,1485068256,248090676,117116005.3490
"Bourne ultimatum",1236977580,1237339320,361740,117116005.3490
"Bourne ultimatum",1236978480,1485068256,248089776,117116005.3490
"Bourne ultimatum",1236981720,1485068256,248086536,117116005.3490
"Bourne ultimatum",1236981720,1238186160,1204440,117116005.3490
"Bourne ultimatum",1236982740,1485068256,248085516,117116005.3490
"Bourne ultimatum",1236982740,1237495260,512520,117116005.3490
"Bourne ultimatum",1236983160,1485068256,248085096,117116005.3490
"Bourne ultimatum",1236983160,1237854060,870900,117116005.3490
"Bourne ultimatum",1236983940,1485068256,248084316,117116005.3490
"Bourne ultimatum",1236984360,1485068256,248083896,117116005.3490
"Bourne ultimatum",1236984540,1485068256,248083716,117116005.3490
"Bourne ultimatum",1236988440,1485068256,248079816,117116005.3490
"Bourne ultimatum",1236989880,1485068256,248078376,117116005.3490
"Bourne ultimatum",1236989880,1238186340,1196460,117116005.3490
"Bourne ultimatum",1236991920,1485068256,248076336,117116005.3490
"Bourne ultimatum",1236991920,1485068256,248076336,117116005.3490
"Bourne ultimatum",1236991920,1238112120,1120200,117116005.3490
"Bourne ultimatum",1236991920,1238874960,1883040,117116005.3490
"Bourne ultimatum",1236992040,1485068256,248076216,117116005.3490
"Bourne ultimatum",1236992040,1239059160,2067120,117116005.3490
"Bourne ultimatum",1237051020,1485068256,248017236,117116005.3490
"Bourne ultimatum",1237057260,1485068256,248010996,117116005.3490
"Bourne ultimatum",1237057260,1238871360,1814100,117116005.3490
"Bourne ultimatum",1237069080,1485068256,247999176,117116005.3490
"Bourne ultimatum",1237069080,1237572180,503100,117116005.3490
"Bourne ultimatum",1237072140,1485068256,247996116,117116005.3490
"Bourne ultimatum",1237072380,1485068256,247995876,117116005.3490
"Bourne ultimatum",1237072380,1238367540,1295160,117116005.3490
"Bourne ultimatum",1237078140,1485068256,247990116,117116005.3490
"Bourne ultimatum",1237234800,1485068256,247833456,117116005.3490
"Bourne ultimatum",1237234800,1238612940,1378140,117116005.3490
"Bourne ultimatum",1237235520,1485068256,247832736,117116005.3490
"Bourne ultimatum",1237235520,1237321560,86040,117116005.3490
"Bourne ultimatum",1237236000,1485068256,247832256,117116005.3490
"Bourne ultimatum",1237236000,1237420800,184800,117116005.3490
"Bourne ultimatum",1237238400,1485068256,247829856,117116005.3490
"Bourne ultimatum",1237238400,1237591440,353040,117116005.3490
"Bourne ultimatum",1237239180,1485068256,247829076,117116005.3490
"Bourne ultimatum",1237239180,1237505520,266340,117116005.3490
"Bourne ultimatum",1237242600,1485068256,247825656,117116005.3490
"Bourne ultimatum",1237243740,1485068256,247824516,117116005.3490
"Bourne ultimatum",1237243740,1237658400,414660,117116005.3490
"Bourne ultimatum",1237245960,1485068256,247822296,117116005.3490
"Bourne ultimatum",1237249380,1485068256,247818876,117116005.3490
"Bourne ultimatum",1237249380,1237856220,606840,117116005.3490
"Bourne ultimatum",1237251420,1485068256,247816836,117116005.3490
"Bourne ultimatum",1237251420,1238286000,1034580,117116005.3490
"Bourne ultimatum",1237326780,1485068256,247741476,117116005.3490
"Bourne ultimatum",1237326780,1237858860,532080,117116005.3490
"Bourne ultimatum",1237329420,1485068256,247738836,117116005.3490
"Bourne ultimatum",1237333620,1485068256,247734636,117116005.3490
"Bourne ultimatum",1237333620,1237671060,337440,117116005.3490
"Bourne ultimatum",1237339980,1485068256,247728276,117116005.3490
"Bourne ultimatum",1237339980,1238616840,1276860,117116005.3490
"Bourne ultimatum",1237339980,1239039540,1699560,117116005.3490
"Bourne ultimatum",1237341180,1485068256,247727076,117116005.3490
"Bourne ultimatum",1237341180,1237929540,588360,117116005.3490
"Bourne ultimatum",1237406400,1485068256,247661856,117116005.3490
"Bourne ultimatum",1237407660,1485068256,247660596,117116005.3490
"Bourne ultimatum",1237407660,1238019540,611880,117116005.3490
"Bourne ultimatum",1237412940,1485068256,247655316,117116005.3490
"Bourne ultimatum",1237412940,1242855540,5442600,117116005.3490
"Bourne ultimatum",1237414380,1485068256,247653876,117116005.3490
"Bourne ultimatum",1237414380,1238790300,1375920,117116005.3490
"Bourne ultimatum",1237415820,1485068256,247652436,117116005.3490
"Bourne ultimatum",1237415820,1237587420,171600,117116005.3490
"Bourne ultimatum",1237419060,1485068256,247649196,117116005.3490
"Bourne ultimatum",1237419060,1237849680,430620,117116005.3490
"Bourne ultimatum",1237421220,1485068256,247647036,117116005.3490
"Bourne ultimatum",1237421580,1485068256,247646676,117116005.3490
"Bourne ultimatum",1237422660,1485068256,247645596,117116005.3490
"Bourne ultimatum",1237422660,1238635620,1212960,117116005.3490
"Bourne ultimatum",1237424220,1485068256,247644036,117116005.3490
"Bourne ultimatum",1237424220,1237948440,524220,117116005.3490
"Bourne ultimatum",1237425480,1485068256,247642776,117116005.3490
"Bourne ultimatum",1237429320,1485068256,247638936,117116005.3490
"Bourne ultimatum",1237429320,1237948260,518940,117116005.3490
"Bourne ultimatum",1237495800,1485068256,247572456,117116005.3490
"Bourne ultimatum",1237495800,1237659600,163800,117116005.3490
"Bourne ultimatum",1237498500,1485068256,247569756,117116005.3490
"Bourne ultimatum",1237498500,1237666920,168420,117116005.3490
"Bourne ultimatum",1237510620,1485068256,247557636,117116005.3490
"Bourne ultimatum",1237510620,1238278140,767520,117116005.3490
"Bourne ultimatum",1237517460,1485068256,247550796,117116005.3490
"Bourne ultimatum",1237517460,1238457600,940140,117116005.3490
"Bourne ultimatum",1237574160,1485068256,247494096,117116005.3490
"Bourne ultimatum",1237579320,1485068256,247488936,117116005.3490
"Bourne ultimatum",1237584180,1485068256,247484076,117116005.3490
"Bourne ultimatum",1237584180,1238280180,696000,117116005.3490
"Bourne ultimatum",1237584600,1485068256,247483656,117116005.3490
"Bourne ultimatum",1237585800,1485068256,247482456,117116005.3490
"Bourne ultimatum",1237589220,1485068256,247479036,117116005.3490
"Bourne ultimatum",1237590600,1485068256,247477656,117116005.3490
"Bourne ultimatum",1237590600,1238198820,608220,117116005.3490
"Bourne ultimatum",1237594380,1485068256,247473876,117116005.3490
"Bourne ultimatum",1237594380,1240965780,3371400,117116005.3490
"Bourne ultimatum",1237594380,1241202600,3608220,117116005.3490
"Bourne ultimatum",1237594380,1241285280,3690900,117116005.3490
"Bourne ultimatum",1237596300,1485068256,247471956,117116005.3490
"Bourne ultimatum",1237596300,1238724420,1128120,117116005.3490
"Bourne ultimatum",1237597140,1485068256,247471116,117116005.3490
"Bourne ultimatum",1237597140,1238036100,438960,117116005.3490
"Bourne ultimatum",1237657680,1485068256,247410576,117116005.3490
"Bourne ultimatum",1237664460,1485068256,247403796,117116005.3490
"Bourne ultimatum",1237664460,1237932780,268320,117116005.3490
"Bourne ultimatum",1237667940,1485068256,247400316,117116005.3490
"Bourne ultimatum",1237667940,1237847700,179760,117116005.3490
"Bourne ultimatum",1237671060,1485068256,247397196,117116005.3490
"Bourne ultimatum",1237674900,1485068256,247393356,117116005.3490
"Bourne ultimatum",1237674900,1239065280,1390380,117116005.3490
"Bourne ultimatum",1237681140,1485068256,247387116,117116005.3490
"Bourne ultimatum",1237681140,1238881680,1200540,117116005.3490
"Bourne ultimatum",1237682100,1485068256,247386156,117116005.3490
"Bourne ultimatum",1237683420,1485068256,247384836,117116005.3490
"Bourne ultimatum",1237748700,1485068256,247319556,117116005.3490
"Bourne ultimatum",1237751400,1485068256,247316856,117116005.3490
"Bourne ultimatum",1237758420,1485068256,247309836,117116005.3490
"Bourne ultimatum",1237759680,1485068256,247308576,117116005.3490
"Bourne ultimatum",1237759680,1238792880,1033200,117116005.3490
"Bourne ultimatum",1237761240,1485068256,247307016,117116005.3490
"Bourne ultimatum",1237839780,1485068256,247228476,117116005.3490
"Bourne ultimatum",1237839780,1238446320,606540,117116005.3490
"Bourne ultimatum",1237839960,1485068256,247228296,117116005.3490
"Bourne ultimatum",1237839960,1238269920,429960,117116005.3490
"Bourne ultimatum",1237843380,1485068256,247224876,117116005.3490
"Bourne ultimatum",1237843380,1238443560,600180,117116005.3490
"Bourne ultimatum",1237843380,1238724060,880680,117116005.3490
"Bourne ultimatum",1237843380,1238782020,938640,117116005.3490
"Bourne ultimatum",1237846620,1485068256,247221636,117116005.3490
"Bourne ultimatum",1237847340,1485068256,247220916,117116005.3490
"Bourne ultimatum",1237859220,1485068256,247209036,117116005.3490
"Bourne ultimatum",1237859700,1485068256,247208556,117116005.3490
"Bourne ultimatum",1237859700,1238615940,756240,117116005.3490
"Bourne ultimatum",1237859760,1485068256,247208496,117116005.3490
"Bourne ultimatum",1237859760,1238887440,1027680,117116005.3490
"Bourne ultimatum",1237860660,1485068256,247207596,117116005.3490
"Bourne ultimatum",1237860660,1238544420,683760,117116005.3490
"Bourne ultimatum",1237860960,1485068256,247207296,117116005.3490
"Bourne ultimatum",1237860960,1239071340,1210380,117116005.3490
"Bourne ultimatum",1237862460,1485068256,247205796,117116005.3490
"Bourne ultimatum",1237862460,1238790240,927780,117116005.3490
"Bourne ultimatum",1237927200,1485068256,247141056,117116005.3490
"Bourne ultimatum",1237928580,1485068256,247139676,117116005.3490
"Bourne ultimatum",1237928580,1238181000,252420,117116005.3490
"Bourne ultimatum",1237929660,1485068256,247138596,117116005.3490
"Bourne ultimatum",1237933380,1485068256,247134876,117116005.3490
"Bourne ultimatum",1237933380,1238277180,343800,117116005.3490
"Bourne ultimatum",1237935120,1485068256,247133136,117116005.3490
"Bourne ultimatum",1237935960,1485068256,247132296,117116005.3490
"Bourne ultimatum",1237935960,1239143700,1207740,117116005.3490
"Bourne ultimatum",1237938780,1485068256,247129476,117116005.3490
"Bourne ultimatum",1237938780,1239062100,1123320,117116005.3490
"Bourne ultimatum",1237940160,1485068256,247128096,117116005.3490
"Bourne ultimatum",1237940160,1239048600,1108440,117116005.3490
"Bourne ultimatum",1237942200,1485068256,247126056,117116005.3490
"Bourne ultimatum",1237942200,1238358120,415920,117116005.3490
"Bourne ultimatum",1237947720,1485068256,247120536,117116005.3490
"Bourne ultimatum",1238003340,1485068256,247064916,117116005.3490
"Bourne ultimatum",1238003340,1238800380,797040,117116005.3490
"Bourne ultimatum",1238008920,1485068256,247059336,117116005.3490
"Bourne ultimatum",1238023560,1485068256,247044696,117116005.3490
"Bourne ultimatum",1238023560,1238276340,252780,117116005.3490
"Bourne ultimatum",1238025660,1485068256,247042596,117116005.3490
"Bourne ultimatum",1238025660,1239236040,1210380,117116005.3490
"Bourne ultimatum",1238027400,1485068256,247040856,117116005.3490
"Bourne ultimatum",1238027400,1238639820,612420,117116005.3490
"Bourne ultimatum",1238028840,1485068256,247039416,117116005.3490
"Bourne ultimatum",1238028840,1238805060,776220,117116005.3490
"Bourne ultimatum",1238029560,1485068256,247038696,117116005.3490
"Bourne ultimatum",1238032500,1485068256,247035756,117116005.3490
"Bourne ultimatum",1238032500,1242543600,4511100,117116005.3490
"Bourne ultimatum",1238091000,1485068256,246977256,117116005.3490
"Bourne ultimatum",1238091000,1238871900,780900,117116005.3490
"Bourne ultimatum",1238099340,1485068256,246968916,117116005.3490
"Bourne ultimatum",1238099340,1238189040,89700,117116005.3490
"Bourne ultimatum",1238102820,1485068256,246965436,117116005.3490
"Bourne ultimatum",1238102820,1238360340,257520,117116005.3490
"Bourne ultimatum",1238109900,1485068256,246958356,117116005.3490
"Bourne ultimatum",1238109900,1239318660,1208760,117116005.3490
"Bourne ultimatum",1238110440,1485068256,246957816,117116005.3490
"Bourne ultimatum",1238110440,1239049260,938820,117116005.3490
"Bourne ultimatum",1238113020,1485068256,246955236,117116005.3490
"Bourne ultimatum",1238122260,1485068256,246945996,117116005.3490
"Bourne ultimatum",1238122260,1485068256,246945996,117116005.3490
"Bourne ultimatum",1238178960,1485068256,246889296,117116005.3490
"Bourne ultimatum",1238178960,1239238920,1059960,117116005.3490
"Bourne ultimatum",1238183340,1485068256,246884916,117116005.3490
"Bourne ultimatum",1238183340,1238798580,615240,117116005.3490
"Bourne ultimatum",1238186400,1485068256,246881856,117116005.3490
"Bourne ultimatum",1238186400,1239065280,878880,117116005.3490
"Bourne ultimatum",1238189520,1485068256,246878736,117116005.3490
"Bourne ultimatum",1238193180,1485068256,246875076,117116005.3490
"Bourne ultimatum",1238193180,1239157080,963900,117116005.3490
"Bourne ultimatum",1238195160,1485068256,246873096,117116005.3490
"Bourne ultimatum",1238195160,1240869360,2674200,117116005.3490
"Bourne ultimatum",1238200500,1485068256,246867756,117116005.3490
"Bourne ultimatum",1238200500,1240000680,1800180,117116005.3490
"Bourne ultimatum",1238279040,1485068256,246789216,117116005.3490
"Bourne ultimatum",1238279040,1238630040,351000,117116005.3490
"Bourne ultimatum",1238280960,1485068256,246787296,117116005.3490
"Bourne ultimatum",1238288220,1485068256,246780036,117116005.3490
"Bourne ultimatum",1238288220,1238367000,78780,117116005.3490
"Bourne ultimatum",1238364240,1485068256,246704016,117116005.3490
"Bourne ultimatum",1238364240,1238789460,425220,117116005.3490
"Bourne ultimatum",1238366880,1485068256,246701376,117116005.3490
"Bourne ultimatum",1238369820,1485068256,246698436,117116005.3490
"Bourne ultimatum",1238369820,1239231780,861960,117116005.3490
"Bourne ultimatum",1238447040,1485068256,246621216,117116005.3490
"Bourne ultimatum",1238447040,1238793120,346080,117116005.3490
"Bourne ultimatum",1238452020,1485068256,246616236,117116005.3490
"Bourne ultimatum",1238452020,1239493620,1041600,117116005.3490
"Bourne ultimatum",1238452440,1485068256,246615816,117116005.3490
"Bourne ultimatum",1238452440,1239145380,692940,117116005.3490
"Bourne ultimatum",1238452500,1485068256,246615756,117116005.3490
"Bourne ultimatum",1238452620,1485068256,246615636,117116005.3490
"Bourne ultimatum",1238452620,1239228600,775980,117116005.3490
"Bourne ultimatum",1238452860,1485068256,246615396,117116005.3490
"Bourne ultimatum",1238452860,1239672060,1219200,117116005.3490
"Bourne ultimatum",1238463600,1485068256,246604656,117116005.3490
"Bourne ultimatum",1238463600,1242172920,3709320,117116005.3490
"Bourne ultimatum",1238465100,1485068256,246603156,117116005.3490
"Bourne ultimatum",1238465100,1238613960,148860,117116005.3490
"Bourne ultimatum",1238512500,1485068256,246555756,117116005.3490
"Bourne ultimatum",1238512500,1239142860,630360,117116005.3490
"Bourne ultimatum",1238519400,1485068256,246548856,117116005.3490
"Bourne ultimatum",1238519400,1239125220,605820,117116005.3490
"Bourne ultimatum",1238532180,1485068256,246536076,117116005.3490
"Bourne ultimatum",1238532180,1239741180,1209000,117116005.3490
"Bourne ultimatum",1238534460,1485068256,246533796,117116005.3490
"Bourne ultimatum",1238534460,1238623680,89220,117116005.3490
"Bourne ultimatum",1238549580,1485068256,246518676,117116005.3490
"Bourne ultimatum",1238549580,1238715600,166020,117116005.3490
"Bourne ultimatum",1238550840,1485068256,246517416,117116005.3490
"Bourne ultimatum",1238553720,1485068256,246514536,117116005.3490
"Bourne ultimatum",1238553720,1241482620,2928900,117116005.3490
"Bourne ultimatum",1238554200,1238554260,60,117116005.3490
"Bourne ultimatum",1238554260,1485068256,246513996,117116005.3490
"Bourne ultimatum",1238606160,1485068256,246462096,117116005.3490
"Bourne ultimatum",1238619480,1485068256,246448776,117116005.3490
"Bourne ultimatum",1238621220,1485068256,246447036,117116005.3490
"Bourne ultimatum",1238625240,1485068256,246443016,117116005.3490
"Bourne ultimatum",1238625240,1239675960,1050720,117116005.3490
"Bourne ultimatum",1238629440,1485068256,246438816,117116005.3490
"Bourne ultimatum",1238629440,1240172580,1543140,117116005.3490
"Bourne ultimatum",1238629740,1485068256,246438516,117116005.3490
"Bourne ultimatum",1238629740,1238974080,344340,117116005.3490
"Bourne ultimatum",1238632860,1485068256,246435396,117116005.3490
"Bourne ultimatum",1238632860,1239846720,1213860,117116005.3490
"Bourne ultimatum",1238634480,1485068256,246433776,117116005.3490
"Bourne ultimatum",1238698200,1485068256,246370056,117116005.3490
"Bourne ultimatum",1238698200,1240267920,1569720,117116005.3490
"Bourne ultimatum",1238698800,1485068256,246369456,117116005.3490
"Bourne ultimatum",1238698800,1240508220,1809420,117116005.3490
"Bourne ultimatum",1238702460,1485068256,246365796,117116005.3490
"Bourne ultimatum",1238707980,1485068256,246360276,117116005.3490
"Bourne ultimatum",1238707980,1239918360,1210380,117116005.3490
"Bourne ultimatum",1238708340,1485068256,246359916,117116005.3490
"Bourne ultimatum",1238708340,1238970120,261780,117116005.3490
"Bourne ultimatum",1238708520,1485068256,246359736,117116005.3490
"Bourne ultimatum",1238708520,1240456740,1748220,117116005.3490
"Bourne ultimatum",1238718780,1485068256,246349476,117116005.3490
"Bourne ultimatum",1238718780,1239754980,1036200,117116005.3490
"Bourne ultimatum",1238719380,1485068256,246348876,117116005.3490
"Bourne ultimatum",1238726820,1485068256,246341436,117116005.3490
"Bourne ultimatum",1238726820,1238971320,244500,117116005.3490
"Bourne ultimatum",1238782380,1485068256,246285876,117116005.3490
"Bourne ultimatum",1238782380,1239748380,966000,117116005.3490
"Bourne ultimatum",1238783820,1485068256,246284436,117116005.3490
"Bourne ultimatum",1238788800,1485068256,246279456,117116005.3490
"Bourne ultimatum",1238788800,1239059700,270900,117116005.3490
"Bourne ultimatum",1238796180,1485068256,246272076,117116005.3490
"Bourne ultimatum",1238796180,1239474540,678360,117116005.3490
"Bourne ultimatum",1238800200,1485068256,246268056,117116005.3490
"Bourne ultimatum",1238800200,1239148800,348600,117116005.3490
"Bourne ultimatum",1238800440,1485068256,246267816,117116005.3490
"Bourne ultimatum",1238801520,1485068256,246266736,117116005.3490
"Bourne ultimatum",1238801520,1239064440,262920,117116005.3490
"Bourne ultimatum",1238869500,1485068256,246198756,117116005.3490
"Bourne ultimatum",1238879340,1485068256,246188916,117116005.3490
"Bourne ultimatum",1238879340,1240280160,1400820,117116005.3490
"Bourne ultimatum",1238880360,1485068256,246187896,117116005.3490
"Bourne ultimatum",1238880360,1239217320,336960,117116005.3490
"Bourne ultimatum",1238883660,1485068256,246184596,117116005.3490
"Bourne ultimatum",1238883660,1239468420,584760,117116005.3490
"Bourne ultimatum",1238883900,1485068256,246184356,117116005.3490
"Bourne ultimatum",1238886360,1485068256,246181896,117116005.3490
"Bourne ultimatum",1238886360,1241137740,2251380,117116005.3490
"Bourne ultimatum",1238890080,1485068256,246178176,117116005.3490
"Bourne ultimatum",1238890080,1239062820,172740,117116005.3490
"Bourne ultimatum",1238960580,1485068256,246107676,117116005.3490
"Bourne ultimatum",1238960580,1239479880,519300,117116005.3490
"Bourne ultimatum",1238964780,1485068256,246103476,117116005.3490
"Bourne ultimatum",1238969160,1485068256,246099096,117116005.3490
"Bourne ultimatum",1239039540,1485068256,246028716,117116005.3490
"Bourne ultimatum",1239039540,1239914940,875400,117116005.3490
"Bourne ultimatum",1239058320,1240277640,1219320,117116005.3490
"Bourne ultimatum",1239058680,1240176720,1118040,117116005.3490
"Bourne ultimatum",1239059400,1485068256,246008856,117116005.3490
"Bourne ultimatum",1239059640,1485068256,246008616,117116005.3490
"Bourne ultimatum",1239059640,1241552760,2493120,117116005.3490
"Bourne ultimatum",1239060960,1485068256,246007296,117116005.3490
"Bourne ultimatum",1239062160,1239829020,766860,117116005.3490
"Bourne ultimatum",1239064500,1239848280,783780,117116005.3490
"Bourne ultimatum",1239065700,1239670320,604620,117116005.3490
"Bourne ultimatum",1239066060,1485068256,246002196,117116005.3490
"Bourne ultimatum",1239066060,1239819120,753060,117116005.3490
"Bourne ultimatum",1239066540,1485068256,246001716,117116005.3490
"Bourne ultimatum",1239072660,1241571000,2498340,117116005.3490
"Bourne ultimatum",1239135780,1485068256,245932476,117116005.3490
"Bourne ultimatum",1239135780,1240097160,961380,117116005.3490
"Bourne ultimatum",1239135840,1485068256,245932416,117116005.3490
"Bourne ultimatum",1239142860,1485068256,245925396,117116005.3490
"Bourne ultimatum",1239142860,1239920280,777420,117116005.3490
"Bourne ultimatum",1239142860,1241724300,2581440,117116005.3490
"Bourne ultimatum",1239145380,1485068256,245922876,117116005.3490
"Bourne ultimatum",1239145380,1240084920,939540,117116005.3490
"Bourne ultimatum",1239145440,1485068256,245922816,117116005.3490
"Bourne ultimatum",1239145440,1239841260,695820,117116005.3490
"Bourne ultimatum",1239145800,1485068256,245922456,117116005.3490
"Bourne ultimatum",1239145800,1240360080,1214280,117116005.3490
"Bourne ultimatum",1239146580,1485068256,245921676,117116005.3490
"Bourne ultimatum",1239146580,1239671280,524700,117116005.3490
"Bourne ultimatum",1239148200,1239319680,171480,117116005.3490
"Bourne ultimatum",1239149400,1485068256,245918856,117116005.3490
"Bourne ultimatum",1239149400,1241740320,2590920,117116005.3490
"Bourne ultimatum",1239150540,1240358760,1208220,117116005.3490
"Bourne ultimatum",1239150540,1240421820,1271280,117116005.3490
"Bourne ultimatum",1239151680,1240366440,1214760,117116005.3490
"Bourne ultimatum",1239153480,1485068256,245914776,117116005.3490
"Bourne ultimatum",1239157560,1485068256,245910696,117116005.3490
"Bourne ultimatum",1239157560,1239815700,658140,117116005.3490
"Bourne ultimatum",1239225000,1485068256,245843256,117116005.3490
"Bourne ultimatum",1239225540,1485068256,245842716,117116005.3490
"Bourne ultimatum",1239229140,1485068256,245839116,117116005.3490
"Bourne ultimatum",1239229140,1239818040,588900,117116005.3490
"Bourne ultimatum",1239231720,1485068256,245836536,117116005.3490
"Bourne ultimatum",1239231720,1239909960,678240,117116005.3490
"Bourne ultimatum",1239232980,1240086000,853020,117116005.3490
"Bourne ultimatum",1239234540,1240690980,1456440,117116005.3490
"Bourne ultimatum",1239234840,1239931200,696360,117116005.3490
"Bourne ultimatum",1239237000,1239328800,91800,117116005.3490
"Bourne ultimatum",1239239760,1485068256,245828496,117116005.3490
"Bourne ultimatum",1239243420,1485068256,245824836,117116005.3490
"Bourne ultimatum",1239243420,1239931320,687900,117116005.3490
"Bourne ultimatum",1239245760,1240450140,1204380,117116005.3490
"Bourne ultimatum",1239306060,1239834000,527940,117116005.3490
"Bourne ultimatum",1239306120,1241727060,2420940,117116005.3490
"Bourne ultimatum",1239308040,1485068256,245760216,117116005.3490
"Bourne ultimatum",1239308040,1239905580,597540,117116005.3490
"Bourne ultimatum",1239312000,1485068256,245756256,117116005.3490
"Bourne ultimatum",1239315360,1485068256,245752896,117116005.3490
"Bourne ultimatum",1239315360,1244759040,5443680,117116005.3490
"Bourne ultimatum",1239324480,1239921480,597000,117116005.3490
"Bourne ultimatum",1239324480,1239994680,670200,117116005.3490
"Bourne ultimatum",1239392040,1239997560,605520,117116005.3490
"Bourne ultimatum",1239392340,1239916200,523860,117116005.3490
"Bourne ultimatum",1239393840,1485068256,245674416,117116005.3490
"Bourne ultimatum",1239393840,1241576460,2182620,117116005.3490
"Bourne ultimatum",1239397140,1239928500,531360,117116005.3490
"Bourne ultimatum",1239402420,1240430460,1028040,117116005.3490
"Bourne ultimatum",1239410520,1240953300,1542780,117116005.3490
"Bourne ultimatum",1239471240,1485068256,245597016,117116005.3490
"Bourne ultimatum",1239471240,1240692360,1221120,117116005.3490
"Bourne ultimatum",1239481140,1485068256,245587116,117116005.3490
"Bourne ultimatum",1239481380,1485068256,245586876,117116005.3490
"Bourne ultimatum",1239481380,1241576520,2095140,117116005.3490
"Bourne ultimatum",1239482160,1485068256,245586096,117116005.3490
"Bourne ultimatum",1239482160,1244318580,4836420,117116005.3490
"Bourne ultimatum",1239482580,1485068256,245585676,117116005.3490
"Bourne ultimatum",1239482580,1239922200,439620,117116005.3490
"Bourne ultimatum",1239482940,1485068256,245585316,117116005.3490
"Bourne ultimatum",1239482940,1240100280,617340,117116005.3490
"Bourne ultimatum",1239495960,1485068256,245572296,117116005.3490
"Bourne ultimatum",1239495960,1242948240,3452280,117116005.3490
"Bourne ultimatum",1239663180,1485068256,245405076,117116005.3490
"Bourne ultimatum",1239663180,1240609080,945900,117116005.3490
"Bourne ultimatum",1239663780,1485068256,245404476,117116005.3490
"Bourne ultimatum",1239663780,1239839400,175620,117116005.3490
"Bourne ultimatum",1239663780,1239840060,176280,117116005.3490
"Bourne ultimatum",1239664020,1485068256,245404236,117116005.3490
"Bourne ultimatum",1239664020,1240878240,1214220,117116005.3490
"Bourne ultimatum",1239664920,1485068256,245403336,117116005.3490
"Bourne ultimatum",1239664920,1240008600,343680,117116005.3490
"Bourne ultimatum",1239665880,1485068256,245402376,117116005.3490
"Bourne ultimatum",1239665880,1240428540,762660,117116005.3490
"Bourne ultimatum",1239670320,1485068256,245397936,117116005.3490
"Bourne ultimatum",1239670320,1240280100,609780,117116005.3490
"Bourne ultimatum",1239670980,1485068256,245397276,117116005.3490
"Bourne ultimatum",1239670980,1240883340,1212360,117116005.3490
"Bourne ultimatum",1239672360,1485068256,245395896,117116005.3490
"Bourne ultimatum",1239672360,1240874220,1201860,117116005.3490
"Bourne ultimatum",1239674100,1485068256,245394156,117116005.3490
"Bourne ultimatum",1239674100,1240279680,605580,117116005.3490
"Bourne ultimatum",1239675360,1485068256,245392896,117116005.3490
"Bourne ultimatum",1239675360,1239993180,317820,117116005.3490
"Bourne ultimatum",1239675840,1485068256,245392416,117116005.3490
"Bourne ultimatum",1239675840,1240452960,777120,117116005.3490
"Bourne ultimatum",1239675960,1485068256,245392296,117116005.3490
"Bourne ultimatum",1239676260,1485068256,245391996,117116005.3490
"Bourne ultimatum",1239739860,1485068256,245328396,117116005.3490
"Bourne ultimatum",1239742380,1485068256,245325876,117116005.3490
"Bourne ultimatum",1239742380,1240080300,337920,117116005.3490
"Bourne ultimatum",1239742560,1485068256,245325696,117116005.3490
"Bourne ultimatum",1239742560,1241023380,1280820,117116005.3490
"Bourne ultimatum",1239754680,1485068256,245313576,117116005.3490
"Bourne ultimatum",1239757620,1485068256,245310636,117116005.3490
"Bourne ultimatum",1239757620,1241390760,1633140,117116005.3490
"Bourne ultimatum",1239758940,1485068256,245309316,117116005.3490
"Bourne ultimatum",1239758940,1240873740,1114800,117116005.3490
"Bourne ultimatum",1239761880,1485068256,245306376,117116005.3490
"Bourne ultimatum",1239761880,1240533840,771960,117116005.3490
"Bourne ultimatum",1239764100,1485068256,245304156,117116005.3490
"Bourne ultimatum",1239764100,1241049180,1285080,117116005.3490
"Bourne ultimatum",1239820740,1485068256,245247516,117116005.3490
"Bourne ultimatum",1239820740,1241050980,1230240,117116005.3490
"Bourne ultimatum",1239824760,1485068256,245243496,117116005.3490
"Bourne ultimatum",1239824760,1240365300,540540,117116005.3490
"Bourne ultimatum",1239829140,1485068256,245239116,117116005.3490
"Bourne ultimatum",1239829140,1241562120,1732980,117116005.3490
"Bourne ultimatum",1239838200,1485068256,245230056,117116005.3490
"Bourne ultimatum",1239838200,1241047440,1209240,117116005.3490
"Bourne ultimatum",1239838800,1485068256,245229456,117116005.3490
"Bourne ultimatum",1239838800,1243036860,3198060,117116005.3490
"Bourne ultimatum",1239841620,1485068256,245226636,117116005.3490
"Bourne ultimatum",1239841620,1240873860,1032240,117116005.3490
"Bourne ultimatum",1239841980,1485068256,245226276,117116005.3490
"Bourne ultimatum",1239841980,1241138040,1296060,117116005.3490
"Bourne ultimatum",1239844860,1485068256,245223396,117116005.3490
"Bourne ultimatum",1239907800,1485068256,245160456,117116005.3490
"Bourne ultimatum",1239907800,1240453260,545460,117116005.3490
"Bourne ultimatum",1239909300,1485068256,245158956,117116005.3490
"Bourne ultimatum",1239909300,1240421760,512460,117116005.3490
"Bourne ultimatum",1239913860,1485068256,245154396,117116005.3490
"Bourne ultimatum",1239913860,1241122680,1208820,117116005.3490
"Bourne ultimatum",1239920040,1485068256,245148216,117116005.3490
"Bourne ultimatum",1239920040,1240520520,600480,117116005.3490
"Bourne ultimatum",1239922320,1485068256,245145936,117116005.3490
"Bourne ultimatum",1239927360,1485068256,245140896,117116005.3490
"Bourne ultimatum",1239927360,1240596480,669120,117116005.3490
"Bourne ultimatum",1239931080,1485068256,245137176,117116005.3490
"Bourne ultimatum",1239931080,1240008120,77040,117116005.3490
"Bourne ultimatum",1239931740,1485068256,245136516,117116005.3490
"Bourne ultimatum",1239931740,1241115600,1183860,117116005.3490
"Bourne ultimatum",1239934680,1485068256,245133576,117116005.3490
"Bourne ultimatum",1239934680,1241474400,1539720,117116005.3490
"Bourne ultimatum",1239988440,1485068256,245079816,117116005.3490
"Bourne ultimatum",1239988440,1240080480,92040,117116005.3490
"Bourne ultimatum",1239989760,1485068256,245078496,117116005.3490
"Bourne ultimatum",1239989760,1240360380,370620,117116005.3490
"Bourne ultimatum",1239997860,1485068256,245070396,117116005.3490
"Bourne ultimatum",1240003860,1485068256,245064396,117116005.3490
"Bourne ultimatum",1240003860,1240529040,525180,117116005.3490
"Bourne ultimatum",1240008840,1485068256,245059416,117116005.3490
"Bourne ultimatum",1240008840,1240357320,348480,117116005.3490
"Bourne ultimatum",1240009440,1485068256,245058816,117116005.3490
"Bourne ultimatum",1240009440,1241133720,1124280,117116005.3490
"Bourne ultimatum",1240011480,1485068256,245056776,117116005.3490
"Bourne ultimatum",1240011480,1240267440,255960,117116005.3490
"Bourne ultimatum",1240016040,1485068256,245052216,117116005.3490
"Bourne ultimatum",1240016100,1485068256,245052156,117116005.3490
"Bourne ultimatum",1240016100,1240268820,252720,117116005.3490
"Bourne ultimatum",1240076040,1485068256,244992216,117116005.3490
"Bourne ultimatum",1240076040,1241393040,1317000,117116005.3490
"Bourne ultimatum",1240077720,1485068256,244990536,117116005.3490
"Bourne ultimatum",1240077720,1240965360,887640,117116005.3490
"Bourne ultimatum",1240084020,1485068256,244984236,117116005.3490
"Bourne ultimatum",1240084020,1241217840,1133820,117116005.3490
"Bourne ultimatum",1240085640,1485068256,244982616,117116005.3490
"Bourne ultimatum",1240085640,1241140140,1054500,117116005.3490
"Bourne ultimatum",1240086420,1485068256,244981836,117116005.3490
"Bourne ultimatum",1240086420,1240970700,884280,117116005.3490
"Bourne ultimatum",1240088280,1485068256,244979976,117116005.3490
"Bourne ultimatum",1240088280,1242602400,2514120,117116005.3490
"Bourne ultimatum",1240092900,1485068256,244975356,117116005.3490
"Bourne ultimatum",1240092900,1240961040,868140,117116005.3490
"Bourne ultimatum",1240093560,1485068256,244974696,117116005.3490
"Bourne ultimatum",1240093560,1240179420,85860,117116005.3490
"Bourne ultimatum",1240096380,1485068256,244971876,117116005.3490
"Bourne ultimatum",1240096380,1240365480,269100,117116005.3490
"Bourne ultimatum",1240098060,1485068256,244970196,117116005.3490
"Bourne ultimatum",1240098420,1485068256,244969836,117116005.3490
"Bourne ultimatum",1240098420,1240528920,430500,117116005.3490
"Bourne ultimatum",1240171620,1485068256,244896636,117116005.3490
"Bourne ultimatum",1240171620,1240280640,109020,117116005.3490
"Bourne ultimatum",1240180860,1485068256,244887396,117116005.3490
"Bourne ultimatum",1240182420,1485068256,244885836,117116005.3490
"Bourne ultimatum",1240182420,1240787700,605280,117116005.3490
"Bourne ultimatum",1240182720,1485068256,244885536,117116005.3490
"Bourne ultimatum",1240182720,1241051460,868740,117116005.3490
"Bourne ultimatum",1240249440,1485068256,244818816,117116005.3490
"Bourne ultimatum",1240249440,1242148440,1899000,117116005.3490
"Bourne ultimatum",1240268100,1485068256,244800156,117116005.3490
"Bourne ultimatum",1240268100,1240344900,76800,117116005.3490
"Bourne ultimatum",1240272180,1485068256,244796076,117116005.3490
"Bourne ultimatum",1240272180,1240527660,255480,117116005.3490
"Bourne ultimatum",1240274400,1485068256,244793856,117116005.3490
"Bourne ultimatum",1240274400,1241576160,1301760,117116005.3490
"Bourne ultimatum",1240344480,1485068256,244723776,117116005.3490
"Bourne ultimatum",1240346760,1485068256,244721496,117116005.3490
"Bourne ultimatum",1240346760,1240951080,604320,117116005.3490
"Bourne ultimatum",1240354620,1485068256,244713636,117116005.3490
"Bourne ultimatum",1240354800,1485068256,244713456,117116005.3490
"Bourne ultimatum",1240354800,1240883460,528660,117116005.3490
"Bourne ultimatum",1240360380,1485068256,244707876,117116005.3490
"Bourne ultimatum",1240360380,1240971480,611100,117116005.3490
"Bourne ultimatum",1240360440,1485068256,244707816,117116005.3490
"Bourne ultimatum",1240360440,1240429680,69240,117116005.3490
"Bourne ultimatum",1240362900,1485068256,244705356,117116005.3490
"Bourne ultimatum",1240365240,1485068256,244703016,117116005.3490
"Bourne ultimatum",1240365240,1240971000,605760,117116005.3490
"Bourne ultimatum",1240430160,1485068256,244638096,117116005.3490
"Bourne ultimatum",1240430160,1241716140,1285980,117116005.3490
"Bourne ultimatum",1240430580,1485068256,244637676,117116005.3490
"Bourne ultimatum",1240430580,1240502280,71700,117116005.3490
"Bourne ultimatum",1240440480,1485068256,244627776,117116005.3490
"Bourne ultimatum",1240440480,1241642160,1201680,117116005.3490
"Bourne ultimatum",1240444920,1485068256,244623336,117116005.3490
"Bourne ultimatum",1240444920,1241485320,1040400,117116005.3490
"Bourne ultimatum",1240446180,1485068256,244622076,117116005.3490
"Bourne ultimatum",1240451220,1485068256,244617036,117116005.3490
"Bourne ultimatum",1240451220,1240779360,328140,117116005.3490
"Bourne ultimatum",1240452840,1485068256,244615416,117116005.3490
"Bourne ultimatum",1240454040,1485068256,244614216,117116005.3490
"Bourne ultimatum",1240516740,1485068256,244551516,117116005.3490
"Bourne ultimatum",1240516740,1243558260,3041520,117116005.3490
"Bourne ultimatum",1240522740,1485068256,244545516,117116005.3490
"Bourne ultimatum",1240527900,1485068256,244540356,117116005.3490
"Bourne ultimatum",1240527900,1244504940,3977040,117116005.3490
"Bourne ultimatum",1240529580,1485068256,244538676,117116005.3490
"Bourne ultimatum",1240529580,1241138640,609060,117116005.3490
"Bourne ultimatum",1240529880,1485068256,244538376,117116005.3490
"Bourne ultimatum",1240530480,1485068256,244537776,117116005.3490
"Bourne ultimatum",1240530480,1241217660,687180,117116005.3490
"Bourne ultimatum",1240530720,1485068256,244537536,117116005.3490
"Bourne ultimatum",1240530720,1241477520,946800,117116005.3490
"Bourne ultimatum",1240531740,1485068256,244536516,117116005.3490
"Bourne ultimatum",1240531740,1242174720,1642980,117116005.3490
"Bourne ultimatum",1240536420,1485068256,244531836,117116005.3490
"Bourne ultimatum",1240538100,1485068256,244530156,117116005.3490
"Bourne ultimatum",1240539180,1485068256,244529076,117116005.3490
"Bourne ultimatum",1240539180,1241483640,944460,117116005.3490
"Bourne ultimatum",1240601400,1485068256,244466856,117116005.3490
"Bourne ultimatum",1240601400,1240874520,273120,117116005.3490
"Bourne ultimatum",1240609860,1485068256,244458396,117116005.3490
"Bourne ultimatum",1240609860,1241631540,1021680,117116005.3490
"Bourne ultimatum",1240609860,1242931560,2321700,117116005.3490
"Bourne ultimatum",1240616400,1485068256,244451856,117116005.3490
"Bourne ultimatum",1240616400,1241824260,1207860,117116005.3490
"Bourne ultimatum",1240616640,1485068256,244451616,117116005.3490
"Bourne ultimatum",1240616820,1485068256,244451436,117116005.3490
"Bourne ultimatum",1240616820,1240875360,258540,117116005.3490
"Bourne ultimatum",1240618680,1485068256,244449576,117116005.3490
"Bourne ultimatum",1240619880,1485068256,244448376,117116005.3490
"Bourne ultimatum",1240619880,1485068256,244448376,117116005.3490
"Bourne ultimatum",1240619880,1241391960,772080,117116005.3490
"Bourne ultimatum",1240619880,1241743740,1123860,117116005.3490
"Bourne ultimatum",1240684560,1485068256,244383696,117116005.3490
"Bourne ultimatum",1240684560,1241058300,373740,117116005.3490
"Bourne ultimatum",1240692120,1485068256,244376136,117116005.3490
"Bourne ultimatum",1240692120,1241379240,687120,117116005.3490
"Bourne ultimatum",1240692420,1485068256,244375836,117116005.3490
"Bourne ultimatum",1240692420,1242086460,1394040,117116005.3490
"Bourne ultimatum",1240693140,1485068256,244375116,117116005.3490
"Bourne ultimatum",1240693140,1485068256,244375116,117116005.3490
"Bourne ultimatum",1240693140,1240776420,83280,117116005.3490
"Bourne ultimatum",1240693140,1240941060,247920,117116005.3490
"Bourne ultimatum",1240693140,1241472120,778980,117116005.3490
"Bourne ultimatum",1240695660,1485068256,244372596,117116005.3490
"Bourne ultimatum",1240696740,1485068256,244371516,117116005.3490
"Bourne ultimatum",1240698300,1485068256,244369956,117116005.3490
"Bourne ultimatum",1240698300,1241829240,1130940,117116005.3490
"Bourne ultimatum",1240703040,1485068256,244365216,117116005.3490
"Bourne ultimatum",1240703040,1244417820,3714780,117116005.3490
"Bourne ultimatum",1240703040,1244481900,3778860,117116005.3490
"Bourne ultimatum",1240703040,1244570220,3867180,117116005.3490
"Bourne ultimatum",1240703040,1247190360,6487320,117116005.3490
"Bourne ultimatum",1240707300,1485068256,244360956,117116005.3490
"Bourne ultimatum",1240707300,1241824740,1117440,117116005.3490
"Bourne ultimatum",1240776360,1485068256,244291896,117116005.3490
"Bourne ultimatum",1240785720,1485068256,244282536,117116005.3490
"Bourne ultimatum",1240785720,1241573820,788100,117116005.3490
"Bourne ultimatum",1240863300,1485068256,244204956,117116005.3490
"Bourne ultimatum",1240864800,1485068256,244203456,117116005.3490
"Bourne ultimatum",1240867860,1485068256,244200396,117116005.3490
"Bourne ultimatum",1240867860,1241032020,164160,117116005.3490
"Bourne ultimatum",1240872720,1485068256,244195536,117116005.3490
"Bourne ultimatum",1240872720,1241287320,414600,117116005.3490
"Bourne ultimatum",1240874280,1485068256,244193976,117116005.3490
"Bourne ultimatum",1240874280,1242086340,1212060,117116005.3490
"Bourne ultimatum",1240881960,1485068256,244186296,117116005.3490
"Bourne ultimatum",1240884000,1485068256,244184256,117116005.3490
"Bourne ultimatum",1240884000,1241475780,591780,117116005.3490
"Bourne ultimatum",1240948920,1485068256,244119336,117116005.3490
"Bourne ultimatum",1240949700,1485068256,244118556,117116005.3490
"Bourne ultimatum",1240949700,1241383800,434100,117116005.3490
"Bourne ultimatum",1240954380,1485068256,244113876,117116005.3490
"Bourne ultimatum",1240954380,1241562420,608040,117116005.3490
"Bourne ultimatum",1240956960,1485068256,244111296,117116005.3490
"Bourne ultimatum",1240956960,1241562960,606000,117116005.3490
"Bourne ultimatum",1240957560,1485068256,244110696,117116005.3490
"Bourne ultimatum",1240959480,1485068256,244108776,117116005.3490
"Bourne ultimatum",1240959480,1241719740,760260,117116005.3490
"Bourne ultimatum",1240961280,1485068256,244106976,117116005.3490
"Bourne ultimatum",1240961280,1241472960,511680,117116005.3490
"Bourne ultimatum",1240963980,1485068256,244104276,117116005.3490
"Bourne ultimatum",1240964280,1485068256,244103976,117116005.3490
"Bourne ultimatum",1240964280,1241296440,332160,117116005.3490
"Bourne ultimatum",1240967400,1485068256,244100856,117116005.3490
"Bourne ultimatum",1241025420,1485068256,244042836,117116005.3490
"Bourne ultimatum",1241038140,1485068256,244030116,117116005.3490
"Bourne ultimatum",1241038140,1241563200,525060,117116005.3490
"Bourne ultimatum",1241038380,1485068256,244029876,117116005.3490
"Bourne ultimatum",1241038380,1241651640,613260,117116005.3490
"Bourne ultimatum",1241041260,1485068256,244026996,117116005.3490
"Bourne ultimatum",1241043120,1485068256,244025136,117116005.3490
"Bourne ultimatum",1241043660,1485068256,244024596,117116005.3490
"Bourne ultimatum",1241043660,1242355620,1311960,117116005.3490
"Bourne ultimatum",1241044080,1485068256,244024176,117116005.3490
"Bourne ultimatum",1241044080,1241298840,254760,117116005.3490
"Bourne ultimatum",1241047680,1485068256,244020576,117116005.3490
"Bourne ultimatum",1241049300,1485068256,244018956,117116005.3490
"Bourne ultimatum",1241049300,1241202600,153300,117116005.3490
"Bourne ultimatum",1241049540,1485068256,244018716,117116005.3490
"Bourne ultimatum",1241052120,1485068256,244016136,117116005.3490
"Bourne ultimatum",1241055780,1485068256,244012476,117116005.3490
"Bourne ultimatum",1241058960,1485068256,244009296,117116005.3490
"Bourne ultimatum",1241112960,1485068256,243955296,117116005.3490
"Bourne ultimatum",1241112960,1242242460,1129500,117116005.3490
"Bourne ultimatum",1241113020,1485068256,243955236,117116005.3490
"Bourne ultimatum",1241113020,1242179460,1066440,117116005.3490
"Bourne ultimatum",1241127180,1485068256,243941076,117116005.3490
"Bourne ultimatum",1241127180,1243038420,1911240,117116005.3490
"Bourne ultimatum",1241129640,1485068256,243938616,117116005.3490
"Bourne ultimatum",1241129640,1242087540,957900,117116005.3490
"Bourne ultimatum",1241131380,1485068256,243936876,117116005.3490
"Bourne ultimatum",1241131380,1242339540,1208160,117116005.3490
"Bourne ultimatum",1241141280,1485068256,243926976,117116005.3490
"Bourne ultimatum",1241141280,1243465560,2324280,117116005.3490
"Bourne ultimatum",1241143080,1485068256,243925176,117116005.3490
"Bourne ultimatum",1241143080,1242347040,1203960,117116005.3490
"Bourne ultimatum",1241143080,1242516240,1373160,117116005.3490
"Bourne ultimatum",1241143080,1242678120,1535040,117116005.3490
"Bourne ultimatum",1241144580,1485068256,243923676,117116005.3490
"Bourne ultimatum",1241144580,1241741580,597000,117116005.3490
"Bourne ultimatum",1241202780,1485068256,243865476,117116005.3490
"Bourne ultimatum",1241202780,1242267000,1064220,117116005.3490
"Bourne ultimatum",1241208300,1485068256,243859956,117116005.3490
"Bourne ultimatum",1241208300,1241379300,171000,117116005.3490
"Bourne ultimatum",1241209260,1485068256,243858996,117116005.3490
"Bourne ultimatum",1241209260,1242409920,1200660,117116005.3490
"Bourne ultimatum",1241213220,1485068256,243855036,117116005.3490
"Bourne ultimatum",1241213220,1241474760,261540,117116005.3490
"Bourne ultimatum",1241215560,1485068256,243852696,117116005.3490
"Bourne ultimatum",1241215560,1241815980,600420,117116005.3490
"Bourne ultimatum",1241285700,1485068256,243782556,117116005.3490
"Bourne ultimatum",1241285700,1243119360,1833660,117116005.3490
"Bourne ultimatum",1241285700,1243448520,2162820,117116005.3490
"Bourne ultimatum",1241287440,1485068256,243780816,117116005.3490
"Bourne ultimatum",1241287440,1242513000,1225560,117116005.3490
"Bourne ultimatum",1241287800,1485068256,243780456,117116005.3490
"Bourne ultimatum",1241295120,1485068256,243773136,117116005.3490
"Bourne ultimatum",1241295120,1243640820,2345700,117116005.3490
"Bourne ultimatum",1241302860,1485068256,243765396,117116005.3490
"Bourne ultimatum",1241302860,1241909340,606480,117116005.3490
"Bourne ultimatum",1241312160,1485068256,243756096,117116005.3490
"Bourne ultimatum",1241312160,1242337680,1025520,117116005.3490
"Bourne ultimatum",1241381880,1485068256,243686376,117116005.3490
"Bourne ultimatum",1241381880,1241471940,90060,117116005.3490
"Bourne ultimatum",1241382000,1485068256,243686256,117116005.3490
"Bourne ultimatum",1241382000,1241487480,105480,117116005.3490
"Bourne ultimatum",1241394600,1485068256,243673656,117116005.3490
"Bourne ultimatum",1241394600,1241915580,520980,117116005.3490
"Bourne ultimatum",1241467800,1485068256,243600456,117116005.3490
"Bourne ultimatum",1241467800,1241816460,348660,117116005.3490
"Bourne ultimatum",1241468940,1485068256,243599316,117116005.3490
"Bourne ultimatum",1241468940,1241822640,353700,117116005.3490
"Bourne ultimatum",1241469120,1485068256,243599136,117116005.3490
"Bourne ultimatum",1241469120,1241739540,270420,117116005.3490
"Bourne ultimatum",1241470560,1485068256,243597696,117116005.3490
"Bourne ultimatum",1241470560,1241810580,340020,117116005.3490
"Bourne ultimatum",1241472540,1485068256,243595716,117116005.3490
"Bourne ultimatum",1241472540,1241645460,172920,117116005.3490
"Bourne ultimatum",1241475540,1485068256,243592716,117116005.3490
"Bourne ultimatum",1241475540,1242696360,1220820,117116005.3490
"Bourne ultimatum",1241481780,1485068256,243586476,117116005.3490
"Bourne ultimatum",1241481780,1485068256,243586476,117116005.3490
"Bourne ultimatum",1241481780,1242075540,593760,117116005.3490
"Bourne ultimatum",1241485260,1485068256,243582996,117116005.3490
"Bourne ultimatum",1241485260,1242425640,940380,117116005.3490
"Bourne ultimatum",1241489940,1485068256,243578316,117116005.3490
"Bourne ultimatum",1241490960,1485068256,243577296,117116005.3490
"Bourne ultimatum",1241490960,1243030800,1539840,117116005.3490
"Bourne ultimatum",1241545200,1485068256,243523056,117116005.3490
"Bourne ultimatum",1241545200,1242063660,518460,117116005.3490
"Bourne ultimatum",1241553720,1485068256,243514536,117116005.3490
"Bourne ultimatum",1241554200,1485068256,243514056,117116005.3490
"Bourne ultimatum",1241554200,1242427800,873600,117116005.3490
"Bourne ultimatum",1241555760,1485068256,243512496,117116005.3490
"Bourne ultimatum",1241555760,1241829240,273480,117116005.3490
"Bourne ultimatum",1241556300,1485068256,243511956,117116005.3490
"Bourne ultimatum",1241556300,1241815860,259560,117116005.3490
"Bourne ultimatum",1241558940,1485068256,243509316,117116005.3490
"Bourne ultimatum",1241558940,1241902140,343200,117116005.3490
"Bourne ultimatum",1241564940,1485068256,243503316,117116005.3490
"Bourne ultimatum",1241564940,1242504000,939060,117116005.3490
"Bourne ultimatum",1241566680,1485068256,243501576,117116005.3490
"Bourne ultimatum",1241566680,1242696720,1130040,117116005.3490
"Bourne ultimatum",1241568660,1485068256,243499596,117116005.3490
"Bourne ultimatum",1241568660,1242772320,1203660,117116005.3490
"Bourne ultimatum",1241568780,1485068256,243499476,117116005.3490
"Bourne ultimatum",1241569380,1485068256,243498876,117116005.3490
"Bourne ultimatum",1241569380,1241916420,347040,117116005.3490
"Bourne ultimatum",1241573580,1485068256,243494676,117116005.3490
"Bourne ultimatum",1241573580,1242695340,1121760,117116005.3490
"Bourne ultimatum",1241577240,1485068256,243491016,117116005.3490
"Bourne ultimatum",1241578500,1485068256,243489756,117116005.3490
"Bourne ultimatum",1241634360,1485068256,243433896,117116005.3490
"Bourne ultimatum",1241634360,1241742360,108000,117116005.3490
"Bourne ultimatum",1241638200,1485068256,243430056,117116005.3490
"Bourne ultimatum",1241638200,1244319540,2681340,117116005.3490
"Bourne ultimatum",1241642520,1485068256,243425736,117116005.3490
"Bourne ultimatum",1241642760,1485068256,243425496,117116005.3490
"Bourne ultimatum",1241652060,1485068256,243416196,117116005.3490
"Bourne ultimatum",1241652360,1485068256,243415896,117116005.3490
"Bourne ultimatum",1241652360,1242260280,607920,117116005.3490
"Bourne ultimatum",1241654160,1485068256,243414096,117116005.3490
"Bourne ultimatum",1241654160,1241902080,247920,117116005.3490
"Bourne ultimatum",1241654220,1485068256,243414036,117116005.3490
"Bourne ultimatum",1241654220,1243469340,1815120,117116005.3490
"Bourne ultimatum",1241654640,1485068256,243413616,117116005.3490
"Bourne ultimatum",1241654640,1242865440,1210800,117116005.3490
"Bourne ultimatum",1241658180,1485068256,243410076,117116005.3490
"Bourne ultimatum",1241659920,1485068256,243408336,117116005.3490
"Bourne ultimatum",1241659920,1242860640,1200720,117116005.3490
"Bourne ultimatum",1241732460,1485068256,243335796,117116005.3490
"Bourne ultimatum",1241732460,1242423120,690660,117116005.3490
"Bourne ultimatum",1241734140,1485068256,243334116,117116005.3490
"Bourne ultimatum",1241734140,1243537800,1803660,117116005.3490
"Bourne ultimatum",1241738820,1485068256,243329436,117116005.3490
"Bourne ultimatum",1241738820,1241902140,163320,117116005.3490
"Bourne ultimatum",1241741580,1485068256,243326676,117116005.3490
"Bourne ultimatum",1241741580,1243376820,1635240,117116005.3490
"Bourne ultimatum",1241803020,1485068256,243265236,117116005.3490
"Bourne ultimatum",1241803020,1242690600,887580,117116005.3490
"Bourne ultimatum",1241803140,1485068256,243265116,117116005.3490
"Bourne ultimatum",1241803140,1243021320,1218180,117116005.3490
"Bourne ultimatum",1241805480,1485068256,243262776,117116005.3490
"Bourne ultimatum",1241805480,1242239100,433620,117116005.3490
"Bourne ultimatum",1241806200,1485068256,243262056,117116005.3490
"Bourne ultimatum",1241806200,1242426120,619920,117116005.3490
"Bourne ultimatum",1241807400,1485068256,243260856,117116005.3490
"Bourne ultimatum",1241817780,1485068256,243250476,117116005.3490
"Bourne ultimatum",1241817780,1241996640,178860,117116005.3490
"Bourne ultimatum",1241818440,1485068256,243249816,117116005.3490
"Bourne ultimatum",1241818440,1242688860,870420,117116005.3490
"Bourne ultimatum",1241819040,1485068256,243249216,117116005.3490
"Bourne ultimatum",1241819040,1242945720,1126680,117116005.3490
"Bourne ultimatum",1241820480,1485068256,243247776,117116005.3490
"Bourne ultimatum",1241822520,1485068256,243245736,117116005.3490
"Bourne ultimatum",1241830440,1485068256,243237816,117116005.3490
"Bourne ultimatum",1241830440,1243106280,1275840,117116005.3490
"Bourne ultimatum",1241897040,1485068256,243171216,117116005.3490
"Bourne ultimatum",1241897040,1243102020,1204980,117116005.3490
"Bourne ultimatum",1241897940,1485068256,243170316,117116005.3490
"Bourne ultimatum",1241897940,1242844800,946860,117116005.3490
"Bourne ultimatum",1241898660,1485068256,243169596,117116005.3490
"Bourne ultimatum",1241900820,1485068256,243167436,117116005.3490
"Bourne ultimatum",1241900940,1485068256,243167316,117116005.3490
"Bourne ultimatum",1241900940,1242434460,533520,117116005.3490
"Bourne ultimatum",1241903040,1485068256,243165216,117116005.3490
"Bourne ultimatum",1241903040,1243120380,1217340,117116005.3490
"Bourne ultimatum",1241906220,1485068256,243162036,117116005.3490
"Bourne ultimatum",1241906220,1241990160,83940,117116005.3490
"Bourne ultimatum",1241911080,1485068256,243157176,117116005.3490
"Bourne ultimatum",1241911080,1244323260,2412180,117116005.3490
"Bourne ultimatum",1241911740,1485068256,243156516,117116005.3490
"Bourne ultimatum",1241911740,1243123260,1211520,117116005.3490
"Bourne ultimatum",1241915520,1485068256,243152736,117116005.3490
"Bourne ultimatum",1241915520,1485068256,243152736,117116005.3490
"Bourne ultimatum",1241915880,1485068256,243152376,117116005.3490
"Bourne ultimatum",1241915880,1242521280,605400,117116005.3490
"Bourne ultimatum",1241916360,1485068256,243151896,117116005.3490
"Bourne ultimatum",1241916360,1242090600,174240,117116005.3490
"Bourne ultimatum",1241916720,1485068256,243151536,117116005.3490
"Bourne ultimatum",1241916720,1242160560,243840,117116005.3490
"Bourne ultimatum",1241982420,1485068256,243085836,117116005.3490
"Bourne ultimatum",1241982420,1242505620,523200,117116005.3490
"Bourne ultimatum",1241993040,1485068256,243075216,117116005.3490
"Bourne ultimatum",1241993040,1242345000,351960,117116005.3490
"Bourne ultimatum",1242062520,1485068256,243005736,117116005.3490
"Bourne ultimatum",1242062520,1242159780,97260,117116005.3490
"Bourne ultimatum",1242078480,1485068256,242989776,117116005.3490
"Bourne ultimatum",1242078480,1243037220,958740,117116005.3490
"Bourne ultimatum",1242087960,1485068256,242980296,117116005.3490
"Bourne ultimatum",1242087960,1244233200,2145240,117116005.3490
"Bourne ultimatum",1242088800,1485068256,242979456,117116005.3490
"Bourne ultimatum",1242088800,1245951420,3862620,117116005.3490
"Bourne ultimatum",1242089100,1485068256,242979156,117116005.3490
"Bourne ultimatum",1242089100,1243993680,1904580,117116005.3490
"Bourne ultimatum",1242093840,1485068256,242974416,117116005.3490
"Bourne ultimatum",1242093840,1243474860,1381020,117116005.3490
"Bourne ultimatum",1242095700,1485068256,242972556,117116005.3490
"Bourne ultimatum",1242095700,1243388220,1292520,117116005.3490
"Bourne ultimatum",1242096060,1485068256,242972196,117116005.3490
"Bourne ultimatum",1242096060,1242511140,415080,117116005.3490
"Bourne ultimatum",1242159360,1485068256,242908896,117116005.3490
"Bourne ultimatum",1242159360,1242510600,351240,117116005.3490
"Bourne ultimatum",1242164400,1485068256,242903856,117116005.3490
"Bourne ultimatum",1242164760,1485068256,242903496,117116005.3490
"Bourne ultimatum",1242166800,1485068256,242901456,117116005.3490
"Bourne ultimatum",1242167520,1485068256,242900736,117116005.3490
"Bourne ultimatum",1242167520,1247122800,4955280,117116005.3490
"Bourne ultimatum",1242169920,1485068256,242898336,117116005.3490
"Bourne ultimatum",1242169920,1242763920,594000,117116005.3490
"Bourne ultimatum",1242173400,1485068256,242894856,117116005.3490
"Bourne ultimatum",1242173400,1243035240,861840,117116005.3490
"Bourne ultimatum",1242174120,1485068256,242894136,117116005.3490
"Bourne ultimatum",1242177000,1485068256,242891256,117116005.3490
"Bourne ultimatum",1242178980,1485068256,242889276,117116005.3490
"Bourne ultimatum",1242238140,1485068256,242830116,117116005.3490
"Bourne ultimatum",1242238140,1243448580,1210440,117116005.3490
"Bourne ultimatum",1242245580,1485068256,242822676,117116005.3490
"Bourne ultimatum",1242245580,1242695220,449640,117116005.3490
"Bourne ultimatum",1242250620,1485068256,242817636,117116005.3490
"Bourne ultimatum",1242250620,1243463640,1213020,117116005.3490
"Bourne ultimatum",1242262200,1485068256,242806056,117116005.3490
"Bourne ultimatum",1242262200,1243556880,1294680,117116005.3490
"Bourne ultimatum",1242264540,1485068256,242803716,117116005.3490
"Bourne ultimatum",1242264540,1242859860,595320,117116005.3490
"Bourne ultimatum",1242321540,1485068256,242746716,117116005.3490
"Bourne ultimatum",1242321540,1243192380,870840,117116005.3490
"Bourne ultimatum",1242330780,1485068256,242737476,117116005.3490
"Bourne ultimatum",1242330780,1243024080,693300,117116005.3490
"Bourne ultimatum",1242335880,1485068256,242732376,117116005.3490
"Bourne ultimatum",1242335880,1242786840,450960,117116005.3490
"Bourne ultimatum",1242349560,1485068256,242718696,117116005.3490
"Bourne ultimatum",1242351360,1485068256,242716896,117116005.3490
"Bourne ultimatum",1242352200,1485068256,242716056,117116005.3490
"Bourne ultimatum",1242355020,1485068256,242713236,117116005.3490
"Bourne ultimatum",1242415560,1485068256,242652696,117116005.3490
"Bourne ultimatum",1242415560,1242942780,527220,117116005.3490
"Bourne ultimatum",1242419820,1485068256,242648436,117116005.3490
"Bourne ultimatum",1242419820,1242682860,263040,117116005.3490
"Bourne ultimatum",1242421620,1485068256,242646636,117116005.3490
"Bourne ultimatum",1242426540,1485068256,242641716,117116005.3490
"Bourne ultimatum",1242426540,1242864780,438240,117116005.3490
"Bourne ultimatum",1242431820,1485068256,242636436,117116005.3490
"Bourne ultimatum",1242431820,1243644720,1212900,117116005.3490
"Bourne ultimatum",1242432960,1485068256,242635296,117116005.3490
"Bourne ultimatum",1242496200,1485068256,242572056,117116005.3490
"Bourne ultimatum",1242496200,1243910100,1413900,117116005.3490
"Bourne ultimatum",1242497700,1485068256,242570556,117116005.3490
"Bourne ultimatum",1242499800,1485068256,242568456,117116005.3490
"Bourne ultimatum",1242499800,1242682020,182220,117116005.3490
"Bourne ultimatum",1242505140,1485068256,242563116,117116005.3490
"Bourne ultimatum",1242508200,1485068256,242560056,117116005.3490
"Bourne ultimatum",1242508200,1243549020,1040820,117116005.3490
"Bourne ultimatum",1242511380,1485068256,242556876,117116005.3490
"Bourne ultimatum",1242511380,1243381620,870240,117116005.3490
"Bourne ultimatum",1242513180,1485068256,242555076,117116005.3490
"Bourne ultimatum",1242513180,1243013700,500520,117116005.3490
"Bourne ultimatum",1242518820,1485068256,242549436,117116005.3490
"Bourne ultimatum",1242518820,1244334300,1815480,117116005.3490
"Bourne ultimatum",1242520200,1485068256,242548056,117116005.3490
"Bourne ultimatum",1242520200,1242765900,245700,117116005.3490
"Bourne ultimatum",1242587760,1485068256,242480496,117116005.3490
"Bourne ultimatum",1242587760,1243115400,527640,117116005.3490
"Bourne ultimatum",1242601560,1485068256,242466696,117116005.3490
"Bourne ultimatum",1242601560,1243542660,941100,117116005.3490
"Bourne ultimatum",1242603480,1485068256,242464776,117116005.3490
"Bourne ultimatum",1242604140,1485068256,242464116,117116005.3490
"Bourne ultimatum",1242604140,1243452000,847860,117116005.3490
"Bourne ultimatum",1242606720,1485068256,242461536,117116005.3490
"Bourne ultimatum",1242679320,1485068256,242388936,117116005.3490
"Bourne ultimatum",1242679320,1243391160,711840,117116005.3490
"Bourne ultimatum",1242679320,1243714560,1035240,117116005.3490
"Bourne ultimatum",1242681780,1485068256,242386476,117116005.3490
"Bourne ultimatum",1242681780,1243203060,521280,117116005.3490
"Bourne ultimatum",1242683460,1485068256,242384796,117116005.3490
"Bourne ultimatum",1242683460,1243995120,1311660,117116005.3490
"Bourne ultimatum",1242689340,1485068256,242378916,117116005.3490
"Bourne ultimatum",1242689340,1242770160,80820,117116005.3490
"Bourne ultimatum",1242692820,1485068256,242375436,117116005.3490
"Bourne ultimatum",1242692820,1246658100,3965280,117116005.3490
"Bourne ultimatum",1242694800,1485068256,242373456,117116005.3490
"Bourne ultimatum",1242699060,1485068256,242369196,117116005.3490
"Bourne ultimatum",1242701280,1485068256,242366976,117116005.3490
"Bourne ultimatum",1242701280,1242859860,158580,117116005.3490
"Bourne ultimatum",1242768480,1485068256,242299776,117116005.3490
"Bourne ultimatum",1242768480,1243908060,1139580,117116005.3490
"Bourne ultimatum",1242770100,1485068256,242298156,117116005.3490
"Bourne ultimatum",1242771120,1485068256,242297136,117116005.3490
"Bourne ultimatum",1242771120,1243975980,1204860,117116005.3490
"Bourne ultimatum",1242774000,1485068256,242294256,117116005.3490
"Bourne ultimatum",1242774000,1243812480,1038480,117116005.3490
"Bourne ultimatum",1242774840,1485068256,242293416,117116005.3490
"Bourne ultimatum",1242774840,1243107240,332400,117116005.3490
"Bourne ultimatum",1242777480,1485068256,242290776,117116005.3490
"Bourne ultimatum",1242777480,1243720260,942780,117116005.3490
"Bourne ultimatum",1242779340,1485068256,242288916,117116005.3490
"Bourne ultimatum",1242779340,1242855960,76620,117116005.3490
"Bourne ultimatum",1242780720,1485068256,242287536,117116005.3490
"Bourne ultimatum",1242780720,1243469580,688860,117116005.3490
"Bourne ultimatum",1242780840,1485068256,242287416,117116005.3490
"Bourne ultimatum",1242780840,1243906080,1125240,117116005.3490
"Bourne ultimatum",1242846120,1485068256,242222136,117116005.3490
"Bourne ultimatum",1242847680,1485068256,242220576,117116005.3490
"Bourne ultimatum",1242847680,1243632540,784860,117116005.3490
"Bourne ultimatum",1242854700,1485068256,242213556,117116005.3490
"Bourne ultimatum",1242855960,1485068256,242212296,117116005.3490
"Bourne ultimatum",1242855960,1245274740,2418780,117116005.3490
"Bourne ultimatum",1242857040,1485068256,242211216,117116005.3490
"Bourne ultimatum",1242857040,1244412720,1555680,117116005.3490
"Bourne ultimatum",1242859320,1485068256,242208936,117116005.3490
"Bourne ultimatum",1242860220,1485068256,242208036,117116005.3490
"Bourne ultimatum",1242860220,1243466040,605820,117116005.3490
"Bourne ultimatum",1242866580,1485068256,242201676,117116005.3490
"Bourne ultimatum",1242866580,1243982580,1116000,117116005.3490
"Bourne ultimatum",1242870900,1485068256,242197356,117116005.3490
"Bourne ultimatum",1242870900,1247195340,4324440,117116005.3490
"Bourne ultimatum",1242870900,1247248200,4377300,117116005.3490
"Bourne ultimatum",1242927540,1485068256,242140716,117116005.3490
"Bourne ultimatum",1242927540,1243532700,605160,117116005.3490
"Bourne ultimatum",1242931140,1485068256,242137116,117116005.3490
"Bourne ultimatum",1242931140,1244052960,1121820,117116005.3490
"Bourne ultimatum",1242943800,1485068256,242124456,117116005.3490
"Bourne ultimatum",1242943800,1243460940,517140,117116005.3490
"Bourne ultimatum",1242950040,1485068256,242118216,117116005.3490
"Bourne ultimatum",1242950040,1243373040,423000,117116005.3490
"Bourne ultimatum",1242950160,1485068256,242118096,117116005.3490
"Bourne ultimatum",1242950160,1243386180,436020,117116005.3490
"Bourne ultimatum",1242951420,1485068256,242116836,117116005.3490
"Bourne ultimatum",1242951420,1243632480,681060,117116005.3490
"Bourne ultimatum",1243021380,1485068256,242046876,117116005.3490
"Bourne ultimatum",1243021380,1243807680,786300,117116005.3490
"Bourne ultimatum",1243031220,1485068256,242037036,117116005.3490
"Bourne ultimatum",1243031220,1244065080,1033860,117116005.3490
"Bourne ultimatum",1243034100,1485068256,242034156,117116005.3490
"Bourne ultimatum",1243034100,1245276780,2242680,117116005.3490
"Bourne ultimatum",1243034100,1247013300,3979200,117116005.3490
"Bourne ultimatum",1243034100,1251577380,8543280,117116005.3490
"Bourne ultimatum",1243034100,1252519080,9484980,117116005.3490
"Bourne ultimatum",1243034160,1485068256,242034096,117116005.3490
"Bourne ultimatum",1243034160,1243119480,85320,117116005.3490
"Bourne ultimatum",1243034220,1485068256,242034036,117116005.3490
"Bourne ultimatum",1243034220,1243638000,603780,117116005.3490
"Bourne ultimatum",1243040160,1485068256,242028096,117116005.3490
"Bourne ultimatum",1243040160,1246588680,3548520,117116005.3490
"Bourne ultimatum",1243102380,1485068256,241965876,117116005.3490
"Bourne ultimatum",1243102380,1244334540,1232160,117116005.3490
"Bourne ultimatum",1243102500,1485068256,241965756,117116005.3490
"Bourne ultimatum",1243102500,1243196820,94320,117116005.3490
"Bourne ultimatum",1243108200,1485068256,241960056,117116005.3490
"Bourne ultimatum",1243108200,1243971180,862980,117116005.3490
"Bourne ultimatum",1243108800,1485068256,241959456,117116005.3490
"Bourne ultimatum",1243108800,1244937120,1828320,117116005.3490
"Bourne ultimatum",1243108800,1245265200,2156400,117116005.3490
"Bourne ultimatum",1243110300,1485068256,241957956,117116005.3490
"Bourne ultimatum",1243111740,1485068256,241956516,117116005.3490
"Bourne ultimatum",1243111740,1243625160,513420,117116005.3490
"Bourne ultimatum",1243112400,1485068256,241955856,117116005.3490
"Bourne ultimatum",1243112400,1244235300,1122900,117116005.3490
"Bourne ultimatum",1243115820,1485068256,241952436,117116005.3490
"Bourne ultimatum",1243115820,1243378800,262980,117116005.3490
"Bourne ultimatum",1243118220,1485068256,241950036,117116005.3490
"Bourne ultimatum",1243118220,1243380000,261780,117116005.3490
"Bourne ultimatum",1243122060,1485068256,241946196,117116005.3490
"Bourne ultimatum",1243122060,1243461000,338940,117116005.3490
"Bourne ultimatum",1243123320,1485068256,241944936,117116005.3490
"Bourne ultimatum",1243123320,1244063940,940620,117116005.3490
"Bourne ultimatum",1243126500,1485068256,241941756,117116005.3490
"Bourne ultimatum",1243126500,1485068256,241941756,117116005.3490
"Bourne ultimatum",1243126500,1243564440,437940,117116005.3490
"Bourne ultimatum",1243196400,1485068256,241871856,117116005.3490
"Bourne ultimatum",1243198200,1485068256,241870056,117116005.3490
"Bourne ultimatum",1243198200,1243558620,360420,117116005.3490
"Bourne ultimatum",1243209000,1485068256,241859256,117116005.3490
"Bourne ultimatum",1243209000,1243893720,684720,117116005.3490
"Bourne ultimatum",1243370040,1485068256,241698216,117116005.3490
"Bourne ultimatum",1243373880,1485068256,241694376,117116005.3490
"Bourne ultimatum",1243373880,1244247900,874020,117116005.3490
"Bourne ultimatum",1243374060,1485068256,241694196,117116005.3490
"Bourne ultimatum",1243374060,1244061600,687540,117116005.3490
"Bourne ultimatum",1243374480,1485068256,241693776,117116005.3490
"Bourne ultimatum",1243375320,1485068256,241692936,117116005.3490
"Bourne ultimatum",1243375320,1243461000,85680,117116005.3490
"Bourne ultimatum",1243381500,1485068256,241686756,117116005.3490
"Bourne ultimatum",1243381500,1243716780,335280,117116005.3490
"Bourne ultimatum",1243385700,1485068256,241682556,117116005.3490
"Bourne ultimatum",1243385700,1244955780,1570080,117116005.3490
"Bourne ultimatum",1243385700,1245098880,1713180,117116005.3490
"Bourne ultimatum",1243385880,1485068256,241682376,117116005.3490
"Bourne ultimatum",1243390740,1485068256,241677516,117116005.3490
"Bourne ultimatum",1243390740,1244076480,685740,117116005.3490
"Bourne ultimatum",1243390740,1244667660,1276920,117116005.3490
"Bourne ultimatum",1243390740,1244741940,1351200,117116005.3490
"Bourne ultimatum",1243392060,1485068256,241676196,117116005.3490
"Bourne ultimatum",1243392060,1244501220,1109160,117116005.3490
"Bourne ultimatum",1243448220,1485068256,241620036,117116005.3490
"Bourne ultimatum",1243448220,1244654820,1206600,117116005.3490
"Bourne ultimatum",1243448520,1485068256,241619736,117116005.3490
"Bourne ultimatum",1243448940,1485068256,241619316,117116005.3490
"Bourne ultimatum",1243448940,1243630140,181200,117116005.3490
"Bourne ultimatum",1243457280,1485068256,241610976,117116005.3490
"Bourne ultimatum",1243461300,1485068256,241606956,117116005.3490
"Bourne ultimatum",1243461300,1243545840,84540,117116005.3490
"Bourne ultimatum",1243464180,1485068256,241604076,117116005.3490
"Bourne ultimatum",1243467300,1485068256,241600956,117116005.3490
"Bourne ultimatum",1243467300,1243729080,261780,117116005.3490
"Bourne ultimatum",1243471200,1485068256,241597056,117116005.3490
"Bourne ultimatum",1243473420,1485068256,241594836,117116005.3490
"Bourne ultimatum",1243473420,1243982400,508980,117116005.3490
"Bourne ultimatum",1243474320,1485068256,241593936,117116005.3490
"Bourne ultimatum",1243474320,1244328300,853980,117116005.3490
"Bourne ultimatum",1243474440,1485068256,241593816,117116005.3490
"Bourne ultimatum",1243476300,1485068256,241591956,117116005.3490
"Bourne ultimatum",1243478760,1485068256,241589496,117116005.3490
"Bourne ultimatum",1243478760,1243903380,424620,117116005.3490
"Bourne ultimatum",1243530300,1485068256,241537956,117116005.3490
"Bourne ultimatum",1243531860,1485068256,241536396,117116005.3490
"Bourne ultimatum",1243531860,1244351640,819780,117116005.3490
"Bourne ultimatum",1243544460,1485068256,241523796,117116005.3490
"Bourne ultimatum",1243544460,1244331660,787200,117116005.3490
"Bourne ultimatum",1243546500,1485068256,241521756,117116005.3490
"Bourne ultimatum",1243547160,1485068256,241521096,117116005.3490
"Bourne ultimatum",1243548000,1485068256,241520256,117116005.3490
"Bourne ultimatum",1243548000,1246823400,3275400,117116005.3490
"Bourne ultimatum",1243554540,1485068256,241513716,117116005.3490
"Bourne ultimatum",1243554540,1244586300,1031760,117116005.3490
"Bourne ultimatum",1243556760,1485068256,241511496,117116005.3490
"Bourne ultimatum",1243556760,1243986420,429660,117116005.3490
"Bourne ultimatum",1243557240,1485068256,241511016,117116005.3490
"Bourne ultimatum",1243557240,1244080980,523740,117116005.3490
"Bourne ultimatum",1243557240,1244145000,587760,117116005.3490
"Bourne ultimatum",1243560360,1485068256,241507896,117116005.3490
"Bourne ultimatum",1243621680,1485068256,241446576,117116005.3490
"Bourne ultimatum",1243621680,1244763540,1141860,117116005.3490
"Bourne ultimatum",1243630680,1485068256,241437576,117116005.3490
"Bourne ultimatum",1243630680,1244515500,884820,117116005.3490
"Bourne ultimatum",1243632600,1485068256,241435656,117116005.3490
"Bourne ultimatum",1243632600,1244143500,510900,117116005.3490
"Bourne ultimatum",1243635780,1485068256,241432476,117116005.3490
"Bourne ultimatum",1243635780,1244665980,1030200,117116005.3490
"Bourne ultimatum",1243637160,1485068256,241431096,117116005.3490
"Bourne ultimatum",1243637160,1244679540,1042380,117116005.3490
"Bourne ultimatum",1243637820,1485068256,241430436,117116005.3490
"Bourne ultimatum",1243637820,1247075460,3437640,117116005.3490
"Bourne ultimatum",1243641660,1485068256,241426596,117116005.3490
"Bourne ultimatum",1243641660,1244595060,953400,117116005.3490
"Bourne ultimatum",1243643220,1485068256,241425036,117116005.3490
"Bourne ultimatum",1243727880,1485068256,241340376,117116005.3490
"Bourne ultimatum",1243727880,1245540180,1812300,117116005.3490
"Bourne ultimatum",1243731360,1485068256,241336896,117116005.3490
"Bourne ultimatum",1243803240,1485068256,241265016,117116005.3490
"Bourne ultimatum",1243805820,1485068256,241262436,117116005.3490
"Bourne ultimatum",1243805820,1244761560,955740,117116005.3490
"Bourne ultimatum",1243811580,1485068256,241256676,117116005.3490
"Bourne ultimatum",1243811580,1243994880,183300,117116005.3490
"Bourne ultimatum",1243811940,1485068256,241256316,117116005.3490
"Bourne ultimatum",1243811940,1245534060,1722120,117116005.3490
"Bourne ultimatum",1243890900,1485068256,241177356,117116005.3490
"Bourne ultimatum",1243890900,1244231940,341040,117116005.3490
"Bourne ultimatum",1243894740,1485068256,241173516,117116005.3490
"Bourne ultimatum",1243894740,1245088860,1194120,117116005.3490
"Bourne ultimatum",1243897740,1485068256,241170516,117116005.3490
"Bourne ultimatum",1243899240,1485068256,241169016,117116005.3490
"Bourne ultimatum",1243899240,1245195300,1296060,117116005.3490
"Bourne ultimatum",1243899780,1485068256,241168476,117116005.3490
"Bourne ultimatum",1243900500,1485068256,241167756,117116005.3490
"Bourne ultimatum",1243901100,1485068256,241167156,117116005.3490
"Bourne ultimatum",1243903680,1485068256,241164576,117116005.3490
"Bourne ultimatum",1243904460,1485068256,241163796,117116005.3490
"Bourne ultimatum",1243904460,1244679060,774600,117116005.3490
"Bourne ultimatum",1243909740,1485068256,241158516,117116005.3490
"Bourne ultimatum",1243909740,1249515300,5605560,117116005.3490
"Bourne ultimatum",1243911420,1485068256,241156836,117116005.3490
"Bourne ultimatum",1243911420,1244835960,924540,117116005.3490
"Bourne ultimatum",1243970220,1485068256,241098036,117116005.3490
"Bourne ultimatum",1243970220,1244746380,776160,117116005.3490
"Bourne ultimatum",1243977420,1485068256,241090836,117116005.3490
"Bourne ultimatum",1243977420,1245358680,1381260,117116005.3490
"Bourne ultimatum",1243978320,1485068256,241089936,117116005.3490
"Bourne ultimatum",1243978320,1244157540,179220,117116005.3490
"Bourne ultimatum",1243981740,1485068256,241086516,117116005.3490
"Bourne ultimatum",1243981740,1245176640,1194900,117116005.3490
"Bourne ultimatum",1243981980,1485068256,241086276,117116005.3490
"Bourne ultimatum",1243981980,1244677200,695220,117116005.3490
"Bourne ultimatum",1243983600,1485068256,241084656,117116005.3490
"Bourne ultimatum",1243983600,1244165700,182100,117116005.3490
"Bourne ultimatum",1243988340,1485068256,241079916,117116005.3490
"Bourne ultimatum",1243988340,1244401440,413100,117116005.3490
"Bourne ultimatum",1243990140,1485068256,241078116,117116005.3490
"Bourne ultimatum",1243990140,1245801840,1811700,117116005.3490
"Bourne ultimatum",1243990560,1485068256,241077696,117116005.3490
"Bourne ultimatum",1243990560,1245015600,1025040,117116005.3490
"Bourne ultimatum",1243992660,1485068256,241075596,117116005.3490
"Bourne ultimatum",1243992660,1246327920,2335260,117116005.3490
"Bourne ultimatum",1243994820,1485068256,241073436,117116005.3490
"Bourne ultimatum",1243995360,1485068256,241072896,117116005.3490
"Bourne ultimatum",1243995360,1244681280,685920,117116005.3490
"Bourne ultimatum",1243996740,1485068256,241071516,117116005.3490
"Bourne ultimatum",1243996740,1244412300,415560,117116005.3490
"Bourne ultimatum",1244063040,1485068256,241005216,117116005.3490
"Bourne ultimatum",1244065620,1485068256,241002636,117116005.3490
"Bourne ultimatum",1244065620,1245193560,1127940,117116005.3490
"Bourne ultimatum",1244069160,1485068256,240999096,117116005.3490
"Bourne ultimatum",1244070900,1485068256,240997356,117116005.3490
"Bourne ultimatum",1244070900,1244829900,759000,117116005.3490
"Bourne ultimatum",1244072460,1485068256,240995796,117116005.3490
"Bourne ultimatum",1244076780,1485068256,240991476,117116005.3490
"Bourne ultimatum",1244083620,1485068256,240984636,117116005.3490
"Bourne ultimatum",1244083620,1244510640,427020,117116005.3490
"Bourne ultimatum",1244139420,1485068256,240928836,117116005.3490
"Bourne ultimatum",1244139420,1244402700,263280,117116005.3490
"Bourne ultimatum",1244140980,1485068256,240927276,117116005.3490
"Bourne ultimatum",1244140980,1245355980,1215000,117116005.3490
"Bourne ultimatum",1244140980,1245363720,1222740,117116005.3490
"Bourne ultimatum",1244142540,1485068256,240925716,117116005.3490
"Bourne ultimatum",1244142540,1244417100,274560,117116005.3490
"Bourne ultimatum",1244143260,1485068256,240924996,117116005.3490
"Bourne ultimatum",1244143260,1245792180,1648920,117116005.3490
"Bourne ultimatum",1244148420,1485068256,240919836,117116005.3490
"Bourne ultimatum",1244148420,1244752740,604320,117116005.3490
"Bourne ultimatum",1244159820,1485068256,240908436,117116005.3490
"Bourne ultimatum",1244161440,1485068256,240906816,117116005.3490
"Bourne ultimatum",1244161440,1245716520,1555080,117116005.3490
"Bourne ultimatum",1244161500,1485068256,240906756,117116005.3490
"Bourne ultimatum",1244161500,1244405700,244200,117116005.3490
"Bourne ultimatum",1244163240,1485068256,240905016,117116005.3490
"Bourne ultimatum",1244163240,1247002920,2839680,117116005.3490
"Bourne ultimatum",1244164200,1485068256,240904056,117116005.3490
"Bourne ultimatum",1244164200,1245195000,1030800,117116005.3490
"Bourne ultimatum",1244167920,1485068256,240900336,117116005.3490
"Bourne ultimatum",1244167920,1245378000,1210080,117116005.3490
"Bourne ultimatum",1244168760,1485068256,240899496,117116005.3490
"Bourne ultimatum",1244169720,1485068256,240898536,117116005.3490
"Bourne ultimatum",1244169720,1245897180,1727460,117116005.3490
"Bourne ultimatum",1244226960,1485068256,240841296,117116005.3490
"Bourne ultimatum",1244226960,1244840280,613320,117116005.3490
"Bourne ultimatum",1244237940,1485068256,240830316,117116005.3490
"Bourne ultimatum",1244237940,1244593140,355200,117116005.3490
"Bourne ultimatum",1244244120,1485068256,240824136,117116005.3490
"Bourne ultimatum",1244249400,1485068256,240818856,117116005.3490
"Bourne ultimatum",1244249640,1485068256,240818616,117116005.3490
"Bourne ultimatum",1244249640,1485068256,240818616,117116005.3490
"Bourne ultimatum",1244249640,1244510460,260820,117116005.3490
"Bourne ultimatum",1244249640,1245544440,1294800,117116005.3490
"Bourne ultimatum",1244311740,1485068256,240756516,117116005.3490
"Bourne ultimatum",1244311740,1245693720,1381980,117116005.3490
"Bourne ultimatum",1244315820,1485068256,240752436,117116005.3490
"Bourne ultimatum",1244315820,1244916600,600780,117116005.3490
"Bourne ultimatum",1244321220,1485068256,240747036,117116005.3490
"Bourne ultimatum",1244321220,1485068256,240747036,117116005.3490
"Bourne ultimatum",1244321220,1245352980,1031760,117116005.3490
"Bourne ultimatum",1244321220,1245885180,1563960,117116005.3490
"Bourne ultimatum",1244328120,1485068256,240740136,117116005.3490
"Bourne ultimatum",1244328120,1245524280,1196160,117116005.3490
"Bourne ultimatum",1244328300,1485068256,240739956,117116005.3490
"Bourne ultimatum",1244328300,1245099960,771660,117116005.3490
"Bourne ultimatum",1244403840,1485068256,240664416,117116005.3490
"Bourne ultimatum",1244403840,1245781920,1378080,117116005.3490
"Bourne ultimatum",1244403840,1245869880,1466040,117116005.3490
"Bourne ultimatum",1244414880,1485068256,240653376,117116005.3490
"Bourne ultimatum",1244414880,1245015600,600720,117116005.3490
"Bourne ultimatum",1244415000,1485068256,240653256,117116005.3490
"Bourne ultimatum",1244415000,1244928120,513120,117116005.3490
"Bourne ultimatum",1244416560,1485068256,240651696,117116005.3490
"Bourne ultimatum",1244416560,1245174180,757620,117116005.3490
"Bourne ultimatum",1244418660,1485068256,240649596,117116005.3490
"Bourne ultimatum",1244418660,1245528600,1109940,117116005.3490
"Bourne ultimatum",1244497860,1485068256,240570396,117116005.3490
"Bourne ultimatum",1244497860,1245708540,1210680,117116005.3490
"Bourne ultimatum",1244498400,1485068256,240569856,117116005.3490
"Bourne ultimatum",1244498400,1244676060,177660,117116005.3490
"Bourne ultimatum",1244508960,1485068256,240559296,117116005.3490
"Bourne ultimatum",1244513880,1485068256,240554376,117116005.3490
"Bourne ultimatum",1244515020,1485068256,240553236,117116005.3490
"Bourne ultimatum",1244579100,1485068256,240489156,117116005.3490
"Bourne ultimatum",1244580660,1485068256,240487596,117116005.3490
"Bourne ultimatum",1244580660,1245702060,1121400,117116005.3490
"Bourne ultimatum",1244581620,1485068256,240486636,117116005.3490
"Bourne ultimatum",1244581620,1245100140,518520,117116005.3490
"Bourne ultimatum",1244593320,1485068256,240474936,117116005.3490
"Bourne ultimatum",1244596560,1485068256,240471696,117116005.3490
"Bourne ultimatum",1244596560,1245961740,1365180,117116005.3490
"Bourne ultimatum",1244597880,1485068256,240470376,117116005.3490
"Bourne ultimatum",1244600280,1485068256,240467976,117116005.3490
"Bourne ultimatum",1244601840,1485068256,240466416,117116005.3490
"Bourne ultimatum",1244601840,1245201360,599520,117116005.3490
"Bourne ultimatum",1244654100,1485068256,240414156,117116005.3490
"Bourne ultimatum",1244662620,1485068256,240405636,117116005.3490
"Bourne ultimatum",1244662620,1244920080,257460,117116005.3490
"Bourne ultimatum",1244665380,1485068256,240402876,117116005.3490
"Bourne ultimatum",1244665380,1244933520,268140,117116005.3490
"Bourne ultimatum",1244665380,1245099120,433740,117116005.3490
"Bourne ultimatum",1244666340,1485068256,240401916,117116005.3490
"Bourne ultimatum",1244666340,1245438660,772320,117116005.3490
"Bourne ultimatum",1244667840,1485068256,240400416,117116005.3490
"Bourne ultimatum",1244667840,1247353320,2685480,117116005.3490
"Bourne ultimatum",1244670000,1485068256,240398256,117116005.3490
"Bourne ultimatum",1244670000,1246130280,1460280,117116005.3490
"Bourne ultimatum",1244671980,1485068256,240396276,117116005.3490
"Bourne ultimatum",1244671980,1245875820,1203840,117116005.3490
"Bourne ultimatum",1244675880,1485068256,240392376,117116005.3490
"Bourne ultimatum",1244677740,1485068256,240390516,117116005.3490
"Bourne ultimatum",1244678100,1485068256,240390156,117116005.3490
"Bourne ultimatum",1244678100,1247693580,3015480,117116005.3490
"Bourne ultimatum",1244678580,1485068256,240389676,117116005.3490
"Bourne ultimatum",1244678580,1245536940,858360,117116005.3490
"Bourne ultimatum",1244679900,1485068256,240388356,117116005.3490
"Bourne ultimatum",1244679900,1245873540,1193640,117116005.3490
"Bourne ultimatum",1244681340,1485068256,240386916,117116005.3490
"Bourne ultimatum",1244683200,1485068256,240385056,117116005.3490
"Bourne ultimatum",1244686860,1485068256,240381396,117116005.3490
"Bourne ultimatum",1244686860,1245871620,1184760,117116005.3490
"Bourne ultimatum",1244747040,1485068256,240321216,117116005.3490
"Bourne ultimatum",1244747220,1485068256,240321036,117116005.3490
"Bourne ultimatum",1244747220,1255205940,10458720,117116005.3490
"Bourne ultimatum",1244749620,1485068256,240318636,117116005.3490
"Bourne ultimatum",1244749620,1245370680,621060,117116005.3490
"Bourne ultimatum",1244755140,1485068256,240313116,117116005.3490
"Bourne ultimatum",1244755140,1247175780,2420640,117116005.3490
"Bourne ultimatum",1244761620,1485068256,240306636,117116005.3490
"Bourne ultimatum",1244761620,1245694320,932700,117116005.3490
"Bourne ultimatum",1244821920,1485068256,240246336,117116005.3490
"Bourne ultimatum",1244821920,1245879660,1057740,117116005.3490
"Bourne ultimatum",1244838540,1485068256,240229716,117116005.3490
"Bourne ultimatum",1244838540,1245372240,533700,117116005.3490
"Bourne ultimatum",1244843280,1485068256,240224976,117116005.3490
"Bourne ultimatum",1244843280,1245885600,1042320,117116005.3490
"Bourne ultimatum",1244845560,1485068256,240222696,117116005.3490
"Bourne ultimatum",1244845560,1246044780,1199220,117116005.3490
"Bourne ultimatum",1244848620,1485068256,240219636,117116005.3490
"Bourne ultimatum",1244848620,1245288240,439620,117116005.3490
"Bourne ultimatum",1244852220,1485068256,240216036,117116005.3490
"Bourne ultimatum",1244852220,1245202800,350580,117116005.3490
"Bourne ultimatum",1244854260,1485068256,240213996,117116005.3490
"Bourne ultimatum",1244854920,1485068256,240213336,117116005.3490
"Bourne ultimatum",1244854920,1245528900,673980,117116005.3490
"Bourne ultimatum",1244921880,1485068256,240146376,117116005.3490
"Bourne ultimatum",1244921880,1245897120,975240,117116005.3490
"Bourne ultimatum",1244932380,1485068256,240135876,117116005.3490
"Bourne ultimatum",1244932380,1245187320,254940,117116005.3490
"Bourne ultimatum",1244937660,1485068256,240130596,117116005.3490
"Bourne ultimatum",1244937660,1245349620,411960,117116005.3490
"Bourne ultimatum",1244937660,1245435300,497640,117116005.3490
"Bourne ultimatum",1244938200,1485068256,240130056,117116005.3490
"Bourne ultimatum",1245008580,1485068256,240059676,117116005.3490
"Bourne ultimatum",1245013440,1245013380,60,117116005.3490
"Bourne ultimatum",1245021660,1485068256,240046596,117116005.3490
"Bourne ultimatum",1245021660,1245706860,685200,117116005.3490
"Bourne ultimatum",1245021900,1485068256,240046356,117116005.3490
"Bourne ultimatum",1245021900,1245529560,507660,117116005.3490
"Bourne ultimatum",1245100620,1485068256,239967636,117116005.3490
"Bourne ultimatum",1245100620,1245691020,590400,117116005.3490
"Bourne ultimatum",1245101100,1485068256,239967156,117116005.3490
"Bourne ultimatum",1245101100,1245624180,523080,117116005.3490
"Bourne ultimatum",1245107760,1485068256,239960496,117116005.3490
"Bourne ultimatum",1245107760,1246061640,953880,117116005.3490
"Bourne ultimatum",1245107820,1485068256,239960436,117116005.3490
"Bourne ultimatum",1245107820,1245532260,424440,117116005.3490
"Bourne ultimatum",1245116580,1485068256,239951676,117116005.3490
"Bourne ultimatum",1245116580,1246661100,1544520,117116005.3490
"Bourne ultimatum",1245176280,1485068256,239891976,117116005.3490
"Bourne ultimatum",1245176280,1245276540,100260,117116005.3490
"Bourne ultimatum",1245185160,1485068256,239883096,117116005.3490
"Bourne ultimatum",1245187320,1485068256,239880936,117116005.3490
"Bourne ultimatum",1245187320,1246412760,1225440,117116005.3490
"Bourne ultimatum",1245188340,1485068256,239879916,117116005.3490
"Bourne ultimatum",1245188340,1245891720,703380,117116005.3490
"Bourne ultimatum",1245190980,1485068256,239877276,117116005.3490
"Bourne ultimatum",1245190980,1246399080,1208100,117116005.3490
"Bourne ultimatum",1245192000,1485068256,239876256,117116005.3490
"Bourne ultimatum",1245193980,1485068256,239874276,117116005.3490
"Bourne ultimatum",1245193980,1251577140,6383160,117116005.3490
"Bourne ultimatum",1245193980,1252431660,7237680,117116005.3490
"Bourne ultimatum",1245193980,1485068256,239874276,117116005.3490
"Bourne ultimatum",1245193980,1245969240,775260,117116005.3490
"Bourne ultimatum",1245198600,1245198600,0,117116005.3490
"Bourne ultimatum",1245199200,1485068256,239869056,117116005.3490
"Bourne ultimatum",1245199200,1246050660,851460,117116005.3490
"Bourne ultimatum",1245201720,1485068256,239866536,117116005.3490
"Bourne ultimatum",1245202020,1485068256,239866236,117116005.3490
"Bourne ultimatum",1245202020,1245893580,691560,117116005.3490
"Bourne ultimatum",1245203100,1485068256,239865156,117116005.3490
"Bourne ultimatum",1245203100,1248723540,3520440,117116005.3490
"Bourne ultimatum",1245204240,1485068256,239864016,117116005.3490
"Bourne ultimatum",1245204240,1245804240,600000,117116005.3490
"Bourne ultimatum",1245204660,1485068256,239863596,117116005.3490
"Bourne ultimatum",1245259080,1485068256,239809176,117116005.3490
"Bourne ultimatum",1245271140,1485068256,239797116,117116005.3490
"Bourne ultimatum",1245274140,1485068256,239794116,117116005.3490
"Bourne ultimatum",1245274140,1245706080,431940,117116005.3490
"Bourne ultimatum",1245279900,1485068256,239788356,117116005.3490
"Bourne ultimatum",1245279900,1248476280,3196380,117116005.3490
"Bourne ultimatum",1245282240,1485068256,239786016,117116005.3490
"Bourne ultimatum",1245288660,1485068256,239779596,117116005.3490
"Bourne ultimatum",1245288660,1246413660,1125000,117116005.3490
"Bourne ultimatum",1245289620,1485068256,239778636,117116005.3490
"Bourne ultimatum",1245289620,1245981060,691440,117116005.3490
"Bourne ultimatum",1245289620,1246307400,1017780,117116005.3490
"Bourne ultimatum",1245289620,1246392000,1102380,117116005.3490
"Bourne ultimatum",1245293820,1485068256,239774436,117116005.3490
"Bourne ultimatum",1245293820,1248920220,3626400,117116005.3490
"Bourne ultimatum",1245354960,1485068256,239713296,117116005.3490
"Bourne ultimatum",1245354960,1245696240,341280,117116005.3490
"Bourne ultimatum",1245359280,1485068256,239708976,117116005.3490
"Bourne ultimatum",1245361080,1485068256,239707176,117116005.3490
"Bourne ultimatum",1245361080,1247008740,1647660,117116005.3490
"Bourne ultimatum",1245361080,1251569700,6208620,117116005.3490
"Bourne ultimatum",1245361080,1256000760,10639680,117116005.3490
"Bourne ultimatum",1245366780,1485068256,239701476,117116005.3490
"Bourne ultimatum",1245380100,1485068256,239688156,117116005.3490
"Bourne ultimatum",1245427140,1485068256,239641116,117116005.3490
"Bourne ultimatum",1245427140,1248805380,3378240,117116005.3490
"Bourne ultimatum",1245431040,1485068256,239637216,117116005.3490
"Bourne ultimatum",1245432000,1485068256,239636256,117116005.3490
"Bourne ultimatum",1245432720,1485068256,239635536,117116005.3490
"Bourne ultimatum",1245432720,1246302120,869400,117116005.3490
"Bourne ultimatum",1245438120,1485068256,239630136,117116005.3490
"Bourne ultimatum",1245438240,1485068256,239630016,117116005.3490
"Bourne ultimatum",1245442140,1485068256,239626116,117116005.3490
"Bourne ultimatum",1245442140,1485068256,239626116,117116005.3490
"Bourne ultimatum",1245442140,1245707580,265440,117116005.3490
"Bourne ultimatum",1245442140,1245867660,425520,117116005.3490
"Bourne ultimatum",1245442140,1246932180,1490040,117116005.3490
"Bourne ultimatum",1245459300,1485068256,239608956,117116005.3490
"Bourne ultimatum",1245459300,1246659540,1200240,117116005.3490
"Bourne ultimatum",1245530640,1485068256,239537616,117116005.3490
"Bourne ultimatum",1245530640,1245620460,89820,117116005.3490
"Bourne ultimatum",1245531180,1485068256,239537076,117116005.3490
"Bourne ultimatum",1245531180,1246143360,612180,117116005.3490
"Bourne ultimatum",1245533220,1485068256,239535036,117116005.3490
"Bourne ultimatum",1245533220,1245897660,364440,117116005.3490
"Bourne ultimatum",1245535800,1485068256,239532456,117116005.3490
"Bourne ultimatum",1245535800,1245722040,186240,117116005.3490
"Bourne ultimatum",1245537000,1485068256,239531256,117116005.3490
"Bourne ultimatum",1245537000,1246142460,605460,117116005.3490
"Bourne ultimatum",1245537000,1246290780,753780,117116005.3490
"Bourne ultimatum",1245538860,1485068256,239529396,117116005.3490
"Bourne ultimatum",1245543480,1485068256,239524776,117116005.3490
"Bourne ultimatum",1245543480,1247014020,1470540,117116005.3490
"Bourne ultimatum",1245545520,1245545460,60,117116005.3490
"Bourne ultimatum",1245546000,1485068256,239522256,117116005.3490
"Bourne ultimatum",1245613380,1485068256,239454876,117116005.3490
"Bourne ultimatum",1245615540,1485068256,239452716,117116005.3490
"Bourne ultimatum",1245615540,1246222320,606780,117116005.3490
"Bourne ultimatum",1245620160,1485068256,239448096,117116005.3490
"Bourne ultimatum",1245620160,1246058940,438780,117116005.3490
"Bourne ultimatum",1245621120,1485068256,239447136,117116005.3490
"Bourne ultimatum",1245621120,1246136160,515040,117116005.3490
"Bourne ultimatum",1245625200,1485068256,239443056,117116005.3490
"Bourne ultimatum",1245625200,1485068256,239443056,117116005.3490
"Bourne ultimatum",1245625200,1246406820,781620,117116005.3490
"Bourne ultimatum",1245625200,1246495260,870060,117116005.3490
"Bourne ultimatum",1245694080,1485068256,239374176,117116005.3490
"Bourne ultimatum",1245694080,1245783960,89880,117116005.3490
"Bourne ultimatum",1245700800,1485068256,239367456,117116005.3490
"Bourne ultimatum",1245700800,1246309680,608880,117116005.3490
"Bourne ultimatum",1245705180,1485068256,239363076,117116005.3490
"Bourne ultimatum",1245705180,1246305240,600060,117116005.3490
"Bourne ultimatum",1245711600,1485068256,239356656,117116005.3490
"Bourne ultimatum",1245711600,1246400220,688620,117116005.3490
"Bourne ultimatum",1245713880,1485068256,239354376,117116005.3490
"Bourne ultimatum",1245713880,1246555080,841200,117116005.3490
"Bourne ultimatum",1245716100,1485068256,239352156,117116005.3490
"Bourne ultimatum",1245716100,1247600760,1884660,117116005.3490
"Bourne ultimatum",1245717660,1485068256,239350596,117116005.3490
"Bourne ultimatum",1245717660,1245886500,168840,117116005.3490
"Bourne ultimatum",1245724500,1485068256,239343756,117116005.3490
"Bourne ultimatum",1245724500,1249347360,3622860,117116005.3490
"Bourne ultimatum",1245793140,1485068256,239275116,117116005.3490
"Bourne ultimatum",1245793140,1246487040,693900,117116005.3490
"Bourne ultimatum",1245794160,1485068256,239274096,117116005.3490
"Bourne ultimatum",1245794160,1247004780,1210620,117116005.3490
"Bourne ultimatum",1245804240,1245804180,60,117116005.3490
"Bourne ultimatum",1245808260,1485068256,239259996,117116005.3490
"Bourne ultimatum",1245808260,1246411140,602880,117116005.3490
"Bourne ultimatum",1245810420,1485068256,239257836,117116005.3490
"Bourne ultimatum",1245810420,1245975840,165420,117116005.3490
"Bourne ultimatum",1245810960,1485068256,239257296,117116005.3490
"Bourne ultimatum",1245810960,1246486980,676020,117116005.3490
"Bourne ultimatum",1245812340,1485068256,239255916,117116005.3490
"Bourne ultimatum",1245868080,1485068256,239200176,117116005.3490
"Bourne ultimatum",1245868080,1246223700,355620,117116005.3490
"Bourne ultimatum",1245872340,1485068256,239195916,117116005.3490
"Bourne ultimatum",1245872340,1246323420,451080,117116005.3490
"Bourne ultimatum",1245873120,1485068256,239195136,117116005.3490
"Bourne ultimatum",1245873120,1246563120,690000,117116005.3490
"Bourne ultimatum",1245877020,1485068256,239191236,117116005.3490
"Bourne ultimatum",1245877020,1247178540,1301520,117116005.3490
"Bourne ultimatum",1245879660,1485068256,239188596,117116005.3490
"Bourne ultimatum",1245879660,1248298500,2418840,117116005.3490
"Bourne ultimatum",1245879840,1485068256,239188416,117116005.3490
"Bourne ultimatum",1245879840,1246575900,696060,117116005.3490
"Bourne ultimatum",1245883560,1485068256,239184696,117116005.3490
"Bourne ultimatum",1245897120,1485068256,239171136,117116005.3490
"Bourne ultimatum",1245951540,1485068256,239116716,117116005.3490
"Bourne ultimatum",1245951540,1247611500,1659960,117116005.3490
"Bourne ultimatum",1245967560,1485068256,239100696,117116005.3490
"Bourne ultimatum",1245968280,1485068256,239099976,117116005.3490
"Bourne ultimatum",1245968280,1246998420,1030140,117116005.3490
"Bourne ultimatum",1245974100,1485068256,239094156,117116005.3490
"Bourne ultimatum",1245974100,1247526240,1552140,117116005.3490
"Bourne ultimatum",1245975180,1485068256,239093076,117116005.3490
"Bourne ultimatum",1245975180,1246056600,81420,117116005.3490
"Bourne ultimatum",1245975900,1485068256,239092356,117116005.3490
"Bourne ultimatum",1245975900,1246058700,82800,117116005.3490
"Bourne ultimatum",1245976380,1485068256,239091876,117116005.3490
"Bourne ultimatum",1245981240,1485068256,239087016,117116005.3490
"Bourne ultimatum",1245981240,1246329660,348420,117116005.3490
"Bourne ultimatum",1245981540,1485068256,239086716,117116005.3490
"Bourne ultimatum",1245981540,1246646460,664920,117116005.3490
"Bourne ultimatum",1245983640,1485068256,239084616,117116005.3490
"Bourne ultimatum",1245983640,1247345460,1361820,117116005.3490
"Bourne ultimatum",1245984240,1485068256,239084016,117116005.3490
"Bourne ultimatum",1245984240,1246584600,600360,117116005.3490
"Bourne ultimatum",1246036800,1485068256,239031456,117116005.3490
"Bourne ultimatum",1246036800,1246489380,452580,117116005.3490
"Bourne ultimatum",1246040160,1485068256,239028096,117116005.3490
"Bourne ultimatum",1246040760,1485068256,239027496,117116005.3490
"Bourne ultimatum",1246045980,1485068256,239022276,117116005.3490
"Bourne ultimatum",1246045980,1247360100,1314120,117116005.3490
"Bourne ultimatum",1246049640,1485068256,239018616,117116005.3490
"Bourne ultimatum",1246049640,1247172720,1123080,117116005.3490
"Bourne ultimatum",1246052580,1485068256,239015676,117116005.3490
"Bourne ultimatum",1246057860,1485068256,239010396,117116005.3490
"Bourne ultimatum",1246062060,1485068256,239006196,117116005.3490
"Bourne ultimatum",1246062060,1246215600,153540,117116005.3490
"Bourne ultimatum",1246063200,1485068256,239005056,117116005.3490
"Bourne ultimatum",1246063200,1247107620,1044420,117116005.3490
"Bourne ultimatum",1246063200,1247365380,1302180,117116005.3490
"Bourne ultimatum",1246063200,1247522100,1458900,117116005.3490
"Bourne ultimatum",1246063380,1485068256,239004876,117116005.3490
"Bourne ultimatum",1246063380,1246572600,509220,117116005.3490
"Bourne ultimatum",1246125720,1485068256,238942536,117116005.3490
"Bourne ultimatum",1246125720,1246911840,786120,117116005.3490
"Bourne ultimatum",1246125960,1485068256,238942296,117116005.3490
"Bourne ultimatum",1246125960,1246585200,459240,117116005.3490
"Bourne ultimatum",1246141680,1485068256,238926576,117116005.3490
"Bourne ultimatum",1246141680,1246477980,336300,117116005.3490
"Bourne ultimatum",1246142760,1485068256,238925496,117116005.3490
"Bourne ultimatum",1246226460,1485068256,238841796,117116005.3490
"Bourne ultimatum",1246226460,1246904940,678480,117116005.3490
"Bourne ultimatum",1246227120,1485068256,238841136,117116005.3490
"Bourne ultimatum",1246227120,1246315620,88500,117116005.3490
"Bourne ultimatum",1246231320,1485068256,238836936,117116005.3490
"Bourne ultimatum",1246231320,1246834380,603060,117116005.3490
"Bourne ultimatum",1246232700,1485068256,238835556,117116005.3490
"Bourne ultimatum",1246308840,1485068256,238759416,117116005.3490
"Bourne ultimatum",1246308840,1247170800,861960,117116005.3490
"Bourne ultimatum",1246315140,1485068256,238753116,117116005.3490
"Bourne ultimatum",1246315140,1246659300,344160,117116005.3490
"Bourne ultimatum",1246315380,1485068256,238752876,117116005.3490
"Bourne ultimatum",1246315380,1247273400,958020,117116005.3490
"Bourne ultimatum",1246318620,1485068256,238749636,117116005.3490
"Bourne ultimatum",1246318620,1246922100,603480,117116005.3490
"Bourne ultimatum",1246319280,1485068256,238748976,117116005.3490
"Bourne ultimatum",1246319280,1246564560,245280,117116005.3490
"Bourne ultimatum",1246320720,1485068256,238747536,117116005.3490
"Bourne ultimatum",1246320720,1246401660,80940,117116005.3490
"Bourne ultimatum",1246321560,1485068256,238746696,117116005.3490
"Bourne ultimatum",1246322340,1485068256,238745916,117116005.3490
"Bourne ultimatum",1246323720,1485068256,238744536,117116005.3490
"Bourne ultimatum",1246323720,1246582560,258840,117116005.3490
"Bourne ultimatum",1246324080,1485068256,238744176,117116005.3490
"Bourne ultimatum",1246325820,1485068256,238742436,117116005.3490
"Bourne ultimatum",1246325820,1247526360,1200540,117116005.3490
"Bourne ultimatum",1246327860,1485068256,238740396,117116005.3490
"Bourne ultimatum",1246327860,1246396080,68220,117116005.3490
"Bourne ultimatum",1246330380,1485068256,238737876,117116005.3490
"Bourne ultimatum",1246393080,1485068256,238675176,117116005.3490
"Bourne ultimatum",1246393080,1247441940,1048860,117116005.3490
"Bourne ultimatum",1246393740,1485068256,238674516,117116005.3490
"Bourne ultimatum",1246393740,1247619900,1226160,117116005.3490
"Bourne ultimatum",1246397580,1485068256,238670676,117116005.3490
"Bourne ultimatum",1246402740,1485068256,238665516,117116005.3490
"Bourne ultimatum",1246404240,1485068256,238664016,117116005.3490
"Bourne ultimatum",1246410360,1485068256,238657896,117116005.3490
"Bourne ultimatum",1246410360,1247432700,1022340,117116005.3490
"Bourne ultimatum",1246412640,1485068256,238655616,117116005.3490
"Bourne ultimatum",1246412640,1247700240,1287600,117116005.3490
"Bourne ultimatum",1246413180,1485068256,238655076,117116005.3490
"Bourne ultimatum",1246413180,1246663560,250380,117116005.3490
"Bourne ultimatum",1246413600,1485068256,238654656,117116005.3490
"Bourne ultimatum",1246413600,1246559220,145620,117116005.3490
"Bourne ultimatum",1246415220,1485068256,238653036,117116005.3490
"Bourne ultimatum",1246415220,1247623920,1208700,117116005.3490
"Bourne ultimatum",1246469400,1485068256,238598856,117116005.3490
"Bourne ultimatum",1246469400,1250270160,3800760,117116005.3490
"Bourne ultimatum",1246473000,1485068256,238595256,117116005.3490
"Bourne ultimatum",1246473000,1247683560,1210560,117116005.3490
"Bourne ultimatum",1246474740,1485068256,238593516,117116005.3490
"Bourne ultimatum",1246480440,1485068256,238587816,117116005.3490
"Bourne ultimatum",1246480440,1247077380,596940,117116005.3490
"Bourne ultimatum",1246483500,1485068256,238584756,117116005.3490
"Bourne ultimatum",1246483500,1246994760,511260,117116005.3490
"Bourne ultimatum",1246490940,1485068256,238577316,117116005.3490
"Bourne ultimatum",1246490940,1247622840,1131900,117116005.3490
"Bourne ultimatum",1246491600,1485068256,238576656,117116005.3490
"Bourne ultimatum",1246491600,1246926840,435240,117116005.3490
"Bourne ultimatum",1246498320,1485068256,238569936,117116005.3490
"Bourne ultimatum",1246498320,1247788080,1289760,117116005.3490
"Bourne ultimatum",1246499400,1485068256,238568856,117116005.3490
"Bourne ultimatum",1246499400,1247534580,1035180,117116005.3490
"Bourne ultimatum",1246503480,1485068256,238564776,117116005.3490
"Bourne ultimatum",1246560360,1485068256,238507896,117116005.3490
"Bourne ultimatum",1246560360,1247711460,1151100,117116005.3490
"Bourne ultimatum",1246561920,1485068256,238506336,117116005.3490
"Bourne ultimatum",1246564260,1485068256,238503996,117116005.3490
"Bourne ultimatum",1246564260,1247766180,1201920,117116005.3490
"Bourne ultimatum",1246571880,1485068256,238496376,117116005.3490
"Bourne ultimatum",1246571880,1246659600,87720,117116005.3490
"Bourne ultimatum",1246573860,1485068256,238494396,117116005.3490
"Bourne ultimatum",1246573860,1247098140,524280,117116005.3490
"Bourne ultimatum",1246573860,1247379180,805320,117116005.3490
"Bourne ultimatum",1246573860,1247519160,945300,117116005.3490
"Bourne ultimatum",1246574100,1485068256,238494156,117116005.3490
"Bourne ultimatum",1246574100,1247799120,1225020,117116005.3490
"Bourne ultimatum",1246580460,1485068256,238487796,117116005.3490
"Bourne ultimatum",1246582860,1485068256,238485396,117116005.3490
"Bourne ultimatum",1246582860,1247705640,1122780,117116005.3490
"Bourne ultimatum",1246584420,1485068256,238483836,117116005.3490
"Bourne ultimatum",1246584420,1248482700,1898280,117116005.3490
"Bourne ultimatum",1246586040,1485068256,238482216,117116005.3490
"Bourne ultimatum",1246586040,1247353260,767220,117116005.3490
"Bourne ultimatum",1246586160,1485068256,238482096,117116005.3490
"Bourne ultimatum",1246586160,1247018280,432120,117116005.3490
"Bourne ultimatum",1246587600,1485068256,238480656,117116005.3490
"Bourne ultimatum",1246641780,1485068256,238426476,117116005.3490
"Bourne ultimatum",1246641780,1247351160,709380,117116005.3490
"Bourne ultimatum",1246646640,1485068256,238421616,117116005.3490
"Bourne ultimatum",1246646640,1247265840,619200,117116005.3490
"Bourne ultimatum",1246649940,1485068256,238418316,117116005.3490
"Bourne ultimatum",1246649940,1247174040,524100,117116005.3490
"Bourne ultimatum",1246651860,1485068256,238416396,117116005.3490
"Bourne ultimatum",1246651860,1247785680,1133820,117116005.3490
"Bourne ultimatum",1246664280,1485068256,238403976,117116005.3490
"Bourne ultimatum",1246664580,1485068256,238403676,117116005.3490
"Bourne ultimatum",1246664580,1247764020,1099440,117116005.3490
"Bourne ultimatum",1246664580,1248059100,1394520,117116005.3490
"Bourne ultimatum",1246664580,1248208380,1543800,117116005.3490
"Bourne ultimatum",1246666080,1485068256,238402176,117116005.3490
"Bourne ultimatum",1246666260,1485068256,238401996,117116005.3490
"Bourne ultimatum",1246666260,1247268300,602040,117116005.3490
"Bourne ultimatum",1246666980,1485068256,238401276,117116005.3490
"Bourne ultimatum",1246667580,1485068256,238400676,117116005.3490
"Bourne ultimatum",1246667580,1247785860,1118280,117116005.3490
"Bourne ultimatum",1246824540,1485068256,238243716,117116005.3490
"Bourne ultimatum",1246824540,1247524980,700440,117116005.3490
"Bourne ultimatum",1246832820,1485068256,238235436,117116005.3490
"Bourne ultimatum",1246836240,1485068256,238232016,117116005.3490
"Bourne ultimatum",1246923840,1485068256,238144416,117116005.3490
"Bourne ultimatum",1246923840,1248558900,1635060,117116005.3490
"Bourne ultimatum",1246924620,1485068256,238143636,117116005.3490
"Bourne ultimatum",1246924620,1250032860,3108240,117116005.3490
"Bourne ultimatum",1246924620,1250192100,3267480,117116005.3490
"Bourne ultimatum",1246926000,1485068256,238142256,117116005.3490
"Bourne ultimatum",1246926000,1248125700,1199700,117116005.3490
"Bourne ultimatum",1246926000,1248577560,1651560,117116005.3490
"Bourne ultimatum",1246986180,1485068256,238082076,117116005.3490
"Bourne ultimatum",1246986180,1248110280,1124100,117116005.3490
"Bourne ultimatum",1246994760,1485068256,238073496,117116005.3490
"Bourne ultimatum",1246994760,1247779200,784440,117116005.3490
"Bourne ultimatum",1246994760,1247851740,856980,117116005.3490
"Bourne ultimatum",1246997820,1485068256,238070436,117116005.3490
"Bourne ultimatum",1246997820,1247104080,106260,117116005.3490
"Bourne ultimatum",1247002860,1485068256,238065396,117116005.3490
"Bourne ultimatum",1247002860,1247517540,514680,117116005.3490
"Bourne ultimatum",1247008440,1485068256,238059816,117116005.3490
"Bourne ultimatum",1247008440,1248298080,1289640,117116005.3490
"Bourne ultimatum",1247009220,1485068256,238059036,117116005.3490
"Bourne ultimatum",1247009220,1247603760,594540,117116005.3490
"Bourne ultimatum",1247018100,1485068256,238050156,117116005.3490
"Bourne ultimatum",1247018100,1247539740,521640,117116005.3490
"Bourne ultimatum",1247081340,1485068256,237986916,117116005.3490
"Bourne ultimatum",1247081880,1485068256,237986376,117116005.3490
"Bourne ultimatum",1247081880,1247870280,788400,117116005.3490
"Bourne ultimatum",1247088180,1485068256,237980076,117116005.3490
"Bourne ultimatum",1247088180,1247690700,602520,117116005.3490
"Bourne ultimatum",1247090100,1485068256,237978156,117116005.3490
"Bourne ultimatum",1247090100,1247354940,264840,117116005.3490
"Bourne ultimatum",1247100240,1485068256,237968016,117116005.3490
"Bourne ultimatum",1247100240,1247685180,584940,117116005.3490
"Bourne ultimatum",1247101440,1485068256,237966816,117116005.3490
"Bourne ultimatum",1247105460,1485068256,237962796,117116005.3490
"Bourne ultimatum",1247105460,1247612460,507000,117116005.3490
"Bourne ultimatum",1247177460,1485068256,237890796,117116005.3490
"Bourne ultimatum",1247177460,1247857080,679620,117116005.3490
"Bourne ultimatum",1247183400,1485068256,237884856,117116005.3490
"Bourne ultimatum",1247183400,1247701980,518580,117116005.3490
"Bourne ultimatum",1247188860,1485068256,237879396,117116005.3490
"Bourne ultimatum",1247188860,1247529000,340140,117116005.3490
"Bourne ultimatum",1247189400,1485068256,237878856,117116005.3490
"Bourne ultimatum",1247189400,1247256480,67080,117116005.3490
"Bourne ultimatum",1247256900,1485068256,237811356,117116005.3490
"Bourne ultimatum",1247256900,1247598780,341880,117116005.3490
"Bourne ultimatum",1247264520,1485068256,237803736,117116005.3490
"Bourne ultimatum",1247269680,1485068256,237798576,117116005.3490
"Bourne ultimatum",1247270100,1485068256,237798156,117116005.3490
"Bourne ultimatum",1247270100,1248643140,1373040,117116005.3490
"Bourne ultimatum",1247272860,1485068256,237795396,117116005.3490
"Bourne ultimatum",1247272860,1247619180,346320,117116005.3490
"Bourne ultimatum",1247333820,1485068256,237734436,117116005.3490
"Bourne ultimatum",1247333820,1248972960,1639140,117116005.3490
"Bourne ultimatum",1247346900,1485068256,237721356,117116005.3490
"Bourne ultimatum",1247346900,1248379440,1032540,117116005.3490
"Bourne ultimatum",1247349180,1485068256,237719076,117116005.3490
"Bourne ultimatum",1247349180,1249765680,2416500,117116005.3490
"Bourne ultimatum",1247351760,1485068256,237716496,117116005.3490
"Bourne ultimatum",1247351760,1250811360,3459600,117116005.3490
"Bourne ultimatum",1247353080,1485068256,237715176,117116005.3490
"Bourne ultimatum",1247354760,1485068256,237713496,117116005.3490
"Bourne ultimatum",1247354760,1248555900,1201140,117116005.3490
"Bourne ultimatum",1247358480,1485068256,237709776,117116005.3490
"Bourne ultimatum",1247358480,1247535480,177000,117116005.3490
"Bourne ultimatum",1247430360,1485068256,237637896,117116005.3490
"Bourne ultimatum",1247430360,1250556540,3126180,117116005.3490
"Bourne ultimatum",1247437980,1485068256,237630276,117116005.3490
"Bourne ultimatum",1247437980,1248220020,782040,117116005.3490
"Bourne ultimatum",1247439480,1485068256,237628776,117116005.3490
"Bourne ultimatum",1247440500,1485068256,237627756,117116005.3490
"Bourne ultimatum",1247441940,1485068256,237626316,117116005.3490
"Bourne ultimatum",1247441940,1248394080,952140,117116005.3490
"Bourne ultimatum",1247442900,1485068256,237625356,117116005.3490
"Bourne ultimatum",1247442900,1249604580,2161680,117116005.3490
"Bourne ultimatum",1247518740,1485068256,237549516,117116005.3490
"Bourne ultimatum",1247521080,1485068256,237547176,117116005.3490
"Bourne ultimatum",1247521080,1250377440,2856360,117116005.3490
"Bourne ultimatum",1247521800,1485068256,237546456,117116005.3490
"Bourne ultimatum",1247521800,1248830760,1308960,117116005.3490
"Bourne ultimatum",1247526060,1485068256,237542196,117116005.3490
"Bourne ultimatum",1247526060,1248301800,775740,117116005.3490
"Bourne ultimatum",1247526780,1485068256,237541476,117116005.3490
"Bourne ultimatum",1247526780,1247953560,426780,117116005.3490
"Bourne ultimatum",1247533860,1485068256,237534396,117116005.3490
"Bourne ultimatum",1247534100,1485068256,237534156,117116005.3490
"Bourne ultimatum",1247534100,1248224340,690240,117116005.3490
"Bourne ultimatum",1247537880,1485068256,237530376,117116005.3490
"Bourne ultimatum",1247538060,1485068256,237530196,117116005.3490
"Bourne ultimatum",1247586840,1485068256,237481416,117116005.3490
"Bourne ultimatum",1247586840,1250089860,2503020,117116005.3490
"Bourne ultimatum",1247602440,1485068256,237465816,117116005.3490
"Bourne ultimatum",1247602440,1248285060,682620,117116005.3490
"Bourne ultimatum",1247602440,1248578580,976140,117116005.3490
"Bourne ultimatum",1247602440,1248721200,1118760,117116005.3490
"Bourne ultimatum",1247603820,1485068256,237464436,117116005.3490
"Bourne ultimatum",1247603820,1248035820,432000,117116005.3490
"Bourne ultimatum",1247611560,1485068256,237456696,117116005.3490
"Bourne ultimatum",1247611560,1248138780,527220,117116005.3490
"Bourne ultimatum",1247611560,1248314940,703380,117116005.3490
"Bourne ultimatum",1247611560,1248368160,756600,117116005.3490
"Bourne ultimatum",1247611740,1485068256,237456516,117116005.3490
"Bourne ultimatum",1247611740,1247697720,85980,117116005.3490
"Bourne ultimatum",1247612280,1485068256,237455976,117116005.3490
"Bourne ultimatum",1247612580,1485068256,237455676,117116005.3490
"Bourne ultimatum",1247612580,1247794260,181680,117116005.3490
"Bourne ultimatum",1247613180,1485068256,237455076,117116005.3490
"Bourne ultimatum",1247613420,1485068256,237454836,117116005.3490
"Bourne ultimatum",1247613420,1248217740,604320,117116005.3490
"Bourne ultimatum",1247615100,1485068256,237453156,117116005.3490
"Bourne ultimatum",1247615100,1248819960,1204860,117116005.3490
"Bourne ultimatum",1247623980,1485068256,237444276,117116005.3490
"Bourne ultimatum",1247623980,1251483840,3859860,117116005.3490
"Bourne ultimatum",1247677560,1485068256,237390696,117116005.3490
"Bourne ultimatum",1247677560,1247953320,275760,117116005.3490
"Bourne ultimatum",1247688600,1485068256,237379656,117116005.3490
"Bourne ultimatum",1247688600,1248139380,450780,117116005.3490
"Bourne ultimatum",1247690700,1485068256,237377556,117116005.3490
"Bourne ultimatum",1247690700,1248740280,1049580,117116005.3490
"Bourne ultimatum",1247694900,1485068256,237373356,117116005.3490
"Bourne ultimatum",1247697900,1485068256,237370356,117116005.3490
"Bourne ultimatum",1247697900,1248819600,1121700,117116005.3490
"Bourne ultimatum",1247699700,1485068256,237368556,117116005.3490
"Bourne ultimatum",1247699700,1248212400,512700,117116005.3490
"Bourne ultimatum",1247704320,1485068256,237363936,117116005.3490
"Bourne ultimatum",1247704320,1248123420,419100,117116005.3490
"Bourne ultimatum",1247704320,1248296640,592320,117116005.3490
"Bourne ultimatum",1247704320,1250357040,2652720,117116005.3490
"Bourne ultimatum",1247705160,1485068256,237363096,117116005.3490
"Bourne ultimatum",1247705160,1248131340,426180,117116005.3490
"Bourne ultimatum",1247706840,1485068256,237361416,117116005.3490
"Bourne ultimatum",1247706840,1248802080,1095240,117116005.3490
"Bourne ultimatum",1247707800,1485068256,237360456,117116005.3490
"Bourne ultimatum",1247707800,1248909960,1202160,117116005.3490
"Bourne ultimatum",1247711040,1485068256,237357216,117116005.3490
"Bourne ultimatum",1247713140,1485068256,237355116,117116005.3490
"Bourne ultimatum",1247713140,1248037140,324000,117116005.3490
"Bourne ultimatum",1247713140,1248662160,949020,117116005.3490
"Bourne ultimatum",1247771220,1485068256,237297036,117116005.3490
"Bourne ultimatum",1247771220,1248117120,345900,117116005.3490
"Bourne ultimatum",1247772240,1485068256,237296016,117116005.3490
"Bourne ultimatum",1247772240,1248287100,514860,117116005.3490
"Bourne ultimatum",1247776560,1485068256,237291696,117116005.3490
"Bourne ultimatum",1247776560,1248205260,428700,117116005.3490
"Bourne ultimatum",1247776560,1251264120,3487560,117116005.3490
"Bourne ultimatum",1247776560,1251308040,3531480,117116005.3490
"Bourne ultimatum",1247779140,1485068256,237289116,117116005.3490
"Bourne ultimatum",1247796060,1485068256,237272196,117116005.3490
"Bourne ultimatum",1247796060,1248133380,337320,117116005.3490
"Bourne ultimatum",1247859240,1485068256,237209016,117116005.3490
"Bourne ultimatum",1247859240,1248462720,603480,117116005.3490
"Bourne ultimatum",1247861580,1485068256,237206676,117116005.3490
"Bourne ultimatum",1247861580,1252825200,4963620,117116005.3490
"Bourne ultimatum",1247865480,1485068256,237202776,117116005.3490
"Bourne ultimatum",1247865480,1248897780,1032300,117116005.3490
"Bourne ultimatum",1247867640,1485068256,237200616,117116005.3490
"Bourne ultimatum",1247869860,1485068256,237198396,117116005.3490
"Bourne ultimatum",1247869860,1248294720,424860,117116005.3490
"Bourne ultimatum",1247872320,1485068256,237195936,117116005.3490
"Bourne ultimatum",1247872320,1249519380,1647060,117116005.3490
"Bourne ultimatum",1247872380,1485068256,237195876,117116005.3490
"Bourne ultimatum",1247872380,1250272200,2399820,117116005.3490
"Bourne ultimatum",1247875020,1485068256,237193236,117116005.3490
"Bourne ultimatum",1247875020,1250562060,2687040,117116005.3490
"Bourne ultimatum",1247876580,1485068256,237191676,117116005.3490
"Bourne ultimatum",1247937960,1485068256,237130296,117116005.3490
"Bourne ultimatum",1247939760,1485068256,237128496,117116005.3490
"Bourne ultimatum",1247939760,1249329660,1389900,117116005.3490
"Bourne ultimatum",1247947020,1485068256,237121236,117116005.3490
"Bourne ultimatum",1247947200,1485068256,237121056,117116005.3490
"Bourne ultimatum",1247947200,1248732180,784980,117116005.3490
"Bourne ultimatum",1247949060,1485068256,237119196,117116005.3490
"Bourne ultimatum",1247949060,1248401820,452760,117116005.3490
"Bourne ultimatum",1247949360,1485068256,237118896,117116005.3490
"Bourne ultimatum",1247949360,1248309420,360060,117116005.3490
"Bourne ultimatum",1247958360,1247958840,480,117116005.3490
"Bourne ultimatum",1247958840,1485068256,237109416,117116005.3490
"Bourne ultimatum",1247964240,1485068256,237104016,117116005.3490
"Bourne ultimatum",1247964240,1248222780,258540,117116005.3490
"Bourne ultimatum",1248036840,1485068256,237031416,117116005.3490
"Bourne ultimatum",1248114480,1485068256,236953776,117116005.3490
"Bourne ultimatum",1248117240,1485068256,236951016,117116005.3490
"Bourne ultimatum",1248117240,1248980700,863460,117116005.3490
"Bourne ultimatum",1248117960,1485068256,236950296,117116005.3490
"Bourne ultimatum",1248117960,1248547320,429360,117116005.3490
"Bourne ultimatum",1248123540,1485068256,236944716,117116005.3490
"Bourne ultimatum",1248123540,1248475920,352380,117116005.3490
"Bourne ultimatum",1248125820,1485068256,236942436,117116005.3490
"Bourne ultimatum",1248125820,1249410420,1284600,117116005.3490
"Bourne ultimatum",1248133680,1485068256,236934576,117116005.3490
"Bourne ultimatum",1248133680,1248214680,81000,117116005.3490
"Bourne ultimatum",1248142380,1485068256,236925876,117116005.3490
"Bourne ultimatum",1248142380,1249344660,1202280,117116005.3490
"Bourne ultimatum",1248143880,1485068256,236924376,117116005.3490
"Bourne ultimatum",1248143880,1248919440,775560,117116005.3490
"Bourne ultimatum",1248210300,1485068256,236857956,117116005.3490
"Bourne ultimatum",1248210300,1249330020,1119720,117116005.3490
"Bourne ultimatum",1248211620,1485068256,236856636,117116005.3490
"Bourne ultimatum",1248214680,1485068256,236853576,117116005.3490
"Bourne ultimatum",1248214680,1248990300,775620,117116005.3490
"Bourne ultimatum",1248215100,1485068256,236853156,117116005.3490
"Bourne ultimatum",1248215580,1485068256,236852676,117116005.3490
"Bourne ultimatum",1248215580,1249753080,1537500,117116005.3490
"Bourne ultimatum",1248215940,1485068256,236852316,117116005.3490
"Bourne ultimatum",1248215940,1248299520,83580,117116005.3490
"Bourne ultimatum",1248215940,1248715080,499140,117116005.3490
"Bourne ultimatum",1248223440,1485068256,236844816,117116005.3490
"Bourne ultimatum",1248230700,1485068256,236837556,117116005.3490
"Bourne ultimatum",1248230700,1248757140,526440,117116005.3490
"Bourne ultimatum",1248284040,1485068256,236784216,117116005.3490
"Bourne ultimatum",1248284520,1485068256,236783736,117116005.3490
"Bourne ultimatum",1248284520,1248739200,454680,117116005.3490
"Bourne ultimatum",1248298080,1485068256,236770176,117116005.3490
"Bourne ultimatum",1248298620,1485068256,236769636,117116005.3490
"Bourne ultimatum",1248298620,1248302040,3420,117116005.3490
"Bourne ultimatum",1248298860,1485068256,236769396,117116005.3490
"Bourne ultimatum",1248298860,1248715320,416460,117116005.3490
"Bourne ultimatum",1248299580,1485068256,236768676,117116005.3490
"Bourne ultimatum",1248301500,1485068256,236766756,117116005.3490
"Bourne ultimatum",1248301500,1248468600,167100,117116005.3490
"Bourne ultimatum",1248302040,1485068256,236766216,117116005.3490
"Bourne ultimatum",1248305940,1485068256,236762316,117116005.3490
"Bourne ultimatum",1248305940,1249692240,1386300,117116005.3490
"Bourne ultimatum",1248309960,1485068256,236758296,117116005.3490
"Bourne ultimatum",1248309960,1249411140,1101180,117116005.3490
"Bourne ultimatum",1248311580,1485068256,236756676,117116005.3490
"Bourne ultimatum",1248372120,1485068256,236696136,117116005.3490
"Bourne ultimatum",1248372120,1249937940,1565820,117116005.3490
"Bourne ultimatum",1248385980,1485068256,236682276,117116005.3490
"Bourne ultimatum",1248397200,1485068256,236671056,117116005.3490
"Bourne ultimatum",1248397200,1248811260,414060,117116005.3490
"Bourne ultimatum",1248456360,1485068256,236611896,117116005.3490
"Bourne ultimatum",1248456360,1249342800,886440,117116005.3490
"Bourne ultimatum",1248460380,1485068256,236607876,117116005.3490
"Bourne ultimatum",1248465720,1485068256,236602536,117116005.3490
"Bourne ultimatum",1248465720,1248731760,266040,117116005.3490
"Bourne ultimatum",1248468360,1485068256,236599896,117116005.3490
"Bourne ultimatum",1248468360,1248834000,365640,117116005.3490
"Bourne ultimatum",1248468600,1485068256,236599656,117116005.3490
"Bourne ultimatum",1248468600,1249772580,1303980,117116005.3490
"Bourne ultimatum",1248480960,1485068256,236587296,117116005.3490
"Bourne ultimatum",1248480960,1248992160,511200,117116005.3490
"Bourne ultimatum",1248482940,1485068256,236585316,117116005.3490
"Bourne ultimatum",1248482940,1248736560,253620,117116005.3490
"Bourne ultimatum",1248541380,1485068256,236526876,117116005.3490
"Bourne ultimatum",1248541380,1249156320,614940,117116005.3490
"Bourne ultimatum",1248545760,1485068256,236522496,117116005.3490
"Bourne ultimatum",1248545760,1248743040,197280,117116005.3490
"Bourne ultimatum",1248548460,1485068256,236519796,117116005.3490
"Bourne ultimatum",1248548460,1253320020,4771560,117116005.3490
"Bourne ultimatum",1248557580,1485068256,236510676,117116005.3490
"Bourne ultimatum",1248560760,1485068256,236507496,117116005.3490
"Bourne ultimatum",1248560760,1250126280,1565520,117116005.3490
"Bourne ultimatum",1248561060,1485068256,236507196,117116005.3490
"Bourne ultimatum",1248561060,1251168060,2607000,117116005.3490
"Bourne ultimatum",1248642060,1485068256,236426196,117116005.3490
"Bourne ultimatum",1248642060,1249678260,1036200,117116005.3490
"Bourne ultimatum",1248721740,1485068256,236346516,117116005.3490
"Bourne ultimatum",1248721740,1249255020,533280,117116005.3490
"Bourne ultimatum",1248727200,1485068256,236341056,117116005.3490
"Bourne ultimatum",1248729720,1485068256,236338536,117116005.3490
"Bourne ultimatum",1248729720,1253489820,4760100,117116005.3490
"Bourne ultimatum",1248731940,1485068256,236336316,117116005.3490
"Bourne ultimatum",1248731940,1249773420,1041480,117116005.3490
"Bourne ultimatum",1248736920,1485068256,236331336,117116005.3490
"Bourne ultimatum",1248736920,1249505460,768540,117116005.3490
"Bourne ultimatum",1248741420,1485068256,236326836,117116005.3490
"Bourne ultimatum",1248741420,1249767480,1026060,117116005.3490
"Bourne ultimatum",1248743340,1485068256,236324916,117116005.3490
"Bourne ultimatum",1248743340,1249084860,341520,117116005.3490
"Bourne ultimatum",1248745860,1485068256,236322396,117116005.3490
"Bourne ultimatum",1248747060,1485068256,236321196,117116005.3490
"Bourne ultimatum",1248747300,1485068256,236320956,117116005.3490
"Bourne ultimatum",1248748320,1485068256,236319936,117116005.3490
"Bourne ultimatum",1248748860,1485068256,236319396,117116005.3490
"Bourne ultimatum",1248748860,1249348500,599640,117116005.3490
"Bourne ultimatum",1248812460,1485068256,236255796,117116005.3490
"Bourne ultimatum",1248812460,1249061400,248940,117116005.3490
"Bourne ultimatum",1248814980,1485068256,236253276,117116005.3490
"Bourne ultimatum",1248814980,1249587900,772920,117116005.3490
"Bourne ultimatum",1248817020,1485068256,236251236,117116005.3490
"Bourne ultimatum",1248817020,1249594680,777660,117116005.3490
"Bourne ultimatum",1248820080,1485068256,236248176,117116005.3490
"Bourne ultimatum",1248820080,1249600020,779940,117116005.3490
"Bourne ultimatum",1248822360,1485068256,236245896,117116005.3490
"Bourne ultimatum",1248822360,1250022120,1199760,117116005.3490
"Bourne ultimatum",1248825600,1485068256,236242656,117116005.3490
"Bourne ultimatum",1248825600,1254180060,5354460,117116005.3490
"Bourne ultimatum",1248826080,1485068256,236242176,117116005.3490
"Bourne ultimatum",1248826080,1249440660,614580,117116005.3490
"Bourne ultimatum",1248830880,1485068256,236237376,117116005.3490
"Bourne ultimatum",1248830880,1249351080,520200,117116005.3490
"Bourne ultimatum",1248831660,1485068256,236236596,117116005.3490
"Bourne ultimatum",1248831660,1249008360,176700,117116005.3490
"Bourne ultimatum",1248832080,1485068256,236236176,117116005.3490
"Bourne ultimatum",1248832080,1249858980,1026900,117116005.3490
"Bourne ultimatum",1248832620,1485068256,236235636,117116005.3490
"Bourne ultimatum",1248832620,1251167580,2334960,117116005.3490
"Bourne ultimatum",1248886920,1485068256,236181336,117116005.3490
"Bourne ultimatum",1248886920,1249520100,633180,117116005.3490
"Bourne ultimatum",1248887880,1485068256,236180376,117116005.3490
"Bourne ultimatum",1248887880,1250201820,1313940,117116005.3490
"Bourne ultimatum",1248895560,1485068256,236172696,117116005.3490
"Bourne ultimatum",1248895560,1249086300,190740,117116005.3490
"Bourne ultimatum",1248901380,1485068256,236166876,117116005.3490
"Bourne ultimatum",1248908160,1485068256,236160096,117116005.3490
"Bourne ultimatum",1248909900,1485068256,236158356,117116005.3490
"Bourne ultimatum",1248914100,1485068256,236154156,117116005.3490
"Bourne ultimatum",1248915120,1485068256,236153136,117116005.3490
"Bourne ultimatum",1248916800,1485068256,236151456,117116005.3490
"Bourne ultimatum",1248916800,1249418520,501720,117116005.3490
"Bourne ultimatum",1248988440,1485068256,236079816,117116005.3490
"Bourne ultimatum",1248988440,1249958640,970200,117116005.3490
"Bourne ultimatum",1248995340,1485068256,236072916,117116005.3490
"Bourne ultimatum",1248995340,1249678560,683220,117116005.3490
"Bourne ultimatum",1248999900,1485068256,236068356,117116005.3490
"Bourne ultimatum",1248999900,1249526580,526680,117116005.3490
"Bourne ultimatum",1249065600,1485068256,236002656,117116005.3490
"Bourne ultimatum",1249065600,1249325340,259740,117116005.3490
"Bourne ultimatum",1249065960,1485068256,236002296,117116005.3490
"Bourne ultimatum",1249065960,1251331860,2265900,117116005.3490
"Bourne ultimatum",1249069740,1485068256,235998516,117116005.3490
"Bourne ultimatum",1249069740,1249765380,695640,117116005.3490
"Bourne ultimatum",1249073520,1485068256,235994736,117116005.3490
"Bourne ultimatum",1249073520,1249858140,784620,117116005.3490
"Bourne ultimatum",1249077480,1485068256,235990776,117116005.3490
"Bourne ultimatum",1249077480,1249604160,526680,117116005.3490
"Bourne ultimatum",1249078260,1485068256,235989996,117116005.3490
"Bourne ultimatum",1249078260,1249520040,441780,117116005.3490
"Bourne ultimatum",1249079520,1485068256,235988736,117116005.3490
"Bourne ultimatum",1249079520,1250291220,1211700,117116005.3490
"Bourne ultimatum",1249088640,1485068256,235979616,117116005.3490
"Bourne ultimatum",1249088640,1249851180,762540,117116005.3490
"Bourne ultimatum",1249146660,1485068256,235921596,117116005.3490
"Bourne ultimatum",1249146660,1249346640,199980,117116005.3490
"Bourne ultimatum",1249158300,1485068256,235909956,117116005.3490
"Bourne ultimatum",1249158300,1252787040,3628740,117116005.3490
"Bourne ultimatum",1249160040,1485068256,235908216,117116005.3490
"Bourne ultimatum",1249160040,1250203320,1043280,117116005.3490
"Bourne ultimatum",1249162920,1485068256,235905336,117116005.3490
"Bourne ultimatum",1249162920,1251332940,2170020,117116005.3490
"Bourne ultimatum",1249165140,1485068256,235903116,117116005.3490
"Bourne ultimatum",1249167600,1485068256,235900656,117116005.3490
"Bourne ultimatum",1249167600,1249773780,606180,117116005.3490
"Bourne ultimatum",1249167900,1485068256,235900356,117116005.3490
"Bourne ultimatum",1249174680,1485068256,235893576,117116005.3490
"Bourne ultimatum",1249174680,1249353000,178320,117116005.3490
"Bourne ultimatum",1249247940,1485068256,235820316,117116005.3490
"Bourne ultimatum",1249247940,1249438440,190500,117116005.3490
"Bourne ultimatum",1249248000,1485068256,235820256,117116005.3490
"Bourne ultimatum",1249248000,1250553840,1305840,117116005.3490
"Bourne ultimatum",1249332960,1485068256,235735296,117116005.3490
"Bourne ultimatum",1249332960,1249690800,357840,117116005.3490
"Bourne ultimatum",1249333680,1485068256,235734576,117116005.3490
"Bourne ultimatum",1249333680,1250036040,702360,117116005.3490
"Bourne ultimatum",1249336320,1485068256,235731936,117116005.3490
"Bourne ultimatum",1249337580,1485068256,235730676,117116005.3490
"Bourne ultimatum",1249337580,1249496700,159120,117116005.3490
"Bourne ultimatum",1249338060,1485068256,235730196,117116005.3490
"Bourne ultimatum",1249338060,1249849080,511020,117116005.3490
"Bourne ultimatum",1249346940,1485068256,235721316,117116005.3490
"Bourne ultimatum",1249346940,1250035560,688620,117116005.3490
"Bourne ultimatum",1249352220,1485068256,235716036,117116005.3490
"Bourne ultimatum",1249352220,1251319860,1967640,117116005.3490
"Bourne ultimatum",1249416780,1485068256,235651476,117116005.3490
"Bourne ultimatum",1249418640,1485068256,235649616,117116005.3490
"Bourne ultimatum",1249418640,1250642640,1224000,117116005.3490
"Bourne ultimatum",1249418760,1485068256,235649496,117116005.3490
"Bourne ultimatum",1249418760,1250626560,1207800,117116005.3490
"Bourne ultimatum",1249419420,1485068256,235648836,117116005.3490
"Bourne ultimatum",1249419420,1249849320,429900,117116005.3490
"Bourne ultimatum",1249430940,1485068256,235637316,117116005.3490
"Bourne ultimatum",1249430940,1249758300,327360,117116005.3490
"Bourne ultimatum",1249435560,1485068256,235632696,117116005.3490
"Bourne ultimatum",1249440480,1485068256,235627776,117116005.3490
"Bourne ultimatum",1249440480,1251162240,1721760,117116005.3490
"Bourne ultimatum",1249492200,1485068256,235576056,117116005.3490
"Bourne ultimatum",1249492200,1250397360,905160,117116005.3490
"Bourne ultimatum",1249492200,1250528940,1036740,117116005.3490
"Bourne ultimatum",1249496880,1485068256,235571376,117116005.3490
"Bourne ultimatum",1249496880,1249947720,450840,117116005.3490
"Bourne ultimatum",1249504920,1485068256,235563336,117116005.3490
"Bourne ultimatum",1249504920,1250279040,774120,117116005.3490
"Bourne ultimatum",1249506000,1485068256,235562256,117116005.3490
"Bourne ultimatum",1249506000,1251168120,1662120,117116005.3490
"Bourne ultimatum",1249506060,1485068256,235562196,117116005.3490
"Bourne ultimatum",1249506060,1249603920,97860,117116005.3490
"Bourne ultimatum",1249507140,1485068256,235561116,117116005.3490
"Bourne ultimatum",1249507140,1253053860,3546720,117116005.3490
"Bourne ultimatum",1249507740,1485068256,235560516,117116005.3490
"Bourne ultimatum",1249507740,1249853820,346080,117116005.3490
"Bourne ultimatum",1249509240,1485068256,235559016,117116005.3490
"Bourne ultimatum",1249509240,1249861320,352080,117116005.3490
"Bourne ultimatum",1249513500,1485068256,235554756,117116005.3490
"Bourne ultimatum",1249513500,1250021040,507540,117116005.3490
"Bourne ultimatum",1249520640,1485068256,235547616,117116005.3490
"Bourne ultimatum",1249581660,1485068256,235486596,117116005.3490
"Bourne ultimatum",1249581660,1249861680,280020,117116005.3490
"Bourne ultimatum",1249585920,1485068256,235482336,117116005.3490
"Bourne ultimatum",1249585920,1250548440,962520,117116005.3490
"Bourne ultimatum",1249586880,1485068256,235481376,117116005.3490
"Bourne ultimatum",1249586880,1249942140,355260,117116005.3490
"Bourne ultimatum",1249591800,1485068256,235476456,117116005.3490
"Bourne ultimatum",1249591800,1250642100,1050300,117116005.3490
"Bourne ultimatum",1249592700,1485068256,235475556,117116005.3490
"Bourne ultimatum",1249592700,1250201880,609180,117116005.3490
"Bourne ultimatum",1249594920,1485068256,235473336,117116005.3490
"Bourne ultimatum",1249600200,1485068256,235468056,117116005.3490
"Bourne ultimatum",1249600200,1250383680,783480,117116005.3490
"Bourne ultimatum",1249606740,1485068256,235461516,117116005.3490
"Bourne ultimatum",1249606740,1250821500,1214760,117116005.3490
"Bourne ultimatum",1249607580,1485068256,235460676,117116005.3490
"Bourne ultimatum",1249607580,1250114940,507360,117116005.3490
"Bourne ultimatum",1249608600,1485068256,235459656,117116005.3490
"Bourne ultimatum",1249608600,1251166560,1557960,117116005.3490
"Bourne ultimatum",1249610640,1485068256,235457616,117116005.3490
"Bourne ultimatum",1249610640,1250894640,1284000,117116005.3490
"Bourne ultimatum",1249670400,1485068256,235397856,117116005.3490
"Bourne ultimatum",1249670400,1249756500,86100,117116005.3490
"Bourne ultimatum",1249677960,1485068256,235390296,117116005.3490
"Bourne ultimatum",1249677960,1250978340,1300380,117116005.3490
"Bourne ultimatum",1249684680,1485068256,235383576,117116005.3490
"Bourne ultimatum",1249690560,1485068256,235377696,117116005.3490
"Bourne ultimatum",1249690560,1250886780,1196220,117116005.3490
"Bourne ultimatum",1249692120,1485068256,235376136,117116005.3490
"Bourne ultimatum",1249692120,1250284140,592020,117116005.3490
"Bourne ultimatum",1249753320,1485068256,235314936,117116005.3490
"Bourne ultimatum",1249753320,1250726820,973500,117116005.3490
"Bourne ultimatum",1249753320,1251154140,1400820,117116005.3490
"Bourne ultimatum",1249760460,1485068256,235307796,117116005.3490
"Bourne ultimatum",1249760460,1250452020,691560,117116005.3490
"Bourne ultimatum",1249768440,1485068256,235299816,117116005.3490
"Bourne ultimatum",1249774200,1485068256,235294056,117116005.3490
"Bourne ultimatum",1249774200,1251330000,1555800,117116005.3490
"Bourne ultimatum",1249774200,1251404460,1630260,117116005.3490
"Bourne ultimatum",1249775100,1485068256,235293156,117116005.3490
"Bourne ultimatum",1249775100,1250810100,1035000,117116005.3490
"Bourne ultimatum",1249776240,1485068256,235292016,117116005.3490
"Bourne ultimatum",1249777980,1485068256,235290276,117116005.3490
"Bourne ultimatum",1249777980,1252624080,2846100,117116005.3490
"Bourne ultimatum",1249779000,1485068256,235289256,117116005.3490
"Bourne ultimatum",1249779000,1249955700,176700,117116005.3490
"Bourne ultimatum",1249845000,1485068256,235223256,117116005.3490
"Bourne ultimatum",1249845000,1250377200,532200,117116005.3490
"Bourne ultimatum",1249852380,1485068256,235215876,117116005.3490
"Bourne ultimatum",1249852380,1250703480,851100,117116005.3490
"Bourne ultimatum",1249854600,1485068256,235213656,117116005.3490
"Bourne ultimatum",1249855140,1485068256,235213116,117116005.3490
"Bourne ultimatum",1249855140,1251064980,1209840,117116005.3490
"Bourne ultimatum",1249860480,1485068256,235207776,117116005.3490
"Bourne ultimatum",1249860480,1251500460,1639980,117116005.3490
"Bourne ultimatum",1249936380,1485068256,235131876,117116005.3490
"Bourne ultimatum",1249936380,1250466780,530400,117116005.3490
"Bourne ultimatum",1249937220,1485068256,235131036,117116005.3490
"Bourne ultimatum",1249937220,1250202000,264780,117116005.3490
"Bourne ultimatum",1249937520,1485068256,235130736,117116005.3490
"Bourne ultimatum",1249941240,1485068256,235127016,117116005.3490
"Bourne ultimatum",1249941240,1250272200,330960,117116005.3490
"Bourne ultimatum",1249944120,1485068256,235124136,117116005.3490
"Bourne ultimatum",1249944120,1250900820,956700,117116005.3490
"Bourne ultimatum",1249945080,1485068256,235123176,117116005.3490
"Bourne ultimatum",1249945080,1250555100,610020,117116005.3490
"Bourne ultimatum",1249945620,1485068256,235122636,117116005.3490
"Bourne ultimatum",1249945620,1250637000,691380,117116005.3490
"Bourne ultimatum",1249947540,1485068256,235120716,117116005.3490
"Bourne ultimatum",1249947540,1250121060,173520,117116005.3490
"Bourne ultimatum",1249952580,1485068256,235115676,117116005.3490
"Bourne ultimatum",1249952580,1251167340,1214760,117116005.3490
"Bourne ultimatum",1249952580,1251227640,1275060,117116005.3490
"Bourne ultimatum",1249954200,1485068256,235114056,117116005.3490
"Bourne ultimatum",1249954200,1251240420,1286220,117116005.3490
"Bourne ultimatum",1249955160,1485068256,235113096,117116005.3490
"Bourne ultimatum",1249955160,1250636160,681000,117116005.3490
"Bourne ultimatum",1249955400,1485068256,235112856,117116005.3490
"Bourne ultimatum",1249955400,1250986740,1031340,117116005.3490
"Bourne ultimatum",1250021220,1485068256,235047036,117116005.3490
"Bourne ultimatum",1250021220,1250634060,612840,117116005.3490
"Bourne ultimatum",1250024460,1485068256,235043796,117116005.3490
"Bourne ultimatum",1250034780,1485068256,235033476,117116005.3490
"Bourne ultimatum",1250035140,1485068256,235033116,117116005.3490
"Bourne ultimatum",1250035140,1250632080,596940,117116005.3490
"Bourne ultimatum",1250110740,1485068256,234957516,117116005.3490
"Bourne ultimatum",1250110740,1251407220,1296480,117116005.3490
"Bourne ultimatum",1250118720,1485068256,234949536,117116005.3490
"Bourne ultimatum",1250118720,1251242760,1124040,117116005.3490
"Bourne ultimatum",1250121660,1485068256,234946596,117116005.3490
"Bourne ultimatum",1250121960,1485068256,234946296,117116005.3490
"Bourne ultimatum",1250121960,1251253080,1131120,117116005.3490
"Bourne ultimatum",1250125260,1485068256,234942996,117116005.3490
"Bourne ultimatum",1250125260,1253321700,3196440,117116005.3490
"Bourne ultimatum",1250129700,1485068256,234938556,117116005.3490
"Bourne ultimatum",1250130900,1485068256,234937356,117116005.3490
"Bourne ultimatum",1250130900,1250976660,845760,117116005.3490
"Bourne ultimatum",1250132220,1485068256,234936036,117116005.3490
"Bourne ultimatum",1250132220,1250822040,689820,117116005.3490
"Bourne ultimatum",1250209980,1485068256,234858276,117116005.3490
"Bourne ultimatum",1250209980,1250532480,322500,117116005.3490
"Bourne ultimatum",1250214420,1485068256,234853836,117116005.3490
"Bourne ultimatum",1250214420,1250454000,239580,117116005.3490
"Bourne ultimatum",1250277840,1485068256,234790416,117116005.3490
"Bourne ultimatum",1250277840,1250544840,267000,117116005.3490
"Bourne ultimatum",1250282460,1485068256,234785796,117116005.3490
"Bourne ultimatum",1250289000,1485068256,234779256,117116005.3490
"Bourne ultimatum",1250289000,1250450220,161220,117116005.3490
"Bourne ultimatum",1250294340,1485068256,234773916,117116005.3490
"Bourne ultimatum",1250294340,1251589680,1295340,117116005.3490
"Bourne ultimatum",1250295600,1485068256,234772656,117116005.3490
"Bourne ultimatum",1250295600,1253829720,3534120,117116005.3490
"Bourne ultimatum",1250296260,1485068256,234771996,117116005.3490
"Bourne ultimatum",1250296740,1485068256,234771516,117116005.3490
"Bourne ultimatum",1250296740,1250706660,409920,117116005.3490
"Bourne ultimatum",1250357700,1485068256,234710556,117116005.3490
"Bourne ultimatum",1250364360,1485068256,234703896,117116005.3490
"Bourne ultimatum",1250364360,1250872200,507840,117116005.3490
"Bourne ultimatum",1250364840,1485068256,234703416,117116005.3490
"Bourne ultimatum",1250364840,1250972400,607560,117116005.3490
"Bourne ultimatum",1250380440,1485068256,234687816,117116005.3490
"Bourne ultimatum",1250380440,1250720520,340080,117116005.3490
"Bourne ultimatum",1250449980,1485068256,234618276,117116005.3490
"Bourne ultimatum",1250456820,1485068256,234611436,117116005.3490
"Bourne ultimatum",1250456820,1252702080,2245260,117116005.3490
"Bourne ultimatum",1250462280,1485068256,234605976,117116005.3490
"Bourne ultimatum",1250462280,1251421740,959460,117116005.3490
"Bourne ultimatum",1250465100,1485068256,234603156,117116005.3490
"Bourne ultimatum",1250465100,1251065400,600300,117116005.3490
"Bourne ultimatum",1250466660,1485068256,234601596,117116005.3490
"Bourne ultimatum",1250542440,1485068256,234525816,117116005.3490
"Bourne ultimatum",1250542440,1256799600,6257160,117116005.3490
"Bourne ultimatum",1250543820,1485068256,234524436,117116005.3490
"Bourne ultimatum",1250543820,1253404680,2860860,117116005.3490
"Bourne ultimatum",1250543820,1253568420,3024600,117116005.3490
"Bourne ultimatum",1250552520,1485068256,234515736,117116005.3490
"Bourne ultimatum",1250552520,1254277740,3725220,117116005.3490
"Bourne ultimatum",1250553960,1485068256,234514296,117116005.3490
"Bourne ultimatum",1250553960,1251141540,587580,117116005.3490
"Bourne ultimatum",1250556480,1485068256,234511776,117116005.3490
"Bourne ultimatum",1250556480,1251234840,678360,117116005.3490
"Bourne ultimatum",1250557320,1485068256,234510936,117116005.3490
"Bourne ultimatum",1250557320,1252534980,1977660,117116005.3490
"Bourne ultimatum",1250559120,1485068256,234509136,117116005.3490
"Bourne ultimatum",1250559120,1251673500,1114380,117116005.3490
"Bourne ultimatum",1250627460,1485068256,234440796,117116005.3490
"Bourne ultimatum",1250627460,1251322500,695040,117116005.3490
"Bourne ultimatum",1250628960,1485068256,234439296,117116005.3490
"Bourne ultimatum",1250628960,1252631520,2002560,117116005.3490
"Bourne ultimatum",1250630160,1485068256,234438096,117116005.3490
"Bourne ultimatum",1250630160,1250900040,269880,117116005.3490
"Bourne ultimatum",1250630580,1485068256,234437676,117116005.3490
"Bourne ultimatum",1250630580,1252712460,2081880,117116005.3490
"Bourne ultimatum",1250633040,1485068256,234435216,117116005.3490
"Bourne ultimatum",1250633040,1250726880,93840,117116005.3490
"Bourne ultimatum",1250636160,1485068256,234432096,117116005.3490
"Bourne ultimatum",1250636880,1485068256,234431376,117116005.3490
"Bourne ultimatum",1250636880,1254344340,3707460,117116005.3490
"Bourne ultimatum",1250641740,1485068256,234426516,117116005.3490
"Bourne ultimatum",1250641800,1485068256,234426456,117116005.3490
"Bourne ultimatum",1250641800,1251245580,603780,117116005.3490
"Bourne ultimatum",1250643000,1485068256,234425256,117116005.3490
"Bourne ultimatum",1250703180,1485068256,234365076,117116005.3490
"Bourne ultimatum",1250703180,1253824680,3121500,117116005.3490
"Bourne ultimatum",1250707500,1485068256,234360756,117116005.3490
"Bourne ultimatum",1250708160,1485068256,234360096,117116005.3490
"Bourne ultimatum",1250708160,1252546380,1838220,117116005.3490
"Bourne ultimatum",1250711640,1485068256,234356616,117116005.3490
"Bourne ultimatum",1250711640,1251414480,702840,117116005.3490
"Bourne ultimatum",1250713860,1485068256,234354396,117116005.3490
"Bourne ultimatum",1250713860,1251150120,436260,117116005.3490
"Bourne ultimatum",1250718060,1485068256,234350196,117116005.3490
"Bourne ultimatum",1250718060,1252448760,1730700,117116005.3490
"Bourne ultimatum",1250718300,1485068256,234349956,117116005.3490
"Bourne ultimatum",1250718480,1485068256,234349776,117116005.3490
"Bourne ultimatum",1250718480,1252462800,1744320,117116005.3490
"Bourne ultimatum",1250721840,1250722260,420,117116005.3490
"Bourne ultimatum",1250723700,1485068256,234344556,117116005.3490
"Bourne ultimatum",1250723700,1251152400,428700,117116005.3490
"Bourne ultimatum",1250727660,1485068256,234340596,117116005.3490
"Bourne ultimatum",1250727660,1251320940,593280,117116005.3490
"Bourne ultimatum",1250729340,1485068256,234338916,117116005.3490
"Bourne ultimatum",1250729340,1251235740,506400,117116005.3490
"Bourne ultimatum",1250729340,1251570360,841020,117116005.3490
"Bourne ultimatum",1250736720,1485068256,234331536,117116005.3490
"Bourne ultimatum",1250736720,1251326880,590160,117116005.3490
"Bourne ultimatum",1250788200,1485068256,234280056,117116005.3490
"Bourne ultimatum",1250788200,1251567900,779700,117116005.3490
"Bourne ultimatum",1250800440,1485068256,234267816,117116005.3490
"Bourne ultimatum",1250803740,1485068256,234264516,117116005.3490
"Bourne ultimatum",1250803740,1251167040,363300,117116005.3490
"Bourne ultimatum",1250816160,1485068256,234252096,117116005.3490
"Bourne ultimatum",1250816700,1485068256,234251556,117116005.3490
"Bourne ultimatum",1250816700,1251242040,425340,117116005.3490
"Bourne ultimatum",1250874420,1485068256,234193836,117116005.3490
"Bourne ultimatum",1250874420,1252538940,1664520,117116005.3490
"Bourne ultimatum",1250876820,1485068256,234191436,117116005.3490
"Bourne ultimatum",1250881800,1485068256,234186456,117116005.3490
"Bourne ultimatum",1250892120,1485068256,234176136,117116005.3490
"Bourne ultimatum",1250898840,1485068256,234169416,117116005.3490
"Bourne ultimatum",1250898840,1252452840,1554000,117116005.3490
"Bourne ultimatum",1250899020,1485068256,234169236,117116005.3490
"Bourne ultimatum",1250902560,1485068256,234165696,117116005.3490
"Bourne ultimatum",1250902560,1253489940,2587380,117116005.3490
"Bourne ultimatum",1250962380,1485068256,234105876,117116005.3490
"Bourne ultimatum",1250962380,1254939420,3977040,117116005.3490
"Bourne ultimatum",1250979420,1485068256,234088836,117116005.3490
"Bourne ultimatum",1250979420,1252447620,1468200,117116005.3490
"Bourne ultimatum",1250979840,1485068256,234088416,117116005.3490
"Bourne ultimatum",1250979840,1251240840,261000,117116005.3490
"Bourne ultimatum",1250983140,1485068256,234085116,117116005.3490
"Bourne ultimatum",1250983140,1252981800,1998660,117116005.3490
"Bourne ultimatum",1251066480,1485068256,234001776,117116005.3490
"Bourne ultimatum",1251135960,1485068256,233932296,117116005.3490
"Bourne ultimatum",1251135960,1253130720,1994760,117116005.3490
"Bourne ultimatum",1251146760,1485068256,233921496,117116005.3490
"Bourne ultimatum",1251146760,1253488020,2341260,117116005.3490
"Bourne ultimatum",1251151440,1485068256,233916816,117116005.3490
"Bourne ultimatum",1251151440,1253065080,1913640,117116005.3490
"Bourne ultimatum",1251152340,1485068256,233915916,117116005.3490
"Bourne ultimatum",1251152340,1251589920,437580,117116005.3490
"Bourne ultimatum",1251152340,1252522020,1369680,117116005.3490
"Bourne ultimatum",1251154380,1485068256,233913876,117116005.3490
"Bourne ultimatum",1251158760,1485068256,233909496,117116005.3490
"Bourne ultimatum",1251158760,1252547160,1388400,117116005.3490
"Bourne ultimatum",1251160680,1485068256,233907576,117116005.3490
"Bourne ultimatum",1251166620,1485068256,233901636,117116005.3490
"Bourne ultimatum",1251166620,1251324720,158100,117116005.3490
"Bourne ultimatum",1251167940,1485068256,233900316,117116005.3490
"Bourne ultimatum",1251167940,1251499740,331800,117116005.3490
"Bourne ultimatum",1251234900,1485068256,233833356,117116005.3490
"Bourne ultimatum",1251236580,1485068256,233831676,117116005.3490
"Bourne ultimatum",1251236580,1251583140,346560,117116005.3490
"Bourne ultimatum",1251238620,1485068256,233829636,117116005.3490
"Bourne ultimatum",1251238620,1251497880,259260,117116005.3490
"Bourne ultimatum",1251310080,1485068256,233758176,117116005.3490
"Bourne ultimatum",1251310080,1252548240,1238160,117116005.3490
"Bourne ultimatum",1251317340,1485068256,233750916,117116005.3490
"Bourne ultimatum",1251317340,1252441620,1124280,117116005.3490
"Bourne ultimatum",1251318000,1485068256,233750256,117116005.3490
"Bourne ultimatum",1251318000,1252527300,1209300,117116005.3490
"Bourne ultimatum",1251324360,1485068256,233743896,117116005.3490
"Bourne ultimatum",1251324360,1251584760,260400,117116005.3490
"Bourne ultimatum",1251325500,1485068256,233742756,117116005.3490
"Bourne ultimatum",1251325500,1252976040,1650540,117116005.3490
"Bourne ultimatum",1251326760,1485068256,233741496,117116005.3490
"Bourne ultimatum",1251329100,1485068256,233739156,117116005.3490
"Bourne ultimatum",1251329100,1253293440,1964340,117116005.3490
"Bourne ultimatum",1251330000,1485068256,233738256,117116005.3490
"Bourne ultimatum",1251330000,1252455060,1125060,117116005.3490
"Bourne ultimatum",1251333600,1485068256,233734656,117116005.3490
"Bourne ultimatum",1251333600,1252622220,1288620,117116005.3490
"Bourne ultimatum",1251339120,1485068256,233729136,117116005.3490
"Bourne ultimatum",1251339120,1251669660,330540,117116005.3490
"Bourne ultimatum",1251341460,1485068256,233726796,117116005.3490
"Bourne ultimatum",1251396300,1485068256,233671956,117116005.3490
"Bourne ultimatum",1251396300,1252516440,1120140,117116005.3490
"Bourne ultimatum",1251405180,1485068256,233663076,117116005.3490
"Bourne ultimatum",1251405180,1252444020,1038840,117116005.3490
"Bourne ultimatum",1251407040,1485068256,233661216,117116005.3490
"Bourne ultimatum",1251407040,1252444440,1037400,117116005.3490
"Bourne ultimatum",1251415020,1485068256,233653236,117116005.3490
"Bourne ultimatum",1251415020,1252783740,1368720,117116005.3490
"Bourne ultimatum",1251418440,1485068256,233649816,117116005.3490
"Bourne ultimatum",1251418440,1254777780,3359340,117116005.3490
"Bourne ultimatum",1251427500,1485068256,233640756,117116005.3490
"Bourne ultimatum",1251427500,1253819460,2391960,117116005.3490
"Bourne ultimatum",1251482100,1485068256,233586156,117116005.3490
"Bourne ultimatum",1251488220,1485068256,233580036,117116005.3490
"Bourne ultimatum",1251491760,1485068256,233576496,117116005.3490
"Bourne ultimatum",1251491760,1252534260,1042500,117116005.3490
"Bourne ultimatum",1251494160,1485068256,233574096,117116005.3490
"Bourne ultimatum",1251494160,1251582000,87840,117116005.3490
"Bourne ultimatum",1251498180,1485068256,233570076,117116005.3490
"Bourne ultimatum",1251498180,1252801440,1303260,117116005.3490
"Bourne ultimatum",1251501000,1485068256,233567256,117116005.3490
"Bourne ultimatum",1251501000,1252451820,950820,117116005.3490
"Bourne ultimatum",1251503400,1485068256,233564856,117116005.3490
"Bourne ultimatum",1251503400,1253750280,2246880,117116005.3490
"Bourne ultimatum",1251573420,1485068256,233494836,117116005.3490
"Bourne ultimatum",1251574680,1485068256,233493576,117116005.3490
"Bourne ultimatum",1251574680,1252450020,875340,117116005.3490
"Bourne ultimatum",1251586020,1485068256,233482236,117116005.3490
"Bourne ultimatum",1251586020,1253146140,1560120,117116005.3490
"Bourne ultimatum",1251586740,1485068256,233481516,117116005.3490
"Bourne ultimatum",1251586740,1253321040,1734300,117116005.3490
"Bourne ultimatum",1251589920,1485068256,233478336,117116005.3490
"Bourne ultimatum",1251589920,1252522560,932640,117116005.3490
"Bourne ultimatum",1251589920,1252794240,1204320,117116005.3490
"Bourne ultimatum",1251589920,1252955520,1365600,117116005.3490
"Bourne ultimatum",1251590280,1485068256,233477976,117116005.3490
"Bourne ultimatum",1251590280,1252546440,956160,117116005.3490
"Bourne ultimatum",1251593400,1485068256,233474856,117116005.3490
"Bourne ultimatum",1251659460,1485068256,233408796,117116005.3490
"Bourne ultimatum",1251659460,1252710600,1051140,117116005.3490
"Bourne ultimatum",1251674280,1485068256,233393976,117116005.3490
"Bourne ultimatum",1251674280,1252439760,765480,117116005.3490
"Bourne ultimatum",1251676740,1485068256,233391516,117116005.3490
"Bourne ultimatum",1251676740,1253067900,1391160,117116005.3490
"Bourne ultimatum",1252435680,1485068256,232632576,117116005.3490
"Bourne ultimatum",1252435680,1255534260,3098580,117116005.3490
"Bourne ultimatum",1252443540,1485068256,232624716,117116005.3490
"Bourne ultimatum",1252443540,1253217660,774120,117116005.3490
"Bourne ultimatum",1252443840,1485068256,232624416,117116005.3490
"Bourne ultimatum",1252444020,1485068256,232624236,117116005.3490
"Bourne ultimatum",1252447140,1485068256,232621116,117116005.3490
"Bourne ultimatum",1252449420,1485068256,232618836,117116005.3490
"Bourne ultimatum",1252449420,1252538520,89100,117116005.3490
"Bourne ultimatum",1252450320,1485068256,232617936,117116005.3490
"Bourne ultimatum",1252450320,1252797240,346920,117116005.3490
"Bourne ultimatum",1252450980,1485068256,232617276,117116005.3490
"Bourne ultimatum",1252451220,1485068256,232617036,117116005.3490
"Bourne ultimatum",1252451220,1252800660,349440,117116005.3490
"Bourne ultimatum",1252452780,1485068256,232615476,117116005.3490
"Bourne ultimatum",1252452780,1254791100,2338320,117116005.3490
"Bourne ultimatum",1252532760,1485068256,232535496,117116005.3490
"Bourne ultimatum",1252536540,1485068256,232531716,117116005.3490
"Bourne ultimatum",1252538220,1485068256,232530036,117116005.3490
"Bourne ultimatum",1252538220,1252980180,441960,117116005.3490
"Bourne ultimatum",1252538880,1485068256,232529376,117116005.3490
"Bourne ultimatum",1252538880,1253056080,517200,117116005.3490
"Bourne ultimatum",1252538880,1253392620,853740,117116005.3490
"Bourne ultimatum",1252540020,1485068256,232528236,117116005.3490
"Bourne ultimatum",1252540200,1485068256,232528056,117116005.3490
"Bourne ultimatum",1252540200,1253750760,1210560,117116005.3490
"Bourne ultimatum",1252540560,1485068256,232527696,117116005.3490
"Bourne ultimatum",1252540560,1253659020,1118460,117116005.3490
"Bourne ultimatum",1252542780,1485068256,232525476,117116005.3490
"Bourne ultimatum",1252542780,1255997580,3454800,117116005.3490
"Bourne ultimatum",1252602660,1485068256,232465596,117116005.3490
"Bourne ultimatum",1252602660,1252705320,102660,117116005.3490
"Bourne ultimatum",1252614540,1485068256,232453716,117116005.3490
"Bourne ultimatum",1252614540,1253214180,599640,117116005.3490
"Bourne ultimatum",1252620000,1485068256,232448256,117116005.3490
"Bourne ultimatum",1252620000,1252977420,357420,117116005.3490
"Bourne ultimatum",1252622640,1485068256,232445616,117116005.3490
"Bourne ultimatum",1252622640,1253904720,1282080,117116005.3490
"Bourne ultimatum",1252632180,1485068256,232436076,117116005.3490
"Bourne ultimatum",1252632180,1253838600,1206420,117116005.3490
"Bourne ultimatum",1252633800,1485068256,232434456,117116005.3490
"Bourne ultimatum",1252633800,1254503340,1869540,117116005.3490
"Bourne ultimatum",1252633800,1254598200,1964400,117116005.3490
"Bourne ultimatum",1252691700,1485068256,232376556,117116005.3490
"Bourne ultimatum",1252691700,1255817040,3125340,117116005.3490
"Bourne ultimatum",1252695660,1485068256,232372596,117116005.3490
"Bourne ultimatum",1252695660,1253045160,349500,117116005.3490
"Bourne ultimatum",1252704480,1485068256,232363776,117116005.3490
"Bourne ultimatum",1252704480,1253660880,956400,117116005.3490
"Bourne ultimatum",1252706160,1485068256,232362096,117116005.3490
"Bourne ultimatum",1252706160,1253232720,526560,117116005.3490
"Bourne ultimatum",1252712820,1485068256,232355436,117116005.3490
"Bourne ultimatum",1252712820,1253756580,1043760,117116005.3490
"Bourne ultimatum",1252716120,1485068256,232352136,117116005.3490
"Bourne ultimatum",1252716120,1252794120,78000,117116005.3490
"Bourne ultimatum",1252716180,1485068256,232352076,117116005.3490
"Bourne ultimatum",1252716180,1253922300,1206120,117116005.3490
"Bourne ultimatum",1252781640,1485068256,232286616,117116005.3490
"Bourne ultimatum",1252781640,1253407380,625740,117116005.3490
"Bourne ultimatum",1252782660,1485068256,232285596,117116005.3490
"Bourne ultimatum",1252782660,1253392260,609600,117116005.3490
"Bourne ultimatum",1252783320,1485068256,232284936,117116005.3490
"Bourne ultimatum",1252783320,1254009900,1226580,117116005.3490
"Bourne ultimatum",1252787160,1485068256,232281096,117116005.3490
"Bourne ultimatum",1252793100,1485068256,232275156,117116005.3490
"Bourne ultimatum",1252793880,1485068256,232274376,117116005.3490
"Bourne ultimatum",1252794480,1485068256,232273776,117116005.3490
"Bourne ultimatum",1252794480,1253318580,524100,117116005.3490
"Bourne ultimatum",1252794480,1253385720,591240,117116005.3490
"Bourne ultimatum",1252795920,1485068256,232272336,117116005.3490
"Bourne ultimatum",1252795920,1253658240,862320,117116005.3490
"Bourne ultimatum",1252796820,1485068256,232271436,117116005.3490
"Bourne ultimatum",1252796820,1256085120,3288300,117116005.3490
"Bourne ultimatum",1252797000,1485068256,232271256,117116005.3490
"Bourne ultimatum",1252797000,1259827200,7030200,117116005.3490
"Bourne ultimatum",1252797000,1262032320,9235320,117116005.3490
"Bourne ultimatum",1252797240,1485068256,232271016,117116005.3490
"Bourne ultimatum",1252797240,1254518520,1721280,117116005.3490
"Bourne ultimatum",1252799640,1485068256,232268616,117116005.3490
"Bourne ultimatum",1252869420,1485068256,232198836,117116005.3490
"Bourne ultimatum",1252869420,1254191760,1322340,117116005.3490
"Bourne ultimatum",1252873800,1485068256,232194456,117116005.3490
"Bourne ultimatum",1252873800,1253823300,949500,117116005.3490
"Bourne ultimatum",1252953300,1485068256,232114956,117116005.3490
"Bourne ultimatum",1252953300,1253209680,256380,117116005.3490
"Bourne ultimatum",1252963620,1485068256,232104636,117116005.3490
"Bourne ultimatum",1252967940,1485068256,232100316,117116005.3490
"Bourne ultimatum",1252967940,1253582400,614460,117116005.3490
"Bourne ultimatum",1252970400,1485068256,232097856,117116005.3490
"Bourne ultimatum",1252970400,1253576940,606540,117116005.3490
"Bourne ultimatum",1252983000,1485068256,232085256,117116005.3490
"Bourne ultimatum",1252983000,1254445740,1462740,117116005.3490
"Bourne ultimatum",1252983000,1255543200,2560200,117116005.3490
"Bourne ultimatum",1252983000,1255632240,2649240,117116005.3490
"Bourne ultimatum",1253045640,1485068256,232022616,117116005.3490
"Bourne ultimatum",1253046900,1485068256,232021356,117116005.3490
"Bourne ultimatum",1253046900,1253227740,180840,117116005.3490
"Bourne ultimatum",1253048640,1485068256,232019616,117116005.3490
"Bourne ultimatum",1253048640,1253743680,695040,117116005.3490
"Bourne ultimatum",1253054100,1485068256,232014156,117116005.3490
"Bourne ultimatum",1253054100,1253659740,605640,117116005.3490
"Bourne ultimatum",1253054520,1485068256,232013736,117116005.3490
"Bourne ultimatum",1253054520,1253650500,595980,117116005.3490
"Bourne ultimatum",1253056920,1485068256,232011336,117116005.3490
"Bourne ultimatum",1253056920,1254278400,1221480,117116005.3490
"Bourne ultimatum",1253057700,1485068256,232010556,117116005.3490
"Bourne ultimatum",1253057700,1257667200,4609500,117116005.3490
"Bourne ultimatum",1253059260,1485068256,232008996,117116005.3490
"Bourne ultimatum",1253061720,1485068256,232006536,117116005.3490
"Bourne ultimatum",1253061720,1253234220,172500,117116005.3490
"Bourne ultimatum",1253062500,1485068256,232005756,117116005.3490
"Bourne ultimatum",1253066520,1485068256,232001736,117116005.3490
"Bourne ultimatum",1253069400,1485068256,231998856,117116005.3490
"Bourne ultimatum",1253122680,1485068256,231945576,117116005.3490
"Bourne ultimatum",1253122680,1253908800,786120,117116005.3490
"Bourne ultimatum",1253130540,1485068256,231937716,117116005.3490
"Bourne ultimatum",1253130540,1253565480,434940,117116005.3490
"Bourne ultimatum",1253140920,1485068256,231927336,117116005.3490
"Bourne ultimatum",1253143020,1485068256,231925236,117116005.3490
"Bourne ultimatum",1253143020,1254353040,1210020,117116005.3490
"Bourne ultimatum",1253143020,1254615180,1472160,117116005.3490
"Bourne ultimatum",1253143020,1254758460,1615440,117116005.3490
"Bourne ultimatum",1253144640,1485068256,231923616,117116005.3490
"Bourne ultimatum",1253144640,1257448680,4304040,117116005.3490
"Bourne ultimatum",1253149260,1485068256,231918996,117116005.3490
"Bourne ultimatum",1253149260,1253301060,151800,117116005.3490
"Bourne ultimatum",1253152740,1485068256,231915516,117116005.3490
"Bourne ultimatum",1253152740,1254528120,1375380,117116005.3490
"Bourne ultimatum",1253154780,1485068256,231913476,117116005.3490
"Bourne ultimatum",1253154780,1254593520,1438740,117116005.3490
"Bourne ultimatum",1253155920,1485068256,231912336,117116005.3490
"Bourne ultimatum",1253155920,1253220420,64500,117116005.3490
"Bourne ultimatum",1253155920,1253569680,413760,117116005.3490
"Bourne ultimatum",1253227260,1485068256,231840996,117116005.3490
"Bourne ultimatum",1253227260,1258681620,5454360,117116005.3490
"Bourne ultimatum",1253227560,1485068256,231840696,117116005.3490
"Bourne ultimatum",1253231340,1485068256,231836916,117116005.3490
"Bourne ultimatum",1253231340,1253317020,85680,117116005.3490
"Bourne ultimatum",1253293680,1485068256,231774576,117116005.3490
"Bourne ultimatum",1253293680,1253917500,623820,117116005.3490
"Bourne ultimatum",1253310120,1485068256,231758136,117116005.3490
"Bourne ultimatum",1253310120,1255734060,2423940,117116005.3490
"Bourne ultimatum",1253317680,1485068256,231750576,117116005.3490
"Bourne ultimatum",1253317680,1256071680,2754000,117116005.3490
"Bourne ultimatum",1253320560,1485068256,231747696,117116005.3490
"Bourne ultimatum",1253320560,1254271140,950580,117116005.3490
"Bourne ultimatum",1253385720,1485068256,231682536,117116005.3490
"Bourne ultimatum",1253385720,1253997240,611520,117116005.3490
"Bourne ultimatum",1253391240,1485068256,231677016,117116005.3490
"Bourne ultimatum",1253391240,1254613380,1222140,117116005.3490
"Bourne ultimatum",1253396220,1485068256,231672036,117116005.3490
"Bourne ultimatum",1253396220,1254507780,1111560,117116005.3490
"Bourne ultimatum",1253398980,1485068256,231669276,117116005.3490
"Bourne ultimatum",1253398980,1255648440,2249460,117116005.3490
"Bourne ultimatum",1253491320,1485068256,231576936,117116005.3490
"Bourne ultimatum",1253491320,1254525360,1034040,117116005.3490
"Bourne ultimatum",1253491680,1485068256,231576576,117116005.3490
"Bourne ultimatum",1253491680,1256084820,2593140,117116005.3490
"Bourne ultimatum",1253491680,1264656840,11165160,117116005.3490
"Bourne ultimatum",1253491680,1264704360,11212680,117116005.3490
"Bourne ultimatum",1253568240,1485068256,231500016,117116005.3490
"Bourne ultimatum",1253568240,1253742780,174540,117116005.3490
"Bourne ultimatum",1253568480,1485068256,231499776,117116005.3490
"Bourne ultimatum",1253576700,1485068256,231491556,117116005.3490
"Bourne ultimatum",1253579340,1485068256,231488916,117116005.3490
"Bourne ultimatum",1253579340,1255130940,1551600,117116005.3490
"Bourne ultimatum",1253587020,1485068256,231481236,117116005.3490
"Bourne ultimatum",1253587020,1255572300,1985280,117116005.3490
"Bourne ultimatum",1253650380,1485068256,231417876,117116005.3490
"Bourne ultimatum",1253650380,1254447300,796920,117116005.3490
"Bourne ultimatum",1253652300,1485068256,231415956,117116005.3490
"Bourne ultimatum",1253660100,1485068256,231408156,117116005.3490
"Bourne ultimatum",1253660100,1256784300,3124200,117116005.3490
"Bourne ultimatum",1253661000,1485068256,231407256,117116005.3490
"Bourne ultimatum",1253662620,1485068256,231405636,117116005.3490
"Bourne ultimatum",1253662620,1256161620,2499000,117116005.3490
"Bourne ultimatum",1253663100,1485068256,231405156,117116005.3490
"Bourne ultimatum",1253663100,1253837700,174600,117116005.3490
"Bourne ultimatum",1253664180,1485068256,231404076,117116005.3490
"Bourne ultimatum",1253664180,1255388400,1724220,117116005.3490
"Bourne ultimatum",1253671200,1485068256,231397056,117116005.3490
"Bourne ultimatum",1253671200,1253757480,86280,117116005.3490
"Bourne ultimatum",1253727060,1485068256,231341196,117116005.3490
"Bourne ultimatum",1253727060,1254693600,966540,117116005.3490
"Bourne ultimatum",1253742180,1485068256,231326076,117116005.3490
"Bourne ultimatum",1253748240,1485068256,231320016,117116005.3490
"Bourne ultimatum",1253748240,1254181020,432780,117116005.3490
"Bourne ultimatum",1253748780,1485068256,231319476,117116005.3490
"Bourne ultimatum",1253751360,1485068256,231316896,117116005.3490
"Bourne ultimatum",1253751360,1253830380,79020,117116005.3490
"Bourne ultimatum",1253752500,1485068256,231315756,117116005.3490
"Bourne ultimatum",1253754180,1485068256,231314076,117116005.3490
"Bourne ultimatum",1253757660,1485068256,231310596,117116005.3490
"Bourne ultimatum",1253757660,1254695100,937440,117116005.3490
"Bourne ultimatum",1253815080,1485068256,231253176,117116005.3490
"Bourne ultimatum",1253815080,1255291260,1476180,117116005.3490
"Bourne ultimatum",1253817780,1485068256,231250476,117116005.3490
"Bourne ultimatum",1253817780,1254778980,961200,117116005.3490
"Bourne ultimatum",1253819640,1485068256,231248616,117116005.3490
"Bourne ultimatum",1253822880,1485068256,231245376,117116005.3490
"Bourne ultimatum",1253827320,1485068256,231240936,117116005.3490
"Bourne ultimatum",1253827320,1254955620,1128300,117116005.3490
"Bourne ultimatum",1253831040,1485068256,231237216,117116005.3490
"Bourne ultimatum",1253831820,1485068256,231236436,117116005.3490
"Bourne ultimatum",1253831820,1255394580,1562760,117116005.3490
"Bourne ultimatum",1253833200,1485068256,231235056,117116005.3490
"Bourne ultimatum",1253833200,1254778440,945240,117116005.3490
"Bourne ultimatum",1253838420,1485068256,231229836,117116005.3490
"Bourne ultimatum",1253840520,1485068256,231227736,117116005.3490
"Bourne ultimatum",1253840520,1253926740,86220,117116005.3490
"Bourne ultimatum",1253842380,1485068256,231225876,117116005.3490
"Bourne ultimatum",1253842380,1263672600,9830220,117116005.3490
"Bourne ultimatum",1253844960,1485068256,231223296,117116005.3490
"Bourne ultimatum",1253844960,1254525600,680640,117116005.3490
"Bourne ultimatum",1253846220,1485068256,231222036,117116005.3490
"Bourne ultimatum",1253846220,1253919180,72960,117116005.3490
"Bourne ultimatum",1253904180,1485068256,231164076,117116005.3490
"Bourne ultimatum",1253904180,1254177900,273720,117116005.3490
"Bourne ultimatum",1253918640,1485068256,231149616,117116005.3490
"Bourne ultimatum",1253918640,1255039080,1120440,117116005.3490
"Bourne ultimatum",1253919300,1485068256,231148956,117116005.3490
"Bourne ultimatum",1253919300,1256860620,2941320,117116005.3490
"Bourne ultimatum",1253921580,1485068256,231146676,117116005.3490
"Bourne ultimatum",1253925900,1485068256,231142356,117116005.3490
"Bourne ultimatum",1253925900,1255824180,1898280,117116005.3490
"Bourne ultimatum",1253985300,1485068256,231082956,117116005.3490
"Bourne ultimatum",1253992080,1485068256,231076176,117116005.3490
"Bourne ultimatum",1253992080,1255294620,1302540,117116005.3490
"Bourne ultimatum",1253993580,1485068256,231074676,117116005.3490
"Bourne ultimatum",1253993820,1485068256,231074436,117116005.3490
"Bourne ultimatum",1254005640,1485068256,231062616,117116005.3490
"Bourne ultimatum",1254005640,1255213920,1208280,117116005.3490
"Bourne ultimatum",1254007140,1485068256,231061116,117116005.3490
"Bourne ultimatum",1254007140,1263936300,9929160,117116005.3490
"Bourne ultimatum",1254094680,1485068256,230973576,117116005.3490
"Bourne ultimatum",1254181980,1485068256,230886276,117116005.3490
"Bourne ultimatum",1254181980,1255393320,1211340,117116005.3490
"Bourne ultimatum",1254183540,1485068256,230884716,117116005.3490
"Bourne ultimatum",1254187500,1485068256,230880756,117116005.3490
"Bourne ultimatum",1254187500,1254784500,597000,117116005.3490
"Bourne ultimatum",1254188400,1485068256,230879856,117116005.3490
"Bourne ultimatum",1254188400,1255397220,1208820,117116005.3490
"Bourne ultimatum",1254188700,1485068256,230879556,117116005.3490
"Bourne ultimatum",1254188700,1255044840,856140,117116005.3490
"Bourne ultimatum",1254244860,1485068256,230823396,117116005.3490
"Bourne ultimatum",1254244860,1254848640,603780,117116005.3490
"Bourne ultimatum",1254256980,1485068256,230811276,117116005.3490
"Bourne ultimatum",1254256980,1254862380,605400,117116005.3490
"Bourne ultimatum",1254256980,1255548420,1291440,117116005.3490
"Bourne ultimatum",1254259980,1485068256,230808276,117116005.3490
"Bourne ultimatum",1254259980,1255488780,1228800,117116005.3490
"Bourne ultimatum",1254266340,1485068256,230801916,117116005.3490
"Bourne ultimatum",1254276840,1485068256,230791416,117116005.3490
"Bourne ultimatum",1254276840,1255488720,1211880,117116005.3490
"Bourne ultimatum",1254279420,1485068256,230788836,117116005.3490
"Bourne ultimatum",1254279420,1255897380,1617960,117116005.3490
"Bourne ultimatum",1254279420,1255984380,1704960,117116005.3490
"Bourne ultimatum",1254353700,1485068256,230714556,117116005.3490
"Bourne ultimatum",1254353700,1255046760,693060,117116005.3490
"Bourne ultimatum",1254356280,1485068256,230711976,117116005.3490
"Bourne ultimatum",1254438840,1485068256,230629416,117116005.3490
"Bourne ultimatum",1254438840,1254867600,428760,117116005.3490
"Bourne ultimatum",1254440520,1485068256,230627736,117116005.3490
"Bourne ultimatum",1254440520,1255199520,759000,117116005.3490
"Bourne ultimatum",1254450840,1485068256,230617416,117116005.3490
"Bourne ultimatum",1254450840,1255471920,1021080,117116005.3490
"Bourne ultimatum",1254514080,1485068256,230554176,117116005.3490
"Bourne ultimatum",1254514080,1256079420,1565340,117116005.3490
"Bourne ultimatum",1254524700,1485068256,230543556,117116005.3490
"Bourne ultimatum",1254524700,1255128240,603540,117116005.3490
"Bourne ultimatum",1254526920,1485068256,230541336,117116005.3490
"Bourne ultimatum",1254526920,1255467540,940620,117116005.3490
"Bourne ultimatum",1254529620,1485068256,230538636,117116005.3490
"Bourne ultimatum",1254529620,1255569540,1039920,117116005.3490
"Bourne ultimatum",1254531540,1485068256,230536716,117116005.3490
"Bourne ultimatum",1254531540,1255739280,1207740,117116005.3490
"Bourne ultimatum",1254613380,1485068256,230454876,117116005.3490
"Bourne ultimatum",1254613380,1255714020,1100640,117116005.3490
"Bourne ultimatum",1254616320,1485068256,230451936,117116005.3490
"Bourne ultimatum",1254689640,1485068256,230378616,117116005.3490
"Bourne ultimatum",1254689640,1255386180,696540,117116005.3490
"Bourne ultimatum",1254690120,1485068256,230378136,117116005.3490
"Bourne ultimatum",1254690120,1255395300,705180,117116005.3490
"Bourne ultimatum",1254692940,1485068256,230375316,117116005.3490
"Bourne ultimatum",1254692940,1256085360,1392420,117116005.3490
"Bourne ultimatum",1254693660,1485068256,230374596,117116005.3490
"Bourne ultimatum",1254693660,1255133940,440280,117116005.3490
"Bourne ultimatum",1254699000,1485068256,230369256,117116005.3490
"Bourne ultimatum",1254699360,1485068256,230368896,117116005.3490
"Bourne ultimatum",1254699360,1257475980,2776620,117116005.3490
"Bourne ultimatum",1254767940,1485068256,230300316,117116005.3490
"Bourne ultimatum",1254767940,1260226200,5458260,117116005.3490
"Bourne ultimatum",1254774180,1485068256,230294076,117116005.3490
"Bourne ultimatum",1254774180,1255131600,357420,117116005.3490
"Bourne ultimatum",1254774180,1255199640,425460,117116005.3490
"Bourne ultimatum",1254775740,1485068256,230292516,117116005.3490
"Bourne ultimatum",1254775740,1254962460,186720,117116005.3490
"Bourne ultimatum",1254775740,1255138860,363120,117116005.3490
"Bourne ultimatum",1254775740,1255194900,419160,117116005.3490
"Bourne ultimatum",1254776280,1485068256,230291976,117116005.3490
"Bourne ultimatum",1254776280,1255486560,710280,117116005.3490
"Bourne ultimatum",1254776280,1255800000,1023720,117116005.3490
"Bourne ultimatum",1254776280,1255992900,1216620,117116005.3490
"Bourne ultimatum",1254776280,1256084040,1307760,117116005.3490
"Bourne ultimatum",1254785820,1485068256,230282436,117116005.3490
"Bourne ultimatum",1254785820,1256945400,2159580,117116005.3490
"Bourne ultimatum",1254789780,1485068256,230278476,117116005.3490
"Bourne ultimatum",1254789780,1256087940,1298160,117116005.3490
"Bourne ultimatum",1254796380,1485068256,230271876,117116005.3490
"Bourne ultimatum",1254797880,1485068256,230270376,117116005.3490
"Bourne ultimatum",1254870360,1485068256,230197896,117116005.3490
"Bourne ultimatum",1254871860,1485068256,230196396,117116005.3490
"Bourne ultimatum",1254871860,1255477020,605160,117116005.3490
"Bourne ultimatum",1254873600,1485068256,230194656,117116005.3490
"Bourne ultimatum",1254879780,1485068256,230188476,117116005.3490
"Bourne ultimatum",1254879780,1259827200,4947420,117116005.3490
"Bourne ultimatum",1254948720,1485068256,230119536,117116005.3490
"Bourne ultimatum",1254948720,1256762280,1813560,117116005.3490
"Bourne ultimatum",1254950940,1485068256,230117316,117116005.3490
"Bourne ultimatum",1254950940,1255993440,1042500,117116005.3490
"Bourne ultimatum",1254955740,1485068256,230112516,117116005.3490
"Bourne ultimatum",1255024260,1485068256,230043996,117116005.3490
"Bourne ultimatum",1255037220,1485068256,230031036,117116005.3490
"Bourne ultimatum",1255037220,1258064940,3027720,117116005.3490
"Bourne ultimatum",1255037280,1485068256,230030976,117116005.3490
"Bourne ultimatum",1255037280,1259188500,4151220,117116005.3490
"Bourne ultimatum",1255037280,1259381820,4344540,117116005.3490
"Bourne ultimatum",1255037280,1259606220,4568940,117116005.3490
"Bourne ultimatum",1255040760,1485068256,230027496,117116005.3490
"Bourne ultimatum",1255040760,1255638360,597600,117116005.3490
"Bourne ultimatum",1255040760,1255999980,959220,117116005.3490
"Bourne ultimatum",1255043280,1485068256,230024976,117116005.3490
"Bourne ultimatum",1255043280,1255481340,438060,117116005.3490
"Bourne ultimatum",1255043580,1485068256,230024676,117116005.3490
"Bourne ultimatum",1255043580,1256259060,1215480,117116005.3490
"Bourne ultimatum",1255044420,1485068256,230023836,117116005.3490
"Bourne ultimatum",1255044420,1257019740,1975320,117116005.3490
"Bourne ultimatum",1255045200,1485068256,230023056,117116005.3490
"Bourne ultimatum",1255045200,1255985340,940140,117116005.3490
"Bourne ultimatum",1255112160,1485068256,229956096,117116005.3490
"Bourne ultimatum",1255126320,1485068256,229941936,117116005.3490
"Bourne ultimatum",1255132080,1485068256,229936176,117116005.3490
"Bourne ultimatum",1255132080,1257023280,1891200,117116005.3490
"Bourne ultimatum",1255133940,1485068256,229934316,117116005.3490
"Bourne ultimatum",1255133940,1258753080,3619140,117116005.3490
"Bourne ultimatum",1255135320,1485068256,229932936,117116005.3490
"Bourne ultimatum",1255135320,1255807500,672180,117116005.3490
"Bourne ultimatum",1255136220,1485068256,229932036,117116005.3490
"Bourne ultimatum",1255195140,1485068256,229873116,117116005.3490
"Bourne ultimatum",1255195140,1485068256,229873116,117116005.3490
"Bourne ultimatum",1255195140,1255820400,625260,117116005.3490
"Bourne ultimatum",1255195140,1256153040,957900,117116005.3490
"Bourne ultimatum",1255196640,1485068256,229871616,117116005.3490
"Bourne ultimatum",1255196640,1257457200,2260560,117116005.3490
"Bourne ultimatum",1255200300,1485068256,229867956,117116005.3490
"Bourne ultimatum",1255200300,1255630560,430260,117116005.3490
"Bourne ultimatum",1255202460,1485068256,229865796,117116005.3490
"Bourne ultimatum",1255202460,1256331900,1129440,117116005.3490
"Bourne ultimatum",1255204620,1485068256,229863636,117116005.3490
"Bourne ultimatum",1255204620,1256756520,1551900,117116005.3490
"Bourne ultimatum",1255206480,1485068256,229861776,117116005.3490
"Bourne ultimatum",1255206480,1255386480,180000,117116005.3490
"Bourne ultimatum",1255214640,1485068256,229853616,117116005.3490
"Bourne ultimatum",1255214640,1255571040,356400,117116005.3490
"Bourne ultimatum",1255214640,1255807500,592860,117116005.3490
"Bourne ultimatum",1255218060,1485068256,229850196,117116005.3490
"Bourne ultimatum",1255218060,1256092260,874200,117116005.3490
"Bourne ultimatum",1255222380,1485068256,229845876,117116005.3490
"Bourne ultimatum",1255222380,1255733880,511500,117116005.3490
"Bourne ultimatum",1255293720,1485068256,229774536,117116005.3490
"Bourne ultimatum",1255293720,1255649400,355680,117116005.3490
"Bourne ultimatum",1255302540,1485068256,229765716,117116005.3490
"Bourne ultimatum",1255302540,1255820880,518340,117116005.3490
"Bourne ultimatum",1255304760,1485068256,229763496,117116005.3490
"Bourne ultimatum",1255304760,1256343720,1038960,117116005.3490
"Bourne ultimatum",1255380060,1485068256,229688196,117116005.3490
"Bourne ultimatum",1255380060,1257377220,1997160,117116005.3490
"Bourne ultimatum",1255380600,1485068256,229687656,117116005.3490
"Bourne ultimatum",1255382760,1485068256,229685496,117116005.3490
"Bourne ultimatum",1255386300,1485068256,229681956,117116005.3490
"Bourne ultimatum",1255386300,1256419380,1033080,117116005.3490
"Bourne ultimatum",1255394340,1485068256,229673916,117116005.3490
"Bourne ultimatum",1255394340,1260345600,4951260,117116005.3490
"Bourne ultimatum",1255394340,1264198860,8804520,117116005.3490
"Bourne ultimatum",1255395660,1485068256,229672596,117116005.3490
"Bourne ultimatum",1255396740,1485068256,229671516,117116005.3490
"Bourne ultimatum",1255396740,1257120060,1723320,117116005.3490
"Bourne ultimatum",1255397280,1485068256,229670976,117116005.3490
"Bourne ultimatum",1255397280,1256608620,1211340,117116005.3490
"Bourne ultimatum",1255402080,1485068256,229666176,117116005.3490
"Bourne ultimatum",1255402080,1256245980,843900,117116005.3490
"Bourne ultimatum",1255458780,1485068256,229609476,117116005.3490
"Bourne ultimatum",1255464900,1485068256,229603356,117116005.3490
"Bourne ultimatum",1255464900,1255727700,262800,117116005.3490
"Bourne ultimatum",1255470360,1485068256,229597896,117116005.3490
"Bourne ultimatum",1255470360,1256072880,602520,117116005.3490
"Bourne ultimatum",1255470540,1485068256,229597716,117116005.3490
"Bourne ultimatum",1255470540,1256167980,697440,117116005.3490
"Bourne ultimatum",1255472640,1485068256,229595616,117116005.3490
"Bourne ultimatum",1255472640,1255721400,248760,117116005.3490
"Bourne ultimatum",1255484280,1485068256,229583976,117116005.3490
"Bourne ultimatum",1255484280,1256691840,1207560,117116005.3490
"Bourne ultimatum",1255488480,1485068256,229579776,117116005.3490
"Bourne ultimatum",1255488480,1258764780,3276300,117116005.3490
"Bourne ultimatum",1255489140,1485068256,229579116,117116005.3490
"Bourne ultimatum",1255489140,1256005380,516240,117116005.3490
"Bourne ultimatum",1255541760,1485068256,229526496,117116005.3490
"Bourne ultimatum",1255541760,1255716000,174240,117116005.3490
"Bourne ultimatum",1255542060,1485068256,229526196,117116005.3490
"Bourne ultimatum",1255553520,1485068256,229514736,117116005.3490
"Bourne ultimatum",1255553520,1255720800,167280,117116005.3490
"Bourne ultimatum",1255560660,1485068256,229507596,117116005.3490
"Bourne ultimatum",1255560660,1256682000,1121340,117116005.3490
"Bourne ultimatum",1255644180,1485068256,229424076,117116005.3490
"Bourne ultimatum",1255644180,1255813260,169080,117116005.3490
"Bourne ultimatum",1255654440,1485068256,229413816,117116005.3490
"Bourne ultimatum",1255654440,1257618720,1964280,117116005.3490
"Bourne ultimatum",1255657920,1485068256,229410336,117116005.3490
"Bourne ultimatum",1255716420,1485068256,229351836,117116005.3490
"Bourne ultimatum",1255716420,1256321460,605040,117116005.3490
"Bourne ultimatum",1255731900,1485068256,229336356,117116005.3490
"Bourne ultimatum",1255734000,1485068256,229334256,117116005.3490
"Bourne ultimatum",1255734000,1256606160,872160,117116005.3490
"Bourne ultimatum",1255736880,1485068256,229331376,117116005.3490
"Bourne ultimatum",1255739940,1485068256,229328316,117116005.3490
"Bourne ultimatum",1255739940,1256320920,580980,117116005.3490
"Bourne ultimatum",1255803900,1485068256,229264356,117116005.3490
"Bourne ultimatum",1255803900,1256846460,1042560,117116005.3490
"Bourne ultimatum",1255803900,1257021120,1217220,117116005.3490
"Bourne ultimatum",1255803900,1257182640,1378740,117116005.3490
"Bourne ultimatum",1255814160,1485068256,229254096,117116005.3490
"Bourne ultimatum",1255816860,1485068256,229251396,117116005.3490
"Bourne ultimatum",1255818900,1485068256,229249356,117116005.3490
"Bourne ultimatum",1255818900,1255992600,173700,117116005.3490
"Bourne ultimatum",1255821780,1485068256,229246476,117116005.3490
"Bourne ultimatum",1255821780,1259722680,3900900,117116005.3490
"Bourne ultimatum",1255895640,1485068256,229172616,117116005.3490
"Bourne ultimatum",1255895640,1255985520,89880,117116005.3490
"Bourne ultimatum",1255896120,1485068256,229172136,117116005.3490
"Bourne ultimatum",1255896120,1256425380,529260,117116005.3490
"Bourne ultimatum",1255898880,1485068256,229169376,117116005.3490
"Bourne ultimatum",1255898880,1256411880,513000,117116005.3490
"Bourne ultimatum",1255909740,1485068256,229158516,117116005.3490
"Bourne ultimatum",1255993020,1485068256,229075236,117116005.3490
"Bourne ultimatum",1255996500,1485068256,229071756,117116005.3490
"Bourne ultimatum",1255996500,1257022440,1025940,117116005.3490
"Bourne ultimatum",1255998840,1485068256,229069416,117116005.3490
"Bourne ultimatum",1255999380,1485068256,229068876,117116005.3490
"Bourne ultimatum",1255999380,1256337180,337800,117116005.3490
"Bourne ultimatum",1256000100,1485068256,229068156,117116005.3490
"Bourne ultimatum",1256000100,1256413740,413640,117116005.3490
"Bourne ultimatum",1256000880,1485068256,229067376,117116005.3490
"Bourne ultimatum",1256005920,1485068256,229062336,117116005.3490
"Bourne ultimatum",1256006100,1485068256,229062156,117116005.3490
"Bourne ultimatum",1256007000,1485068256,229061256,117116005.3490
"Bourne ultimatum",1256069880,1485068256,228998376,117116005.3490
"Bourne ultimatum",1256069880,1256245080,175200,117116005.3490
"Bourne ultimatum",1256074980,1485068256,228993276,117116005.3490
"Bourne ultimatum",1256074980,1256333580,258600,117116005.3490
"Bourne ultimatum",1256079000,1485068256,228989256,117116005.3490
"Bourne ultimatum",1256079000,1256596860,517860,117116005.3490
"Bourne ultimatum",1256080800,1485068256,228987456,117116005.3490
"Bourne ultimatum",1256084160,1485068256,228984096,117116005.3490
"Bourne ultimatum",1256084160,1256772000,687840,117116005.3490
"Bourne ultimatum",1256092740,1485068256,228975516,117116005.3490
"Bourne ultimatum",1256092740,1257554040,1461300,117116005.3490
"Bourne ultimatum",1256092740,1257657840,1565100,117116005.3490
"Bourne ultimatum",1256092740,1257806280,1713540,117116005.3490
"Bourne ultimatum",1256093040,1485068256,228975216,117116005.3490
"Bourne ultimatum",1256154660,1485068256,228913596,117116005.3490
"Bourne ultimatum",1256154660,1256590440,435780,117116005.3490
"Bourne ultimatum",1256158800,1485068256,228909456,117116005.3490
"Bourne ultimatum",1256158800,1257282780,1123980,117116005.3490
"Bourne ultimatum",1256159700,1485068256,228908556,117116005.3490
"Bourne ultimatum",1256159700,1256237460,77760,117116005.3490
"Bourne ultimatum",1256168340,1485068256,228899916,117116005.3490
"Bourne ultimatum",1256168340,1256676960,508620,117116005.3490
"Bourne ultimatum",1256171940,1485068256,228896316,117116005.3490
"Bourne ultimatum",1256173080,1485068256,228895176,117116005.3490
"Bourne ultimatum",1256173080,1256612100,439020,117116005.3490
"Bourne ultimatum",1256173140,1485068256,228895116,117116005.3490
"Bourne ultimatum",1256173440,1485068256,228894816,117116005.3490
"Bourne ultimatum",1256173440,1257302640,1129200,117116005.3490
"Bourne ultimatum",1256175720,1485068256,228892536,117116005.3490
"Bourne ultimatum",1256175720,1257292740,1117020,117116005.3490
"Bourne ultimatum",1256178960,1485068256,228889296,117116005.3490
"Bourne ultimatum",1256178960,1257721980,1543020,117116005.3490
"Bourne ultimatum",1256180460,1485068256,228887796,117116005.3490
"Bourne ultimatum",1256180460,1258230720,2050260,117116005.3490
"Bourne ultimatum",1256235960,1485068256,228832296,117116005.3490
"Bourne ultimatum",1256235960,1256586840,350880,117116005.3490
"Bourne ultimatum",1256237640,1485068256,228830616,117116005.3490
"Bourne ultimatum",1256237640,1256338020,100380,117116005.3490
"Bourne ultimatum",1256239740,1485068256,228828516,117116005.3490
"Bourne ultimatum",1256239740,1258236900,1997160,117116005.3490
"Bourne ultimatum",1256248200,1485068256,228820056,117116005.3490
"Bourne ultimatum",1256248200,1257458880,1210680,117116005.3490
"Bourne ultimatum",1256252400,1485068256,228815856,117116005.3490
"Bourne ultimatum",1256252400,1257457440,1205040,117116005.3490
"Bourne ultimatum",1256252520,1485068256,228815736,117116005.3490
"Bourne ultimatum",1256252520,1258148940,1896420,117116005.3490
"Bourne ultimatum",1256262660,1485068256,228805596,117116005.3490
"Bourne ultimatum",1256342460,1485068256,228725796,117116005.3490
"Bourne ultimatum",1256342460,1256418540,76080,117116005.3490
"Bourne ultimatum",1256343480,1485068256,228724776,117116005.3490
"Bourne ultimatum",1256343480,1256869260,525780,117116005.3490
"Bourne ultimatum",1256345880,1485068256,228722376,117116005.3490
"Bourne ultimatum",1256408280,1485068256,228659976,117116005.3490
"Bourne ultimatum",1256408280,1256775840,367560,117116005.3490
"Bourne ultimatum",1256411280,1485068256,228656976,117116005.3490
"Bourne ultimatum",1256411280,1257294120,882840,117116005.3490
"Bourne ultimatum",1256419260,1485068256,228648996,117116005.3490
"Bourne ultimatum",1256419260,1258846620,2427360,117116005.3490
"Bourne ultimatum",1256419980,1485068256,228648276,117116005.3490
"Bourne ultimatum",1256421900,1485068256,228646356,117116005.3490
"Bourne ultimatum",1256421900,1256859240,437340,117116005.3490
"Bourne ultimatum",1256423460,1485068256,228644796,117116005.3490
"Bourne ultimatum",1256431140,1485068256,228637116,117116005.3490
"Bourne ultimatum",1256431140,1256854920,423780,117116005.3490
"Bourne ultimatum",1256505960,1485068256,228562296,117116005.3490
"Bourne ultimatum",1256505960,1256779440,273480,117116005.3490
"Bourne ultimatum",1256506680,1485068256,228561576,117116005.3490
"Bourne ultimatum",1256506680,1257205140,698460,117116005.3490
"Bourne ultimatum",1256508840,1485068256,228559416,117116005.3490
"Bourne ultimatum",1256587800,1485068256,228480456,117116005.3490
"Bourne ultimatum",1256587800,1257808440,1220640,117116005.3490
"Bourne ultimatum",1256590500,1485068256,228477756,117116005.3490
"Bourne ultimatum",1256590500,1256758620,168120,117116005.3490
"Bourne ultimatum",1256592840,1485068256,228475416,117116005.3490
"Bourne ultimatum",1256599080,1485068256,228469176,117116005.3490
"Bourne ultimatum",1256599080,1257711780,1112700,117116005.3490
"Bourne ultimatum",1256601840,1485068256,228466416,117116005.3490
"Bourne ultimatum",1256601840,1256862540,260700,117116005.3490
"Bourne ultimatum",1256602500,1485068256,228465756,117116005.3490
"Bourne ultimatum",1256602500,1257804840,1202340,117116005.3490
"Bourne ultimatum",1256602620,1485068256,228465636,117116005.3490
"Bourne ultimatum",1256602620,1257556320,953700,117116005.3490
"Bourne ultimatum",1256611920,1485068256,228456336,117116005.3490
"Bourne ultimatum",1256611920,1257214020,602100,117116005.3490
"Bourne ultimatum",1256663460,1485068256,228404796,117116005.3490
"Bourne ultimatum",1256663460,1257271680,608220,117116005.3490
"Bourne ultimatum",1256663460,1257360960,697500,117116005.3490
"Bourne ultimatum",1256681340,1485068256,228386916,117116005.3490
"Bourne ultimatum",1256681340,1259972400,3291060,117116005.3490
"Bourne ultimatum",1256684820,1485068256,228383436,117116005.3490
"Bourne ultimatum",1256687820,1485068256,228380436,117116005.3490
"Bourne ultimatum",1256687820,1256763900,76080,117116005.3490
"Bourne ultimatum",1256695500,1485068256,228372756,117116005.3490
"Bourne ultimatum",1256698740,1485068256,228369516,117116005.3490
"Bourne ultimatum",1256698740,1258925280,2226540,117116005.3490
"Bourne ultimatum",1256698740,1259179740,2481000,117116005.3490
"Bourne ultimatum",1256759520,1485068256,228308736,117116005.3490
"Bourne ultimatum",1256761740,1485068256,228306516,117116005.3490
"Bourne ultimatum",1256761740,1258577220,1815480,117116005.3490
"Bourne ultimatum",1256761740,1258683840,1922100,117116005.3490
"Bourne ultimatum",1256761740,1258743660,1981920,117116005.3490
"Bourne ultimatum",1256767560,1485068256,228300696,117116005.3490
"Bourne ultimatum",1256767560,1257026040,258480,117116005.3490
"Bourne ultimatum",1256767800,1485068256,228300456,117116005.3490
"Bourne ultimatum",1256767800,1256947080,179280,117116005.3490
"Bourne ultimatum",1256768700,1485068256,228299556,117116005.3490
"Bourne ultimatum",1256768700,1257198600,429900,117116005.3490
"Bourne ultimatum",1256774400,1485068256,228293856,117116005.3490
"Bourne ultimatum",1256775300,1485068256,228292956,117116005.3490
"Bourne ultimatum",1256784720,1485068256,228283536,117116005.3490
"Bourne ultimatum",1256784720,1257369300,584580,117116005.3490
"Bourne ultimatum",1256837640,1485068256,228230616,117116005.3490
"Bourne ultimatum",1256837640,1258068180,1230540,117116005.3490
"Bourne ultimatum",1256851080,1485068256,228217176,117116005.3490
"Bourne ultimatum",1256851080,1257113100,262020,117116005.3490
"Bourne ultimatum",1256852340,1485068256,228215916,117116005.3490
"Bourne ultimatum",1256853480,1485068256,228214776,117116005.3490
"Bourne ultimatum",1256854200,1485068256,228214056,117116005.3490
"Bourne ultimatum",1256854200,1258061400,1207200,117116005.3490
"Bourne ultimatum",1256858340,1485068256,228209916,117116005.3490
"Bourne ultimatum",1256858340,1256941380,83040,117116005.3490
"Bourne ultimatum",1256860620,1485068256,228207636,117116005.3490
"Bourne ultimatum",1256862000,1485068256,228206256,117116005.3490
"Bourne ultimatum",1256862000,1257728100,866100,117116005.3490
"Bourne ultimatum",1256862420,1485068256,228205836,117116005.3490
"Bourne ultimatum",1256862420,1258076400,1213980,117116005.3490
"Bourne ultimatum",1256871300,1485068256,228196956,117116005.3490
"Bourne ultimatum",1256871300,1257643980,772680,117116005.3490
"Bourne ultimatum",1256938800,1485068256,228129456,117116005.3490
"Bourne ultimatum",1256941980,1485068256,228126276,117116005.3490
"Bourne ultimatum",1256941980,1257804660,862680,117116005.3490
"Bourne ultimatum",1256948280,1485068256,228119976,117116005.3490
"Bourne ultimatum",1256948280,1257016080,67800,117116005.3490
"Bourne ultimatum",1256949780,1485068256,228118476,117116005.3490
"Bourne ultimatum",1256949780,1257557520,607740,117116005.3490
"Bourne ultimatum",1257018780,1485068256,228049476,117116005.3490
"Bourne ultimatum",1257021000,1485068256,228047256,117116005.3490
"Bourne ultimatum",1257021000,1485068256,228047256,117116005.3490
"Bourne ultimatum",1257021000,1257544680,523680,117116005.3490
"Bourne ultimatum",1257021000,1257643380,622380,117116005.3490
"Bourne ultimatum",1257023340,1485068256,228044916,117116005.3490
"Bourne ultimatum",1257023700,1485068256,228044556,117116005.3490
"Bourne ultimatum",1257032100,1485068256,228036156,117116005.3490
"Bourne ultimatum",1257032100,1260235080,3202980,117116005.3490
"Bourne ultimatum",1257110700,1485068256,227957556,117116005.3490
"Bourne ultimatum",1257110700,1257556080,445380,117116005.3490
"Bourne ultimatum",1257122640,1485068256,227945616,117116005.3490
"Bourne ultimatum",1257122640,1257388560,265920,117116005.3490
"Bourne ultimatum",1257123180,1485068256,227945076,117116005.3490
"Bourne ultimatum",1257123180,1258331760,1208580,117116005.3490
"Bourne ultimatum",1257123540,1485068256,227944716,117116005.3490
"Bourne ultimatum",1257123540,1257298560,175020,117116005.3490
"Bourne ultimatum",1257126540,1485068256,227941716,117116005.3490
"Bourne ultimatum",1257126540,1257209880,83340,117116005.3490
"Bourne ultimatum",1257197520,1485068256,227870736,117116005.3490
"Bourne ultimatum",1257197520,1258414980,1217460,117116005.3490
"Bourne ultimatum",1257198180,1485068256,227870076,117116005.3490
"Bourne ultimatum",1257198180,1258496100,1297920,117116005.3490
"Bourne ultimatum",1257205320,1485068256,227862936,117116005.3490
"Bourne ultimatum",1257205320,1257638100,432780,117116005.3490
"Bourne ultimatum",1257208020,1485068256,227860236,117116005.3490
"Bourne ultimatum",1257208020,1258756260,1548240,117116005.3490
"Bourne ultimatum",1257208140,1485068256,227860116,117116005.3490
"Bourne ultimatum",1257208140,1257555840,347700,117116005.3490
"Bourne ultimatum",1257209940,1485068256,227858316,117116005.3490
"Bourne ultimatum",1257209940,1257809940,600000,117116005.3490
"Bourne ultimatum",1257271440,1485068256,227796816,117116005.3490
"Bourne ultimatum",1257271440,1257877020,605580,117116005.3490
"Bourne ultimatum",1257282480,1485068256,227785776,117116005.3490
"Bourne ultimatum",1257282480,1258512420,1229940,117116005.3490
"Bourne ultimatum",1257285540,1485068256,227782716,117116005.3490
"Bourne ultimatum",1257285540,1257635100,349560,117116005.3490
"Bourne ultimatum",1257288060,1485068256,227780196,117116005.3490
"Bourne ultimatum",1257289020,1485068256,227779236,117116005.3490
"Bourne ultimatum",1257289020,1257543600,254580,117116005.3490
"Bourne ultimatum",1257293040,1485068256,227775216,117116005.3490
"Bourne ultimatum",1257293040,1258229760,936720,117116005.3490
"Bourne ultimatum",1257296040,1485068256,227772216,117116005.3490
"Bourne ultimatum",1257296040,1257455820,159780,117116005.3490
"Bourne ultimatum",1257298200,1485068256,227770056,117116005.3490
"Bourne ultimatum",1257298200,1258672500,1374300,117116005.3490
"Bourne ultimatum",1257303360,1485068256,227764896,117116005.3490
"Bourne ultimatum",1257303360,1258574100,1270740,117116005.3490
"Bourne ultimatum",1257359040,1485068256,227709216,117116005.3490
"Bourne ultimatum",1257359040,1257379200,20160,117116005.3490
"Bourne ultimatum",1257370200,1485068256,227698056,117116005.3490
"Bourne ultimatum",1257370200,1258228740,858540,117116005.3490
"Bourne ultimatum",1257373140,1485068256,227695116,117116005.3490
"Bourne ultimatum",1257373140,1257897180,524040,117116005.3490
"Bourne ultimatum",1257374220,1485068256,227694036,117116005.3490
"Bourne ultimatum",1257376440,1485068256,227691816,117116005.3490
"Bourne ultimatum",1257376440,1258595280,1218840,117116005.3490
"Bourne ultimatum",1257380340,1485068256,227687916,117116005.3490
"Bourne ultimatum",1257380340,1258060560,680220,117116005.3490
"Bourne ultimatum",1257380580,1485068256,227687676,117116005.3490
"Bourne ultimatum",1257380580,1258511040,1130460,117116005.3490
"Bourne ultimatum",1257447960,1485068256,227620296,117116005.3490
"Bourne ultimatum",1257447960,1259863500,2415540,117116005.3490
"Bourne ultimatum",1257452460,1485068256,227615796,117116005.3490
"Bourne ultimatum",1257452460,1258501800,1049340,117116005.3490
"Bourne ultimatum",1257454620,1485068256,227613636,117116005.3490
"Bourne ultimatum",1257458040,1485068256,227610216,117116005.3490
"Bourne ultimatum",1257472800,1485068256,227595456,117116005.3490
"Bourne ultimatum",1257472800,1258664340,1191540,117116005.3490
"Bourne ultimatum",1257475680,1485068256,227592576,117116005.3490
"Bourne ultimatum",1257534720,1485068256,227533536,117116005.3490
"Bourne ultimatum",1257534900,1485068256,227533356,117116005.3490
"Bourne ultimatum",1257534900,1257893520,358620,117116005.3490
"Bourne ultimatum",1257538680,1485068256,227529576,117116005.3490
"Bourne ultimatum",1257538680,1258489500,950820,117116005.3490
"Bourne ultimatum",1257538680,1258575240,1036560,117116005.3490
"Bourne ultimatum",1257539940,1485068256,227528316,117116005.3490
"Bourne ultimatum",1257539940,1258662240,1122300,117116005.3490
"Bourne ultimatum",1257551280,1485068256,227516976,117116005.3490
"Bourne ultimatum",1257552420,1485068256,227515836,117116005.3490
"Bourne ultimatum",1257552420,1258411620,859200,117116005.3490
"Bourne ultimatum",1257552960,1485068256,227515296,117116005.3490
"Bourne ultimatum",1257552960,1485068256,227515296,117116005.3490
"Bourne ultimatum",1257552960,1259033100,1480140,117116005.3490
"Bourne ultimatum",1257554520,1485068256,227513736,117116005.3490
"Bourne ultimatum",1257559140,1485068256,227509116,117116005.3490
"Bourne ultimatum",1257559140,1258592940,1033800,117116005.3490
"Bourne ultimatum",1257619380,1485068256,227448876,117116005.3490
"Bourne ultimatum",1257619380,1257801900,182520,117116005.3490
"Bourne ultimatum",1257619800,1485068256,227448456,117116005.3490
"Bourne ultimatum",1257619800,1258595880,976080,117116005.3490
"Bourne ultimatum",1257622800,1485068256,227445456,117116005.3490
"Bourne ultimatum",1257622800,1258502820,880020,117116005.3490
"Bourne ultimatum",1257623460,1485068256,227444796,117116005.3490
"Bourne ultimatum",1257623460,1258316520,693060,117116005.3490
"Bourne ultimatum",1257624960,1485068256,227443296,117116005.3490
"Bourne ultimatum",1257624960,1257721800,96840,117116005.3490
"Bourne ultimatum",1257636600,1485068256,227431656,117116005.3490
"Bourne ultimatum",1257636600,1259528160,1891560,117116005.3490
"Bourne ultimatum",1257636960,1485068256,227431296,117116005.3490
"Bourne ultimatum",1257636960,1259107560,1470600,117116005.3490
"Bourne ultimatum",1257641880,1485068256,227426376,117116005.3490
"Bourne ultimatum",1257644640,1485068256,227423616,117116005.3490
"Bourne ultimatum",1257714000,1485068256,227354256,117116005.3490
"Bourne ultimatum",1257714000,1258574160,860160,117116005.3490
"Bourne ultimatum",1257716100,1485068256,227352156,117116005.3490
"Bourne ultimatum",1257716100,1258848360,1132260,117116005.3490
"Bourne ultimatum",1257716340,1485068256,227351916,117116005.3490
"Bourne ultimatum",1257716340,1258325880,609540,117116005.3490
"Bourne ultimatum",1257721560,1485068256,227346696,117116005.3490
"Bourne ultimatum",1257721560,1258933920,1212360,117116005.3490
"Bourne ultimatum",1257727440,1485068256,227340816,117116005.3490
"Bourne ultimatum",1257801360,1485068256,227266896,117116005.3490
"Bourne ultimatum",1257801360,1258155900,354540,117116005.3490
"Bourne ultimatum",1257804480,1485068256,227263776,117116005.3490
"Bourne ultimatum",1257806160,1485068256,227262096,117116005.3490
"Bourne ultimatum",1257806160,1257894420,88260,117116005.3490
"Bourne ultimatum",1257814140,1485068256,227254116,117116005.3490
"Bourne ultimatum",1257815160,1485068256,227253096,117116005.3490
"Bourne ultimatum",1257815160,1258848120,1032960,117116005.3490
"Bourne ultimatum",1257818640,1485068256,227249616,117116005.3490
"Bourne ultimatum",1257818640,1485068256,227249616,117116005.3490
"Bourne ultimatum",1257818640,1258674840,856200,117116005.3490
"Bourne ultimatum",1257819060,1485068256,227249196,117116005.3490
"Bourne ultimatum",1257819060,1258930800,1111740,117116005.3490
"Bourne ultimatum",1257820200,1485068256,227248056,117116005.3490
"Bourne ultimatum",1257820200,1258232520,412320,117116005.3490
"Bourne ultimatum",1257870300,1485068256,227197956,117116005.3490
"Bourne ultimatum",1257870300,1260313800,2443500,117116005.3490
"Bourne ultimatum",1257897060,1485068256,227171196,117116005.3490
"Bourne ultimatum",1257897060,1258761540,864480,117116005.3490
"Bourne ultimatum",1257897120,1485068256,227171136,117116005.3490
"Bourne ultimatum",1257897120,1258501800,604680,117116005.3490
"Bourne ultimatum",1257897360,1485068256,227170896,117116005.3490
"Bourne ultimatum",1257897360,1259010120,1112760,117116005.3490
"Bourne ultimatum",1257899280,1485068256,227168976,117116005.3490
"Bourne ultimatum",1257899280,1258234560,335280,117116005.3490
"Bourne ultimatum",1257905760,1485068256,227162496,117116005.3490
"Bourne ultimatum",1257905760,1259203860,1298100,117116005.3490
"Bourne ultimatum",1257905940,1485068256,227162316,117116005.3490
"Bourne ultimatum",1257905940,1260055500,2149560,117116005.3490
"Bourne ultimatum",1257910980,1485068256,227157276,117116005.3490
"Bourne ultimatum",1257910980,1259117580,1206600,117116005.3490
"Bourne ultimatum",1258051500,1485068256,227016756,117116005.3490
"Bourne ultimatum",1258051500,1259874120,1822620,117116005.3490
"Bourne ultimatum",1258051500,1260418680,2367180,117116005.3490
"Bourne ultimatum",1258051500,1260573840,2522340,117116005.3490
"Bourne ultimatum",1258064640,1485068256,227003616,117116005.3490
"Bourne ultimatum",1258064640,1258515060,450420,117116005.3490
"Bourne ultimatum",1258065420,1485068256,227002836,117116005.3490
"Bourne ultimatum",1258065420,1259098560,1033140,117116005.3490
"Bourne ultimatum",1258069860,1485068256,226998396,117116005.3490
"Bourne ultimatum",1258069860,1259365260,1295400,117116005.3490
"Bourne ultimatum",1258072680,1485068256,226995576,117116005.3490
"Bourne ultimatum",1258074900,1485068256,226993356,117116005.3490
"Bourne ultimatum",1258074900,1259891520,1816620,117116005.3490
"Bourne ultimatum",1258075860,1485068256,226992396,117116005.3490
"Bourne ultimatum",1258075860,1258493820,417960,117116005.3490
"Bourne ultimatum",1258078140,1485068256,226990116,117116005.3490
"Bourne ultimatum",1258078140,1258424340,346200,117116005.3490
"Bourne ultimatum",1258078140,1258507200,429060,117116005.3490
"Bourne ultimatum",1258078140,1258658460,580320,117116005.3490
"Bourne ultimatum",1258152300,1485068256,226915956,117116005.3490
"Bourne ultimatum",1258152300,1258335120,182820,117116005.3490
"Bourne ultimatum",1258152300,1258483080,330780,117116005.3490
"Bourne ultimatum",1258152780,1485068256,226915476,117116005.3490
"Bourne ultimatum",1258163400,1485068256,226904856,117116005.3490
"Bourne ultimatum",1258163400,1259364000,1200600,117116005.3490
"Bourne ultimatum",1258233780,1485068256,226834476,117116005.3490
"Bourne ultimatum",1258233780,1258838700,604920,117116005.3490
"Bourne ultimatum",1258236960,1485068256,226831296,117116005.3490
"Bourne ultimatum",1258236960,1259365800,1128840,117116005.3490
"Bourne ultimatum",1258240500,1485068256,226827756,117116005.3490
"Bourne ultimatum",1258240500,1259193660,953160,117116005.3490
"Bourne ultimatum",1258241100,1485068256,226827156,117116005.3490
"Bourne ultimatum",1258241100,1258413000,171900,117116005.3490
"Bourne ultimatum",1258317420,1485068256,226750836,117116005.3490
"Bourne ultimatum",1258317420,1258831320,513900,117116005.3490
"Bourne ultimatum",1258322580,1485068256,226745676,117116005.3490
"Bourne ultimatum",1258331400,1485068256,226736856,117116005.3490
"Bourne ultimatum",1258331400,1259196060,864660,117116005.3490
"Bourne ultimatum",1258332900,1485068256,226735356,117116005.3490
"Bourne ultimatum",1258403640,1485068256,226664616,117116005.3490
"Bourne ultimatum",1258409460,1485068256,226658796,117116005.3490
"Bourne ultimatum",1258409460,1258598760,189300,117116005.3490
"Bourne ultimatum",1258410060,1485068256,226658196,117116005.3490
"Bourne ultimatum",1258410060,1259620620,1210560,117116005.3490
"Bourne ultimatum",1258410840,1485068256,226657416,117116005.3490
"Bourne ultimatum",1258418580,1485068256,226649676,117116005.3490
"Bourne ultimatum",1258419600,1485068256,226648656,117116005.3490
"Bourne ultimatum",1258419600,1258762860,343260,117116005.3490
"Bourne ultimatum",1258428540,1485068256,226639716,117116005.3490
"Bourne ultimatum",1258428540,1259811780,1383240,117116005.3490
"Bourne ultimatum",1258429800,1485068256,226638456,117116005.3490
"Bourne ultimatum",1258429800,1258767660,337860,117116005.3490
"Bourne ultimatum",1258499460,1485068256,226568796,117116005.3490
"Bourne ultimatum",1258499460,1258682340,182880,117116005.3490
"Bourne ultimatum",1258501320,1485068256,226566936,117116005.3490
"Bourne ultimatum",1258501320,1259098560,597240,117116005.3490
"Bourne ultimatum",1258502220,1485068256,226566036,117116005.3490
"Bourne ultimatum",1258502220,1259116080,613860,117116005.3490
"Bourne ultimatum",1258502460,1485068256,226565796,117116005.3490
"Bourne ultimatum",1258502460,1259021220,518760,117116005.3490
"Bourne ultimatum",1258503840,1485068256,226564416,117116005.3490
"Bourne ultimatum",1258503840,1259712120,1208280,117116005.3490
"Bourne ultimatum",1258507320,1485068256,226560936,117116005.3490
"Bourne ultimatum",1258507320,1258597800,90480,117116005.3490
"Bourne ultimatum",1258509360,1485068256,226558896,117116005.3490
"Bourne ultimatum",1258509360,1258672920,163560,117116005.3490
"Bourne ultimatum",1258513680,1485068256,226554576,117116005.3490
"Bourne ultimatum",1258513680,1259714640,1200960,117116005.3490
"Bourne ultimatum",1258577880,1274330460,15752580,117116005.3490
"Bourne ultimatum",1258578780,1485068256,226489476,117116005.3490
"Bourne ultimatum",1258585800,1485068256,226482456,117116005.3490
"Bourne ultimatum",1258585800,1259798880,1213080,117116005.3490
"Bourne ultimatum",1258594680,1485068256,226473576,117116005.3490
"Bourne ultimatum",1258594680,1259192400,597720,117116005.3490
"Bourne ultimatum",1258597560,1485068256,226470696,117116005.3490
"Bourne ultimatum",1258665120,1485068256,226403136,117116005.3490
"Bourne ultimatum",1258666260,1485068256,226401996,117116005.3490
"Bourne ultimatum",1258666260,1258762860,96600,117116005.3490
"Bourne ultimatum",1258670220,1485068256,226398036,117116005.3490
"Bourne ultimatum",1258670220,1259101980,431760,117116005.3490
"Bourne ultimatum",1258671180,1485068256,226397076,117116005.3490
"Bourne ultimatum",1258671180,1259799240,1128060,117116005.3490
"Bourne ultimatum",1258671420,1485068256,226396836,117116005.3490
"Bourne ultimatum",1258671420,1258844940,173520,117116005.3490
"Bourne ultimatum",1258673040,1485068256,226395216,117116005.3490
"Bourne ultimatum",1258673040,1258763580,90540,117116005.3490
"Bourne ultimatum",1258673940,1485068256,226394316,117116005.3490
"Bourne ultimatum",1258673940,1258742880,68940,117116005.3490
"Bourne ultimatum",1258674660,1485068256,226393596,117116005.3490
"Bourne ultimatum",1258674660,1259371440,696780,117116005.3490
"Bourne ultimatum",1258677000,1485068256,226391256,117116005.3490
"Bourne ultimatum",1258749180,1485068256,226319076,117116005.3490
"Bourne ultimatum",1258749180,1259457240,708060,117116005.3490
"Bourne ultimatum",1258749180,1259625720,876540,117116005.3490
"Bourne ultimatum",1258756920,1485068256,226311336,117116005.3490
"Bourne ultimatum",1258756920,1259532480,775560,117116005.3490
"Bourne ultimatum",1258757160,1485068256,226311096,117116005.3490
"Bourne ultimatum",1258757160,1259955480,1198320,117116005.3490
"Bourne ultimatum",1258760160,1485068256,226308096,117116005.3490
"Bourne ultimatum",1258761660,1485068256,226306596,117116005.3490
"Bourne ultimatum",1258761660,1263597660,4836000,117116005.3490
"Bourne ultimatum",1258762560,1485068256,226305696,117116005.3490
"Bourne ultimatum",1258762560,1259110620,348060,117116005.3490
"Bourne ultimatum",1258764180,1485068256,226304076,117116005.3490
"Bourne ultimatum",1258764180,1259034480,270300,117116005.3490
"Bourne ultimatum",1258767480,1485068256,226300776,117116005.3490
"Bourne ultimatum",1258768440,1485068256,226299816,117116005.3490
"Bourne ultimatum",1258768440,1259812320,1043880,117116005.3490
"Bourne ultimatum",1258828740,1485068256,226239516,117116005.3490
"Bourne ultimatum",1258828740,1259347440,518700,117116005.3490
"Bourne ultimatum",1258828920,1485068256,226239336,117116005.3490
"Bourne ultimatum",1258828920,1258932360,103440,117116005.3490
"Bourne ultimatum",1258832220,1485068256,226236036,117116005.3490
"Bourne ultimatum",1258832220,1259636460,804240,117116005.3490
"Bourne ultimatum",1258832280,1485068256,226235976,117116005.3490
"Bourne ultimatum",1258835040,1485068256,226233216,117116005.3490
"Bourne ultimatum",1258835040,1260048780,1213740,117116005.3490
"Bourne ultimatum",1258836900,1485068256,226231356,117116005.3490
"Bourne ultimatum",1258836900,1260045420,1208520,117116005.3490
"Bourne ultimatum",1258839840,1485068256,226228416,117116005.3490
"Bourne ultimatum",1258839840,1259785620,945780,117116005.3490
"Bourne ultimatum",1258846740,1485068256,226221516,117116005.3490
"Bourne ultimatum",1258846860,1485068256,226221396,117116005.3490
"Bourne ultimatum",1258847220,1485068256,226221036,117116005.3490
"Bourne ultimatum",1258847220,1260043140,1195920,117116005.3490
"Bourne ultimatum",1258848300,1485068256,226219956,117116005.3490
"Bourne ultimatum",1258848300,1259031300,183000,117116005.3490
"Bourne ultimatum",1258848480,1485068256,226219776,117116005.3490
"Bourne ultimatum",1258849620,1485068256,226218636,117116005.3490
"Bourne ultimatum",1258849620,1260837780,1988160,117116005.3490
"Bourne ultimatum",1258849860,1485068256,226218396,117116005.3490
"Bourne ultimatum",1258849860,1260329700,1479840,117116005.3490
"Bourne ultimatum",1258850100,1485068256,226218156,117116005.3490
"Bourne ultimatum",1258852620,1485068256,226215636,117116005.3490
"Bourne ultimatum",1258852620,1260063840,1211220,117116005.3490
"Bourne ultimatum",1258853040,1485068256,226215216,117116005.3490
"Bourne ultimatum",1258853640,1485068256,226214616,117116005.3490
"Bourne ultimatum",1258922040,1485068256,226146216,117116005.3490
"Bourne ultimatum",1258922040,1259889240,967200,117116005.3490
"Bourne ultimatum",1258923840,1485068256,226144416,117116005.3490
"Bourne ultimatum",1258923840,1259720880,797040,117116005.3490
"Bourne ultimatum",1258934100,1485068256,226134156,117116005.3490
"Bourne ultimatum",1258936200,1485068256,226132056,117116005.3490
"Bourne ultimatum",1258937040,1485068256,226131216,117116005.3490
"Bourne ultimatum",1259011080,1485068256,226057176,117116005.3490
"Bourne ultimatum",1259011080,1259615460,604380,117116005.3490
"Bourne ultimatum",1259018220,1485068256,226050036,117116005.3490
"Bourne ultimatum",1259018220,1259623560,605340,117116005.3490
"Bourne ultimatum",1259023260,1485068256,226044996,117116005.3490
"Bourne ultimatum",1259023260,1259622480,599220,117116005.3490
"Bourne ultimatum",1259024820,1485068256,226043436,117116005.3490
"Bourne ultimatum",1259024820,1260225360,1200540,117116005.3490
"Bourne ultimatum",1259027640,1485068256,226040616,117116005.3490
"Bourne ultimatum",1259027640,1259809200,781560,117116005.3490
"Bourne ultimatum",1259098560,1485068256,225969696,117116005.3490
"Bourne ultimatum",1259098560,1261517580,2419020,117116005.3490
"Bourne ultimatum",1259101320,1485068256,225966936,117116005.3490
"Bourne ultimatum",1259101320,1259715300,613980,117116005.3490
"Bourne ultimatum",1259104980,1485068256,225963276,117116005.3490
"Bourne ultimatum",1259106180,1485068256,225962076,117116005.3490
"Bourne ultimatum",1259106180,1259189520,83340,117116005.3490
"Bourne ultimatum",1259108460,1485068256,225959796,117116005.3490
"Bourne ultimatum",1259114760,1485068256,225953496,117116005.3490
"Bourne ultimatum",1259114760,1260327120,1212360,117116005.3490
"Bourne ultimatum",1259117640,1485068256,225950616,117116005.3490
"Bourne ultimatum",1259117640,1260330180,1212540,117116005.3490
"Bourne ultimatum",1259180580,1485068256,225887676,117116005.3490
"Bourne ultimatum",1259180580,1261012920,1832340,117116005.3490
"Bourne ultimatum",1259184120,1485068256,225884136,117116005.3490
"Bourne ultimatum",1259184120,1259439060,254940,117116005.3490
"Bourne ultimatum",1259189460,1485068256,225878796,117116005.3490
"Bourne ultimatum",1259189460,1260052020,862560,117116005.3490
"Bourne ultimatum",1259194680,1485068256,225873576,117116005.3490
"Bourne ultimatum",1259194680,1259794620,599940,117116005.3490
"Bourne ultimatum",1259196120,1485068256,225872136,117116005.3490
"Bourne ultimatum",1259196120,1260042180,846060,117116005.3490
"Bourne ultimatum",1259199360,1485068256,225868896,117116005.3490
"Bourne ultimatum",1259199360,1259633760,434400,117116005.3490
"Bourne ultimatum",1259346240,1485068256,225722016,117116005.3490
"Bourne ultimatum",1259346240,1260144780,798540,117116005.3490
"Bourne ultimatum",1259351700,1485068256,225716556,117116005.3490
"Bourne ultimatum",1259351700,1259445540,93840,117116005.3490
"Bourne ultimatum",1259360280,1485068256,225707976,117116005.3490
"Bourne ultimatum",1259360280,1259810220,449940,117116005.3490
"Bourne ultimatum",1259361120,1485068256,225707136,117116005.3490
"Bourne ultimatum",1259361120,1259708340,347220,117116005.3490
"Bourne ultimatum",1259365740,1485068256,225702516,117116005.3490
"Bourne ultimatum",1259368080,1485068256,225700176,117116005.3490
"Bourne ultimatum",1259372820,1485068256,225695436,117116005.3490
"Bourne ultimatum",1259372820,1259881740,508920,117116005.3490
"Bourne ultimatum",1259431620,1485068256,225636636,117116005.3490
"Bourne ultimatum",1259431620,1259705220,273600,117116005.3490
"Bourne ultimatum",1259435640,1485068256,225632616,117116005.3490
"Bourne ultimatum",1259435640,1259966520,530880,117116005.3490
"Bourne ultimatum",1259438280,1485068256,225629976,117116005.3490
"Bourne ultimatum",1259442600,1485068256,225625656,117116005.3490
"Bourne ultimatum",1259442600,1260489900,1047300,117116005.3490
"Bourne ultimatum",1259442600,1260925920,1483320,117116005.3490
"Bourne ultimatum",1259442600,1260996600,1554000,117116005.3490
"Bourne ultimatum",1259444280,1485068256,225623976,117116005.3490
"Bourne ultimatum",1259448240,1485068256,225620016,117116005.3490
"Bourne ultimatum",1259448240,1260403380,955140,117116005.3490
"Bourne ultimatum",1259451720,1485068256,225616536,117116005.3490
"Bourne ultimatum",1259531340,1485068256,225536916,117116005.3490
"Bourne ultimatum",1259531340,1261954500,2423160,117116005.3490
"Bourne ultimatum",1259537340,1485068256,225530916,117116005.3490
"Bourne ultimatum",1259537340,1260330540,793200,117116005.3490
"Bourne ultimatum",1259621700,1485068256,225446556,117116005.3490
"Bourne ultimatum",1259621700,1260046200,424500,117116005.3490
"Bourne ultimatum",1259624940,1485068256,225443316,117116005.3490
"Bourne ultimatum",1259627820,1485068256,225440436,117116005.3490
"Bourne ultimatum",1259627820,1261615080,1987260,117116005.3490
"Bourne ultimatum",1259704440,1485068256,225363816,117116005.3490
"Bourne ultimatum",1259704440,1261262700,1558260,117116005.3490
"Bourne ultimatum",1259707440,1485068256,225360816,117116005.3490
"Bourne ultimatum",1259709840,1485068256,225358416,117116005.3490
"Bourne ultimatum",1259709840,1259867940,158100,117116005.3490
"Bourne ultimatum",1259711700,1485068256,225356556,117116005.3490
"Bourne ultimatum",1259711700,1260658920,947220,117116005.3490
"Bourne ultimatum",1259717280,1485068256,225350976,117116005.3490
"Bourne ultimatum",1259717280,1262824080,3106800,117116005.3490
"Bourne ultimatum",1259718720,1485068256,225349536,117116005.3490
"Bourne ultimatum",1259718720,1260923940,1205220,117116005.3490
"Bourne ultimatum",1259724120,1485068256,225344136,117116005.3490
"Bourne ultimatum",1259724120,1260140820,416700,117116005.3490
"Bourne ultimatum",1259784120,1485068256,225284136,117116005.3490
"Bourne ultimatum",1259784120,1259880120,96000,117116005.3490
"Bourne ultimatum",1259795640,1485068256,225272616,117116005.3490
"Bourne ultimatum",1259795640,1260570120,774480,117116005.3490
"Bourne ultimatum",1259803680,1485068256,225264576,117116005.3490
"Bourne ultimatum",1259811180,1485068256,225257076,117116005.3490
"Bourne ultimatum",1259811180,1261100460,1289280,117116005.3490
"Bourne ultimatum",1259811180,1261428420,1617240,117116005.3490
"Bourne ultimatum",1259875140,1485068256,225193116,117116005.3490
"Bourne ultimatum",1259875140,1262214780,2339640,117116005.3490
"Bourne ultimatum",1259875500,1485068256,225192756,117116005.3490
"Bourne ultimatum",1259875500,1262845440,2969940,117116005.3490
"Bourne ultimatum",1259875500,1262981880,3106380,117116005.3490
"Bourne ultimatum",1259877120,1485068256,225191136,117116005.3490
"Bourne ultimatum",1259877960,1485068256,225190296,117116005.3490
"Bourne ultimatum",1259877960,1261094100,1216140,117116005.3490
"Bourne ultimatum",1259879520,1485068256,225188736,117116005.3490
"Bourne ultimatum",1259879520,1260043860,164340,117116005.3490
"Bourne ultimatum",1259881740,1485068256,225186516,117116005.3490
"Bourne ultimatum",1259881740,1260833100,951360,117116005.3490
"Bourne ultimatum",1259886120,1485068256,225182136,117116005.3490
"Bourne ultimatum",1259886120,1261185420,1299300,117116005.3490
"Bourne ultimatum",1259887920,1485068256,225180336,117116005.3490
"Bourne ultimatum",1259887920,1260327480,439560,117116005.3490
"Bourne ultimatum",1259893680,1485068256,225174576,117116005.3490
"Bourne ultimatum",1259893680,1261271160,1377480,117116005.3490
"Bourne ultimatum",1259893860,1485068256,225174396,117116005.3490
"Bourne ultimatum",1259893860,1260143640,249780,117116005.3490
"Bourne ultimatum",1259896980,1485068256,225171276,117116005.3490
"Bourne ultimatum",1259898240,1485068256,225170016,117116005.3490
"Bourne ultimatum",1259898240,1260237180,338940,117116005.3490
"Bourne ultimatum",1259898480,1485068256,225169776,117116005.3490
"Bourne ultimatum",1259951820,1485068256,225116436,117116005.3490
"Bourne ultimatum",1259962200,1485068256,225106056,117116005.3490
"Bourne ultimatum",1259962200,1260490020,527820,117116005.3490
"Bourne ultimatum",1259964780,1485068256,225103476,117116005.3490
"Bourne ultimatum",1259964780,1260326400,361620,117116005.3490
"Bourne ultimatum",1259966100,1485068256,225102156,117116005.3490
"Bourne ultimatum",1259966100,1260058260,92160,117116005.3490
"Bourne ultimatum",1259967900,1485068256,225100356,117116005.3490
"Bourne ultimatum",1259967900,1260912300,944400,117116005.3490
"Bourne ultimatum",1259970960,1485068256,225097296,117116005.3490
"Bourne ultimatum",1259970960,1262735700,2764740,117116005.3490
"Bourne ultimatum",1259971440,1485068256,225096816,117116005.3490
"Bourne ultimatum",1259971440,1260237060,265620,117116005.3490
"Bourne ultimatum",1259972700,1485068256,225095556,117116005.3490
"Bourne ultimatum",1259972700,1260998520,1025820,117116005.3490
"Bourne ultimatum",1259973420,1485068256,225094836,117116005.3490
"Bourne ultimatum",1259973420,1260574200,600780,117116005.3490
"Bourne ultimatum",1259976900,1485068256,225091356,117116005.3490
"Bourne ultimatum",1259976900,1260233280,256380,117116005.3490
"Bourne ultimatum",1260046560,1485068256,225021696,117116005.3490
"Bourne ultimatum",1260046560,1260135660,89100,117116005.3490
"Bourne ultimatum",1260047580,1485068256,225020676,117116005.3490
"Bourne ultimatum",1260047760,1485068256,225020496,117116005.3490
"Bourne ultimatum",1260048180,1485068256,225020076,117116005.3490
"Bourne ultimatum",1260048180,1260406140,357960,117116005.3490
"Bourne ultimatum",1260051240,1485068256,225017016,117116005.3490
"Bourne ultimatum",1260051240,1261162740,1111500,117116005.3490
"Bourne ultimatum",1260051240,1261523580,1472340,117116005.3490
"Bourne ultimatum",1260053520,1485068256,225014736,117116005.3490
"Bourne ultimatum",1260053520,1260987720,934200,117116005.3490
"Bourne ultimatum",1260054660,1485068256,225013596,117116005.3490
"Bourne ultimatum",1260057000,1485068256,225011256,117116005.3490
"Bourne ultimatum",1260057000,1260479700,422700,117116005.3490
"Bourne ultimatum",1260057600,1485068256,225010656,117116005.3490
"Bourne ultimatum",1260057600,1261435260,1377660,117116005.3490
"Bourne ultimatum",1260057840,1485068256,225010416,117116005.3490
"Bourne ultimatum",1260057840,1261268400,1210560,117116005.3490
"Bourne ultimatum",1260059220,1485068256,225009036,117116005.3490
"Bourne ultimatum",1260059220,1261103700,1044480,117116005.3490
"Bourne ultimatum",1260138420,1485068256,224929836,117116005.3490
"Bourne ultimatum",1260138420,1261186740,1048320,117116005.3490
"Bourne ultimatum",1260138600,1485068256,224929656,117116005.3490
"Bourne ultimatum",1260138600,1260667440,528840,117116005.3490
"Bourne ultimatum",1260144120,1485068256,224924136,117116005.3490
"Bourne ultimatum",1260144120,1260649080,504960,117116005.3490
"Bourne ultimatum",1260146340,1485068256,224921916,117116005.3490
"Bourne ultimatum",1260146340,1262112300,1965960,117116005.3490
"Bourne ultimatum",1260146340,1264637340,4491000,117116005.3490
"Bourne ultimatum",1260146340,1265346600,5200260,117116005.3490
"Bourne ultimatum",1260146340,1265484240,5337900,117116005.3490
"Bourne ultimatum",1260146460,1485068256,224921796,117116005.3490
"Bourne ultimatum",1260147420,1485068256,224920836,117116005.3490
"Bourne ultimatum",1260147420,1260220860,73440,117116005.3490
"Bourne ultimatum",1260220500,1485068256,224847756,117116005.3490
"Bourne ultimatum",1260220500,1261181280,960780,117116005.3490
"Bourne ultimatum",1260220500,1261261380,1040880,117116005.3490
"Bourne ultimatum",1260220980,1485068256,224847276,117116005.3490
"Bourne ultimatum",1260220980,1260822060,601080,117116005.3490
"Bourne ultimatum",1260225720,1485068256,224842536,117116005.3490
"Bourne ultimatum",1260225720,1260408360,182640,117116005.3490
"Bourne ultimatum",1260226620,1485068256,224841636,117116005.3490
"Bourne ultimatum",1260226620,1260398880,172260,117116005.3490
"Bourne ultimatum",1260227340,1485068256,224840916,117116005.3490
"Bourne ultimatum",1260227340,1261080420,853080,117116005.3490
"Bourne ultimatum",1260227760,1485068256,224840496,117116005.3490
"Bourne ultimatum",1260227760,1261528740,1300980,117116005.3490
"Bourne ultimatum",1260228120,1485068256,224840136,117116005.3490
"Bourne ultimatum",1260228120,1261002540,774420,117116005.3490
"Bourne ultimatum",1260228240,1485068256,224840016,117116005.3490
"Bourne ultimatum",1260228240,1260824880,596640,117116005.3490
"Bourne ultimatum",1260230220,1485068256,224838036,117116005.3490
"Bourne ultimatum",1260230220,1261431660,1201440,117116005.3490
"Bourne ultimatum",1260237180,1485068256,224831076,117116005.3490
"Bourne ultimatum",1260237180,1261350780,1113600,117116005.3490
"Bourne ultimatum",1260237960,1485068256,224830296,117116005.3490
"Bourne ultimatum",1260237960,1261517400,1279440,117116005.3490
"Bourne ultimatum",1260237960,1261859220,1621260,117116005.3490
"Bourne ultimatum",1260241200,1485068256,224827056,117116005.3490
"Bourne ultimatum",1260241200,1260479100,237900,117116005.3490
"Bourne ultimatum",1260244080,1485068256,224824176,117116005.3490
"Bourne ultimatum",1260244080,1261614060,1369980,117116005.3490
"Bourne ultimatum",1260309720,1485068256,224758536,117116005.3490
"Bourne ultimatum",1260309720,1260562320,252600,117116005.3490
"Bourne ultimatum",1260309720,1260990180,680460,117116005.3490
"Bourne ultimatum",1260314400,1485068256,224753856,117116005.3490
"Bourne ultimatum",1260314400,1485068256,224753856,117116005.3490
"Bourne ultimatum",1260314400,1261439580,1125180,117116005.3490
"Bourne ultimatum",1260314400,1261517160,1202760,117116005.3490
"Bourne ultimatum",1260328380,1485068256,224739876,117116005.3490
"Bourne ultimatum",1260328380,1261440720,1112340,117116005.3490
"Bourne ultimatum",1260384720,1485068256,224683536,117116005.3490
"Bourne ultimatum",1260384720,1260835680,450960,117116005.3490
"Bourne ultimatum",1260389160,1485068256,224679096,117116005.3490
"Bourne ultimatum",1260389160,1261164180,775020,117116005.3490
"Bourne ultimatum",1260391140,1485068256,224677116,117116005.3490
"Bourne ultimatum",1260391140,1260832320,441180,117116005.3490
"Bourne ultimatum",1260396660,1485068256,224671596,117116005.3490
"Bourne ultimatum",1260397800,1485068256,224670456,117116005.3490
"Bourne ultimatum",1260401760,1485068256,224666496,117116005.3490
"Bourne ultimatum",1260401760,1261611960,1210200,117116005.3490
"Bourne ultimatum",1260401940,1485068256,224666316,117116005.3490
"Bourne ultimatum",1260403320,1485068256,224664936,117116005.3490
"Bourne ultimatum",1260403320,1260848220,444900,117116005.3490
"Bourne ultimatum",1260403320,1260920520,517200,117116005.3490
"Bourne ultimatum",1260404580,1485068256,224663676,117116005.3490
"Bourne ultimatum",1260404700,1485068256,224663556,117116005.3490
"Bourne ultimatum",1260404700,1261442100,1037400,117116005.3490
"Bourne ultimatum",1260406980,1485068256,224661276,117116005.3490
"Bourne ultimatum",1260406980,1260933660,526680,117116005.3490
"Bourne ultimatum",1260411300,1485068256,224656956,117116005.3490
"Bourne ultimatum",1260411300,1262223960,1812660,117116005.3490
"Bourne ultimatum",1260472740,1485068256,224595516,117116005.3490
"Bourne ultimatum",1260472740,1262049420,1576680,117116005.3490
"Bourne ultimatum",1260482280,1485068256,224585976,117116005.3490
"Bourne ultimatum",1260482280,1260913920,431640,117116005.3490
"Bourne ultimatum",1260482280,1261088160,605880,117116005.3490
"Bourne ultimatum",1260482280,1261165800,683520,117116005.3490
"Bourne ultimatum",1260487200,1485068256,224581056,117116005.3490
"Bourne ultimatum",1260487200,1260916380,429180,117116005.3490
"Bourne ultimatum",1260492300,1485068256,224575956,117116005.3490
"Bourne ultimatum",1260492300,1261446540,954240,117116005.3490
"Bourne ultimatum",1260498120,1485068256,224570136,117116005.3490
"Bourne ultimatum",1260569040,1485068256,224499216,117116005.3490
"Bourne ultimatum",1260569040,1260836580,267540,117116005.3490
"Bourne ultimatum",1260571920,1485068256,224496336,117116005.3490
"Bourne ultimatum",1260658980,1485068256,224409276,117116005.3490
"Bourne ultimatum",1260658980,1265152380,4493400,117116005.3490
"Bourne ultimatum",1260658980,1266350700,5691720,117116005.3490
"Bourne ultimatum",1260661080,1485068256,224407176,117116005.3490
"Bourne ultimatum",1260661080,1260930120,269040,117116005.3490
"Bourne ultimatum",1260661080,1261445580,784500,117116005.3490
"Bourne ultimatum",1260666000,1485068256,224402256,117116005.3490
"Bourne ultimatum",1260666000,1262038020,1372020,117116005.3490
"Bourne ultimatum",1260666000,1262124060,1458060,117116005.3490
"Bourne ultimatum",1260666000,1262809980,2143980,117116005.3490
"Bourne ultimatum",1260666000,1262894940,2228940,117116005.3490
"Bourne ultimatum",1260666840,1485068256,224401416,117116005.3490
"Bourne ultimatum",1260666840,1261013640,346800,117116005.3490
"Bourne ultimatum",1260825960,1485068256,224242296,117116005.3490
"Bourne ultimatum",1260825960,1261091040,265080,117116005.3490
"Bourne ultimatum",1260837000,1485068256,224231256,117116005.3490
"Bourne ultimatum",1260841020,1485068256,224227236,117116005.3490
"Bourne ultimatum",1260841020,1262137860,1296840,117116005.3490
"Bourne ultimatum",1260847860,1485068256,224220396,117116005.3490
"Bourne ultimatum",1260919380,1485068256,224148876,117116005.3490
"Bourne ultimatum",1260919380,1261258500,339120,117116005.3490
"Bourne ultimatum",1260923580,1485068256,224144676,117116005.3490
"Bourne ultimatum",1260923580,1261525980,602400,117116005.3490
"Bourne ultimatum",1260926820,1485068256,224141436,117116005.3490
"Bourne ultimatum",1260928860,1485068256,224139396,117116005.3490
"Bourne ultimatum",1260928860,1262999700,2070840,117116005.3490
"Bourne ultimatum",1261002720,1485068256,224065536,117116005.3490
"Bourne ultimatum",1261002720,1485068256,224065536,117116005.3490
"Bourne ultimatum",1261002720,1261265940,263220,117116005.3490
"Bourne ultimatum",1261002720,1264805820,3803100,117116005.3490
"Bourne ultimatum",1261008900,1485068256,224059356,117116005.3490
"Bourne ultimatum",1261008900,1262289180,1280280,117116005.3490
"Bourne ultimatum",1261011960,1485068256,224056296,117116005.3490
"Bourne ultimatum",1261011960,1262056080,1044120,117116005.3490
"Bourne ultimatum",1261017540,1485068256,224050716,117116005.3490
"Bourne ultimatum",1261020840,1485068256,224047416,117116005.3490
"Bourne ultimatum",1261020840,1261542060,521220,117116005.3490
"Bourne ultimatum",1261020840,1262031840,1011000,117116005.3490
"Bourne ultimatum",1261075200,1485068256,223993056,117116005.3490
"Bourne ultimatum",1261075200,1262728560,1653360,117116005.3490
"Bourne ultimatum",1261077360,1485068256,223990896,117116005.3490
"Bourne ultimatum",1261077360,1261597080,519720,117116005.3490
"Bourne ultimatum",1261077360,1261894500,817140,117116005.3490
"Bourne ultimatum",1261086360,1485068256,223981896,117116005.3490
"Bourne ultimatum",1261086360,1261525200,438840,117116005.3490
"Bourne ultimatum",1261093980,1485068256,223974276,117116005.3490
"Bourne ultimatum",1261093980,1262129100,1035120,117116005.3490
"Bourne ultimatum",1261095120,1485068256,223973136,117116005.3490
"Bourne ultimatum",1261095120,1262305680,1210560,117116005.3490
"Bourne ultimatum",1261102680,1485068256,223965576,117116005.3490
"Bourne ultimatum",1261102680,1262310420,1207740,117116005.3490
"Bourne ultimatum",1261106400,1485068256,223961856,117116005.3490
"Bourne ultimatum",1261106520,1485068256,223961736,117116005.3490
"Bourne ultimatum",1261106520,1262663220,1556700,117116005.3490
"Bourne ultimatum",1261165020,1485068256,223903236,117116005.3490
"Bourne ultimatum",1261171560,1261171560,0,117116005.3490
"Bourne ultimatum",1261174980,1485068256,223893276,117116005.3490
"Bourne ultimatum",1261174980,1262471280,1296300,117116005.3490
"Bourne ultimatum",1261251720,1485068256,223816536,117116005.3490
"Bourne ultimatum",1261251720,1261602840,351120,117116005.3490
"Bourne ultimatum",1261259340,1485068256,223808916,117116005.3490
"Bourne ultimatum",1261259340,1261592400,333060,117116005.3490
"Bourne ultimatum",1261262640,1485068256,223805616,117116005.3490
"Bourne ultimatum",1261262640,1261604160,341520,117116005.3490
"Bourne ultimatum",1261263480,1485068256,223804776,117116005.3490
"Bourne ultimatum",1261263480,1262471280,1207800,117116005.3490
"Bourne ultimatum",1261266600,1485068256,223801656,117116005.3490
"Bourne ultimatum",1261266600,1261518780,252180,117116005.3490
"Bourne ultimatum",1261339500,1485068256,223728756,117116005.3490
"Bourne ultimatum",1261339500,1262216880,877380,117116005.3490
"Bourne ultimatum",1261347840,1485068256,223720416,117116005.3490
"Bourne ultimatum",1261347840,1262476440,1128600,117116005.3490
"Bourne ultimatum",1261349100,1485068256,223719156,117116005.3490
"Bourne ultimatum",1261349100,1263777660,2428560,117116005.3490
"Bourne ultimatum",1261349640,1485068256,223718616,117116005.3490
"Bourne ultimatum",1261349640,1261613220,263580,117116005.3490
"Bourne ultimatum",1261350480,1485068256,223717776,117116005.3490
"Bourne ultimatum",1261350480,1261951380,600900,117116005.3490
"Bourne ultimatum",1261353780,1485068256,223714476,117116005.3490
"Bourne ultimatum",1261353780,1261438020,84240,117116005.3490
"Bourne ultimatum",1261354080,1485068256,223714176,117116005.3490
"Bourne ultimatum",1261354080,1485068256,223714176,117116005.3490
"Bourne ultimatum",1261354080,1261620420,266340,117116005.3490
"Bourne ultimatum",1261354080,1262552280,1198200,117116005.3490
"Bourne ultimatum",1261433100,1485068256,223635156,117116005.3490
"Bourne ultimatum",1261433100,1262471100,1038000,117116005.3490
"Bourne ultimatum",1261436640,1485068256,223631616,117116005.3490
"Bourne ultimatum",1261436640,1262919240,1482600,117116005.3490
"Bourne ultimatum",1261443780,1485068256,223624476,117116005.3490
"Bourne ultimatum",1261446060,1485068256,223622196,117116005.3490
"Bourne ultimatum",1261446060,1262557920,1111860,117116005.3490
"Bourne ultimatum",1261448400,1485068256,223619856,117116005.3490
"Bourne ultimatum",1261448400,1262231940,783540,117116005.3490
"Bourne ultimatum",1261451880,1485068256,223616376,117116005.3490
"Bourne ultimatum",1261452720,1485068256,223615536,117116005.3490
"Bourne ultimatum",1261452720,1262649780,1197060,117116005.3490
"Bourne ultimatum",1261452720,1263242640,1789920,117116005.3490
"Bourne ultimatum",1261453560,1485068256,223614696,117116005.3490
"Bourne ultimatum",1261517160,1485068256,223551096,117116005.3490
"Bourne ultimatum",1261517160,1264541280,3024120,117116005.3490
"Bourne ultimatum",1261522020,1485068256,223546236,117116005.3490
"Bourne ultimatum",1261522020,1261598580,76560,117116005.3490
"Bourne ultimatum",1261528980,1485068256,223539276,117116005.3490
"Bourne ultimatum",1261529280,1485068256,223538976,117116005.3490
"Bourne ultimatum",1261529280,1261862460,333180,117116005.3490
"Bourne ultimatum",1261529280,1262051880,522600,117116005.3490
"Bourne ultimatum",1261529280,1262123400,594120,117116005.3490
"Bourne ultimatum",1261533000,1485068256,223535256,117116005.3490
"Bourne ultimatum",1261533000,1262733780,1200780,117116005.3490
"Bourne ultimatum",1261533420,1485068256,223534836,117116005.3490
"Bourne ultimatum",1261533420,1262741160,1207740,117116005.3490
"Bourne ultimatum",1261536240,1485068256,223532016,117116005.3490
"Bourne ultimatum",1261536240,1261854000,317760,117116005.3490
"Bourne ultimatum",1261604400,1485068256,223463856,117116005.3490
"Bourne ultimatum",1261604400,1262989200,1384800,117116005.3490
"Bourne ultimatum",1261604640,1485068256,223463616,117116005.3490
"Bourne ultimatum",1261604640,1263072780,1468140,117116005.3490
"Bourne ultimatum",1261604640,1263250560,1645920,117116005.3490
"Bourne ultimatum",1261610100,1485068256,223458156,117116005.3490
"Bourne ultimatum",1261611060,1485068256,223457196,117116005.3490
"Bourne ultimatum",1261615320,1485068256,223452936,117116005.3490
"Bourne ultimatum",1261615320,1262133660,518340,117116005.3490
"Bourne ultimatum",1261616400,1485068256,223451856,117116005.3490
"Bourne ultimatum",1261616400,1262746200,1129800,117116005.3490
"Bourne ultimatum",1261625880,1485068256,223442376,117116005.3490
"Bourne ultimatum",1261854600,1485068256,223213656,117116005.3490
"Bourne ultimatum",1261854600,1261877400,22800,117116005.3490
"Bourne ultimatum",1261870440,1485068256,223197816,117116005.3490
"Bourne ultimatum",1261870440,1262564040,693600,117116005.3490
"Bourne ultimatum",1261945800,1485068256,223122456,117116005.3490
"Bourne ultimatum",1261945800,1262469840,524040,117116005.3490
"Bourne ultimatum",1261956900,1485068256,223111356,117116005.3490
"Bourne ultimatum",1261956900,1263333780,1376880,117116005.3490
"Bourne ultimatum",1261958580,1485068256,223109676,117116005.3490
"Bourne ultimatum",1261958580,1263082140,1123560,117116005.3490
"Bourne ultimatum",1261958700,1485068256,223109556,117116005.3490
"Bourne ultimatum",1261958700,1262047980,89280,117116005.3490
"Bourne ultimatum",1262039220,1485068256,223029036,117116005.3490
"Bourne ultimatum",1262039220,1262305740,266520,117116005.3490
"Bourne ultimatum",1262040360,1485068256,223027896,117116005.3490
"Bourne ultimatum",1262040360,1262659440,619080,117116005.3490
"Bourne ultimatum",1262040720,1485068256,223027536,117116005.3490
"Bourne ultimatum",1262040720,1264039440,1998720,117116005.3490
"Bourne ultimatum",1262044440,1485068256,223023816,117116005.3490
"Bourne ultimatum",1262050980,1485068256,223017276,117116005.3490
"Bourne ultimatum",1262050980,1262825040,774060,117116005.3490
"Bourne ultimatum",1262057640,1485068256,223010616,117116005.3490
"Bourne ultimatum",1262057640,1262732880,675240,117116005.3490
"Bourne ultimatum",1262057640,1262899260,841620,117116005.3490
"Bourne ultimatum",1262057640,1262977800,920160,117116005.3490
"Bourne ultimatum",1262058420,1485068256,223009836,117116005.3490
"Bourne ultimatum",1262123040,1485068256,222945216,117116005.3490
"Bourne ultimatum",1262123040,1262309460,186420,117116005.3490
"Bourne ultimatum",1262126700,1485068256,222941556,117116005.3490
"Bourne ultimatum",1262126700,1263345180,1218480,117116005.3490
"Bourne ultimatum",1262127900,1485068256,222940356,117116005.3490
"Bourne ultimatum",1262129940,1485068256,222938316,117116005.3490
"Bourne ultimatum",1262129940,1263081420,951480,117116005.3490
"Bourne ultimatum",1262133360,1485068256,222934896,117116005.3490
"Bourne ultimatum",1262134620,1485068256,222933636,117116005.3490
"Bourne ultimatum",1262134620,1262475300,340680,117116005.3490
"Bourne ultimatum",1262138100,1485068256,222930156,117116005.3490
"Bourne ultimatum",1262138100,1262646900,508800,117116005.3490
"Bourne ultimatum",1262139000,1485068256,222929256,117116005.3490
"Bourne ultimatum",1262139000,1263350100,1211100,117116005.3490
"Bourne ultimatum",1262143020,1485068256,222925236,117116005.3490
"Bourne ultimatum",1262143020,1263336240,1193220,117116005.3490
"Bourne ultimatum",1262202120,1485068256,222866136,117116005.3490
"Bourne ultimatum",1262211900,1485068256,222856356,117116005.3490
"Bourne ultimatum",1262211900,1262287620,75720,117116005.3490
"Bourne ultimatum",1262212740,1485068256,222855516,117116005.3490
"Bourne ultimatum",1262212740,1262737260,524520,117116005.3490
"Bourne ultimatum",1262214540,1485068256,222853716,117116005.3490
"Bourne ultimatum",1262214540,1263257700,1043160,117116005.3490
"Bourne ultimatum",1262219760,1485068256,222848496,117116005.3490
"Bourne ultimatum",1262219760,1263425880,1206120,117116005.3490
"Bourne ultimatum",1262222280,1485068256,222845976,117116005.3490
"Bourne ultimatum",1262222280,1262907900,685620,117116005.3490
"Bourne ultimatum",1262289840,1485068256,222778416,117116005.3490
"Bourne ultimatum",1262293500,1485068256,222774756,117116005.3490
"Bourne ultimatum",1262293500,1267131660,4838160,117116005.3490
"Bourne ultimatum",1262293500,1268266380,5972880,117116005.3490
"Bourne ultimatum",1262293500,1269908820,7615320,117116005.3490
"Bourne ultimatum",1262298240,1485068256,222770016,117116005.3490
"Bourne ultimatum",1262298240,1264552980,2254740,117116005.3490
"Bourne ultimatum",1262300820,1485068256,222767436,117116005.3490
"Bourne ultimatum",1262300820,1263342360,1041540,117116005.3490
"Bourne ultimatum",1262301540,1485068256,222766716,117116005.3490
"Bourne ultimatum",1262301540,1262466180,164640,117116005.3490
"Bourne ultimatum",1262302980,1485068256,222765276,117116005.3490
"Bourne ultimatum",1262302980,1265493300,3190320,117116005.3490
"Bourne ultimatum",1262303280,1485068256,222764976,117116005.3490
"Bourne ultimatum",1262306640,1485068256,222761616,117116005.3490
"Bourne ultimatum",1262306640,1263078060,771420,117116005.3490
"Bourne ultimatum",1262458080,1485068256,222610176,117116005.3490
"Bourne ultimatum",1262458380,1485068256,222609876,117116005.3490
"Bourne ultimatum",1262461440,1485068256,222606816,117116005.3490
"Bourne ultimatum",1262461440,1263083220,621780,117116005.3490
"Bourne ultimatum",1262463300,1485068256,222604956,117116005.3490
"Bourne ultimatum",1262463300,1262478240,14940,117116005.3490
"Bourne ultimatum",1262468400,1485068256,222599856,117116005.3490
"Bourne ultimatum",1262472300,1485068256,222595956,117116005.3490
"Bourne ultimatum",1262472300,1262920980,448680,117116005.3490
"Bourne ultimatum",1262472420,1485068256,222595836,117116005.3490
"Bourne ultimatum",1262472420,1266435240,3962820,117116005.3490
"Bourne ultimatum",1262473320,1485068256,222594936,117116005.3490
"Bourne ultimatum",1262474640,1485068256,222593616,117116005.3490
"Bourne ultimatum",1262479320,1485068256,222588936,117116005.3490
"Bourne ultimatum",1262479320,1265240760,2761440,117116005.3490
"Bourne ultimatum",1262480940,1485068256,222587316,117116005.3490
"Bourne ultimatum",1262480940,1264019700,1538760,117116005.3490
"Bourne ultimatum",1262481600,1485068256,222586656,117116005.3490
"Bourne ultimatum",1262481600,1263259740,778140,117116005.3490
"Bourne ultimatum",1262552640,1485068256,222515616,117116005.3490
"Bourne ultimatum",1262552640,1264374720,1822080,117116005.3490
"Bourne ultimatum",1262560920,1485068256,222507336,117116005.3490
"Bourne ultimatum",1262560920,1263771540,1210620,117116005.3490
"Bourne ultimatum",1262560920,1264016160,1455240,117116005.3490
"Bourne ultimatum",1262560920,1264184760,1623840,117116005.3490
"Bourne ultimatum",1262645640,1485068256,222422616,117116005.3490
"Bourne ultimatum",1262645640,1263073020,427380,117116005.3490
"Bourne ultimatum",1262649420,1485068256,222418836,117116005.3490
"Bourne ultimatum",1262649420,1263764400,1114980,117116005.3490
"Bourne ultimatum",1262655240,1485068256,222413016,117116005.3490
"Bourne ultimatum",1262655240,1262996700,341460,117116005.3490
"Bourne ultimatum",1262662500,1485068256,222405756,117116005.3490
"Bourne ultimatum",1262662500,1262985900,323400,117116005.3490
"Bourne ultimatum",1262714880,1485068256,222353376,117116005.3490
"Bourne ultimatum",1262714880,1262734140,19260,117116005.3490
"Bourne ultimatum",1262733600,1485068256,222334656,117116005.3490
"Bourne ultimatum",1262733600,1263942120,1208520,117116005.3490
"Bourne ultimatum",1262733720,1485068256,222334536,117116005.3490
"Bourne ultimatum",1262733720,1262914020,180300,117116005.3490
"Bourne ultimatum",1262738400,1485068256,222329856,117116005.3490
"Bourne ultimatum",1262744340,1485068256,222323916,117116005.3490
"Bourne ultimatum",1262748600,1485068256,222319656,117116005.3490
"Bourne ultimatum",1262748600,1263682020,933420,117116005.3490
"Bourne ultimatum",1262748840,1485068256,222319416,117116005.3490
"Bourne ultimatum",1262748840,1263266820,517980,117116005.3490
"Bourne ultimatum",1262808180,1485068256,222260076,117116005.3490
"Bourne ultimatum",1262808180,1263774840,966660,117116005.3490
"Bourne ultimatum",1262826960,1485068256,222241296,117116005.3490
"Bourne ultimatum",1262826960,1263604200,777240,117116005.3490
"Bourne ultimatum",1262827920,1485068256,222240336,117116005.3490
"Bourne ultimatum",1262827920,1263261120,433200,117116005.3490
"Bourne ultimatum",1262891220,1485068256,222177036,117116005.3490
"Bourne ultimatum",1262902500,1485068256,222165756,117116005.3490
"Bourne ultimatum",1262902500,1265322060,2419560,117116005.3490
"Bourne ultimatum",1262902500,1266440460,3537960,117116005.3490
"Bourne ultimatum",1262911080,1485068256,222157176,117116005.3490
"Bourne ultimatum",1262911080,1264018620,1107540,117116005.3490
"Bourne ultimatum",1262911560,1485068256,222156696,117116005.3490
"Bourne ultimatum",1262911560,1263255000,343440,117116005.3490
"Bourne ultimatum",1262922480,1485068256,222145776,117116005.3490
"Bourne ultimatum",1262922480,1263942420,1019940,117116005.3490
"Bourne ultimatum",1262922660,1485068256,222145596,117116005.3490
"Bourne ultimatum",1262922660,1265080500,2157840,117116005.3490
"Bourne ultimatum",1262979060,1485068256,222089196,117116005.3490
"Bourne ultimatum",1262979060,1263520860,541800,117116005.3490
"Bourne ultimatum",1262990160,1485068256,222078096,117116005.3490
"Bourne ultimatum",1262990160,1264643760,1653600,117116005.3490
"Bourne ultimatum",1262990940,1485068256,222077316,117116005.3490
"Bourne ultimatum",1262990940,1264879440,1888500,117116005.3490
"Bourne ultimatum",1262993040,1485068256,222075216,117116005.3490
"Bourne ultimatum",1262993040,1269998760,7005720,117116005.3490
"Bourne ultimatum",1262993460,1485068256,222074796,117116005.3490
"Bourne ultimatum",1262995140,1485068256,222073116,117116005.3490
"Bourne ultimatum",1262995140,1263155340,160200,117116005.3490
"Bourne ultimatum",1262996400,1485068256,222071856,117116005.3490
"Bourne ultimatum",1262996400,1263162300,165900,117116005.3490
"Bourne ultimatum",1263001740,1485068256,222066516,117116005.3490
"Bourne ultimatum",1263062520,1485068256,222005736,117116005.3490
"Bourne ultimatum",1263062520,1263353940,291420,117116005.3490
"Bourne ultimatum",1263064740,1485068256,222003516,117116005.3490
"Bourne ultimatum",1263064740,1263077340,12600,117116005.3490
"Bourne ultimatum",1263069360,1485068256,221998896,117116005.3490
"Bourne ultimatum",1263071640,1485068256,221996616,117116005.3490
"Bourne ultimatum",1263071640,1264285860,1214220,117116005.3490
"Bourne ultimatum",1263071880,1485068256,221996376,117116005.3490
"Bourne ultimatum",1263071880,1264209000,1137120,117116005.3490
"Bourne ultimatum",1263073800,1485068256,221994456,117116005.3490
"Bourne ultimatum",1263073800,1263959640,885840,117116005.3490
"Bourne ultimatum",1263074280,1485068256,221993976,117116005.3490
"Bourne ultimatum",1263082320,1485068256,221985936,117116005.3490
"Bourne ultimatum",1263082320,1263939480,857160,117116005.3490
"Bourne ultimatum",1263084540,1485068256,221983716,117116005.3490
"Bourne ultimatum",1263084540,1263345300,260760,117116005.3490
"Bourne ultimatum",1263156180,1485068256,221912076,117116005.3490
"Bourne ultimatum",1263156180,1264378980,1222800,117116005.3490
"Bourne ultimatum",1263157740,1485068256,221910516,117116005.3490
"Bourne ultimatum",1263170700,1485068256,221897556,117116005.3490
"Bourne ultimatum",1263170700,1263508320,337620,117116005.3490
"Bourne ultimatum",1263248700,1485068256,221819556,117116005.3490
"Bourne ultimatum",1263252660,1485068256,221815596,117116005.3490
"Bourne ultimatum",1263252660,1264206360,953700,117116005.3490
"Bourne ultimatum",1263256620,1485068256,221811636,117116005.3490
"Bourne ultimatum",1263256620,1264028040,771420,117116005.3490
"Bourne ultimatum",1263257280,1485068256,221810976,117116005.3490
"Bourne ultimatum",1263257280,1264722660,1465380,117116005.3490
"Bourne ultimatum",1263261840,1485068256,221806416,117116005.3490
"Bourne ultimatum",1263261840,1263422880,161040,117116005.3490
"Bourne ultimatum",1263263580,1485068256,221804676,117116005.3490
"Bourne ultimatum",1263263580,1263673620,410040,117116005.3490
"Bourne ultimatum",1263264120,1485068256,221804136,117116005.3490
"Bourne ultimatum",1263264120,1264122720,858600,117116005.3490
"Bourne ultimatum",1263267600,1485068256,221800656,117116005.3490
"Bourne ultimatum",1263330900,1485068256,221737356,117116005.3490
"Bourne ultimatum",1263331140,1485068256,221737116,117116005.3490
"Bourne ultimatum",1263331140,1263412080,80940,117116005.3490
"Bourne ultimatum",1263332640,1485068256,221735616,117116005.3490
"Bourne ultimatum",1263332640,1264548720,1216080,117116005.3490
"Bourne ultimatum",1263341460,1485068256,221726796,117116005.3490
"Bourne ultimatum",1263341460,1263596280,254820,117116005.3490
"Bourne ultimatum",1263346440,1485068256,221721816,117116005.3490
"Bourne ultimatum",1263346440,1263600180,253740,117116005.3490
"Bourne ultimatum",1263351300,1485068256,221716956,117116005.3490
"Bourne ultimatum",1263351300,1263678840,327540,117116005.3490
"Bourne ultimatum",1263353640,1485068256,221714616,117116005.3490
"Bourne ultimatum",1263353640,1264650360,1296720,117116005.3490
"Bourne ultimatum",1263415500,1485068256,221652756,117116005.3490
"Bourne ultimatum",1263415500,1263759120,343620,117116005.3490
"Bourne ultimatum",1263417120,1485068256,221651136,117116005.3490
"Bourne ultimatum",1263423960,1485068256,221644296,117116005.3490
"Bourne ultimatum",1263423960,1263686220,262260,117116005.3490
"Bourne ultimatum",1263428340,1485068256,221639916,117116005.3490
"Bourne ultimatum",1263428340,1263681360,253020,117116005.3490
"Bourne ultimatum",1263428400,1485068256,221639856,117116005.3490
"Bourne ultimatum",1263428400,1264296300,867900,117116005.3490
"Bourne ultimatum",1263430980,1485068256,221637276,117116005.3490
"Bourne ultimatum",1263430980,1264033680,602700,117116005.3490
"Bourne ultimatum",1263432780,1485068256,221635476,117116005.3490
"Bourne ultimatum",1263434100,1485068256,221634156,117116005.3490
"Bourne ultimatum",1263501780,1485068256,221566476,117116005.3490
"Bourne ultimatum",1263511620,1485068256,221556636,117116005.3490
"Bourne ultimatum",1263524760,1485068256,221543496,117116005.3490
"Bourne ultimatum",1263524760,1264731720,1206960,117116005.3490
"Bourne ultimatum",1263586620,1485068256,221481636,117116005.3490
"Bourne ultimatum",1263586620,1263941520,354900,117116005.3490
"Bourne ultimatum",1263587700,1485068256,221480556,117116005.3490
"Bourne ultimatum",1263588240,1485068256,221480016,117116005.3490
"Bourne ultimatum",1263670020,1485068256,221398236,117116005.3490
"Bourne ultimatum",1263670020,1264889220,1219200,117116005.3490
"Bourne ultimatum",1263677220,1485068256,221391036,117116005.3490
"Bourne ultimatum",1263677220,1264702860,1025640,117116005.3490
"Bourne ultimatum",1263677340,1485068256,221390916,117116005.3490
"Bourne ultimatum",1263677340,1264030500,353160,117116005.3490
"Bourne ultimatum",1263680280,1485068256,221387976,117116005.3490
"Bourne ultimatum",1263680280,1264874640,1194360,117116005.3490
"Bourne ultimatum",1263690420,1485068256,221377836,117116005.3490
"Bourne ultimatum",1263690420,1264798560,1108140,117116005.3490
"Bourne ultimatum",1263760980,1485068256,221307276,117116005.3490
"Bourne ultimatum",1263760980,1264967820,1206840,117116005.3490
"Bourne ultimatum",1263769320,1485068256,221298936,117116005.3490
"Bourne ultimatum",1263769320,1265494500,1725180,117116005.3490
"Bourne ultimatum",1263771060,1485068256,221297196,117116005.3490
"Bourne ultimatum",1263775740,1485068256,221292516,117116005.3490
"Bourne ultimatum",1263775740,1264980660,1204920,117116005.3490
"Bourne ultimatum",1263944220,1485068256,221124036,117116005.3490
"Bourne ultimatum",1263944220,1264209120,264900,117116005.3490
"Bourne ultimatum",1263945540,1485068256,221122716,117116005.3490
"Bourne ultimatum",1263945540,1264556760,611220,117116005.3490
"Bourne ultimatum",1263947280,1485068256,221120976,117116005.3490
"Bourne ultimatum",1263948540,1485068256,221119716,117116005.3490
"Bourne ultimatum",1263948540,1485068256,221119716,117116005.3490
"Bourne ultimatum",1263948540,1264209720,261180,117116005.3490
"Bourne ultimatum",1263948540,1264373760,425220,117116005.3490
"Bourne ultimatum",1263949020,1485068256,221119236,117116005.3490
"Bourne ultimatum",1263950280,1485068256,221117976,117116005.3490
"Bourne ultimatum",1263954420,1485068256,221113836,117116005.3490
"Bourne ultimatum",1263958920,1485068256,221109336,117116005.3490
"Bourne ultimatum",1263958920,1264295520,336600,117116005.3490
"Bourne ultimatum",1264013820,1485068256,221054436,117116005.3490
"Bourne ultimatum",1264015740,1485068256,221052516,117116005.3490
"Bourne ultimatum",1264015740,1265161860,1146120,117116005.3490
"Bourne ultimatum",1264019580,1485068256,221048676,117116005.3490
"Bourne ultimatum",1264019580,1264804680,785100,117116005.3490
"Bourne ultimatum",1264036080,1485068256,221032176,117116005.3490
"Bourne ultimatum",1264036080,1264278240,242160,117116005.3490
"Bourne ultimatum",1264037400,1485068256,221030856,117116005.3490
"Bourne ultimatum",1264107780,1485068256,220960476,117116005.3490
"Bourne ultimatum",1264107780,1265768640,1660860,117116005.3490
"Bourne ultimatum",1264112460,1485068256,220955796,117116005.3490
"Bourne ultimatum",1264112460,1265239560,1127100,117116005.3490
"Bourne ultimatum",1264116240,1485068256,220952016,117116005.3490
"Bourne ultimatum",1264116240,1264295340,179100,117116005.3490
"Bourne ultimatum",1264120800,1485068256,220947456,117116005.3490
"Bourne ultimatum",1264124100,1485068256,220944156,117116005.3490
"Bourne ultimatum",1264124100,1265156340,1032240,117116005.3490
"Bourne ultimatum",1264125240,1485068256,220943016,117116005.3490
"Bourne ultimatum",1264125240,1264369800,244560,117116005.3490
"Bourne ultimatum",1264127220,1485068256,220941036,117116005.3490
"Bourne ultimatum",1264127220,1264373580,246360,117116005.3490
"Bourne ultimatum",1264184100,1485068256,220884156,117116005.3490
"Bourne ultimatum",1264184100,1264467780,283680,117116005.3490
"Bourne ultimatum",1264195980,1485068256,220872276,117116005.3490
"Bourne ultimatum",1264195980,1264636260,440280,117116005.3490
"Bourne ultimatum",1264198560,1485068256,220869696,117116005.3490
"Bourne ultimatum",1264198560,1264729920,531360,117116005.3490
"Bourne ultimatum",1264206420,1485068256,220861836,117116005.3490
"Bourne ultimatum",1264206420,1264629360,422940,117116005.3490
"Bourne ultimatum",1264208820,1485068256,220859436,117116005.3490
"Bourne ultimatum",1264209840,1485068256,220858416,117116005.3490
"Bourne ultimatum",1264209840,1485068256,220858416,117116005.3490
"Bourne ultimatum",1264209840,1264894320,684480,117116005.3490
"Bourne ultimatum",1264209840,1264894320,684480,117116005.3490
"Bourne ultimatum",1264272180,1485068256,220796076,117116005.3490
"Bourne ultimatum",1264272180,1264788180,516000,117116005.3490
"Bourne ultimatum",1264275660,1485068256,220792596,117116005.3490
"Bourne ultimatum",1264275660,1265501940,1226280,117116005.3490
"Bourne ultimatum",1264279860,1485068256,220788396,117116005.3490
"Bourne ultimatum",1264291860,1485068256,220776396,117116005.3490
"Bourne ultimatum",1264293780,1485068256,220774476,117116005.3490
"Bourne ultimatum",1264293780,1265683080,1389300,117116005.3490
"Bourne ultimatum",1264293960,1485068256,220774296,117116005.3490
"Bourne ultimatum",1264293960,1265930220,1636260,117116005.3490
"Bourne ultimatum",1264297140,1485068256,220771116,117116005.3490
"Bourne ultimatum",1264297140,1264627620,330480,117116005.3490
"Bourne ultimatum",1264363680,1485068256,220704576,117116005.3490
"Bourne ultimatum",1264365720,1485068256,220702536,117116005.3490
"Bourne ultimatum",1264365720,1265484360,1118640,117116005.3490
"Bourne ultimatum",1264366500,1485068256,220701756,117116005.3490
"Bourne ultimatum",1264368480,1485068256,220699776,117116005.3490
"Bourne ultimatum",1264368480,1265336700,968220,117116005.3490
"Bourne ultimatum",1264372260,1485068256,220695996,117116005.3490
"Bourne ultimatum",1264372260,1266445380,2073120,117116005.3490
"Bourne ultimatum",1264372260,1266777180,2404920,117116005.3490
"Bourne ultimatum",1264374960,1485068256,220693296,117116005.3490
"Bourne ultimatum",1264374960,1265252760,877800,117116005.3490
"Bourne ultimatum",1264375740,1485068256,220692516,117116005.3490
"Bourne ultimatum",1264375740,1264628400,252660,117116005.3490
"Bourne ultimatum",1264380960,1485068256,220687296,117116005.3490
"Bourne ultimatum",1264380960,1265590440,1209480,117116005.3490
"Bourne ultimatum",1264463940,1485068256,220604316,117116005.3490
"Bourne ultimatum",1264463940,1264722720,258780,117116005.3490
"Bourne ultimatum",1264464300,1485068256,220603956,117116005.3490
"Bourne ultimatum",1264464300,1265156700,692400,117116005.3490
"Bourne ultimatum",1264465020,1485068256,220603236,117116005.3490
"Bourne ultimatum",1264470780,1485068256,220597476,117116005.3490
"Bourne ultimatum",1264470780,1264540860,70080,117116005.3490
"Bourne ultimatum",1264476900,1485068256,220591356,117116005.3490
"Bourne ultimatum",1264478040,1485068256,220590216,117116005.3490
"Bourne ultimatum",1264478040,1265416560,938520,117116005.3490
"Bourne ultimatum",1264540680,1485068256,220527576,117116005.3490
"Bourne ultimatum",1264540680,1265752560,1211880,117116005.3490
"Bourne ultimatum",1264541580,1485068256,220526676,117116005.3490
"Bourne ultimatum",1264542600,1485068256,220525656,117116005.3490
"Bourne ultimatum",1264542600,1265681160,1138560,117116005.3490
"Bourne ultimatum",1264542660,1485068256,220525596,117116005.3490
"Bourne ultimatum",1264542660,1266956820,2414160,117116005.3490
"Bourne ultimatum",1264543080,1485068256,220525176,117116005.3490
"Bourne ultimatum",1264562940,1485068256,220505316,117116005.3490
"Bourne ultimatum",1264562940,1265749680,1186740,117116005.3490
"Bourne ultimatum",1264616160,1485068256,220452096,117116005.3490
"Bourne ultimatum",1264616160,1266716940,2100780,117116005.3490
"Bourne ultimatum",1264620000,1485068256,220448256,117116005.3490
"Bourne ultimatum",1264620000,1264985340,365340,117116005.3490
"Bourne ultimatum",1264622820,1485068256,220445436,117116005.3490
"Bourne ultimatum",1264622820,1264716060,93240,117116005.3490
"Bourne ultimatum",1264627020,1485068256,220441236,117116005.3490
"Bourne ultimatum",1264629900,1485068256,220438356,117116005.3490
"Bourne ultimatum",1264631040,1485068256,220437216,117116005.3490
"Bourne ultimatum",1264631040,1266798600,2167560,117116005.3490
"Bourne ultimatum",1264631220,1485068256,220437036,117116005.3490
"Bourne ultimatum",1264631220,1265072220,441000,117116005.3490
"Bourne ultimatum",1264631220,1265314620,683400,117116005.3490
"Bourne ultimatum",1264632960,1485068256,220435296,117116005.3490
"Bourne ultimatum",1264632960,1265676300,1043340,117116005.3490
"Bourne ultimatum",1264633260,1485068256,220434996,117116005.3490
"Bourne ultimatum",1264633260,1265332140,698880,117116005.3490
"Bourne ultimatum",1264633740,1485068256,220434516,117116005.3490
"Bourne ultimatum",1264633740,1265738880,1105140,117116005.3490
"Bourne ultimatum",1264643820,1485068256,220424436,117116005.3490
"Bourne ultimatum",1264643820,1265575020,931200,117116005.3490
"Bourne ultimatum",1264645500,1485068256,220422756,117116005.3490
"Bourne ultimatum",1264645500,1265310060,664560,117116005.3490
"Bourne ultimatum",1264703460,1485068256,220364796,117116005.3490
"Bourne ultimatum",1264710300,1485068256,220357956,117116005.3490
"Bourne ultimatum",1264710300,1264983360,273060,117116005.3490
"Bourne ultimatum",1264720740,1485068256,220347516,117116005.3490
"Bourne ultimatum",1264720740,1265918340,1197600,117116005.3490
"Bourne ultimatum",1264734360,1485068256,220333896,117116005.3490
"Bourne ultimatum",1264734360,1266544080,1809720,117116005.3490
"Bourne ultimatum",1264734360,1266875340,2140980,117116005.3490
"Bourne ultimatum",1264801920,1485068256,220266336,117116005.3490
"Bourne ultimatum",1264801920,1264896720,94800,117116005.3490
"Bourne ultimatum",1264801920,1265078100,276180,117116005.3490
"Bourne ultimatum",1264809840,1485068256,220258416,117116005.3490
"Bourne ultimatum",1264809840,1265841900,1032060,117116005.3490
"Bourne ultimatum",1264811460,1485068256,220256796,117116005.3490
"Bourne ultimatum",1264811460,1265770620,959160,117116005.3490
"Bourne ultimatum",1264815240,1485068256,220253016,117116005.3490
"Bourne ultimatum",1264816140,1485068256,220252116,117116005.3490
"Bourne ultimatum",1264816140,1265336580,520440,117116005.3490
"Bourne ultimatum",1264816500,1485068256,220251756,117116005.3490
"Bourne ultimatum",1264816500,1265768460,951960,117116005.3490
"Bourne ultimatum",1264882140,1485068256,220186116,117116005.3490
"Bourne ultimatum",1264882140,1266442620,1560480,117116005.3490
"Bourne ultimatum",1264893540,1485068256,220174716,117116005.3490
"Bourne ultimatum",1264893540,1265152080,258540,117116005.3490
"Bourne ultimatum",1264893780,1485068256,220174476,117116005.3490
"Bourne ultimatum",1264893780,1264985640,91860,117116005.3490
"Bourne ultimatum",1264898760,1485068256,220169496,117116005.3490
"Bourne ultimatum",1264976940,1485068256,220091316,117116005.3490
"Bourne ultimatum",1264976940,1265505960,529020,117116005.3490
"Bourne ultimatum",1264977240,1485068256,220091016,117116005.3490
"Bourne ultimatum",1265064300,1485068256,220003956,117116005.3490
"Bourne ultimatum",1265064300,1265680560,616260,117116005.3490
"Bourne ultimatum",1265068440,1485068256,219999816,117116005.3490
"Bourne ultimatum",1265068440,1265847900,779460,117116005.3490
"Bourne ultimatum",1265070120,1485068256,219998136,117116005.3490
"Bourne ultimatum",1265070120,1265330400,260280,117116005.3490
"Bourne ultimatum",1265071380,1485068256,219996876,117116005.3490
"Bourne ultimatum",1265071920,1485068256,219996336,117116005.3490
"Bourne ultimatum",1265075460,1485068256,219992796,117116005.3490
"Bourne ultimatum",1265075460,1265236200,160740,117116005.3490
"Bourne ultimatum",1265076540,1485068256,219991716,117116005.3490
"Bourne ultimatum",1265076540,1267310040,2233500,117116005.3490
"Bourne ultimatum",1265077200,1485068256,219991056,117116005.3490
"Bourne ultimatum",1265077200,1265335140,257940,117116005.3490
"Bourne ultimatum",1265077980,1485068256,219990276,117116005.3490
"Bourne ultimatum",1265134800,1485068256,219933456,117116005.3490
"Bourne ultimatum",1265134800,1265399040,264240,117116005.3490
"Bourne ultimatum",1265134800,1265923020,788220,117116005.3490
"Bourne ultimatum",1265152800,1485068256,219915456,117116005.3490
"Bourne ultimatum",1265152800,1265502240,349440,117116005.3490
"Bourne ultimatum",1265154060,1485068256,219914196,117116005.3490
"Bourne ultimatum",1265154060,1265755320,601260,117116005.3490
"Bourne ultimatum",1265166300,1485068256,219901956,117116005.3490
"Bourne ultimatum",1265166300,1270269540,5103240,117116005.3490
"Bourne ultimatum",1265166300,1270498140,5331840,117116005.3490
"Bourne ultimatum",1265225400,1485068256,219842856,117116005.3490
"Bourne ultimatum",1265225400,1265581200,355800,117116005.3490
"Bourne ultimatum",1265226480,1485068256,219841776,117116005.3490
"Bourne ultimatum",1265226480,1268856840,3630360,117116005.3490
"Bourne ultimatum",1265232180,1485068256,219836076,117116005.3490
"Bourne ultimatum",1265232180,1266187860,955680,117116005.3490
"Bourne ultimatum",1265236860,1485068256,219831396,117116005.3490
"Bourne ultimatum",1265236860,1265324520,87660,117116005.3490
"Bourne ultimatum",1265237940,1485068256,219830316,117116005.3490
"Bourne ultimatum",1265237940,1265502240,264300,117116005.3490
"Bourne ultimatum",1265240940,1485068256,219827316,117116005.3490
"Bourne ultimatum",1265240940,1265662500,421560,117116005.3490
"Bourne ultimatum",1265307300,1485068256,219760956,117116005.3490
"Bourne ultimatum",1265307300,1265832060,524760,117116005.3490
"Bourne ultimatum",1265312400,1485068256,219755856,117116005.3490
"Bourne ultimatum",1265312400,1265931000,618600,117116005.3490
"Bourne ultimatum",1265317440,1485068256,219750816,117116005.3490
"Bourne ultimatum",1265317440,1265331660,14220,117116005.3490
"Bourne ultimatum",1265328360,1485068256,219739896,117116005.3490
"Bourne ultimatum",1265328360,1266181800,853440,117116005.3490
"Bourne ultimatum",1265335020,1485068256,219733236,117116005.3490
"Bourne ultimatum",1265341560,1485068256,219726696,117116005.3490
"Bourne ultimatum",1265394420,1485068256,219673836,117116005.3490
"Bourne ultimatum",1265394420,1265920500,526080,117116005.3490
"Bourne ultimatum",1265406120,1485068256,219662136,117116005.3490
"Bourne ultimatum",1265406120,1266191940,785820,117116005.3490
"Bourne ultimatum",1265419440,1485068256,219648816,117116005.3490
"Bourne ultimatum",1265419440,1265677680,258240,117116005.3490
"Bourne ultimatum",1265420220,1485068256,219648036,117116005.3490
"Bourne ultimatum",1265420220,1265847540,427320,117116005.3490
"Bourne ultimatum",1265421600,1485068256,219646656,117116005.3490
"Bourne ultimatum",1265485320,1485068256,219582936,117116005.3490
"Bourne ultimatum",1265485320,1265836980,351660,117116005.3490
"Bourne ultimatum",1265488500,1485068256,219579756,117116005.3490
"Bourne ultimatum",1265491020,1485068256,219577236,117116005.3490
"Bourne ultimatum",1265498940,1485068256,219569316,117116005.3490
"Bourne ultimatum",1265498940,1265939940,441000,117116005.3490
"Bourne ultimatum",1265501940,1485068256,219566316,117116005.3490
"Bourne ultimatum",1265501940,1265772900,270960,117116005.3490
"Bourne ultimatum",1265504040,1485068256,219564216,117116005.3490
"Bourne ultimatum",1265504040,1266108180,604140,117116005.3490
"Bourne ultimatum",1265507280,1485068256,219560976,117116005.3490
"Bourne ultimatum",1265507280,1266364140,856860,117116005.3490
"Bourne ultimatum",1265582400,1485068256,219485856,117116005.3490
"Bourne ultimatum",1265582400,1265940960,358560,117116005.3490
"Bourne ultimatum",1265583480,1485068256,219484776,117116005.3490
"Bourne ultimatum",1265583480,1268091780,2508300,117116005.3490
"Bourne ultimatum",1265662020,1485068256,219406236,117116005.3490
"Bourne ultimatum",1265662020,1265772360,110340,117116005.3490
"Bourne ultimatum",1265670180,1485068256,219398076,117116005.3490
"Bourne ultimatum",1265670180,1266874980,1204800,117116005.3490
"Bourne ultimatum",1265671920,1485068256,219396336,117116005.3490
"Bourne ultimatum",1265671920,1265851020,179100,117116005.3490
"Bourne ultimatum",1265676240,1485068256,219392016,117116005.3490
"Bourne ultimatum",1265676240,1266982620,1306380,117116005.3490
"Bourne ultimatum",1265677920,1485068256,219390336,117116005.3490
"Bourne ultimatum",1265677920,1267759680,2081760,117116005.3490
"Bourne ultimatum",1265683800,1485068256,219384456,117116005.3490
"Bourne ultimatum",1265683800,1266095280,411480,117116005.3490
"Bourne ultimatum",1265684100,1485068256,219384156,117116005.3490
"Bourne ultimatum",1265684100,1266897420,1213320,117116005.3490
"Bourne ultimatum",1265686860,1485068256,219381396,117116005.3490
"Bourne ultimatum",1265686860,1267148640,1461780,117116005.3490
"Bourne ultimatum",1265687700,1485068256,219380556,117116005.3490
"Bourne ultimatum",1265687700,1272744660,7056960,117116005.3490
"Bourne ultimatum",1265740200,1485068256,219328056,117116005.3490
"Bourne ultimatum",1265740200,1265916420,176220,117116005.3490
"Bourne ultimatum",1265757960,1485068256,219310296,117116005.3490
"Bourne ultimatum",1265757960,1265931300,173340,117116005.3490
"Bourne ultimatum",1265760600,1485068256,219307656,117116005.3490
"Bourne ultimatum",1265761440,1485068256,219306816,117116005.3490
"Bourne ultimatum",1265764980,1485068256,219303276,117116005.3490
"Bourne ultimatum",1265764980,1266889980,1125000,117116005.3490
"Bourne ultimatum",1265766420,1485068256,219301836,117116005.3490
"Bourne ultimatum",1265766420,1265935380,168960,117116005.3490
"Bourne ultimatum",1265767680,1485068256,219300576,117116005.3490
"Bourne ultimatum",1265767680,1266890100,1122420,117116005.3490
"Bourne ultimatum",1265774460,1485068256,219293796,117116005.3490
"Bourne ultimatum",1265774460,1268078040,2303580,117116005.3490
"Bourne ultimatum",1265830860,1485068256,219237396,117116005.3490
"Bourne ultimatum",1265830860,1265931540,100680,117116005.3490
"Bourne ultimatum",1265846040,1485068256,219222216,117116005.3490
"Bourne ultimatum",1265846040,1266370680,524640,117116005.3490
"Bourne ultimatum",1265846040,1266522360,676320,117116005.3490
"Bourne ultimatum",1265852700,1485068256,219215556,117116005.3490
"Bourne ultimatum",1265852700,1267665300,1812600,117116005.3490
"Bourne ultimatum",1265857200,1485068256,219211056,117116005.3490
"Bourne ultimatum",1265857200,1266543540,686340,117116005.3490
"Bourne ultimatum",1265857440,1485068256,219210816,117116005.3490
"Bourne ultimatum",1265857440,1266000540,143100,117116005.3490
"Bourne ultimatum",1265860200,1485068256,219208056,117116005.3490
"Bourne ultimatum",1265860200,1266974820,1114620,117116005.3490
"Bourne ultimatum",1265919540,1485068256,219148716,117116005.3490
"Bourne ultimatum",1265919540,1266958920,1039380,117116005.3490
"Bourne ultimatum",1265920740,1485068256,219147516,117116005.3490
"Bourne ultimatum",1265921460,1485068256,219146796,117116005.3490
"Bourne ultimatum",1265921460,1266188760,267300,117116005.3490
"Bourne ultimatum",1265923860,1485068256,219144396,117116005.3490
"Bourne ultimatum",1265923860,1266954780,1030920,117116005.3490
"Bourne ultimatum",1265927460,1265927880,420,117116005.3490
"Bourne ultimatum",1265929620,1485068256,219138636,117116005.3490
"Bourne ultimatum",1265930040,1485068256,219138216,117116005.3490
"Bourne ultimatum",1265930040,1266430380,500340,117116005.3490
"Bourne ultimatum",1265931840,1485068256,219136416,117116005.3490
"Bourne ultimatum",1265935080,1485068256,219133176,117116005.3490
"Bourne ultimatum",1265935080,1266105180,170100,117116005.3490
"Bourne ultimatum",1265935920,1485068256,219132336,117116005.3490
"Bourne ultimatum",1265935920,1266794340,858420,117116005.3490
"Bourne ultimatum",1265943240,1485068256,219125016,117116005.3490
"Bourne ultimatum",1265943240,1268610060,2666820,117116005.3490
"Bourne ultimatum",1265946780,1485068256,219121476,117116005.3490
"Bourne ultimatum",1265946780,1269061020,3114240,117116005.3490
"Bourne ultimatum",1266014820,1485068256,219053436,117116005.3490
"Bourne ultimatum",1266020880,1485068256,219047376,117116005.3490
"Bourne ultimatum",1266020880,1267143180,1122300,117116005.3490
"Bourne ultimatum",1266021120,1485068256,219047136,117116005.3490
"Bourne ultimatum",1266085740,1485068256,218982516,117116005.3490
"Bourne ultimatum",1266085740,1266963180,877440,117116005.3490
"Bourne ultimatum",1266092640,1485068256,218975616,117116005.3490
"Bourne ultimatum",1266092640,1267477920,1385280,117116005.3490
"Bourne ultimatum",1266092700,1485068256,218975556,117116005.3490
"Bourne ultimatum",1266092700,1267304340,1211640,117116005.3490
"Bourne ultimatum",1266095760,1485068256,218972496,117116005.3490
"Bourne ultimatum",1266095760,1266443700,347940,117116005.3490
"Bourne ultimatum",1266100320,1485068256,218967936,117116005.3490
"Bourne ultimatum",1266100680,1485068256,218967576,117116005.3490
"Bourne ultimatum",1266106560,1485068256,218961696,117116005.3490
"Bourne ultimatum",1266106560,1267320780,1214220,117116005.3490
"Bourne ultimatum",1266106560,1267649880,1543320,117116005.3490
"Bourne ultimatum",1266108240,1485068256,218960016,117116005.3490
"Bourne ultimatum",1266108240,1266357420,249180,117116005.3490
"Bourne ultimatum",1266111660,1485068256,218956596,117116005.3490
"Bourne ultimatum",1266111660,1266364020,252360,117116005.3490
"Bourne ultimatum",1266112860,1485068256,218955396,117116005.3490
"Bourne ultimatum",1266112860,1267584180,1471320,117116005.3490
"Bourne ultimatum",1266190800,1485068256,218877456,117116005.3490
"Bourne ultimatum",1266190800,1267664580,1473780,117116005.3490
"Bourne ultimatum",1266191220,1485068256,218877036,117116005.3490
"Bourne ultimatum",1266191220,1266798180,606960,117116005.3490
"Bourne ultimatum",1266192540,1485068256,218875716,117116005.3490
"Bourne ultimatum",1266192540,1266796680,604140,117116005.3490
"Bourne ultimatum",1266193380,1485068256,218874876,117116005.3490
"Bourne ultimatum",1266193380,1267060080,866700,117116005.3490
"Bourne ultimatum",1266194340,1485068256,218873916,117116005.3490
"Bourne ultimatum",1266344400,1485068256,218723856,117116005.3490
"Bourne ultimatum",1266352620,1485068256,218715636,117116005.3490
"Bourne ultimatum",1266352620,1267469940,1117320,117116005.3490
"Bourne ultimatum",1266353580,1485068256,218714676,117116005.3490
"Bourne ultimatum",1266353580,1267751100,1397520,117116005.3490
"Bourne ultimatum",1266361140,1485068256,218707116,117116005.3490
"Bourne ultimatum",1266361140,1267054560,693420,117116005.3490
"Bourne ultimatum",1266363060,1485068256,218705196,117116005.3490
"Bourne ultimatum",1266363060,1266709560,346500,117116005.3490
"Bourne ultimatum",1266365760,1485068256,218702496,117116005.3490
"Bourne ultimatum",1266365760,1266700140,334380,117116005.3490
"Bourne ultimatum",1266372600,1485068256,218695656,117116005.3490
"Bourne ultimatum",1266372600,1266531420,158820,117116005.3490
"Bourne ultimatum",1266372600,1266714960,342360,117116005.3490
"Bourne ultimatum",1266372600,1266876000,503400,117116005.3490
"Bourne ultimatum",1266373080,1485068256,218695176,117116005.3490
"Bourne ultimatum",1266378120,1485068256,218690136,117116005.3490
"Bourne ultimatum",1266378120,1266897300,519180,117116005.3490
"Bourne ultimatum",1266378720,1485068256,218689536,117116005.3490
"Bourne ultimatum",1266378720,1266961620,582900,117116005.3490
"Bourne ultimatum",1266433800,1485068256,218634456,117116005.3490
"Bourne ultimatum",1266457560,1485068256,218610696,117116005.3490
"Bourne ultimatum",1266457560,1266787320,329760,117116005.3490
"Bourne ultimatum",1266461400,1485068256,218606856,117116005.3490
"Bourne ultimatum",1266461400,1266879960,418560,117116005.3490
"Bourne ultimatum",1266461580,1485068256,218606676,117116005.3490
"Bourne ultimatum",1266521100,1485068256,218547156,117116005.3490
"Bourne ultimatum",1266521100,1267315800,794700,117116005.3490
"Bourne ultimatum",1266523620,1485068256,218544636,117116005.3490
"Bourne ultimatum",1266523620,1268347560,1823940,117116005.3490
"Bourne ultimatum",1266523620,1268789280,2265660,117116005.3490
"Bourne ultimatum",1266529560,1485068256,218538696,117116005.3490
"Bourne ultimatum",1266529560,1267585200,1055640,117116005.3490
"Bourne ultimatum",1266533520,1485068256,218534736,117116005.3490
"Bourne ultimatum",1266533520,1267748520,1215000,117116005.3490
"Bourne ultimatum",1266537240,1485068256,218531016,117116005.3490
"Bourne ultimatum",1266540240,1485068256,218528016,117116005.3490
"Bourne ultimatum",1266689880,1485068256,218378376,117116005.3490
"Bourne ultimatum",1266689880,1267297080,607200,117116005.3490
"Bourne ultimatum",1266700200,1485068256,218368056,117116005.3490
"Bourne ultimatum",1266700200,1267490460,790260,117116005.3490
"Bourne ultimatum",1266707940,1485068256,218360316,117116005.3490
"Bourne ultimatum",1266707940,1266979920,271980,117116005.3490
"Bourne ultimatum",1266710220,1485068256,218358036,117116005.3490
"Bourne ultimatum",1266714960,1485068256,218353296,117116005.3490
"Bourne ultimatum",1266714960,1267479540,764580,117116005.3490
"Bourne ultimatum",1266714960,1269058260,2343300,117116005.3490
"Bourne ultimatum",1266714960,1270754640,4039680,117116005.3490
"Bourne ultimatum",1266716280,1485068256,218351976,117116005.3490
"Bourne ultimatum",1266716280,1267569300,853020,117116005.3490
"Bourne ultimatum",1266717360,1485068256,218350896,117116005.3490
"Bourne ultimatum",1266786660,1485068256,218281596,117116005.3490
"Bourne ultimatum",1266786660,1267311900,525240,117116005.3490
"Bourne ultimatum",1266795480,1485068256,218272776,117116005.3490
"Bourne ultimatum",1266795480,1267068300,272820,117116005.3490
"Bourne ultimatum",1266800460,1485068256,218267796,117116005.3490
"Bourne ultimatum",1266800460,1267062360,261900,117116005.3490
"Bourne ultimatum",1266866100,1485068256,218202156,117116005.3490
"Bourne ultimatum",1266866100,1270494420,3628320,117116005.3490
"Bourne ultimatum",1266869760,1266869820,60,117116005.3490
"Bourne ultimatum",1266888060,1485068256,218180196,117116005.3490
"Bourne ultimatum",1266888060,1485068256,218180196,117116005.3490
"Bourne ultimatum",1266888060,1267669620,781560,117116005.3490
"Bourne ultimatum",1266888060,1268001000,1112940,117116005.3490
"Bourne ultimatum",1266891600,1485068256,218176656,117116005.3490
"Bourne ultimatum",1266891600,1267498200,606600,117116005.3490
"Bourne ultimatum",1266891600,1267575660,684060,117116005.3490
"Bourne ultimatum",1266891600,1267639920,748320,117116005.3490
"Bourne ultimatum",1266891960,1485068256,218176296,117116005.3490
"Bourne ultimatum",1266893760,1485068256,218174496,117116005.3490
"Bourne ultimatum",1266896040,1485068256,218172216,117116005.3490
"Bourne ultimatum",1266959400,1485068256,218108856,117116005.3490
"Bourne ultimatum",1266959400,1268093160,1133760,117116005.3490
"Bourne ultimatum",1266959880,1485068256,218108376,117116005.3490
"Bourne ultimatum",1266959880,1267394940,435060,117116005.3490
"Bourne ultimatum",1266963840,1485068256,218104416,117116005.3490
"Bourne ultimatum",1266963840,1267047480,83640,117116005.3490
"Bourne ultimatum",1266969060,1485068256,218099196,117116005.3490
"Bourne ultimatum",1266969060,1267740720,771660,117116005.3490
"Bourne ultimatum",1266970980,1485068256,218097276,117116005.3490
"Bourne ultimatum",1266970980,1267568220,597240,117116005.3490
"Bourne ultimatum",1266974640,1485068256,218093616,117116005.3490
"Bourne ultimatum",1266974640,1268094600,1119960,117116005.3490
"Bourne ultimatum",1266984000,1485068256,218084256,117116005.3490
"Bourne ultimatum",1266984000,1270147020,3163020,117116005.3490
"Bourne ultimatum",1267037880,1485068256,218030376,117116005.3490
"Bourne ultimatum",1267037880,1267726080,688200,117116005.3490
"Bourne ultimatum",1267042260,1485068256,218025996,117116005.3490
"Bourne ultimatum",1267049940,1485068256,218018316,117116005.3490
"Bourne ultimatum",1267049940,1267486260,436320,117116005.3490
"Bourne ultimatum",1267068300,1485068256,217999956,117116005.3490
"Bourne ultimatum",1267068300,1267908900,840600,117116005.3490
"Bourne ultimatum",1267068840,1485068256,217999416,117116005.3490
"Bourne ultimatum",1267068840,1268704980,1636140,117116005.3490
"Bourne ultimatum",1267070340,1485068256,217997916,117116005.3490
"Bourne ultimatum",1267070340,1269999120,2928780,117116005.3490
"Bourne ultimatum",1267124220,1485068256,217944036,117116005.3490
"Bourne ultimatum",1267128960,1485068256,217939296,117116005.3490
"Bourne ultimatum",1267128960,1268184960,1056000,117116005.3490
"Bourne ultimatum",1267128960,1268437140,1308180,117116005.3490
"Bourne ultimatum",1267128960,1268521440,1392480,117116005.3490
"Bourne ultimatum",1267134840,1485068256,217933416,117116005.3490
"Bourne ultimatum",1267134840,1268090820,955980,117116005.3490
"Bourne ultimatum",1267139220,1485068256,217929036,117116005.3490
"Bourne ultimatum",1267139220,1267580340,441120,117116005.3490
"Bourne ultimatum",1267140900,1485068256,217927356,117116005.3490
"Bourne ultimatum",1267140900,1267485060,344160,117116005.3490
"Bourne ultimatum",1267143240,1485068256,217925016,117116005.3490
"Bourne ultimatum",1267143240,1268793840,1650600,117116005.3490
"Bourne ultimatum",1267147980,1485068256,217920276,117116005.3490
"Bourne ultimatum",1267156740,1485068256,217911516,117116005.3490
"Bourne ultimatum",1267156740,1271898360,4741620,117116005.3490
"Bourne ultimatum",1267156740,1272130140,4973400,117116005.3490
"Bourne ultimatum",1267210080,1485068256,217858176,117116005.3490
"Bourne ultimatum",1267210080,1267479900,269820,117116005.3490
"Bourne ultimatum",1267213440,1485068256,217854816,117116005.3490
"Bourne ultimatum",1267213440,1269309600,2096160,117116005.3490
"Bourne ultimatum",1267213440,1269457800,2244360,117116005.3490
"Bourne ultimatum",1267216140,1485068256,217852116,117116005.3490
"Bourne ultimatum",1267216140,1267834200,618060,117116005.3490
"Bourne ultimatum",1267301640,1485068256,217766616,117116005.3490
"Bourne ultimatum",1267301640,1268439060,1137420,117116005.3490
"Bourne ultimatum",1267303020,1485068256,217765236,117116005.3490
"Bourne ultimatum",1267303740,1485068256,217764516,117116005.3490
"Bourne ultimatum",1267303740,1268104080,800340,117116005.3490
"Bourne ultimatum",1267303740,1268424420,1120680,117116005.3490
"Bourne ultimatum",1267305060,1485068256,217763196,117116005.3490
"Bourne ultimatum",1267307340,1485068256,217760916,117116005.3490
"Bourne ultimatum",1267311900,1485068256,217756356,117116005.3490
"Bourne ultimatum",1267311900,1268528160,1216260,117116005.3490
"Bourne ultimatum",1267312020,1485068256,217756236,117116005.3490
"Bourne ultimatum",1267312020,1267587660,275640,117116005.3490
"Bourne ultimatum",1267312020,1267814880,502860,117116005.3490
"Bourne ultimatum",1267312020,1267905660,593640,117116005.3490
"Bourne ultimatum",1267316100,1485068256,217752156,117116005.3490
"Bourne ultimatum",1267387680,1485068256,217680576,117116005.3490
"Bourne ultimatum",1267387680,1268158680,771000,117116005.3490
"Bourne ultimatum",1267482540,1485068256,217585716,117116005.3490
"Bourne ultimatum",1267482540,1270520640,3038100,117116005.3490
"Bourne ultimatum",1267492500,1485068256,217575756,117116005.3490
"Bourne ultimatum",1267492500,1268345460,852960,117116005.3490
"Bourne ultimatum",1267500180,1485068256,217568076,117116005.3490
"Bourne ultimatum",1267500180,1268791020,1290840,117116005.3490
"Bourne ultimatum",1267501440,1485068256,217566816,117116005.3490
"Bourne ultimatum",1267501440,1268706540,1205100,117116005.3490
"Bourne ultimatum",1267555260,1485068256,217512996,117116005.3490
"Bourne ultimatum",1267555260,1268095140,539880,117116005.3490
"Bourne ultimatum",1267566540,1485068256,217501716,117116005.3490
"Bourne ultimatum",1267566540,1269298500,1731960,117116005.3490
"Bourne ultimatum",1267569060,1485068256,217499196,117116005.3490
"Bourne ultimatum",1267569060,1267742640,173580,117116005.3490
"Bourne ultimatum",1267577940,1485068256,217490316,117116005.3490
"Bourne ultimatum",1267577940,1267666920,88980,117116005.3490
"Bourne ultimatum",1267579080,1485068256,217489176,117116005.3490
"Bourne ultimatum",1267587420,1485068256,217480836,117116005.3490
"Bourne ultimatum",1267587420,1268006340,418920,117116005.3490
"Bourne ultimatum",1267640580,1485068256,217427676,117116005.3490
"Bourne ultimatum",1267645800,1485068256,217422456,117116005.3490
"Bourne ultimatum",1267645800,1270077840,2432040,117116005.3490
"Bourne ultimatum",1267647120,1485068256,217421136,117116005.3490
"Bourne ultimatum",1267647120,1268251140,604020,117116005.3490
"Bourne ultimatum",1267648920,1485068256,217419336,117116005.3490
"Bourne ultimatum",1267648920,1267835280,186360,117116005.3490
"Bourne ultimatum",1267650360,1485068256,217417896,117116005.3490
"Bourne ultimatum",1267650360,1267912380,262020,117116005.3490
"Bourne ultimatum",1267662180,1485068256,217406076,117116005.3490
"Bourne ultimatum",1267662180,1268695440,1033260,117116005.3490
"Bourne ultimatum",1267663680,1485068256,217404576,117116005.3490
"Bourne ultimatum",1267663680,1268355840,692160,117116005.3490
"Bourne ultimatum",1267667400,1485068256,217400856,117116005.3490
"Bourne ultimatum",1267667400,1270156020,2488620,117116005.3490
"Bourne ultimatum",1267669620,1485068256,217398636,117116005.3490
"Bourne ultimatum",1267669620,1268182920,513300,117116005.3490
"Bourne ultimatum",1267731600,1485068256,217336656,117116005.3490
"Bourne ultimatum",1267731600,1268247840,516240,117116005.3490
"Bourne ultimatum",1267738680,1485068256,217329576,117116005.3490
"Bourne ultimatum",1267739760,1485068256,217328496,117116005.3490
"Bourne ultimatum",1267739760,1268782620,1042860,117116005.3490
"Bourne ultimatum",1267743960,1485068256,217324296,117116005.3490
"Bourne ultimatum",1267743960,1268168220,424260,117116005.3490
"Bourne ultimatum",1267751340,1485068256,217316916,117116005.3490
"Bourne ultimatum",1267751340,1268183820,432480,117116005.3490
"Bourne ultimatum",1267751340,1268427720,676380,117116005.3490
"Bourne ultimatum",1267752240,1485068256,217316016,117116005.3490
"Bourne ultimatum",1267752240,1268511960,759720,117116005.3490
"Bourne ultimatum",1267757940,1485068256,217310316,117116005.3490
"Bourne ultimatum",1267757940,1267843620,85680,117116005.3490
"Bourne ultimatum",1267815780,1485068256,217252476,117116005.3490
"Bourne ultimatum",1267815780,1270076280,2260500,117116005.3490
"Bourne ultimatum",1267825680,1485068256,217242576,117116005.3490
"Bourne ultimatum",1267902420,1485068256,217165836,117116005.3490
"Bourne ultimatum",1267904280,1485068256,217163976,117116005.3490
"Bourne ultimatum",1267904400,1485068256,217163856,117116005.3490
"Bourne ultimatum",1267904400,1269118620,1214220,117116005.3490
"Bourne ultimatum",1267905360,1485068256,217162896,117116005.3490
"Bourne ultimatum",1267905360,1270147680,2242320,117116005.3490
"Bourne ultimatum",1267909440,1485068256,217158816,117116005.3490
"Bourne ultimatum",1267913400,1485068256,217154856,117116005.3490
"Bourne ultimatum",1267913400,1268169780,256380,117116005.3490
"Bourne ultimatum",1267915980,1485068256,217152276,117116005.3490
"Bourne ultimatum",1267915980,1269398280,1482300,117116005.3490
"Bourne ultimatum",1267917360,1485068256,217150896,117116005.3490
"Bourne ultimatum",1267917360,1270167120,2249760,117116005.3490
"Bourne ultimatum",1267918740,1485068256,217149516,117116005.3490
"Bourne ultimatum",1267918740,1268525880,607140,117116005.3490
"Bourne ultimatum",1267919220,1485068256,217149036,117116005.3490
"Bourne ultimatum",1267919220,1268443980,524760,117116005.3490
"Bourne ultimatum",1267921380,1485068256,217146876,117116005.3490
"Bourne ultimatum",1268009340,1485068256,217058916,117116005.3490
"Bourne ultimatum",1268009340,1268259720,250380,117116005.3490
"Bourne ultimatum",1268081040,1485068256,216987216,117116005.3490
"Bourne ultimatum",1268087880,1485068256,216980376,117116005.3490
"Bourne ultimatum",1268087880,1268245680,157800,117116005.3490
"Bourne ultimatum",1268094900,1485068256,216973356,117116005.3490
"Bourne ultimatum",1268094900,1268792760,697860,117116005.3490
"Bourne ultimatum",1268104800,1485068256,216963456,117116005.3490
"Bourne ultimatum",1268104800,1269213060,1108260,117116005.3490
"Bourne ultimatum",1268169360,1485068256,216898896,117116005.3490
"Bourne ultimatum",1268170980,1485068256,216897276,117116005.3490
"Bourne ultimatum",1268174400,1485068256,216893856,117116005.3490
"Bourne ultimatum",1268174400,1268521740,347340,117116005.3490
"Bourne ultimatum",1268179320,1485068256,216888936,117116005.3490
"Bourne ultimatum",1268179320,1268340720,161400,117116005.3490
"Bourne ultimatum",1268183580,1485068256,216884676,117116005.3490
"Bourne ultimatum",1268183580,1268692680,509100,117116005.3490
"Bourne ultimatum",1268184240,1485068256,216884016,117116005.3490
"Bourne ultimatum",1268184240,1268856000,671760,117116005.3490
"Bourne ultimatum",1268253360,1485068256,216814896,117116005.3490
"Bourne ultimatum",1268259900,1485068256,216808356,117116005.3490
"Bourne ultimatum",1268259900,1270061520,1801620,117116005.3490
"Bourne ultimatum",1268269140,1485068256,216799116,117116005.3490
"Bourne ultimatum",1268272260,1485068256,216795996,117116005.3490
"Bourne ultimatum",1268272260,1270253940,1981680,117116005.3490
"Bourne ultimatum",1268272260,1270513140,2240880,117116005.3490
"Bourne ultimatum",1268272860,1485068256,216795396,117116005.3490
"Bourne ultimatum",1268272860,1268784360,511500,117116005.3490
"Bourne ultimatum",1268274960,1485068256,216793296,117116005.3490
"Bourne ultimatum",1268274960,1268361000,86040,117116005.3490
"Bourne ultimatum",1268343960,1485068256,216724296,117116005.3490
"Bourne ultimatum",1268343960,1268854320,510360,117116005.3490
"Bourne ultimatum",1268346780,1485068256,216721476,117116005.3490
"Bourne ultimatum",1268352900,1485068256,216715356,117116005.3490
"Bourne ultimatum",1268353140,1485068256,216715116,117116005.3490
"Bourne ultimatum",1268439960,1485068256,216628296,117116005.3490
"Bourne ultimatum",1268440320,1485068256,216627936,117116005.3490
"Bourne ultimatum",1268441040,1485068256,216627216,117116005.3490
"Bourne ultimatum",1268441040,1268600280,159240,117116005.3490
"Bourne ultimatum",1268443440,1485068256,216624816,117116005.3490
"Bourne ultimatum",1268443440,1269733800,1290360,117116005.3490
"Bourne ultimatum",1268511360,1485068256,216556896,117116005.3490
"Bourne ultimatum",1268511360,1270081080,1569720,117116005.3490
"Bourne ultimatum",1268515800,1485068256,216552456,117116005.3490
"Bourne ultimatum",1268529960,1485068256,216538296,117116005.3490
"Bourne ultimatum",1268529960,1269736320,1206360,117116005.3490
"Bourne ultimatum",1268532060,1485068256,216536196,117116005.3490
"Bourne ultimatum",1268597340,1485068256,216470916,117116005.3490
"Bourne ultimatum",1268597340,1269039120,441780,117116005.3490
"Bourne ultimatum",1268597520,1485068256,216470736,117116005.3490
"Bourne ultimatum",1268597520,1269029580,432060,117116005.3490
"Bourne ultimatum",1268609160,1485068256,216459096,117116005.3490
"Bourne ultimatum",1268609160,1269307140,697980,117116005.3490
"Bourne ultimatum",1268609760,1485068256,216458496,117116005.3490
"Bourne ultimatum",1268609760,1268693460,83700,117116005.3490
"Bourne ultimatum",1268678940,1485068256,216389316,117116005.3490
"Bourne ultimatum",1268678940,1269550380,871440,117116005.3490
"Bourne ultimatum",1268682720,1485068256,216385536,117116005.3490
"Bourne ultimatum",1268682720,1268783520,100800,117116005.3490
"Bourne ultimatum",1268687760,1485068256,216380496,117116005.3490
"Bourne ultimatum",1268693700,1485068256,216374556,117116005.3490
"Bourne ultimatum",1268693700,1270155840,1462140,117116005.3490
"Bourne ultimatum",1268693700,1270273680,1579980,117116005.3490
"Bourne ultimatum",1268693700,1270321500,1627800,117116005.3490
"Bourne ultimatum",1268694720,1485068256,216373536,117116005.3490
"Bourne ultimatum",1268694720,1269895860,1201140,117116005.3490
"Bourne ultimatum",1268696340,1485068256,216371916,117116005.3490
"Bourne ultimatum",1268696340,1268785740,89400,117116005.3490
"Bourne ultimatum",1268701200,1485068256,216367056,117116005.3490
"Bourne ultimatum",1268704380,1485068256,216363876,117116005.3490
"Bourne ultimatum",1268704380,1269716040,1011660,117116005.3490
"Bourne ultimatum",1268707920,1485068256,216360336,117116005.3490
"Bourne ultimatum",1268765160,1485068256,216303096,117116005.3490
"Bourne ultimatum",1268765160,1268959560,194400,117116005.3490
"Bourne ultimatum",1268769960,1485068256,216298296,117116005.3490
"Bourne ultimatum",1268769960,1269468240,698280,117116005.3490
"Bourne ultimatum",1268770020,1485068256,216298236,117116005.3490
"Bourne ultimatum",1268770020,1269132120,362100,117116005.3490
"Bourne ultimatum",1268777880,1485068256,216290376,117116005.3490
"Bourne ultimatum",1268777880,1269807180,1029300,117116005.3490
"Bourne ultimatum",1268781960,1485068256,216286296,117116005.3490
"Bourne ultimatum",1268785080,1485068256,216283176,117116005.3490
"Bourne ultimatum",1268794260,1485068256,216273996,117116005.3490
"Bourne ultimatum",1268794260,1269300120,505860,117116005.3490
"Bourne ultimatum",1268794620,1485068256,216273636,117116005.3490
"Bourne ultimatum",1268794620,1270248480,1453860,117116005.3490
"Bourne ultimatum",1268853960,1485068256,216214296,117116005.3490
"Bourne ultimatum",1268853960,1269559980,706020,117116005.3490
"Bourne ultimatum",1268859660,1485068256,216208596,117116005.3490
"Bourne ultimatum",1268859660,1269380520,520860,117116005.3490
"Bourne ultimatum",1268870340,1485068256,216197916,117116005.3490
"Bourne ultimatum",1268870340,1269469680,599340,117116005.3490
"Bourne ultimatum",1268948940,1485068256,216119316,117116005.3490
"Bourne ultimatum",1268948940,1269295260,346320,117116005.3490
"Bourne ultimatum",1268952060,1485068256,216116196,117116005.3490
"Bourne ultimatum",1268952060,1270333740,1381680,117116005.3490
"Bourne ultimatum",1268954100,1485068256,216114156,117116005.3490
"Bourne ultimatum",1268954100,1269474720,520620,117116005.3490
"Bourne ultimatum",1268956140,1485068256,216112116,117116005.3490
"Bourne ultimatum",1268956140,1269992580,1036440,117116005.3490
"Bourne ultimatum",1268956320,1485068256,216111936,117116005.3490
"Bourne ultimatum",1268956320,1269297840,341520,117116005.3490
"Bourne ultimatum",1268960160,1485068256,216108096,117116005.3490
"Bourne ultimatum",1268960160,1269117360,157200,117116005.3490
"Bourne ultimatum",1268965680,1485068256,216102576,117116005.3490
"Bourne ultimatum",1268965680,1270088700,1123020,117116005.3490
"Bourne ultimatum",1269020340,1269020340,0,117116005.3490
"Bourne ultimatum",1269020340,1269466380,446040,117116005.3490
"Bourne ultimatum",1269020340,1269570840,550500,117116005.3490
"Bourne ultimatum",1269032220,1485068256,216036036,117116005.3490
"Bourne ultimatum",1269035640,1485068256,216032616,117116005.3490
"Bourne ultimatum",1269035640,1269038940,3300,117116005.3490
"Bourne ultimatum",1269036840,1485068256,216031416,117116005.3490
"Bourne ultimatum",1269036840,1270515420,1478580,117116005.3490
"Bourne ultimatum",1269045360,1485068256,216022896,117116005.3490
"Bourne ultimatum",1269108600,1485068256,215959656,117116005.3490
"Bourne ultimatum",1269108600,1269716400,607800,117116005.3490
"Bourne ultimatum",1269110700,1485068256,215957556,117116005.3490
"Bourne ultimatum",1269110700,1270243260,1132560,117116005.3490
"Bourne ultimatum",1269118440,1485068256,215949816,117116005.3490
"Bourne ultimatum",1269121860,1485068256,215946396,117116005.3490
"Bourne ultimatum",1269121860,1269569460,447600,117116005.3490
"Bourne ultimatum",1269126660,1485068256,215941596,117116005.3490
"Bourne ultimatum",1269130800,1485068256,215937456,117116005.3490
"Bourne ultimatum",1269130800,1485068256,215937456,117116005.3490
"Bourne ultimatum",1269130800,1269284760,153960,117116005.3490
"Bourne ultimatum",1269130800,1275894000,6763200,117116005.3490
"Bourne ultimatum",1269286740,1485068256,215781516,117116005.3490
"Bourne ultimatum",1269286740,1270945440,1658700,117116005.3490
"Bourne ultimatum",1269292560,1485068256,215775696,117116005.3490
"Bourne ultimatum",1269292560,1271287440,1994880,117116005.3490
"Bourne ultimatum",1269293400,1485068256,215774856,117116005.3490
"Bourne ultimatum",1269293400,1269364740,71340,117116005.3490
"Bourne ultimatum",1269294840,1485068256,215773416,117116005.3490
"Bourne ultimatum",1269294840,1270510260,1215420,117116005.3490
"Bourne ultimatum",1269295440,1485068256,215772816,117116005.3490
"Bourne ultimatum",1269297900,1485068256,215770356,117116005.3490
"Bourne ultimatum",1269297900,1269719400,421500,117116005.3490
"Bourne ultimatum",1269303120,1485068256,215765136,117116005.3490
"Bourne ultimatum",1269364740,1485068256,215703516,117116005.3490
"Bourne ultimatum",1269364740,1269379140,14400,117116005.3490
"Bourne ultimatum",1269366420,1485068256,215701836,117116005.3490
"Bourne ultimatum",1269366420,1270058580,692160,117116005.3490
"Bourne ultimatum",1269369540,1485068256,215698716,117116005.3490
"Bourne ultimatum",1269369540,1270494540,1125000,117116005.3490
"Bourne ultimatum",1269379920,1485068256,215688336,117116005.3490
"Bourne ultimatum",1269379920,1270603740,1223820,117116005.3490
"Bourne ultimatum",1269382200,1485068256,215686056,117116005.3490
"Bourne ultimatum",1269382200,1270588560,1206360,117116005.3490
"Bourne ultimatum",1269391140,1485068256,215677116,117116005.3490
"Bourne ultimatum",1269391140,1485068256,215677116,117116005.3490
"Bourne ultimatum",1269391140,1269543000,151860,117116005.3490
"Bourne ultimatum",1269391140,1270748520,1357380,117116005.3490
"Bourne ultimatum",1269391980,1485068256,215676276,117116005.3490
"Bourne ultimatum",1269391980,1270332420,940440,117116005.3490
"Bourne ultimatum",1269457440,1485068256,215610816,117116005.3490
"Bourne ultimatum",1269457440,1273015020,3557580,117116005.3490
"Bourne ultimatum",1269457980,1485068256,215610276,117116005.3490
"Bourne ultimatum",1269457980,1270500660,1042680,117116005.3490
"Bourne ultimatum",1269469620,1485068256,215598636,117116005.3490
"Bourne ultimatum",1269469620,1270768080,1298460,117116005.3490
"Bourne ultimatum",1269474060,1485068256,215594196,117116005.3490
"Bourne ultimatum",1269474060,1274425200,4951140,117116005.3490
"Bourne ultimatum",1269540780,1485068256,215527476,117116005.3490
"Bourne ultimatum",1269547020,1485068256,215521236,117116005.3490
"Bourne ultimatum",1269555240,1485068256,215513016,117116005.3490
"Bourne ultimatum",1269562200,1485068256,215506056,117116005.3490
"Bourne ultimatum",1269562200,1269904920,342720,117116005.3490
"Bourne ultimatum",1269562980,1485068256,215505276,117116005.3490
"Bourne ultimatum",1269566460,1485068256,215501796,117116005.3490
"Bourne ultimatum",1269566580,1485068256,215501676,117116005.3490
"Bourne ultimatum",1269629100,1485068256,215439156,117116005.3490
"Bourne ultimatum",1269632400,1485068256,215435856,117116005.3490
"Bourne ultimatum",1269632400,1270928340,1295940,117116005.3490
"Bourne ultimatum",1269642960,1485068256,215425296,117116005.3490
"Bourne ultimatum",1269647100,1485068256,215421156,117116005.3490
"Bourne ultimatum",1269651000,1485068256,215417256,117116005.3490
"Bourne ultimatum",1269651120,1485068256,215417136,117116005.3490
"Bourne ultimatum",1269651120,1269910620,259500,117116005.3490
"Bourne ultimatum",1269726720,1485068256,215341536,117116005.3490
"Bourne ultimatum",1269726720,1270067160,340440,117116005.3490
"Bourne ultimatum",1269734160,1485068256,215334096,117116005.3490
"Bourne ultimatum",1269734160,1270323780,589620,117116005.3490
"Bourne ultimatum",1269735180,1485068256,215333076,117116005.3490
"Bourne ultimatum",1269735180,1269995100,259920,117116005.3490
"Bourne ultimatum",1269737760,1485068256,215330496,117116005.3490
"Bourne ultimatum",1269737820,1485068256,215330436,117116005.3490
"Bourne ultimatum",1269737820,1270516260,778440,117116005.3490
"Bourne ultimatum",1269810060,1485068256,215258196,117116005.3490
"Bourne ultimatum",1269811560,1485068256,215256696,117116005.3490
"Bourne ultimatum",1269819480,1485068256,215248776,117116005.3490
"Bourne ultimatum",1269819480,1270774980,955500,117116005.3490
"Bourne ultimatum",1269893220,1485068256,215175036,117116005.3490
"Bourne ultimatum",1269896820,1485068256,215171436,117116005.3490
"Bourne ultimatum",1269897720,1485068256,215170536,117116005.3490
"Bourne ultimatum",1269897720,1269993780,96060,117116005.3490
"Bourne ultimatum",1269899640,1485068256,215168616,117116005.3490
"Bourne ultimatum",1269899640,1270494900,595260,117116005.3490
"Bourne ultimatum",1269908580,1485068256,215159676,117116005.3490
"Bourne ultimatum",1269909360,1269909360,0,117116005.3490
"Bourne ultimatum",1269917220,1485068256,215151036,117116005.3490
"Bourne ultimatum",1269917220,1270946760,1029540,117116005.3490
"Bourne ultimatum",1269985740,1485068256,215082516,117116005.3490
"Bourne ultimatum",1269985740,1271198100,1212360,117116005.3490
"Bourne ultimatum",1269994080,1485068256,215074176,117116005.3490
"Bourne ultimatum",1269994080,1271120460,1126380,117116005.3490
"Bourne ultimatum",1269995400,1485068256,215072856,117116005.3490
"Bourne ultimatum",1269995400,1270321980,326580,117116005.3490
"Bourne ultimatum",1269995400,1270433340,437940,117116005.3490
"Bourne ultimatum",1269995940,1485068256,215072316,117116005.3490
"Bourne ultimatum",1269995940,1271804760,1808820,117116005.3490
"Bourne ultimatum",1270000200,1270000200,0,117116005.3490
"Bourne ultimatum",1270000320,1485068256,215067936,117116005.3490
"Bourne ultimatum",1270004340,1485068256,215063916,117116005.3490
"Bourne ultimatum",1270004340,1271107560,1103220,117116005.3490
"Bourne ultimatum",1270056600,1485068256,215011656,117116005.3490
"Bourne ultimatum",1270056600,1270233240,176640,117116005.3490
"Bourne ultimatum",1270056600,1270361100,304500,117116005.3490
"Bourne ultimatum",1270056600,1270516020,459420,117116005.3490
"Bourne ultimatum",1270059540,1485068256,215008716,117116005.3490
"Bourne ultimatum",1270059540,1271270820,1211280,117116005.3490
"Bourne ultimatum",1270059540,1271624160,1564620,117116005.3490
"Bourne ultimatum",1270059540,1273119600,3060060,117116005.3490
"Bourne ultimatum",1270063860,1485068256,215004396,117116005.3490
"Bourne ultimatum",1270063860,1271444040,1380180,117116005.3490
"Bourne ultimatum",1270063860,1271617680,1553820,117116005.3490
"Bourne ultimatum",1270071120,1485068256,214997136,117116005.3490
"Bourne ultimatum",1270071120,1272480720,2409600,117116005.3490
"Bourne ultimatum",1270081200,1270081380,180,117116005.3490
"Bourne ultimatum",1270081380,1485068256,214986876,117116005.3490
"Bourne ultimatum",1270081380,1271283420,1202040,117116005.3490
"Bourne ultimatum",1270082040,1485068256,214986216,117116005.3490
"Bourne ultimatum",1270149120,1485068256,214919136,117116005.3490
"Bourne ultimatum",1270149120,1270509600,360480,117116005.3490
"Bourne ultimatum",1270151700,1485068256,214916556,117116005.3490
"Bourne ultimatum",1270151700,1271124180,972480,117116005.3490
"Bourne ultimatum",1270160640,1485068256,214907616,117116005.3490
"Bourne ultimatum",1270160640,1272418500,2257860,117116005.3490
"Bourne ultimatum",1270165800,1485068256,214902456,117116005.3490
"Bourne ultimatum",1270165800,1270669740,503940,117116005.3490
"Bourne ultimatum",1270169520,1485068256,214898736,117116005.3490
"Bourne ultimatum",1270169520,1270513140,343620,117116005.3490
"Bourne ultimatum",1270175340,1485068256,214892916,117116005.3490
"Bourne ultimatum",1270175340,1270515780,340440,117116005.3490
"Bourne ultimatum",1270228680,1485068256,214839576,117116005.3490
"Bourne ultimatum",1270228680,1271628840,1400160,117116005.3490
"Bourne ultimatum",1270228680,1271708640,1479960,117116005.3490
"Bourne ultimatum",1270229040,1485068256,214839216,117116005.3490
"Bourne ultimatum",1270240560,1485068256,214827696,117116005.3490
"Bourne ultimatum",1270240560,1270246500,5940,117116005.3490
"Bourne ultimatum",1270251420,1485068256,214816836,117116005.3490
"Bourne ultimatum",1270314780,1485068256,214753476,117116005.3490
"Bourne ultimatum",1270314780,1270334220,19440,117116005.3490
"Bourne ultimatum",1270315200,1485068256,214753056,117116005.3490
"Bourne ultimatum",1270325220,1485068256,214743036,117116005.3490
"Bourne ultimatum",1270325220,1271977980,1652760,117116005.3490
"Bourne ultimatum",1270332660,1485068256,214735596,117116005.3490
"Bourne ultimatum",1270332660,1272172680,1840020,117116005.3490
"Bourne ultimatum",1270333320,1485068256,214734936,117116005.3490
"Bourne ultimatum",1270333320,1270601100,267780,117116005.3490
"Bourne ultimatum",1270410300,1485068256,214657956,117116005.3490
"Bourne ultimatum",1270410300,1270589760,179460,117116005.3490
"Bourne ultimatum",1270425360,1485068256,214642896,117116005.3490
"Bourne ultimatum",1270425360,1270933440,508080,117116005.3490
"Bourne ultimatum",1270493580,1485068256,214574676,117116005.3490
"Bourne ultimatum",1270493580,1271541420,1047840,117116005.3490
"Bourne ultimatum",1270500780,1485068256,214567476,117116005.3490
"Bourne ultimatum",1270500780,1277413080,6912300,117116005.3490
"Bourne ultimatum",1270500780,1277492100,6991320,117116005.3490
"Bourne ultimatum",1270500780,1283047320,12546540,117116005.3490
"Bourne ultimatum",1270500780,1283101680,12600900,117116005.3490
"Bourne ultimatum",1270502700,1485068256,214565556,117116005.3490
"Bourne ultimatum",1270509840,1485068256,214558416,117116005.3490
"Bourne ultimatum",1270509840,1271122260,612420,117116005.3490
"Bourne ultimatum",1270511940,1485068256,214556316,117116005.3490
"Bourne ultimatum",1270511940,1272935280,2423340,117116005.3490
"Bourne ultimatum",1270517400,1485068256,214550856,117116005.3490
"Bourne ultimatum",1270517400,1271726340,1208940,117116005.3490
"Bourne ultimatum",1270518060,1485068256,214550196,117116005.3490
"Bourne ultimatum",1270518060,1271297520,779460,117116005.3490
"Bourne ultimatum",1270518360,1485068256,214549896,117116005.3490
"Bourne ultimatum",1270520820,1485068256,214547436,117116005.3490
"Bourne ultimatum",1270520820,1270768740,247920,117116005.3490
"Bourne ultimatum",1270583580,1485068256,214484676,117116005.3490
"Bourne ultimatum",1270583580,1272847920,2264340,117116005.3490
"Bourne ultimatum",1270585920,1485068256,214482336,117116005.3490
"Bourne ultimatum",1270587720,1485068256,214480536,117116005.3490
"Bourne ultimatum",1270587720,1275548400,4960680,117116005.3490
"Bourne ultimatum",1270587720,1279589340,9001620,117116005.3490
"Bourne ultimatum",1270588560,1485068256,214479696,117116005.3490
"Bourne ultimatum",1270588560,1271188260,599700,117116005.3490
"Bourne ultimatum",1270591320,1485068256,214476936,117116005.3490
"Bourne ultimatum",1270591320,1271291940,700620,117116005.3490
"Bourne ultimatum",1270592760,1485068256,214475496,117116005.3490
"Bourne ultimatum",1270597020,1485068256,214471236,117116005.3490
"Bourne ultimatum",1270597020,1270770180,173160,117116005.3490
"Bourne ultimatum",1270601400,1485068256,214466856,117116005.3490
"Bourne ultimatum",1270601400,1272577560,1976160,117116005.3490
"Bourne ultimatum",1270665060,1485068256,214403196,117116005.3490
"Bourne ultimatum",1270667940,1485068256,214400316,117116005.3490
"Bourne ultimatum",1270667940,1271464800,796860,117116005.3490
"Bourne ultimatum",1270670220,1485068256,214398036,117116005.3490
"Bourne ultimatum",1270670220,1271189280,519060,117116005.3490
"Bourne ultimatum",1270670940,1485068256,214397316,117116005.3490
"Bourne ultimatum",1270670940,1271709720,1038780,117116005.3490
"Bourne ultimatum",1270681080,1485068256,214387176,117116005.3490
"Bourne ultimatum",1270681080,1271104260,423180,117116005.3490
"Bourne ultimatum",1270687920,1485068256,214380336,117116005.3490
"Bourne ultimatum",1270687920,1271804280,1116360,117116005.3490
"Bourne ultimatum",1270747860,1485068256,214320396,117116005.3490
"Bourne ultimatum",1270747860,1271107380,359520,117116005.3490
"Bourne ultimatum",1270751280,1485068256,214316976,117116005.3490
"Bourne ultimatum",1270751280,1271973780,1222500,117116005.3490
"Bourne ultimatum",1270754880,1485068256,214313376,117116005.3490
"Bourne ultimatum",1270754880,1271630580,875700,117116005.3490
"Bourne ultimatum",1270766460,1485068256,214301796,117116005.3490
"Bourne ultimatum",1270766460,1271100600,334140,117116005.3490
"Bourne ultimatum",1270767840,1485068256,214300416,117116005.3490
"Bourne ultimatum",1270767840,1271373660,605820,117116005.3490
"Bourne ultimatum",1270769040,1485068256,214299216,117116005.3490
"Bourne ultimatum",1270769040,1273023660,2254620,117116005.3490
"Bourne ultimatum",1270769040,1274223840,3454800,117116005.3490
"Bourne ultimatum",1270771920,1485068256,214296336,117116005.3490
"Bourne ultimatum",1270771920,1275721200,4949280,117116005.3490
"Bourne ultimatum",1270772040,1485068256,214296216,117116005.3490
"Bourne ultimatum",1270772040,1270932060,160020,117116005.3490
"Bourne ultimatum",1270772700,1485068256,214295556,117116005.3490
"Bourne ultimatum",1270772700,1271967060,1194360,117116005.3490
"Bourne ultimatum",1270781460,1485068256,214286796,117116005.3490
"Bourne ultimatum",1270833240,1485068256,214235016,117116005.3490
"Bourne ultimatum",1270833240,1271699760,866520,117116005.3490
"Bourne ultimatum",1270836840,1485068256,214231416,117116005.3490
"Bourne ultimatum",1270836840,1270919700,82860,117116005.3490
"Bourne ultimatum",1270836840,1271097900,261060,117116005.3490
"Bourne ultimatum",1270840140,1485068256,214228116,117116005.3490
"Bourne ultimatum",1270840140,1271117040,276900,117116005.3490
"Bourne ultimatum",1270847340,1485068256,214220916,117116005.3490
"Bourne ultimatum",1270847340,1275807600,4960260,117116005.3490
"Bourne ultimatum",1270924140,1485068256,214144116,117116005.3490
"Bourne ultimatum",1270924140,1271121720,197580,117116005.3490
"Bourne ultimatum",1270928100,1485068256,214140156,117116005.3490
"Bourne ultimatum",1270928100,1271197740,269640,117116005.3490
"Bourne ultimatum",1270928400,1485068256,214139856,117116005.3490
"Bourne ultimatum",1270928400,1272148560,1220160,117116005.3490
"Bourne ultimatum",1270933620,1485068256,214134636,117116005.3490
"Bourne ultimatum",1270933620,1273790940,2857320,117116005.3490
"Bourne ultimatum",1270933800,1485068256,214134456,117116005.3490
"Bourne ultimatum",1270933800,1271883060,949260,117116005.3490
"Bourne ultimatum",1270933800,1272131640,1197840,117116005.3490
"Bourne ultimatum",1270936140,1485068256,214132116,117116005.3490
"Bourne ultimatum",1270938300,1485068256,214129956,117116005.3490
"Bourne ultimatum",1270938300,1272582540,1644240,117116005.3490
"Bourne ultimatum",1270939500,1485068256,214128756,117116005.3490
"Bourne ultimatum",1270939500,1272935160,1995660,117116005.3490
"Bourne ultimatum",1270941000,1485068256,214127256,117116005.3490
"Bourne ultimatum",1270941000,1273627020,2686020,117116005.3490
"Bourne ultimatum",1271026320,1485068256,214041936,117116005.3490
"Bourne ultimatum",1271026320,1271698260,671940,117116005.3490
"Bourne ultimatum",1271107800,1485068256,213960456,117116005.3490
"Bourne ultimatum",1271107800,1271545320,437520,117116005.3490
"Bourne ultimatum",1271109720,1485068256,213958536,117116005.3490
"Bourne ultimatum",1271109720,1272493200,1383480,117116005.3490
"Bourne ultimatum",1271112180,1485068256,213956076,117116005.3490
"Bourne ultimatum",1271112180,1271801160,688980,117116005.3490
"Bourne ultimatum",1271115120,1485068256,213953136,117116005.3490
"Bourne ultimatum",1271115120,1274390760,3275640,117116005.3490
"Bourne ultimatum",1271115120,1275157500,4042380,117116005.3490
"Bourne ultimatum",1271115120,1275431760,4316640,117116005.3490
"Bourne ultimatum",1271117940,1485068256,213950316,117116005.3490
"Bourne ultimatum",1271117940,1271275860,157920,117116005.3490
"Bourne ultimatum",1271126220,1485068256,213942036,117116005.3490
"Bourne ultimatum",1271126220,1272587940,1461720,117116005.3490
"Bourne ultimatum",1271127360,1485068256,213940896,117116005.3490
"Bourne ultimatum",1271127360,1271535300,407940,117116005.3490
"Bourne ultimatum",1271127360,1272310080,1182720,117116005.3490
"Bourne ultimatum",1271182020,1485068256,213886236,117116005.3490
"Bourne ultimatum",1271182020,1272415800,1233780,117116005.3490
"Bourne ultimatum",1271190600,1485068256,213877656,117116005.3490
"Bourne ultimatum",1271190600,1272582300,1391700,117116005.3490
"Bourne ultimatum",1271194860,1485068256,213873396,117116005.3490
"Bourne ultimatum",1271201100,1485068256,213867156,117116005.3490
"Bourne ultimatum",1271201100,1276153200,4952100,117116005.3490
"Bourne ultimatum",1271202720,1485068256,213865536,117116005.3490
"Bourne ultimatum",1271202720,1271716500,513780,117116005.3490
"Bourne ultimatum",1271204700,1485068256,213863556,117116005.3490
"Bourne ultimatum",1271208180,1485068256,213860076,117116005.3490
"Bourne ultimatum",1271208180,1271883300,675120,117116005.3490
"Bourne ultimatum",1271267760,1485068256,213800496,117116005.3490
"Bourne ultimatum",1271267760,1271716560,448800,117116005.3490
"Bourne ultimatum",1271271480,1485068256,213796776,117116005.3490
"Bourne ultimatum",1271278620,1485068256,213789636,117116005.3490
"Bourne ultimatum",1271278620,1271373000,94380,117116005.3490
"Bourne ultimatum",1271287620,1485068256,213780636,117116005.3490
"Bourne ultimatum",1271287620,1272131100,843480,117116005.3490
"Bourne ultimatum",1271292180,1485068256,213776076,117116005.3490
"Bourne ultimatum",1271292180,1271709900,417720,117116005.3490
"Bourne ultimatum",1271297700,1485068256,213770556,117116005.3490
"Bourne ultimatum",1271297700,1275416100,4118400,117116005.3490
"Bourne ultimatum",1271297700,1275689520,4391820,117116005.3490
"Bourne ultimatum",1271297700,1275758640,4460940,117116005.3490
"Bourne ultimatum",1271352480,1485068256,213715776,117116005.3490
"Bourne ultimatum",1271352480,1271527200,174720,117116005.3490
"Bourne ultimatum",1271365380,1485068256,213702876,117116005.3490
"Bourne ultimatum",1271365380,1272409800,1044420,117116005.3490
"Bourne ultimatum",1271374620,1485068256,213693636,117116005.3490
"Bourne ultimatum",1271374620,1272226740,852120,117116005.3490
"Bourne ultimatum",1271385660,1485068256,213682596,117116005.3490
"Bourne ultimatum",1271385660,1271455920,70260,117116005.3490
"Bourne ultimatum",1271457900,1485068256,213610356,117116005.3490
"Bourne ultimatum",1271457900,1272336540,878640,117116005.3490
"Bourne ultimatum",1271527560,1485068256,213540696,117116005.3490
"Bourne ultimatum",1271527560,1271697480,169920,117116005.3490
"Bourne ultimatum",1271527560,1271991600,464040,117116005.3490
"Bourne ultimatum",1271542860,1485068256,213525396,117116005.3490
"Bourne ultimatum",1271547600,1485068256,213520656,117116005.3490
"Bourne ultimatum",1271548740,1485068256,213519516,117116005.3490
"Bourne ultimatum",1271548740,1272151560,602820,117116005.3490
"Bourne ultimatum",1271627220,1485068256,213441036,117116005.3490
"Bourne ultimatum",1271627220,1273691100,2063880,117116005.3490
"Bourne ultimatum",1271632260,1485068256,213435996,117116005.3490
"Bourne ultimatum",1271632260,1272754200,1121940,117116005.3490
"Bourne ultimatum",1271708640,1485068256,213359616,117116005.3490
"Bourne ultimatum",1271708640,1272412620,703980,117116005.3490
"Bourne ultimatum",1271708940,1485068256,213359316,117116005.3490
"Bourne ultimatum",1271713320,1485068256,213354936,117116005.3490
"Bourne ultimatum",1271713320,1273010220,1296900,117116005.3490
"Bourne ultimatum",1271720880,1485068256,213347376,117116005.3490
"Bourne ultimatum",1271720880,1274136120,2415240,117116005.3490
"Bourne ultimatum",1271728320,1485068256,213339936,117116005.3490
"Bourne ultimatum",1271728320,1272328620,600300,117116005.3490
"Bourne ultimatum",1271795820,1485068256,213272436,117116005.3490
"Bourne ultimatum",1271795820,1272150060,354240,117116005.3490
"Bourne ultimatum",1271796000,1485068256,213272256,117116005.3490
"Bourne ultimatum",1271796000,1272310080,514080,117116005.3490
"Bourne ultimatum",1271798040,1485068256,213270216,117116005.3490
"Bourne ultimatum",1271798040,1273010280,1212240,117116005.3490
"Bourne ultimatum",1271803740,1485068256,213264516,117116005.3490
"Bourne ultimatum",1271803740,1272755580,951840,117116005.3490
"Bourne ultimatum",1271808600,1485068256,213259656,117116005.3490
"Bourne ultimatum",1271809860,1485068256,213258396,117116005.3490
"Bourne ultimatum",1271811240,1485068256,213257016,117116005.3490
"Bourne ultimatum",1271811240,1272415740,604500,117116005.3490
"Bourne ultimatum",1271813100,1485068256,213255156,117116005.3490
"Bourne ultimatum",1271875440,1485068256,213192816,117116005.3490
"Bourne ultimatum",1271875440,1272842160,966720,117116005.3490
"Bourne ultimatum",1271876220,1485068256,213192036,117116005.3490
"Bourne ultimatum",1271876220,1272407280,531060,117116005.3490
"Bourne ultimatum",1271890680,1485068256,213177576,117116005.3490
"Bourne ultimatum",1271890680,1272065880,175200,117116005.3490
"Bourne ultimatum",1271890680,1272313260,422580,117116005.3490
"Bourne ultimatum",1271964060,1485068256,213104196,117116005.3490
"Bourne ultimatum",1271964060,1272751680,787620,117116005.3490
"Bourne ultimatum",1271976120,1485068256,213092136,117116005.3490
"Bourne ultimatum",1271976120,1273190580,1214460,117116005.3490
"Bourne ultimatum",1272053220,1485068256,213015036,117116005.3490
"Bourne ultimatum",1272053220,1272926040,872820,117116005.3490
"Bourne ultimatum",1272060540,1485068256,213007716,117116005.3490
"Bourne ultimatum",1272060540,1272476160,415620,117116005.3490
"Bourne ultimatum",1272138480,1485068256,212929776,117116005.3490
"Bourne ultimatum",1272138480,1272577860,439380,117116005.3490
"Bourne ultimatum",1272140820,1485068256,212927436,117116005.3490
"Bourne ultimatum",1272140820,1272582240,441420,117116005.3490
"Bourne ultimatum",1272235140,1485068256,212833116,117116005.3490
"Bourne ultimatum",1272235140,1272740160,505020,117116005.3490
"Bourne ultimatum",1272237720,1485068256,212830536,117116005.3490
"Bourne ultimatum",1272237720,1272406620,168900,117116005.3490
"Bourne ultimatum",1272309840,1485068256,212758416,117116005.3490
"Bourne ultimatum",1272309840,1272483360,173520,117116005.3490
"Bourne ultimatum",1272322980,1485068256,212745276,117116005.3490
"Bourne ultimatum",1272322980,1273544760,1221780,117116005.3490
"Bourne ultimatum",1272328920,1485068256,212739336,117116005.3490
"Bourne ultimatum",1272328920,1272477960,149040,117116005.3490
"Bourne ultimatum",1272332040,1485068256,212736216,117116005.3490
"Bourne ultimatum",1272333000,1485068256,212735256,117116005.3490
"Bourne ultimatum",1272333000,1273714620,1381620,117116005.3490
"Bourne ultimatum",1272333720,1485068256,212734536,117116005.3490
"Bourne ultimatum",1272333720,1272394920,61200,117116005.3490
"Bourne ultimatum",1272334980,1485068256,212733276,117116005.3490
"Bourne ultimatum",1272405420,1485068256,212662836,117116005.3490
"Bourne ultimatum",1272405420,1273007040,601620,117116005.3490
"Bourne ultimatum",1272413640,1485068256,212654616,117116005.3490
"Bourne ultimatum",1272413640,1272751860,338220,117116005.3490
"Bourne ultimatum",1272417120,1485068256,212651136,117116005.3490
"Bourne ultimatum",1272417120,1273016880,599760,117116005.3490
"Bourne ultimatum",1272420900,1485068256,212647356,117116005.3490
"Bourne ultimatum",1272420900,1273106580,685680,117116005.3490
"Bourne ultimatum",1272479460,1485068256,212588796,117116005.3490
"Bourne ultimatum",1272479460,1274221740,1742280,117116005.3490
"Bourne ultimatum",1272480480,1485068256,212587776,117116005.3490
"Bourne ultimatum",1272480480,1272756420,275940,117116005.3490
"Bourne ultimatum",1272482820,1485068256,212585436,117116005.3490
"Bourne ultimatum",1272482820,1273694700,1211880,117116005.3490
"Bourne ultimatum",1272483120,1485068256,212585136,117116005.3490
"Bourne ultimatum",1272492360,1485068256,212575896,117116005.3490
"Bourne ultimatum",1272500820,1485068256,212567436,117116005.3490
"Bourne ultimatum",1272502440,1485068256,212565816,117116005.3490
"Bourne ultimatum",1272502440,1274394660,1892220,117116005.3490
"Bourne ultimatum",1272503160,1485068256,212565096,117116005.3490
"Bourne ultimatum",1272503160,1272669300,166140,117116005.3490
"Bourne ultimatum",1272564720,1485068256,212503536,117116005.3490
"Bourne ultimatum",1272569100,1485068256,212499156,117116005.3490
"Bourne ultimatum",1272573900,1485068256,212494356,117116005.3490
"Bourne ultimatum",1272573900,1273360920,787020,117116005.3490
"Bourne ultimatum",1272574440,1485068256,212493816,117116005.3490
"Bourne ultimatum",1272574440,1273798980,1224540,117116005.3490
"Bourne ultimatum",1272581580,1485068256,212486676,117116005.3490
"Bourne ultimatum",1272581580,1273188060,606480,117116005.3490
"Bourne ultimatum",1272583080,1485068256,212485176,117116005.3490
"Bourne ultimatum",1272583080,1273186500,603420,117116005.3490
"Bourne ultimatum",1272583680,1485068256,212484576,117116005.3490
"Bourne ultimatum",1272583680,1272670020,86340,117116005.3490
"Bourne ultimatum",1272584460,1485068256,212483796,117116005.3490
"Bourne ultimatum",1272584460,1272750120,165660,117116005.3490
"Bourne ultimatum",1272663300,1485068256,212404956,117116005.3490
"Bourne ultimatum",1272663300,1273525680,862380,117116005.3490
"Bourne ultimatum",1272739620,1485068256,212328636,117116005.3490
"Bourne ultimatum",1272739620,1273950840,1211220,117116005.3490
"Bourne ultimatum",1272741480,1485068256,212326776,117116005.3490
"Bourne ultimatum",1272742440,1485068256,212325816,117116005.3490
"Bourne ultimatum",1272746760,1485068256,212321496,117116005.3490
"Bourne ultimatum",1272746760,1273964940,1218180,117116005.3490
"Bourne ultimatum",1272746760,1274073420,1326660,117116005.3490
"Bourne ultimatum",1272748200,1485068256,212320056,117116005.3490
"Bourne ultimatum",1272748200,1274117880,1369680,117116005.3490
"Bourne ultimatum",1272751080,1485068256,212317176,117116005.3490
"Bourne ultimatum",1272751080,1273441320,690240,117116005.3490
"Bourne ultimatum",1272751200,1485068256,212317056,117116005.3490
"Bourne ultimatum",1272751200,1273436400,685200,117116005.3490
"Bourne ultimatum",1272755340,1485068256,212312916,117116005.3490
"Bourne ultimatum",1272755340,1275165540,2410200,117116005.3490
"Bourne ultimatum",1272756300,1485068256,212311956,117116005.3490
"Bourne ultimatum",1272756300,1273096440,340140,117116005.3490
"Bourne ultimatum",1272757320,1485068256,212310936,117116005.3490
"Bourne ultimatum",1272757320,1273966080,1208760,117116005.3490
"Bourne ultimatum",1272757920,1485068256,212310336,117116005.3490
"Bourne ultimatum",1272760800,1485068256,212307456,117116005.3490
"Bourne ultimatum",1272844260,1485068256,212223996,117116005.3490
"Bourne ultimatum",1272844260,1273099860,255600,117116005.3490
"Bourne ultimatum",1272911280,1485068256,212156976,117116005.3490
"Bourne ultimatum",1272911280,1273522740,611460,117116005.3490
"Bourne ultimatum",1272918240,1485068256,212150016,117116005.3490
"Bourne ultimatum",1272919140,1485068256,212149116,117116005.3490
"Bourne ultimatum",1272919140,1273177800,258660,117116005.3490
"Bourne ultimatum",1272931620,1485068256,212136636,117116005.3490
"Bourne ultimatum",1272931620,1273011120,79500,117116005.3490
"Bourne ultimatum",1272941400,1485068256,212126856,117116005.3490
"Bourne ultimatum",1273005720,1485068256,212062536,117116005.3490
"Bourne ultimatum",1273005720,1273524780,519060,117116005.3490
"Bourne ultimatum",1273007160,1485068256,212061096,117116005.3490
"Bourne ultimatum",1273007160,1274393340,1386180,117116005.3490
"Bourne ultimatum",1273012500,1485068256,212055756,117116005.3490
"Bourne ultimatum",1273012500,1273529340,516840,117116005.3490
"Bourne ultimatum",1273019580,1485068256,212048676,117116005.3490
"Bourne ultimatum",1273019580,1273969020,949440,117116005.3490
"Bourne ultimatum",1273019760,1485068256,212048496,117116005.3490
"Bourne ultimatum",1273019760,1274574960,1555200,117116005.3490
"Bourne ultimatum",1273020720,1485068256,212047536,117116005.3490
"Bourne ultimatum",1273020720,1275435960,2415240,117116005.3490
"Bourne ultimatum",1273021860,1485068256,212046396,117116005.3490
"Bourne ultimatum",1273021860,1275160320,2138460,117116005.3490
"Bourne ultimatum",1273021920,1485068256,212046336,117116005.3490
"Bourne ultimatum",1273021920,1273523580,501660,117116005.3490
"Bourne ultimatum",1273027440,1485068256,212040816,117116005.3490
"Bourne ultimatum",1273027440,1273175880,148440,117116005.3490
"Bourne ultimatum",1273028160,1485068256,212040096,117116005.3490
"Bourne ultimatum",1273028160,1274143320,1115160,117116005.3490
"Bourne ultimatum",1273085940,1485068256,211982316,117116005.3490
"Bourne ultimatum",1273085940,1274140440,1054500,117116005.3490
"Bourne ultimatum",1273096080,1485068256,211972176,117116005.3490
"Bourne ultimatum",1273096080,1273261500,165420,117116005.3490
"Bourne ultimatum",1273097040,1485068256,211971216,117116005.3490
"Bourne ultimatum",1273102380,1485068256,211965876,117116005.3490
"Bourne ultimatum",1273114380,1485068256,211953876,117116005.3490
"Bourne ultimatum",1273114380,1273702200,587820,117116005.3490
"Bourne ultimatum",1273176540,1485068256,211891716,117116005.3490
"Bourne ultimatum",1273176540,1274385840,1209300,117116005.3490
"Bourne ultimatum",1273190100,1485068256,211878156,117116005.3490
"Bourne ultimatum",1273190100,1273623180,433080,117116005.3490
"Bourne ultimatum",1273193160,1485068256,211875096,117116005.3490
"Bourne ultimatum",1273193760,1485068256,211874496,117116005.3490
"Bourne ultimatum",1273196640,1485068256,211871616,117116005.3490
"Bourne ultimatum",1273196640,1273354380,157740,117116005.3490
"Bourne ultimatum",1273200660,1485068256,211867596,117116005.3490
"Bourne ultimatum",1273200660,1273356360,155700,117116005.3490
"Bourne ultimatum",1273271820,1485068256,211796436,117116005.3490
"Bourne ultimatum",1273271820,1273530300,258480,117116005.3490
"Bourne ultimatum",1273345140,1485068256,211723116,117116005.3490
"Bourne ultimatum",1273345140,1273546500,201360,117116005.3490
"Bourne ultimatum",1273350780,1485068256,211717476,117116005.3490
"Bourne ultimatum",1273350780,1274561340,1210560,117116005.3490
"Bourne ultimatum",1273351260,1485068256,211716996,117116005.3490
"Bourne ultimatum",1273351260,1273361700,10440,117116005.3490
"Bourne ultimatum",1273360920,1485068256,211707336,117116005.3490
"Bourne ultimatum",1273360920,1273540740,179820,117116005.3490
"Bourne ultimatum",1273364040,1485068256,211704216,117116005.3490
"Bourne ultimatum",1273364040,1273539300,175260,117116005.3490
"Bourne ultimatum",1273364520,1485068256,211703736,117116005.3490
"Bourne ultimatum",1273364520,1274556960,1192440,117116005.3490
"Bourne ultimatum",1273366260,1485068256,211701996,117116005.3490
"Bourne ultimatum",1273436040,1485068256,211632216,117116005.3490
"Bourne ultimatum",1273436040,1274041680,605640,117116005.3490
"Bourne ultimatum",1273513440,1485068256,211554816,117116005.3490
"Bourne ultimatum",1273513440,1274817420,1303980,117116005.3490
"Bourne ultimatum",1273525500,1485068256,211542756,117116005.3490
"Bourne ultimatum",1273525500,1274143380,617880,117116005.3490
"Bourne ultimatum",1273536240,1485068256,211532016,117116005.3490
"Bourne ultimatum",1273536360,1485068256,211531896,117116005.3490
"Bourne ultimatum",1273536360,1274148180,611820,117116005.3490
"Bourne ultimatum",1273538820,1485068256,211529436,117116005.3490
"Bourne ultimatum",1273538820,1274648160,1109340,117116005.3490
"Bourne ultimatum",1273539240,1485068256,211529016,117116005.3490
"Bourne ultimatum",1273539240,1274304660,765420,117116005.3490
"Bourne ultimatum",1273539240,1274378700,839460,117116005.3490
"Bourne ultimatum",1273540440,1485068256,211527816,117116005.3490
"Bourne ultimatum",1273598160,1485068256,211470096,117116005.3490
"Bourne ultimatum",1273598160,1273778040,179880,117116005.3490
"Bourne ultimatum",1273609380,1485068256,211458876,117116005.3490
"Bourne ultimatum",1273614120,1485068256,211454136,117116005.3490
"Bourne ultimatum",1273614120,1275086940,1472820,117116005.3490
"Bourne ultimatum",1273614840,1485068256,211453416,117116005.3490
"Bourne ultimatum",1273614840,1275256500,1641660,117116005.3490
"Bourne ultimatum",1273615020,1485068256,211453236,117116005.3490
"Bourne ultimatum",1273615020,1274476020,861000,117116005.3490
"Bourne ultimatum",1273618680,1485068256,211449576,117116005.3490
"Bourne ultimatum",1273618680,1274138280,519600,117116005.3490
"Bourne ultimatum",1273623660,1485068256,211444596,117116005.3490
"Bourne ultimatum",1273623660,1274401920,778260,117116005.3490
"Bourne ultimatum",1273624740,1485068256,211443516,117116005.3490
"Bourne ultimatum",1273624740,1275606720,1981980,117116005.3490
"Bourne ultimatum",1273629960,1485068256,211438296,117116005.3490
"Bourne ultimatum",1273630140,1485068256,211438116,117116005.3490
"Bourne ultimatum",1273630140,1274040060,409920,117116005.3490
"Bourne ultimatum",1273632540,1485068256,211435716,117116005.3490
"Bourne ultimatum",1273632540,1274150580,518040,117116005.3490
"Bourne ultimatum",1273707960,1485068256,211360296,117116005.3490
"Bourne ultimatum",1273707960,1273968180,260220,117116005.3490
"Bourne ultimatum",1273708440,1485068256,211359816,117116005.3490
"Bourne ultimatum",1273708440,1274908860,1200420,117116005.3490
"Bourne ultimatum",1273709520,1485068256,211358736,117116005.3490
"Bourne ultimatum",1273710420,1485068256,211357836,117116005.3490
"Bourne ultimatum",1273710420,1274293920,583500,117116005.3490
"Bourne ultimatum",1273717740,1485068256,211350516,117116005.3490
"Bourne ultimatum",1273717740,1278658800,4941060,117116005.3490
"Bourne ultimatum",1273717740,1283888460,10170720,117116005.3490
"Bourne ultimatum",1273771800,1485068256,211296456,117116005.3490
"Bourne ultimatum",1273771800,1274821380,1049580,117116005.3490
"Bourne ultimatum",1273781280,1485068256,211286976,117116005.3490
"Bourne ultimatum",1273781280,1274566500,785220,117116005.3490
"Bourne ultimatum",1273793040,1485068256,211275216,117116005.3490
"Bourne ultimatum",1273793040,1274823960,1030920,117116005.3490
"Bourne ultimatum",1273797840,1485068256,211270416,117116005.3490
"Bourne ultimatum",1273797840,1273872660,74820,117116005.3490
"Bourne ultimatum",1273797840,1274121960,324120,117116005.3490
"Bourne ultimatum",1273869240,1485068256,211199016,117116005.3490
"Bourne ultimatum",1273869240,1274395920,526680,117116005.3490
"Bourne ultimatum",1273883400,1485068256,211184856,117116005.3490
"Bourne ultimatum",1273883400,1274143440,260040,117116005.3490
"Bourne ultimatum",1273953540,1485068256,211114716,117116005.3490
"Bourne ultimatum",1273953540,1275176460,1222920,117116005.3490
"Bourne ultimatum",1273954440,1485068256,211113816,117116005.3490
"Bourne ultimatum",1273954440,1274915100,960660,117116005.3490
"Bourne ultimatum",1273955640,1485068256,211112616,117116005.3490
"Bourne ultimatum",1273955640,1275161400,1205760,117116005.3490
"Bourne ultimatum",1273955820,1485068256,211112436,117116005.3490
"Bourne ultimatum",1273956540,1485068256,211111716,117116005.3490
"Bourne ultimatum",1273956540,1274853120,896580,117116005.3490
"Bourne ultimatum",1273956540,1274986680,1030140,117116005.3490
"Bourne ultimatum",1273963620,1485068256,211104636,117116005.3490
"Bourne ultimatum",1273963620,1276657080,2693460,117116005.3490
"Bourne ultimatum",1273965060,1485068256,211103196,117116005.3490
"Bourne ultimatum",1273965060,1274654880,689820,117116005.3490
"Bourne ultimatum",1274045220,1485068256,211023036,117116005.3490
"Bourne ultimatum",1274045220,1275439260,1394040,117116005.3490
"Bourne ultimatum",1274045220,1275665460,1620240,117116005.3490
"Bourne ultimatum",1274049240,1485068256,211019016,117116005.3490
"Bourne ultimatum",1274049240,1274476800,427560,117116005.3490
"Bourne ultimatum",1274121240,1485068256,210947016,117116005.3490
"Bourne ultimatum",1274121240,1274209200,87960,117116005.3490
"Bourne ultimatum",1274122560,1485068256,210945696,117116005.3490
"Bourne ultimatum",1274122560,1274650320,527760,117116005.3490
"Bourne ultimatum",1274134740,1485068256,210933516,117116005.3490
"Bourne ultimatum",1274141460,1485068256,210926796,117116005.3490
"Bourne ultimatum",1274141460,1274572260,430800,117116005.3490
"Bourne ultimatum",1274144340,1485068256,210923916,117116005.3490
"Bourne ultimatum",1274144340,1274231340,87000,117116005.3490
"Bourne ultimatum",1274144340,1274469180,324840,117116005.3490
"Bourne ultimatum",1274145060,1485068256,210923196,117116005.3490
"Bourne ultimatum",1274145060,1275010440,865380,117116005.3490
"Bourne ultimatum",1274145060,1275426420,1281360,117116005.3490
"Bourne ultimatum",1274217060,1485068256,210851196,117116005.3490
"Bourne ultimatum",1274217060,1274304840,87780,117116005.3490
"Bourne ultimatum",1274219700,1485068256,210848556,117116005.3490
"Bourne ultimatum",1274219700,1275430680,1210980,117116005.3490
"Bourne ultimatum",1274220840,1485068256,210847416,117116005.3490
"Bourne ultimatum",1274220840,1274471100,250260,117116005.3490
"Bourne ultimatum",1274224620,1485068256,210843636,117116005.3490
"Bourne ultimatum",1274224620,1274561520,336900,117116005.3490
"Bourne ultimatum",1274227500,1485068256,210840756,117116005.3490
"Bourne ultimatum",1274228820,1485068256,210839436,117116005.3490
"Bourne ultimatum",1274228820,1275176880,948060,117116005.3490
"Bourne ultimatum",1274232840,1485068256,210835416,117116005.3490
"Bourne ultimatum",1274232840,1275261900,1029060,117116005.3490
"Bourne ultimatum",1274232840,1275589440,1356600,117116005.3490
"Bourne ultimatum",1274297220,1485068256,210771036,117116005.3490
"Bourne ultimatum",1274297220,1274569800,272580,117116005.3490
"Bourne ultimatum",1274305680,1485068256,210762576,117116005.3490
"Bourne ultimatum",1274305680,1274478360,172680,117116005.3490
"Bourne ultimatum",1274311500,1485068256,210756756,117116005.3490
"Bourne ultimatum",1274384160,1485068256,210684096,117116005.3490
"Bourne ultimatum",1274384160,1274986260,602100,117116005.3490
"Bourne ultimatum",1274391120,1485068256,210677136,117116005.3490
"Bourne ultimatum",1274391120,1275764820,1373700,117116005.3490
"Bourne ultimatum",1274395740,1485068256,210672516,117116005.3490
"Bourne ultimatum",1274397480,1485068256,210670776,117116005.3490
"Bourne ultimatum",1274397480,1275596280,1198800,117116005.3490
"Bourne ultimatum",1274398680,1485068256,210669576,117116005.3490
"Bourne ultimatum",1274406120,1485068256,210662136,117116005.3490
"Bourne ultimatum",1274474040,1485068256,210594216,117116005.3490
"Bourne ultimatum",1274478960,1485068256,210589296,117116005.3490
"Bourne ultimatum",1274478960,1275087000,608040,117116005.3490
"Bourne ultimatum",1274481780,1485068256,210586476,117116005.3490
"Bourne ultimatum",1274481780,1274893620,411840,117116005.3490
"Bourne ultimatum",1274483820,1485068256,210584436,117116005.3490
"Bourne ultimatum",1274483820,1275006420,522600,117116005.3490
"Bourne ultimatum",1274484660,1485068256,210583596,117116005.3490
"Bourne ultimatum",1274484660,1275176520,691860,117116005.3490
"Bourne ultimatum",1274548380,1485068256,210519876,117116005.3490
"Bourne ultimatum",1274548380,1274824140,275760,117116005.3490
"Bourne ultimatum",1274556600,1485068256,210511656,117116005.3490
"Bourne ultimatum",1274556600,1275602580,1045980,117116005.3490
"Bourne ultimatum",1274557980,1485068256,210510276,117116005.3490
"Bourne ultimatum",1274557980,1275431040,873060,117116005.3490
"Bourne ultimatum",1274563620,1485068256,210504636,117116005.3490
"Bourne ultimatum",1274563620,1275446940,883320,117116005.3490
"Bourne ultimatum",1274567220,1485068256,210501036,117116005.3490
"Bourne ultimatum",1274571480,1485068256,210496776,117116005.3490
"Bourne ultimatum",1274571480,1275962580,1391100,117116005.3490
"Bourne ultimatum",1274572980,1485068256,210495276,117116005.3490
"Bourne ultimatum",1274572980,1276293600,1720620,117116005.3490
"Bourne ultimatum",1274650260,1485068256,210417996,117116005.3490
"Bourne ultimatum",1274650320,1485068256,210417936,117116005.3490
"Bourne ultimatum",1274650320,1275860640,1210320,117116005.3490
"Bourne ultimatum",1274733720,1485068256,210334536,117116005.3490
"Bourne ultimatum",1274736420,1485068256,210331836,117116005.3490
"Bourne ultimatum",1274736420,1275523020,786600,117116005.3490
"Bourne ultimatum",1274737080,1485068256,210331176,117116005.3490
"Bourne ultimatum",1274737080,1274908980,171900,117116005.3490
"Bourne ultimatum",1274739060,1485068256,210329196,117116005.3490
"Bourne ultimatum",1274739060,1278459660,3720600,117116005.3490
"Bourne ultimatum",1274739240,1485068256,210329016,117116005.3490
"Bourne ultimatum",1274739240,1275509400,770160,117116005.3490
"Bourne ultimatum",1274740560,1485068256,210327696,117116005.3490
"Bourne ultimatum",1274740560,1276720800,1980240,117116005.3490
"Bourne ultimatum",1274746200,1485068256,210322056,117116005.3490
"Bourne ultimatum",1274746200,1275418920,672720,117116005.3490
"Bourne ultimatum",1274821560,1485068256,210246696,117116005.3490
"Bourne ultimatum",1274821560,1274911020,89460,117116005.3490
"Bourne ultimatum",1274826780,1485068256,210241476,117116005.3490
"Bourne ultimatum",1274826780,1274922060,95280,117116005.3490
"Bourne ultimatum",1274830980,1485068256,210237276,117116005.3490
"Bourne ultimatum",1274830980,1274896860,65880,117116005.3490
"Bourne ultimatum",1274842380,1485068256,210225876,117116005.3490
"Bourne ultimatum",1274842380,1274924460,82080,117116005.3490
"Bourne ultimatum",1274899620,1485068256,210168636,117116005.3490
"Bourne ultimatum",1274908200,1485068256,210160056,117116005.3490
"Bourne ultimatum",1274908200,1275416700,508500,117116005.3490
"Bourne ultimatum",1274908200,1275592920,684720,117116005.3490
"Bourne ultimatum",1274911020,1485068256,210157236,117116005.3490
"Bourne ultimatum",1274911020,1485068256,210157236,117116005.3490
"Bourne ultimatum",1274911020,1275011220,100200,117116005.3490
"Bourne ultimatum",1274915640,1485068256,210152616,117116005.3490
"Bourne ultimatum",1274915640,1279322100,4406460,117116005.3490
"Bourne ultimatum",1274921160,1485068256,210147096,117116005.3490
"Bourne ultimatum",1274921160,1275439260,518100,117116005.3490
"Bourne ultimatum",1274926080,1485068256,210142176,117116005.3490
"Bourne ultimatum",1274926080,1275771960,845880,117116005.3490
"Bourne ultimatum",1274986200,1485068256,210082056,117116005.3490
"Bourne ultimatum",1274998440,1485068256,210069816,117116005.3490
"Bourne ultimatum",1274998440,1275178740,180300,117116005.3490
"Bourne ultimatum",1275000180,1485068256,210068076,117116005.3490
"Bourne ultimatum",1275002640,1485068256,210065616,117116005.3490
"Bourne ultimatum",1275003120,1485068256,210065136,117116005.3490
"Bourne ultimatum",1275005760,1485068256,210062496,117116005.3490
"Bourne ultimatum",1275005760,1275613560,607800,117116005.3490
"Bourne ultimatum",1275008820,1485068256,210059436,117116005.3490
"Bourne ultimatum",1275008820,1275946380,937560,117116005.3490
"Bourne ultimatum",1275012660,1485068256,210055596,117116005.3490
"Bourne ultimatum",1275012660,1275533460,520800,117116005.3490
"Bourne ultimatum",1275085680,1485068256,209982576,117116005.3490
"Bourne ultimatum",1275086220,1485068256,209982036,117116005.3490
"Bourne ultimatum",1275094260,1485068256,209973996,117116005.3490
"Bourne ultimatum",1275094260,1275951420,857160,117116005.3490
"Bourne ultimatum",1275160380,1485068256,209907876,117116005.3490
"Bourne ultimatum",1275165540,1485068256,209902716,117116005.3490
"Bourne ultimatum",1275165540,1277166420,2000880,117116005.3490
"Bourne ultimatum",1275173700,1485068256,209894556,117116005.3490
"Bourne ultimatum",1275173700,1277414040,2240340,117116005.3490
"Bourne ultimatum",1275251340,1485068256,209816916,117116005.3490
"Bourne ultimatum",1275251340,1275516780,265440,117116005.3490
"Bourne ultimatum",1275252840,1485068256,209815416,117116005.3490
"Bourne ultimatum",1275261720,1485068256,209806536,117116005.3490
"Bourne ultimatum",1275261720,1275529920,268200,117116005.3490
"Bourne ultimatum",1275262020,1485068256,209806236,117116005.3490
"Bourne ultimatum",1275262020,1275604320,342300,117116005.3490
"Bourne ultimatum",1275262440,1485068256,209805816,117116005.3490
"Bourne ultimatum",1275262440,1275779520,517080,117116005.3490
"Bourne ultimatum",1275419820,1485068256,209648436,117116005.3490
"Bourne ultimatum",1275419820,1276555860,1136040,117116005.3490
"Bourne ultimatum",1275428520,1485068256,209639736,117116005.3490
"Bourne ultimatum",1275428520,1277250900,1822380,117116005.3490
"Bourne ultimatum",1275428940,1485068256,209639316,117116005.3490
"Bourne ultimatum",1275428940,1276035360,606420,117116005.3490
"Bourne ultimatum",1275438300,1485068256,209629956,117116005.3490
"Bourne ultimatum",1275438300,1276632420,1194120,117116005.3490
"Bourne ultimatum",1275439440,1485068256,209628816,117116005.3490
"Bourne ultimatum",1275439440,1275610200,170760,117116005.3490
"Bourne ultimatum",1275442380,1485068256,209625876,117116005.3490
"Bourne ultimatum",1275442380,1276552860,1110480,117116005.3490
"Bourne ultimatum",1275501360,1485068256,209566896,117116005.3490
"Bourne ultimatum",1275501360,1275770100,268740,117116005.3490
"Bourne ultimatum",1275504540,1485068256,209563716,117116005.3490
"Bourne ultimatum",1275504540,1276050540,546000,117116005.3490
"Bourne ultimatum",1275504540,1277424960,1920420,117116005.3490
"Bourne ultimatum",1275504540,1278371700,2867160,117116005.3490
"Bourne ultimatum",1275511080,1485068256,209557176,117116005.3490
"Bourne ultimatum",1275511080,1275951720,440640,117116005.3490
"Bourne ultimatum",1275519720,1485068256,209548536,117116005.3490
"Bourne ultimatum",1275519720,1275764400,244680,117116005.3490
"Bourne ultimatum",1275521820,1485068256,209546436,117116005.3490
"Bourne ultimatum",1275521820,1276556820,1035000,117116005.3490
"Bourne ultimatum",1275528900,1485068256,209539356,117116005.3490
"Bourne ultimatum",1275528900,1276300620,771720,117116005.3490
"Bourne ultimatum",1275588480,1485068256,209479776,117116005.3490
"Bourne ultimatum",1275591600,1485068256,209476656,117116005.3490
"Bourne ultimatum",1275591600,1276039680,448080,117116005.3490
"Bourne ultimatum",1275600480,1485068256,209467776,117116005.3490
"Bourne ultimatum",1275600480,1276285140,684660,117116005.3490
"Bourne ultimatum",1275603540,1485068256,209464716,117116005.3490
"Bourne ultimatum",1275603720,1485068256,209464536,117116005.3490
"Bourne ultimatum",1275603720,1276807440,1203720,117116005.3490
"Bourne ultimatum",1275603720,1277675700,2071980,117116005.3490
"Bourne ultimatum",1275605820,1485068256,209462436,117116005.3490
"Bourne ultimatum",1275605820,1276200900,595080,117116005.3490
"Bourne ultimatum",1275605820,1276800240,1194420,117116005.3490
"Bourne ultimatum",1275607080,1485068256,209461176,117116005.3490
"Bourne ultimatum",1275607200,1485068256,209461056,117116005.3490
"Bourne ultimatum",1275610740,1485068256,209457516,117116005.3490
"Bourne ultimatum",1275610740,1276719600,1108860,117116005.3490
"Bourne ultimatum",1275612780,1485068256,209455476,117116005.3490
"Bourne ultimatum",1275613020,1485068256,209455236,117116005.3490
"Bourne ultimatum",1275613020,1276464780,851760,117116005.3490
"Bourne ultimatum",1275618240,1485068256,209450016,117116005.3490
"Bourne ultimatum",1275673740,1485068256,209394516,117116005.3490
"Bourne ultimatum",1275673740,1276571760,898020,117116005.3490
"Bourne ultimatum",1275673740,1277320800,1647060,117116005.3490
"Bourne ultimatum",1275677880,1485068256,209390376,117116005.3490
"Bourne ultimatum",1275677880,1276725660,1047780,117116005.3490
"Bourne ultimatum",1275681420,1485068256,209386836,117116005.3490
"Bourne ultimatum",1275681420,1276645980,964560,117116005.3490
"Bourne ultimatum",1275688860,1485068256,209379396,117116005.3490
"Bourne ultimatum",1275688860,1276130640,441780,117116005.3490
"Bourne ultimatum",1275762060,1485068256,209306196,117116005.3490
"Bourne ultimatum",1275762060,1276983180,1221120,117116005.3490
"Bourne ultimatum",1275770400,1485068256,209297856,117116005.3490
"Bourne ultimatum",1275770400,1275955140,184740,117116005.3490
"Bourne ultimatum",1275773280,1485068256,209294976,117116005.3490
"Bourne ultimatum",1275773280,1276821240,1047960,117116005.3490
"Bourne ultimatum",1275774720,1485068256,209293536,117116005.3490
"Bourne ultimatum",1275774720,1276553340,778620,117116005.3490
"Bourne ultimatum",1275776220,1485068256,209292036,117116005.3490
"Bourne ultimatum",1275776220,1275868560,92340,117116005.3490
"Bourne ultimatum",1275776280,1485068256,209291976,117116005.3490
"Bourne ultimatum",1275780720,1485068256,209287536,117116005.3490
"Bourne ultimatum",1275780720,1276383600,602880,117116005.3490
"Bourne ultimatum",1275782340,1485068256,209285916,117116005.3490
"Bourne ultimatum",1275784560,1485068256,209283696,117116005.3490
"Bourne ultimatum",1275784620,1485068256,209283636,117116005.3490
"Bourne ultimatum",1275784620,1276138140,353520,117116005.3490
"Bourne ultimatum",1275939720,1485068256,209128536,117116005.3490
"Bourne ultimatum",1275939720,1276294560,354840,117116005.3490
"Bourne ultimatum",1275944760,1485068256,209123496,117116005.3490
"Bourne ultimatum",1275944760,1276200540,255780,117116005.3490
"Bourne ultimatum",1275944880,1485068256,209123376,117116005.3490
"Bourne ultimatum",1275944880,1276385700,440820,117116005.3490
"Bourne ultimatum",1275951420,1485068256,209116836,117116005.3490
"Bourne ultimatum",1275951420,1276649760,698340,117116005.3490
"Bourne ultimatum",1275958560,1485068256,209109696,117116005.3490
"Bourne ultimatum",1275963420,1485068256,209104836,117116005.3490
"Bourne ultimatum",1275963420,1276646640,683220,117116005.3490
"Bourne ultimatum",1276021500,1485068256,209046756,117116005.3490
"Bourne ultimatum",1276021500,1276200780,179280,117116005.3490
"Bourne ultimatum",1276029660,1485068256,209038596,117116005.3490
"Bourne ultimatum",1276029660,1279053720,3024060,117116005.3490
"Bourne ultimatum",1276036740,1485068256,209031516,117116005.3490
"Bourne ultimatum",1276036740,1276902360,865620,117116005.3490
"Bourne ultimatum",1276037940,1485068256,209030316,117116005.3490
"Bourne ultimatum",1276037940,1277410860,1372920,117116005.3490
"Bourne ultimatum",1276037940,1277835240,1797300,117116005.3490
"Bourne ultimatum",1276037940,1277928300,1890360,117116005.3490
"Bourne ultimatum",1276109760,1485068256,208958496,117116005.3490
"Bourne ultimatum",1276109760,1276541880,432120,117116005.3490
"Bourne ultimatum",1276119000,1485068256,208949256,117116005.3490
"Bourne ultimatum",1276119000,1277326440,1207440,117116005.3490
"Bourne ultimatum",1276119000,1277873460,1754460,117116005.3490
"Bourne ultimatum",1276119000,1278007860,1888860,117116005.3490
"Bourne ultimatum",1276192620,1485068256,208875636,117116005.3490
"Bourne ultimatum",1276192620,1277949300,1756680,117116005.3490
"Bourne ultimatum",1276203360,1485068256,208864896,117116005.3490
"Bourne ultimatum",1276203360,1276284600,81240,117116005.3490
"Bourne ultimatum",1276216560,1485068256,208851696,117116005.3490
"Bourne ultimatum",1276216560,1276645260,428700,117116005.3490
"Bourne ultimatum",1276288560,1485068256,208779696,117116005.3490
"Bourne ultimatum",1276288560,1276628760,340200,117116005.3490
"Bourne ultimatum",1276294140,1485068256,208774116,117116005.3490
"Bourne ultimatum",1276294140,1276726800,432660,117116005.3490
"Bourne ultimatum",1276299900,1485068256,208768356,117116005.3490
"Bourne ultimatum",1276299900,1276461540,161640,117116005.3490
"Bourne ultimatum",1276302120,1485068256,208766136,117116005.3490
"Bourne ultimatum",1276302120,1485068256,208766136,117116005.3490
"Bourne ultimatum",1276302120,1276977480,675360,117116005.3490
"Bourne ultimatum",1276302120,1277682300,1380180,117116005.3490
"Bourne ultimatum",1276363620,1485068256,208704636,117116005.3490
"Bourne ultimatum",1276363620,1277843880,1480260,117116005.3490
"Bourne ultimatum",1276368960,1485068256,208699296,117116005.3490
"Bourne ultimatum",1276374240,1485068256,208694016,117116005.3490
"Bourne ultimatum",1276374240,1278456120,2081880,117116005.3490
"Bourne ultimatum",1276374780,1485068256,208693476,117116005.3490
"Bourne ultimatum",1276374780,1277332500,957720,117116005.3490
"Bourne ultimatum",1276385940,1485068256,208682316,117116005.3490
"Bourne ultimatum",1276385940,1276548480,162540,117116005.3490
"Bourne ultimatum",1276544640,1485068256,208523616,117116005.3490
"Bourne ultimatum",1276544640,1276735680,191040,117116005.3490
"Bourne ultimatum",1276544640,1277074320,529680,117116005.3490
"Bourne ultimatum",1276551840,1485068256,208516416,117116005.3490
"Bourne ultimatum",1276551840,1277770440,1218600,117116005.3490
"Bourne ultimatum",1276552500,1485068256,208515756,117116005.3490
"Bourne ultimatum",1276552500,1279046640,2494140,117116005.3490
"Bourne ultimatum",1276556040,1485068256,208512216,117116005.3490
"Bourne ultimatum",1276556040,1277760000,1203960,117116005.3490
"Bourne ultimatum",1276561020,1485068256,208507236,117116005.3490
"Bourne ultimatum",1276561020,1277501040,940020,117116005.3490
"Bourne ultimatum",1276561320,1485068256,208506936,117116005.3490
"Bourne ultimatum",1276561320,1277862780,1301460,117116005.3490
"Bourne ultimatum",1276562640,1485068256,208505616,117116005.3490
"Bourne ultimatum",1276562640,1277166600,603960,117116005.3490
"Bourne ultimatum",1276568880,1485068256,208499376,117116005.3490
"Bourne ultimatum",1276568880,1278888480,2319600,117116005.3490
"Bourne ultimatum",1276622400,1485068256,208445856,117116005.3490
"Bourne ultimatum",1276622400,1277252640,630240,117116005.3490
"Bourne ultimatum",1276642260,1485068256,208425996,117116005.3490
"Bourne ultimatum",1276642260,1277166720,524460,117116005.3490
"Bourne ultimatum",1276643340,1485068256,208424916,117116005.3490
"Bourne ultimatum",1276643340,1277598240,954900,117116005.3490
"Bourne ultimatum",1276643340,1277925240,1281900,117116005.3490
"Bourne ultimatum",1276645260,1485068256,208422996,117116005.3490
"Bourne ultimatum",1276645260,1277160180,514920,117116005.3490
"Bourne ultimatum",1276646460,1485068256,208421796,117116005.3490
"Bourne ultimatum",1276646460,1277007120,360660,117116005.3490
"Bourne ultimatum",1276646460,1277235000,588540,117116005.3490
"Bourne ultimatum",1276647840,1485068256,208420416,117116005.3490
"Bourne ultimatum",1276647840,1276723200,75360,117116005.3490
"Bourne ultimatum",1276648260,1485068256,208419996,117116005.3490
"Bourne ultimatum",1276648260,1278031740,1383480,117116005.3490
"Bourne ultimatum",1276655220,1485068256,208413036,117116005.3490
"Bourne ultimatum",1276655220,1277333220,678000,117116005.3490
"Bourne ultimatum",1276656480,1485068256,208411776,117116005.3490
"Bourne ultimatum",1276656480,1278710220,2053740,117116005.3490
"Bourne ultimatum",1276720260,1485068256,208347996,117116005.3490
"Bourne ultimatum",1276720860,1485068256,208347396,117116005.3490
"Bourne ultimatum",1276720860,1277072040,351180,117116005.3490
"Bourne ultimatum",1276732440,1485068256,208335816,117116005.3490
"Bourne ultimatum",1276733520,1485068256,208334736,117116005.3490
"Bourne ultimatum",1276733520,1277160660,427140,117116005.3490
"Bourne ultimatum",1276733520,1277411520,678000,117116005.3490
"Bourne ultimatum",1276733520,1277593320,859800,117116005.3490
"Bourne ultimatum",1276733520,1277672700,939180,117116005.3490
"Bourne ultimatum",1276795080,1485068256,208273176,117116005.3490
"Bourne ultimatum",1276795320,1485068256,208272936,117116005.3490
"Bourne ultimatum",1276795320,1278004560,1209240,117116005.3490
"Bourne ultimatum",1276806180,1485068256,208262076,117116005.3490
"Bourne ultimatum",1276806180,1277339760,533580,117116005.3490
"Bourne ultimatum",1276806180,1277823060,1016880,117116005.3490
"Bourne ultimatum",1276806180,1277952720,1146540,117116005.3490
"Bourne ultimatum",1276806180,1278186600,1380420,117116005.3490
"Bourne ultimatum",1276814760,1277755800,941040,117116005.3490
"Bourne ultimatum",1276814760,1277918400,1103640,117116005.3490
"Bourne ultimatum",1276822740,1485068256,208245516,117116005.3490
"Bourne ultimatum",1276822740,1277849280,1026540,117116005.3490
"Bourne ultimatum",1276905780,1485068256,208162476,117116005.3490
"Bourne ultimatum",1276905780,1277593920,688140,117116005.3490
"Bourne ultimatum",1276907040,1485068256,208161216,117116005.3490
"Bourne ultimatum",1276907040,1277342220,435180,117116005.3490
"Bourne ultimatum",1276981800,1485068256,208086456,117116005.3490
"Bourne ultimatum",1276981800,1277853360,871560,117116005.3490
"Bourne ultimatum",1276981800,1278036120,1054320,117116005.3490
"Bourne ultimatum",1276981800,1278082920,1101120,117116005.3490
"Bourne ultimatum",1276986720,1485068256,208081536,117116005.3490
"Bourne ultimatum",1277070060,1485068256,207998196,117116005.3490
"Bourne ultimatum",1277075220,1485068256,207993036,117116005.3490
"Bourne ultimatum",1277075220,1277853420,778200,117116005.3490
"Bourne ultimatum",1277144040,1485068256,207924216,117116005.3490
"Bourne ultimatum",1277144040,1277494860,350820,117116005.3490
"Bourne ultimatum",1277144040,1277602380,458340,117116005.3490
"Bourne ultimatum",1277144040,1277753820,609780,117116005.3490
"Bourne ultimatum",1277156580,1485068256,207911676,117116005.3490
"Bourne ultimatum",1277156580,1278524340,1367760,117116005.3490
"Bourne ultimatum",1277161620,1485068256,207906636,117116005.3490
"Bourne ultimatum",1277161620,1277866380,704760,117116005.3490
"Bourne ultimatum",1277161620,1278004320,842700,117116005.3490
"Bourne ultimatum",1277161620,1278016980,855360,117116005.3490
"Bourne ultimatum",1277161620,1278088260,926640,117116005.3490
"Bourne ultimatum",1277168700,1485068256,207899556,117116005.3490
"Bourne ultimatum",1277168700,1277507760,339060,117116005.3490
"Bourne ultimatum",1277169480,1485068256,207898776,117116005.3490
"Bourne ultimatum",1277169480,1278018660,849180,117116005.3490
"Bourne ultimatum",1277169480,1278182880,1013400,117116005.3490
"Bourne ultimatum",1277169900,1485068256,207898356,117116005.3490
"Bourne ultimatum",1277239500,1485068256,207828756,117116005.3490
"Bourne ultimatum",1277239500,1279823520,2584020,117116005.3490
"Bourne ultimatum",1277245800,1485068256,207822456,117116005.3490
"Bourne ultimatum",1277253180,1485068256,207815076,117116005.3490
"Bourne ultimatum",1277253180,1278460080,1206900,117116005.3490
"Bourne ultimatum",1277258640,1485068256,207809616,117116005.3490
"Bourne ultimatum",1277336220,1485068256,207732036,117116005.3490
"Bourne ultimatum",1277336220,1278641160,1304940,117116005.3490
"Bourne ultimatum",1277336220,1278787500,1451280,117116005.3490
"Bourne ultimatum",1277340600,1485068256,207727656,117116005.3490
"Bourne ultimatum",1277340600,1278187200,846600,117116005.3490
"Bourne ultimatum",1277341200,1485068256,207727056,117116005.3490
"Bourne ultimatum",1277341200,1277398200,57000,117116005.3490
"Bourne ultimatum",1277342820,1485068256,207725436,117116005.3490
"Bourne ultimatum",1277413140,1485068256,207655116,117116005.3490
"Bourne ultimatum",1277413140,1277770680,357540,117116005.3490
"Bourne ultimatum",1277425620,1485068256,207642636,117116005.3490
"Bourne ultimatum",1277425620,1278028620,603000,117116005.3490
"Bourne ultimatum",1277425620,1278354060,928440,117116005.3490
"Bourne ultimatum",1277576160,1485068256,207492096,117116005.3490
"Bourne ultimatum",1277576160,1278189480,613320,117116005.3490
"Bourne ultimatum",1277583360,1485068256,207484896,117116005.3490
"Bourne ultimatum",1277583360,1278470760,887400,117116005.3490
"Bourne ultimatum",1277587560,1485068256,207480696,117116005.3490
"Bourne ultimatum",1277587560,1278373920,786360,117116005.3490
"Bourne ultimatum",1277589000,1485068256,207479256,117116005.3490
"Bourne ultimatum",1277589000,1278012300,423300,117116005.3490
"Bourne ultimatum",1277594640,1485068256,207473616,117116005.3490
"Bourne ultimatum",1277594640,1278642420,1047780,117116005.3490
"Bourne ultimatum",1277599740,1485068256,207468516,117116005.3490
"Bourne ultimatum",1277759460,1485068256,207308796,117116005.3490
"Bourne ultimatum",1277759460,1278972300,1212840,117116005.3490
"Bourne ultimatum",1277835960,1485068256,207232296,117116005.3490
"Bourne ultimatum",1277842500,1485068256,207225756,117116005.3490
"Bourne ultimatum",1277842500,1281378000,3535500,117116005.3490
"Bourne ultimatum",1277849760,1485068256,207218496,117116005.3490
"Bourne ultimatum",1277849760,1282177020,4327260,117116005.3490
"Bourne ultimatum",1277863980,1485068256,207204276,117116005.3490
"Bourne ultimatum",1277863980,1278795840,931860,117116005.3490
"Bourne ultimatum",1277865420,1485068256,207202836,117116005.3490
"Bourne ultimatum",1277865420,1280622600,2757180,117116005.3490
"Bourne ultimatum",1277927460,1485068256,207140796,117116005.3490
"Bourne ultimatum",1277927460,1279133940,1206480,117116005.3490
"Bourne ultimatum",1277944380,1485068256,207123876,117116005.3490
"Bourne ultimatum",1277944380,1278986040,1041660,117116005.3490
"Bourne ultimatum",1277949180,1485068256,207119076,117116005.3490
"Bourne ultimatum",1277949180,1278114300,165120,117116005.3490
"Bourne ultimatum",1278009780,1485068256,207058476,117116005.3490
"Bourne ultimatum",1278009780,1279224720,1214940,117116005.3490
"Bourne ultimatum",1278012720,1485068256,207055536,117116005.3490
"Bourne ultimatum",1278021120,1485068256,207047136,117116005.3490
"Bourne ultimatum",1278021120,1278023520,2400,117116005.3490
"Bourne ultimatum",1278029100,1485068256,207039156,117116005.3490
"Bourne ultimatum",1278029340,1485068256,207038916,117116005.3490
"Bourne ultimatum",1278029340,1278110100,80760,117116005.3490
"Bourne ultimatum",1278091980,1485068256,206976276,117116005.3490
"Bourne ultimatum",1278091980,1278448560,356580,117116005.3490
"Bourne ultimatum",1278106680,1485068256,206961576,117116005.3490
"Bourne ultimatum",1278106680,1278378000,271320,117116005.3490
"Bourne ultimatum",1278183240,1485068256,206885016,117116005.3490
"Bourne ultimatum",1278183420,1485068256,206884836,117116005.3490
"Bourne ultimatum",1278192840,1485068256,206875416,117116005.3490
"Bourne ultimatum",1278192840,1278460800,267960,117116005.3490
"Bourne ultimatum",1278198060,1485068256,206870196,117116005.3490
"Bourne ultimatum",1278199740,1485068256,206868516,117116005.3490
"Bourne ultimatum",1278199740,1281492300,3292560,117116005.3490
"Bourne ultimatum",1278199920,1485068256,206868336,117116005.3490
"Bourne ultimatum",1278349260,1485068256,206718996,117116005.3490
"Bourne ultimatum",1278349260,1485068256,206718996,117116005.3490
"Bourne ultimatum",1278349260,1278534360,185100,117116005.3490
"Bourne ultimatum",1278349260,1280971860,2622600,117116005.3490
"Bourne ultimatum",1278356820,1485068256,206711436,117116005.3490
"Bourne ultimatum",1278356820,1278792480,435660,117116005.3490
"Bourne ultimatum",1278375660,1485068256,206692596,117116005.3490
"Bourne ultimatum",1278375660,1279050240,674580,117116005.3490
"Bourne ultimatum",1278448560,1485068256,206619696,117116005.3490
"Bourne ultimatum",1278448560,1278714000,265440,117116005.3490
"Bourne ultimatum",1278451980,1485068256,206616276,117116005.3490
"Bourne ultimatum",1278451980,1278970560,518580,117116005.3490
"Bourne ultimatum",1278456060,1485068256,206612196,117116005.3490
"Bourne ultimatum",1278456060,1279487220,1031160,117116005.3490
"Bourne ultimatum",1278459900,1485068256,206608356,117116005.3490
"Bourne ultimatum",1278461280,1485068256,206606976,117116005.3490
"Bourne ultimatum",1278522420,1485068256,206545836,117116005.3490
"Bourne ultimatum",1278531120,1485068256,206537136,117116005.3490
"Bourne ultimatum",1278531120,1279658040,1126920,117116005.3490
"Bourne ultimatum",1278534840,1485068256,206533416,117116005.3490
"Bourne ultimatum",1278536820,1485068256,206531436,117116005.3490
"Bourne ultimatum",1278536820,1279502820,966000,117116005.3490
"Bourne ultimatum",1278536820,1279676880,1140060,117116005.3490
"Bourne ultimatum",1278546540,1485068256,206521716,117116005.3490
"Bourne ultimatum",1278546540,1278550440,3900,117116005.3490
"Bourne ultimatum",1278546540,1279044360,497820,117116005.3490
"Bourne ultimatum",1278550320,1485068256,206517936,117116005.3490
"Bourne ultimatum",1278550320,1279154520,604200,117116005.3490
"Bourne ultimatum",1278610560,1485068256,206457696,117116005.3490
"Bourne ultimatum",1278610560,1279591500,980940,117116005.3490
"Bourne ultimatum",1278627300,1485068256,206440956,117116005.3490
"Bourne ultimatum",1278627300,1279573020,945720,117116005.3490
"Bourne ultimatum",1278628800,1485068256,206439456,117116005.3490
"Bourne ultimatum",1278628800,1280874360,2245560,117116005.3490
"Bourne ultimatum",1278636900,1485068256,206431356,117116005.3490
"Bourne ultimatum",1278636900,1280871780,2234880,117116005.3490
"Bourne ultimatum",1278701640,1485068256,206366616,117116005.3490
"Bourne ultimatum",1278701640,1279151580,449940,117116005.3490
"Bourne ultimatum",1278706620,1485068256,206361636,117116005.3490
"Bourne ultimatum",1278706620,1279397160,690540,117116005.3490
"Bourne ultimatum",1278715260,1485068256,206352996,117116005.3490
"Bourne ultimatum",1278715260,1279322760,607500,117116005.3490
"Bourne ultimatum",1278781980,1485068256,206286276,117116005.3490
"Bourne ultimatum",1278781980,1285138800,6356820,117116005.3490
"Bourne ultimatum",1278792120,1485068256,206276136,117116005.3490
"Bourne ultimatum",1278792120,1279582260,790140,117116005.3490
"Bourne ultimatum",1278799860,1485068256,206268396,117116005.3490
"Bourne ultimatum",1278799860,1278981000,181140,117116005.3490
"Bourne ultimatum",1278799860,1279117920,318060,117116005.3490
"Bourne ultimatum",1278806820,1485068256,206261436,117116005.3490
"Bourne ultimatum",1278807780,1485068256,206260476,117116005.3490
"Bourne ultimatum",1278807780,1279917360,1109580,117116005.3490
"Bourne ultimatum",1278807780,1280027820,1220040,117116005.3490
"Bourne ultimatum",1278807780,1280173140,1365360,117116005.3490
"Bourne ultimatum",1278882420,1485068256,206185836,117116005.3490
"Bourne ultimatum",1278882420,1279673400,790980,117116005.3490
"Bourne ultimatum",1278885060,1485068256,206183196,117116005.3490
"Bourne ultimatum",1278885060,1282008360,3123300,117116005.3490
"Bourne ultimatum",1278891240,1485068256,206177016,117116005.3490
"Bourne ultimatum",1278891240,1278973440,82200,117116005.3490
"Bourne ultimatum",1278974640,1485068256,206093616,117116005.3490
"Bourne ultimatum",1278974640,1279659540,684900,117116005.3490
"Bourne ultimatum",1278984780,1485068256,206083476,117116005.3490
"Bourne ultimatum",1278984780,1280185020,1200240,117116005.3490
"Bourne ultimatum",1278986100,1485068256,206082156,117116005.3490
"Bourne ultimatum",1278986100,1280801220,1815120,117116005.3490
"Bourne ultimatum",1278986100,1280947320,1961220,117116005.3490
"Bourne ultimatum",1279064040,1485068256,206004216,117116005.3490
"Bourne ultimatum",1279064760,1485068256,206003496,117116005.3490
"Bourne ultimatum",1279064760,1279739760,675000,117116005.3490
"Bourne ultimatum",1279067700,1485068256,206000556,117116005.3490
"Bourne ultimatum",1279067700,1279584360,516660,117116005.3490
"Bourne ultimatum",1279071420,1485068256,205996836,117116005.3490
"Bourne ultimatum",1279071420,1279314480,243060,117116005.3490
"Bourne ultimatum",1279072080,1485068256,205996176,117116005.3490
"Bourne ultimatum",1279072080,1280275080,1203000,117116005.3490
"Bourne ultimatum",1279072080,1280598900,1526820,117116005.3490
"Bourne ultimatum",1279221360,1485068256,205846896,117116005.3490
"Bourne ultimatum",1279221360,1279407060,185700,117116005.3490
"Bourne ultimatum",1279221660,1485068256,205846596,117116005.3490
"Bourne ultimatum",1279221660,1280171340,949680,117116005.3490
"Bourne ultimatum",1279227660,1485068256,205840596,117116005.3490
"Bourne ultimatum",1279227660,1279827000,599340,117116005.3490
"Bourne ultimatum",1279228800,1485068256,205839456,117116005.3490
"Bourne ultimatum",1279228800,1284188400,4959600,117116005.3490
"Bourne ultimatum",1279228800,1284505260,5276460,117116005.3490
"Bourne ultimatum",1279228800,1284860100,5631300,117116005.3490
"Bourne ultimatum",1279228800,1284916860,5688060,117116005.3490
"Bourne ultimatum",1279238340,1485068256,205829916,117116005.3490
"Bourne ultimatum",1279238340,1280167500,929160,117116005.3490
"Bourne ultimatum",1279238340,1280706720,1468380,117116005.3490
"Bourne ultimatum",1279238340,1280779620,1541280,117116005.3490
"Bourne ultimatum",1279317840,1485068256,205750416,117116005.3490
"Bourne ultimatum",1279317840,1280358360,1040520,117116005.3490
"Bourne ultimatum",1279317840,1280539800,1221960,117116005.3490
"Bourne ultimatum",1279317840,1280598300,1280460,117116005.3490
"Bourne ultimatum",1279323060,1485068256,205745196,117116005.3490
"Bourne ultimatum",1279323060,1280006820,683760,117116005.3490
"Bourne ultimatum",1279387800,1485068256,205680456,117116005.3490
"Bourne ultimatum",1279387800,1280100000,712200,117116005.3490
"Bourne ultimatum",1279387800,1280425620,1037820,117116005.3490
"Bourne ultimatum",1279392240,1485068256,205676016,117116005.3490
"Bourne ultimatum",1279397580,1485068256,205670676,117116005.3490
"Bourne ultimatum",1279397760,1485068256,205670496,117116005.3490
"Bourne ultimatum",1279397760,1485068256,205670496,117116005.3490
"Bourne ultimatum",1279397760,1279662000,264240,117116005.3490
"Bourne ultimatum",1279397760,1280603340,1205580,117116005.3490
"Bourne ultimatum",1279400940,1485068256,205667316,117116005.3490
"Bourne ultimatum",1279400940,1280101140,700200,117116005.3490
"Bourne ultimatum",1279402200,1485068256,205666056,117116005.3490
"Bourne ultimatum",1279402200,1279825740,423540,117116005.3490
"Bourne ultimatum",1279410600,1485068256,205657656,117116005.3490
"Bourne ultimatum",1279410600,1280017260,606660,117116005.3490
"Bourne ultimatum",1279485660,1485068256,205582596,117116005.3490
"Bourne ultimatum",1279485660,1279829100,343440,117116005.3490
"Bourne ultimatum",1279488000,1485068256,205580256,117116005.3490
"Bourne ultimatum",1279488000,1280012940,524940,117116005.3490
"Bourne ultimatum",1279490220,1485068256,205578036,117116005.3490
"Bourne ultimatum",1279490220,1280977680,1487460,117116005.3490
"Bourne ultimatum",1279574100,1485068256,205494156,117116005.3490
"Bourne ultimatum",1279574100,1280367960,793860,117116005.3490
"Bourne ultimatum",1279574100,1280778840,1204740,117116005.3490
"Bourne ultimatum",1279576800,1485068256,205491456,117116005.3490
"Bourne ultimatum",1279578120,1485068256,205490136,117116005.3490
"Bourne ultimatum",1279578120,1280342640,764520,117116005.3490
"Bourne ultimatum",1279594020,1485068256,205474236,117116005.3490
"Bourne ultimatum",1279594020,1280278380,684360,117116005.3490
"Bourne ultimatum",1279655400,1485068256,205412856,117116005.3490
"Bourne ultimatum",1279656540,1485068256,205411716,117116005.3490
"Bourne ultimatum",1279656540,1280002920,346380,117116005.3490
"Bourne ultimatum",1279658040,1485068256,205410216,117116005.3490
"Bourne ultimatum",1279658040,1280428140,770100,117116005.3490
"Bourne ultimatum",1279661640,1485068256,205406616,117116005.3490
"Bourne ultimatum",1279661640,1280355300,693660,117116005.3490
"Bourne ultimatum",1279663560,1485068256,205404696,117116005.3490
"Bourne ultimatum",1279663560,1282340340,2676780,117116005.3490
"Bourne ultimatum",1279670640,1485068256,205397616,117116005.3490
"Bourne ultimatum",1279670640,1280881920,1211280,117116005.3490
"Bourne ultimatum",1279671360,1485068256,205396896,117116005.3490
"Bourne ultimatum",1279671360,1279996860,325500,117116005.3490
"Bourne ultimatum",1279671360,1280110200,438840,117116005.3490
"Bourne ultimatum",1279671360,1280263320,591960,117116005.3490
"Bourne ultimatum",1279740780,1485068256,205327476,117116005.3490
"Bourne ultimatum",1279740780,1280012040,271260,117116005.3490
"Bourne ultimatum",1279748700,1485068256,205319556,117116005.3490
"Bourne ultimatum",1279748700,1280272740,524040,117116005.3490
"Bourne ultimatum",1279750140,1485068256,205318116,117116005.3490
"Bourne ultimatum",1279750140,1282434660,2684520,117116005.3490
"Bourne ultimatum",1279833540,1485068256,205234716,117116005.3490
"Bourne ultimatum",1279837500,1485068256,205230756,117116005.3490
"Bourne ultimatum",1279837500,1282246920,2409420,117116005.3490
"Bourne ultimatum",1279838640,1485068256,205229616,117116005.3490
"Bourne ultimatum",1279838640,1280183460,344820,117116005.3490
"Bourne ultimatum",1279842960,1485068256,205225296,117116005.3490
"Bourne ultimatum",1279842960,1281033000,1190040,117116005.3490
"Bourne ultimatum",1279853400,1485068256,205214856,117116005.3490
"Bourne ultimatum",1279853400,1280883240,1029840,117116005.3490
"Bourne ultimatum",1279915380,1485068256,205152876,117116005.3490
"Bourne ultimatum",1279915380,1280697540,782160,117116005.3490
"Bourne ultimatum",1279918680,1485068256,205149576,117116005.3490
"Bourne ultimatum",1279918680,1281047640,1128960,117116005.3490
"Bourne ultimatum",1279996320,1485068256,205071936,117116005.3490
"Bourne ultimatum",1279996320,1281222480,1226160,117116005.3490
"Bourne ultimatum",1280018700,1485068256,205049556,117116005.3490
"Bourne ultimatum",1280018700,1281906240,1887540,117116005.3490
"Bourne ultimatum",1280089860,1485068256,204978396,117116005.3490
"Bourne ultimatum",1280089860,1280262180,172320,117116005.3490
"Bourne ultimatum",1280092200,1485068256,204976056,117116005.3490
"Bourne ultimatum",1280092200,1280699100,606900,117116005.3490
"Bourne ultimatum",1280178360,1485068256,204889896,117116005.3490
"Bourne ultimatum",1280178360,1280355960,177600,117116005.3490
"Bourne ultimatum",1280181840,1485068256,204886416,117116005.3490
"Bourne ultimatum",1280181840,1281557880,1376040,117116005.3490
"Bourne ultimatum",1280187360,1485068256,204880896,117116005.3490
"Bourne ultimatum",1280187360,1280623380,436020,117116005.3490
"Bourne ultimatum",1280199120,1485068256,204869136,117116005.3490
"Bourne ultimatum",1280199120,1281321660,1122540,117116005.3490
"Bourne ultimatum",1280199120,1281487200,1288080,117116005.3490
"Bourne ultimatum",1280199240,1485068256,204869016,117116005.3490
"Bourne ultimatum",1280199240,1281227400,1028160,117116005.3490
"Bourne ultimatum",1280261580,1485068256,204806676,117116005.3490
"Bourne ultimatum",1280261580,1282432440,2170860,117116005.3490
"Bourne ultimatum",1280261580,1282511040,2249460,117116005.3490
"Bourne ultimatum",1280272740,1485068256,204795516,117116005.3490
"Bourne ultimatum",1280272740,1280962980,690240,117116005.3490
"Bourne ultimatum",1280273580,1485068256,204794676,117116005.3490
"Bourne ultimatum",1280273580,1280361120,87540,117116005.3490
"Bourne ultimatum",1280344320,1485068256,204723936,117116005.3490
"Bourne ultimatum",1280349480,1281041460,691980,117116005.3490
"Bourne ultimatum",1280361240,1485068256,204707016,117116005.3490
"Bourne ultimatum",1280361240,1280438340,77100,117116005.3490
"Bourne ultimatum",1280371920,1485068256,204696336,117116005.3490
"Bourne ultimatum",1280371920,1280871300,499380,117116005.3490
"Bourne ultimatum",1280439660,1485068256,204628596,117116005.3490
"Bourne ultimatum",1280439660,1280969220,529560,117116005.3490
"Bourne ultimatum",1280440680,1485068256,204627576,117116005.3490
"Bourne ultimatum",1280440680,1284250560,3809880,117116005.3490
"Bourne ultimatum",1280448900,1485068256,204619356,117116005.3490
"Bourne ultimatum",1280448900,1282003200,1554300,117116005.3490
"Bourne ultimatum",1280452260,1485068256,204615996,117116005.3490
"Bourne ultimatum",1280520180,1485068256,204548076,117116005.3490
"Bourne ultimatum",1280520180,1280962680,442500,117116005.3490
"Bourne ultimatum",1280525460,1485068256,204542796,117116005.3490
"Bourne ultimatum",1280604000,1485068256,204464256,117116005.3490
"Bourne ultimatum",1280605560,1485068256,204462696,117116005.3490
"Bourne ultimatum",1280605560,1280864940,259380,117116005.3490
"Bourne ultimatum",1280605560,1281031260,425700,117116005.3490
"Bourne ultimatum",1280607000,1485068256,204461256,117116005.3490
"Bourne ultimatum",1280613840,1485068256,204454416,117116005.3490
"Bourne ultimatum",1280619420,1485068256,204448836,117116005.3490
"Bourne ultimatum",1280694960,1485068256,204373296,117116005.3490
"Bourne ultimatum",1280694960,1281127980,433020,117116005.3490
"Bourne ultimatum",1280700300,1485068256,204367956,117116005.3490
"Bourne ultimatum",1280700300,1281226260,525960,117116005.3490
"Bourne ultimatum",1280771520,1485068256,204296736,117116005.3490
"Bourne ultimatum",1280771520,1282764660,1993140,117116005.3490
"Bourne ultimatum",1280781060,1485068256,204287196,117116005.3490
"Bourne ultimatum",1280781060,1281481440,700380,117116005.3490
"Bourne ultimatum",1280784960,1485068256,204283296,117116005.3490
"Bourne ultimatum",1280784960,1284083460,3298500,117116005.3490
"Bourne ultimatum",1280789400,1485068256,204278856,117116005.3490
"Bourne ultimatum",1280789400,1281126780,337380,117116005.3490
"Bourne ultimatum",1280794920,1485068256,204273336,117116005.3490
"Bourne ultimatum",1280794920,1281052860,257940,117116005.3490
"Bourne ultimatum",1280796960,1485068256,204271296,117116005.3490
"Bourne ultimatum",1280796960,1280970600,173640,117116005.3490
"Bourne ultimatum",1280881200,1485068256,204187056,117116005.3490
"Bourne ultimatum",1280881200,1281303360,422160,117116005.3490
"Bourne ultimatum",1280883060,1485068256,204185196,117116005.3490
"Bourne ultimatum",1280885100,1485068256,204183156,117116005.3490
"Bourne ultimatum",1280885100,1281573720,688620,117116005.3490
"Bourne ultimatum",1280887260,1485068256,204180996,117116005.3490
"Bourne ultimatum",1280887260,1284084420,3197160,117116005.3490
"Bourne ultimatum",1280949720,1485068256,204118536,117116005.3490
"Bourne ultimatum",1280949720,1281138900,189180,117116005.3490
"Bourne ultimatum",1280959020,1485068256,204109236,117116005.3490
"Bourne ultimatum",1280959020,1281664380,705360,117116005.3490
"Bourne ultimatum",1280968080,1485068256,204100176,117116005.3490
"Bourne ultimatum",1280974860,1485068256,204093396,117116005.3490
"Bourne ultimatum",1280974860,1281212520,237660,117116005.3490
"Bourne ultimatum",1281036360,1485068256,204031896,117116005.3490
"Bourne ultimatum",1281036360,1281727380,691020,117116005.3490
"Bourne ultimatum",1281038220,1485068256,204030036,117116005.3490
"Bourne ultimatum",1281038220,1282165140,1126920,117116005.3490
"Bourne ultimatum",1281044100,1485068256,204024156,117116005.3490
"Bourne ultimatum",1281053760,1485068256,204014496,117116005.3490
"Bourne ultimatum",1281053760,1281492480,438720,117116005.3490
"Bourne ultimatum",1281113940,1485068256,203954316,117116005.3490
"Bourne ultimatum",1281113940,1281129180,15240,117116005.3490
"Bourne ultimatum",1281129180,1485068256,203939076,117116005.3490
"Bourne ultimatum",1281129180,1288991100,7861920,117116005.3490
"Bourne ultimatum",1281202560,1485068256,203865696,117116005.3490
"Bourne ultimatum",1281208980,1485068256,203859276,117116005.3490
"Bourne ultimatum",1281208980,1282603440,1394460,117116005.3490
"Bourne ultimatum",1281211800,1485068256,203856456,117116005.3490
"Bourne ultimatum",1281216360,1485068256,203851896,117116005.3490
"Bourne ultimatum",1281216360,1281747360,531000,117116005.3490
"Bourne ultimatum",1281222300,1485068256,203845956,117116005.3490
"Bourne ultimatum",1281222780,1485068256,203845476,117116005.3490
"Bourne ultimatum",1281222780,1282165020,942240,117116005.3490
"Bourne ultimatum",1281224280,1485068256,203843976,117116005.3490
"Bourne ultimatum",1281224280,1282427640,1203360,117116005.3490
"Bourne ultimatum",1281225960,1485068256,203842296,117116005.3490
"Bourne ultimatum",1281227880,1485068256,203840376,117116005.3490
"Bourne ultimatum",1281227880,1281901500,673620,117116005.3490
"Bourne ultimatum",1281228600,1485068256,203839656,117116005.3490
"Bourne ultimatum",1281228600,1281404640,176040,117116005.3490
"Bourne ultimatum",1281228600,1281635700,407100,117116005.3490
"Bourne ultimatum",1281304260,1485068256,203763996,117116005.3490
"Bourne ultimatum",1281309180,1485068256,203759076,117116005.3490
"Bourne ultimatum",1281309420,1485068256,203758836,117116005.3490
"Bourne ultimatum",1281378000,1485068256,203690256,117116005.3490
"Bourne ultimatum",1281378000,1282149960,771960,117116005.3490
"Bourne ultimatum",1281385680,1485068256,203682576,117116005.3490
"Bourne ultimatum",1281394920,1485068256,203673336,117116005.3490
"Bourne ultimatum",1281394920,1282428360,1033440,117116005.3490
"Bourne ultimatum",1281396780,1485068256,203671476,117116005.3490
"Bourne ultimatum",1281396780,1281653040,256260,117116005.3490
"Bourne ultimatum",1281398040,1485068256,203670216,117116005.3490
"Bourne ultimatum",1281398040,1281666960,268920,117116005.3490
"Bourne ultimatum",1281398520,1485068256,203669736,117116005.3490
"Bourne ultimatum",1281398520,1281563100,164580,117116005.3490
"Bourne ultimatum",1281401100,1485068256,203667156,117116005.3490
"Bourne ultimatum",1281401100,1285037220,3636120,117116005.3490
"Bourne ultimatum",1281483840,1485068256,203584416,117116005.3490
"Bourne ultimatum",1281483840,1281642180,158340,117116005.3490
"Bourne ultimatum",1281484860,1485068256,203583396,117116005.3490
"Bourne ultimatum",1281567120,1485068256,203501136,117116005.3490
"Bourne ultimatum",1281567120,1286262000,4694880,117116005.3490
"Bourne ultimatum",1281567120,1291856280,10289160,117116005.3490
"Bourne ultimatum",1281572220,1485068256,203496036,117116005.3490
"Bourne ultimatum",1281572220,1281823440,251220,117116005.3490
"Bourne ultimatum",1281572220,1282412100,839880,117116005.3490
"Bourne ultimatum",1281644100,1485068256,203424156,117116005.3490
"Bourne ultimatum",1281644100,1282173180,529080,117116005.3490
"Bourne ultimatum",1281651060,1485068256,203417196,117116005.3490
"Bourne ultimatum",1281651060,1282085880,434820,117116005.3490
"Bourne ultimatum",1281724920,1485068256,203343336,117116005.3490
"Bourne ultimatum",1281724920,1281823080,98160,117116005.3490
"Bourne ultimatum",1281739260,1485068256,203328996,117116005.3490
"Bourne ultimatum",1281739260,1282065720,326460,117116005.3490
"Bourne ultimatum",1281743160,1485068256,203325096,117116005.3490
"Bourne ultimatum",1281743160,1282429740,686580,117116005.3490
"Bourne ultimatum",1281806940,1485068256,203261316,117116005.3490
"Bourne ultimatum",1281810480,1485068256,203257776,117116005.3490
"Bourne ultimatum",1281810480,1284517680,2707200,117116005.3490
"Bourne ultimatum",1281810480,1285017780,3207300,117116005.3490
"Bourne ultimatum",1281810780,1485068256,203257476,117116005.3490
"Bourne ultimatum",1281810780,1282257960,447180,117116005.3490
"Bourne ultimatum",1281815460,1485068256,203252796,117116005.3490
"Bourne ultimatum",1281815460,1282259460,444000,117116005.3490
"Bourne ultimatum",1281819960,1485068256,203248296,117116005.3490
"Bourne ultimatum",1281819960,1282082220,262260,117116005.3490
"Bourne ultimatum",1281823860,1485068256,203244396,117116005.3490
"Bourne ultimatum",1281823860,1282845780,1021920,117116005.3490
"Bourne ultimatum",1281830040,1485068256,203238216,117116005.3490
"Bourne ultimatum",1281830040,1282254780,424740,117116005.3490
"Bourne ultimatum",1281904440,1485068256,203163816,117116005.3490
"Bourne ultimatum",1281906840,1485068256,203161416,117116005.3490
"Bourne ultimatum",1281906840,1283995020,2088180,117116005.3490
"Bourne ultimatum",1281909300,1485068256,203158956,117116005.3490
"Bourne ultimatum",1281909300,1282519800,610500,117116005.3490
"Bourne ultimatum",1281909600,1485068256,203158656,117116005.3490
"Bourne ultimatum",1281909600,1282609740,700140,117116005.3490
"Bourne ultimatum",1281984960,1485068256,203083296,117116005.3490
"Bourne ultimatum",1281984960,1282947000,962040,117116005.3490
"Bourne ultimatum",1281987420,1485068256,203080836,117116005.3490
"Bourne ultimatum",1281987420,1282855920,868500,117116005.3490
"Bourne ultimatum",1281991500,1485068256,203076756,117116005.3490
"Bourne ultimatum",1281991500,1283887980,1896480,117116005.3490
"Bourne ultimatum",1281992280,1485068256,203075976,117116005.3490
"Bourne ultimatum",1281992280,1282433280,441000,117116005.3490
"Bourne ultimatum",1281995100,1485068256,203073156,117116005.3490
"Bourne ultimatum",1281995100,1282086480,91380,117116005.3490
"Bourne ultimatum",1282004940,1485068256,203063316,117116005.3490
"Bourne ultimatum",1282004940,1282431120,426180,117116005.3490
"Bourne ultimatum",1282006560,1485068256,203061696,117116005.3490
"Bourne ultimatum",1282095420,1485068256,202972836,117116005.3490
"Bourne ultimatum",1282095420,1282874940,779520,117116005.3490
"Bourne ultimatum",1282097400,1485068256,202970856,117116005.3490
"Bourne ultimatum",1282158780,1485068256,202909476,117116005.3490
"Bourne ultimatum",1282158780,1283909100,1750320,117116005.3490
"Bourne ultimatum",1282165020,1485068256,202903236,117116005.3490
"Bourne ultimatum",1282165020,1285629000,3463980,117116005.3490
"Bourne ultimatum",1282179000,1485068256,202889256,117116005.3490
"Bourne ultimatum",1282179000,1284238260,2059260,117116005.3490
"Bourne ultimatum",1282182720,1485068256,202885536,117116005.3490
"Bourne ultimatum",1282186680,1485068256,202881576,117116005.3490
"Bourne ultimatum",1282186680,1284937800,2751120,117116005.3490
"Bourne ultimatum",1282247460,1485068256,202820796,117116005.3490
"Bourne ultimatum",1282248780,1485068256,202819476,117116005.3490
"Bourne ultimatum",1282248780,1285122900,2874120,117116005.3490
"Bourne ultimatum",1282417920,1485068256,202650336,117116005.3490
"Bourne ultimatum",1282417920,1284856980,2439060,117116005.3490
"Bourne ultimatum",1282418940,1485068256,202649316,117116005.3490
"Bourne ultimatum",1282418940,1283981580,1562640,117116005.3490
"Bourne ultimatum",1282423920,1485068256,202644336,117116005.3490
"Bourne ultimatum",1282423920,1283891460,1467540,117116005.3490
"Bourne ultimatum",1282424580,1485068256,202643676,117116005.3490
"Bourne ultimatum",1282424580,1284064800,1640220,117116005.3490
"Bourne ultimatum",1282425120,1485068256,202643136,117116005.3490
"Bourne ultimatum",1282425120,1282683840,258720,117116005.3490
"Bourne ultimatum",1282426440,1485068256,202641816,117116005.3490
"Bourne ultimatum",1282426440,1282948860,522420,117116005.3490
"Bourne ultimatum",1282429620,1485068256,202638636,117116005.3490
"Bourne ultimatum",1282433160,1485068256,202635096,117116005.3490
"Bourne ultimatum",1282433160,1283909640,1476480,117116005.3490
"Bourne ultimatum",1282435200,1485068256,202633056,117116005.3490
"Bourne ultimatum",1282504140,1485068256,202564116,117116005.3490
"Bourne ultimatum",1282504140,1282777500,273360,117116005.3490
"Bourne ultimatum",1282509240,1485068256,202559016,117116005.3490
"Bourne ultimatum",1282509240,1282599660,90420,117116005.3490
"Bourne ultimatum",1282598760,1485068256,202469496,117116005.3490
"Bourne ultimatum",1282598760,1283898060,1299300,117116005.3490
"Bourne ultimatum",1282601700,1485068256,202466556,117116005.3490
"Bourne ultimatum",1282601700,1283034600,432900,117116005.3490
"Bourne ultimatum",1282604700,1485068256,202463556,117116005.3490
"Bourne ultimatum",1282604700,1283896500,1291800,117116005.3490
"Bourne ultimatum",1282608420,1485068256,202459836,117116005.3490
"Bourne ultimatum",1282612500,1485068256,202455756,117116005.3490
"Bourne ultimatum",1282612500,1283040540,428040,117116005.3490
"Bourne ultimatum",1282614420,1485068256,202453836,117116005.3490
"Bourne ultimatum",1282614420,1283898120,1283700,117116005.3490
"Bourne ultimatum",1282669380,1485068256,202398876,117116005.3490
"Bourne ultimatum",1282675560,1485068256,202392696,117116005.3490
"Bourne ultimatum",1282675560,1282949700,274140,117116005.3490
"Bourne ultimatum",1282680300,1485068256,202387956,117116005.3490
"Bourne ultimatum",1282680300,1282775700,95400,117116005.3490
"Bourne ultimatum",1282683900,1485068256,202384356,117116005.3490
"Bourne ultimatum",1282683900,1285708140,3024240,117116005.3490
"Bourne ultimatum",1282685160,1485068256,202383096,117116005.3490
"Bourne ultimatum",1282685160,1283976360,1291200,117116005.3490
"Bourne ultimatum",1282691100,1485068256,202377156,117116005.3490
"Bourne ultimatum",1282691100,1284424920,1733820,117116005.3490
"Bourne ultimatum",1282701120,1485068256,202367136,117116005.3490
"Bourne ultimatum",1282701120,1284076080,1374960,117116005.3490
"Bourne ultimatum",1282762740,1485068256,202305516,117116005.3490
"Bourne ultimatum",1282762740,1283889420,1126680,117116005.3490
"Bourne ultimatum",1282777620,1485068256,202290636,117116005.3490
"Bourne ultimatum",1282777620,1283901120,1123500,117116005.3490
"Bourne ultimatum",1282778400,1485068256,202289856,117116005.3490
"Bourne ultimatum",1282778400,1285104540,2326140,117116005.3490
"Bourne ultimatum",1282846260,1485068256,202221996,117116005.3490
"Bourne ultimatum",1282846260,1283881320,1035060,117116005.3490
"Bourne ultimatum",1282858020,1485068256,202210236,117116005.3490
"Bourne ultimatum",1282858020,1283022900,164880,117116005.3490
"Bourne ultimatum",1282860180,1485068256,202208076,117116005.3490
"Bourne ultimatum",1282862640,1485068256,202205616,117116005.3490
"Bourne ultimatum",1282864740,1485068256,202203516,117116005.3490
"Bourne ultimatum",1282877760,1485068256,202190496,117116005.3490
"Bourne ultimatum",1282877760,1283040060,162300,117116005.3490
"Bourne ultimatum",1282951560,1485068256,202116696,117116005.3490
"Bourne ultimatum",1282951560,1485068256,202116696,117116005.3490
"Bourne ultimatum",1282951560,1284593280,1641720,117116005.3490
"Bourne ultimatum",1282956480,1485068256,202111776,117116005.3490
"Bourne ultimatum",1283023680,1485068256,202044576,117116005.3490
"Bourne ultimatum",1283023680,1284515700,1492020,117116005.3490
"Bourne ultimatum",1283035020,1485068256,202033236,117116005.3490
"Bourne ultimatum",1283041440,1485068256,202026816,117116005.3490
"Bourne ultimatum",1283041440,1284250200,1208760,117116005.3490
"Bourne ultimatum",1283041620,1485068256,202026636,117116005.3490
"Bourne ultimatum",1283041620,1283909220,867600,117116005.3490
"Bourne ultimatum",1283893980,1283896740,2760,117116005.3490
"Bourne ultimatum",1283894940,1485068256,201173316,117116005.3490
"Bourne ultimatum",1283894940,1285019460,1124520,117116005.3490
"Bourne ultimatum",1283903880,1485068256,201164376,117116005.3490
"Bourne ultimatum",1283903880,1289289600,5385720,117116005.3490
"Bourne ultimatum",1283909160,1485068256,201159096,117116005.3490
"Bourne ultimatum",1283909160,1285023180,1114020,117116005.3490
"Bourne ultimatum",1283909760,1485068256,201158496,117116005.3490
"Bourne ultimatum",1283909760,1286050680,2140920,117116005.3490
"Bourne ultimatum",1283911500,1485068256,201156756,117116005.3490
"Bourne ultimatum",1283911500,1285111920,1200420,117116005.3490
"Bourne ultimatum",1283911980,1485068256,201156276,117116005.3490
"Bourne ultimatum",1283911980,1285639500,1727520,117116005.3490
"Bourne ultimatum",1283975760,1485068256,201092496,117116005.3490
"Bourne ultimatum",1283975760,1285634340,1658580,117116005.3490
"Bourne ultimatum",1283975760,1285878180,1902420,117116005.3490
"Bourne ultimatum",1283975760,1286052480,2076720,117116005.3490
"Bourne ultimatum",1283981280,1485068256,201086976,117116005.3490
"Bourne ultimatum",1283981280,1284412800,431520,117116005.3490
"Bourne ultimatum",1283997480,1485068256,201070776,117116005.3490
"Bourne ultimatum",1283997480,1287167940,3170460,117116005.3490
"Bourne ultimatum",1284055440,1485068256,201012816,117116005.3490
"Bourne ultimatum",1284055440,1284836880,781440,117116005.3490
"Bourne ultimatum",1284056100,1485068256,201012156,117116005.3490
"Bourne ultimatum",1284061620,1485068256,201006636,117116005.3490
"Bourne ultimatum",1284061620,1285181280,1119660,117116005.3490
"Bourne ultimatum",1284064680,1485068256,201003576,117116005.3490
"Bourne ultimatum",1284064680,1284514200,449520,117116005.3490
"Bourne ultimatum",1284065220,1485068256,201003036,117116005.3490
"Bourne ultimatum",1284065220,1284408480,343260,117116005.3490
"Bourne ultimatum",1284067920,1485068256,201000336,117116005.3490
"Bourne ultimatum",1284067920,1284587280,519360,117116005.3490
"Bourne ultimatum",1284067920,1284832740,764820,117116005.3490
"Bourne ultimatum",1284070440,1485068256,200997816,117116005.3490
"Bourne ultimatum",1284070440,1284752580,682140,117116005.3490
"Bourne ultimatum",1284154620,1485068256,200913636,117116005.3490
"Bourne ultimatum",1284154620,1285009500,854880,117116005.3490
"Bourne ultimatum",1284158220,1485068256,200910036,117116005.3490
"Bourne ultimatum",1284159780,1485068256,200908476,117116005.3490
"Bourne ultimatum",1284159780,1285439940,1280160,117116005.3490
"Bourne ultimatum",1284242820,1485068256,200825436,117116005.3490
"Bourne ultimatum",1284242820,1285030560,787740,117116005.3490
"Bourne ultimatum",1284252480,1485068256,200815776,117116005.3490
"Bourne ultimatum",1284252480,1284854400,601920,117116005.3490
"Bourne ultimatum",1284332340,1485068256,200735916,117116005.3490
"Bourne ultimatum",1284332340,1284420000,87660,117116005.3490
"Bourne ultimatum",1284413760,1485068256,200654496,117116005.3490
"Bourne ultimatum",1284413760,1284503280,89520,117116005.3490
"Bourne ultimatum",1284414180,1485068256,200654076,117116005.3490
"Bourne ultimatum",1284414180,1285027740,613560,117116005.3490
"Bourne ultimatum",1284418500,1485068256,200649756,117116005.3490
"Bourne ultimatum",1284418500,1287859920,3441420,117116005.3490
"Bourne ultimatum",1284422940,1485068256,200645316,117116005.3490
"Bourne ultimatum",1284422940,1286042820,1619880,117116005.3490
"Bourne ultimatum",1284426360,1485068256,200641896,117116005.3490
"Bourne ultimatum",1284428520,1485068256,200639736,117116005.3490
"Bourne ultimatum",1284428520,1285534920,1106400,117116005.3490
"Bourne ultimatum",1284484500,1485068256,200583756,117116005.3490
"Bourne ultimatum",1284484500,1285263000,778500,117116005.3490
"Bourne ultimatum",1284498300,1485068256,200569956,117116005.3490
"Bourne ultimatum",1284498300,1289462400,4964100,117116005.3490
"Bourne ultimatum",1284506520,1485068256,200561736,117116005.3490
"Bourne ultimatum",1284506520,1286242680,1736160,117116005.3490
"Bourne ultimatum",1284508380,1485068256,200559876,117116005.3490
"Bourne ultimatum",1284508380,1289462400,4954020,117116005.3490
"Bourne ultimatum",1284508860,1485068256,200559396,117116005.3490
"Bourne ultimatum",1284508860,1285637520,1128660,117116005.3490
"Bourne ultimatum",1284515160,1485068256,200553096,117116005.3490
"Bourne ultimatum",1284580140,1485068256,200488116,117116005.3490
"Bourne ultimatum",1284580140,1285013700,433560,117116005.3490
"Bourne ultimatum",1284597840,1485068256,200470416,117116005.3490
"Bourne ultimatum",1284603180,1485068256,200465076,117116005.3490
"Bourne ultimatum",1284603180,1285799940,1196760,117116005.3490
"Bourne ultimatum",1284605700,1485068256,200462556,117116005.3490
"Bourne ultimatum",1284605700,1285461420,855720,117116005.3490
"Bourne ultimatum",1284667020,1485068256,200401236,117116005.3490
"Bourne ultimatum",1284667020,1285618560,951540,117116005.3490
"Bourne ultimatum",1284683280,1485068256,200384976,117116005.3490
"Bourne ultimatum",1284683280,1286064900,1381620,117116005.3490
"Bourne ultimatum",1284833340,1485068256,200234916,117116005.3490
"Bourne ultimatum",1284845280,1485068256,200222976,117116005.3490
"Bourne ultimatum",1284845280,1285975080,1129800,117116005.3490
"Bourne ultimatum",1284846600,1485068256,200221656,117116005.3490
"Bourne ultimatum",1284846600,1286054820,1208220,117116005.3490
"Bourne ultimatum",1284940020,1485068256,200128236,117116005.3490
"Bourne ultimatum",1284940020,1285118040,178020,117116005.3490
"Bourne ultimatum",1285014360,1485068256,200053896,117116005.3490
"Bourne ultimatum",1285014360,1285288380,274020,117116005.3490
"Bourne ultimatum",1285015500,1485068256,200052756,117116005.3490
"Bourne ultimatum",1285015500,1285283340,267840,117116005.3490
"Bourne ultimatum",1285019580,1485068256,200048676,117116005.3490
"Bourne ultimatum",1285019580,1285281480,261900,117116005.3490
"Bourne ultimatum",1285021800,1485068256,200046456,117116005.3490
"Bourne ultimatum",1285025940,1485068256,200042316,117116005.3490
"Bourne ultimatum",1285025940,1285634760,608820,117116005.3490
"Bourne ultimatum",1285033620,1485068256,200034636,117116005.3490
"Bourne ultimatum",1285033620,1288646040,3612420,117116005.3490
"Bourne ultimatum",1285036620,1485068256,200031636,117116005.3490
"Bourne ultimatum",1285115640,1485068256,199952616,117116005.3490
"Bourne ultimatum",1285115640,1285634880,519240,117116005.3490
"Bourne ultimatum",1285116840,1485068256,199951416,117116005.3490
"Bourne ultimatum",1285116840,1286240880,1124040,117116005.3490
"Bourne ultimatum",1285122180,1485068256,199946076,117116005.3490
"Bourne ultimatum",1285122180,1285733820,611640,117116005.3490
"Bourne ultimatum",1285122600,1485068256,199945656,117116005.3490
"Bourne ultimatum",1285122600,1286244660,1122060,117116005.3490
"Bourne ultimatum",1285179900,1485068256,199888356,117116005.3490
"Bourne ultimatum",1285179900,1285637040,457140,117116005.3490
"Bourne ultimatum",1285179900,1286232000,1052100,117116005.3490
"Bourne ultimatum",1285185660,1485068256,199882596,117116005.3490
"Bourne ultimatum",1285187460,1485068256,199880796,117116005.3490
"Bourne ultimatum",1285187460,1285629300,441840,117116005.3490
"Bourne ultimatum",1285190160,1485068256,199878096,117116005.3490
"Bourne ultimatum",1285190160,1288054080,2863920,117116005.3490
"Bourne ultimatum",1285190580,1485068256,199877676,117116005.3490
"Bourne ultimatum",1285190580,1286400180,1209600,117116005.3490
"Bourne ultimatum",1285200420,1485068256,199867836,117116005.3490
"Bourne ultimatum",1285202340,1485068256,199865916,117116005.3490
"Bourne ultimatum",1285278240,1485068256,199790016,117116005.3490
"Bourne ultimatum",1285278240,1287357720,2079480,117116005.3490
"Bourne ultimatum",1285286700,1485068256,199781556,117116005.3490
"Bourne ultimatum",1285286700,1285445580,158880,117116005.3490
"Bourne ultimatum",1285294500,1485068256,199773756,117116005.3490
"Bourne ultimatum",1285355520,1485068256,199712736,117116005.3490
"Bourne ultimatum",1285355520,1285794240,438720,117116005.3490
"Bourne ultimatum",1285445640,1485068256,199622616,117116005.3490
"Bourne ultimatum",1285445640,1286662380,1216740,117116005.3490
"Bourne ultimatum",1285459320,1485068256,199608936,117116005.3490
"Bourne ultimatum",1285459320,1286653200,1193880,117116005.3490
"Bourne ultimatum",1285459320,1286819580,1360260,117116005.3490
"Bourne ultimatum",1285459320,1286919360,1460040,117116005.3490
"Bourne ultimatum",1285460160,1485068256,199608096,117116005.3490
"Bourne ultimatum",1285460160,1285618500,158340,117116005.3490
"Bourne ultimatum",1285462740,1288656660,3193920,117116005.3490
"Bourne ultimatum",1285541880,1485068256,199526376,117116005.3490
"Bourne ultimatum",1285541880,1290283740,4741860,117116005.3490
"Bourne ultimatum",1285630260,1485068256,199437996,117116005.3490
"Bourne ultimatum",1285630260,1285788360,158100,117116005.3490
"Bourne ultimatum",1285631520,1485068256,199436736,117116005.3490
"Bourne ultimatum",1285631520,1286235000,603480,117116005.3490
"Bourne ultimatum",1285639980,1485068256,199428276,117116005.3490
"Bourne ultimatum",1285639980,1298576460,12936480,117116005.3490
"Bourne ultimatum",1285693860,1485068256,199374396,117116005.3490
"Bourne ultimatum",1285693860,1285801260,107400,117116005.3490
"Bourne ultimatum",1285704900,1485068256,199363356,117116005.3490
"Bourne ultimatum",1285704900,1286232120,527220,117116005.3490
"Bourne ultimatum",1285708920,1485068256,199359336,117116005.3490
"Bourne ultimatum",1285708920,1285782720,73800,117116005.3490
"Bourne ultimatum",1285720560,1485068256,199347696,117116005.3490
"Bourne ultimatum",1285723380,1485068256,199344876,117116005.3490
"Bourne ultimatum",1285723380,1286846880,1123500,117116005.3490
"Bourne ultimatum",1285728180,1485068256,199340076,117116005.3490
"Bourne ultimatum",1285728180,1287792060,2063880,117116005.3490
"Bourne ultimatum",1285783500,1485068256,199284756,117116005.3490
"Bourne ultimatum",1285783500,1286644500,861000,117116005.3490
"Bourne ultimatum",1285794240,1485068256,199274016,117116005.3490
"Bourne ultimatum",1285794240,1286212440,418200,117116005.3490
"Bourne ultimatum",1285798140,1485068256,199270116,117116005.3490
"Bourne ultimatum",1285798140,1286239800,441660,117116005.3490
"Bourne ultimatum",1285798140,1286557500,759360,117116005.3490
"Bourne ultimatum",1285805460,1285805520,60,117116005.3490
"Bourne ultimatum",1285808700,1485068256,199259556,117116005.3490
"Bourne ultimatum",1285808700,1286221860,413160,117116005.3490
"Bourne ultimatum",1285809120,1485068256,199259136,117116005.3490
"Bourne ultimatum",1285809120,1286325780,516660,117116005.3490
"Bourne ultimatum",1285810680,1485068256,199257576,117116005.3490
"Bourne ultimatum",1285879860,1485068256,199188396,117116005.3490
"Bourne ultimatum",1285879860,1288132980,2253120,117116005.3490
"Bourne ultimatum",1285882080,1485068256,199186176,117116005.3490
"Bourne ultimatum",1285887240,1485068256,199181016,117116005.3490
"Bourne ultimatum",1285887240,1286315340,428100,117116005.3490
"Bourne ultimatum",1285895760,1485068256,199172496,117116005.3490
"Bourne ultimatum",1285895760,1286754300,858540,117116005.3490
"Bourne ultimatum",1285897980,1485068256,199170276,117116005.3490
"Bourne ultimatum",1285897980,1286055000,157020,117116005.3490
"Bourne ultimatum",1285968120,1485068256,199100136,117116005.3490
"Bourne ultimatum",1285968120,1290326400,4358280,117116005.3490
"Bourne ultimatum",1285980900,1485068256,199087356,117116005.3490
"Bourne ultimatum",1285980900,1287017820,1036920,117116005.3490
"Bourne ultimatum",1286047920,1485068256,199020336,117116005.3490
"Bourne ultimatum",1286047920,1286667240,619320,117116005.3490
"Bourne ultimatum",1286062140,1485068256,199006116,117116005.3490
"Bourne ultimatum",1286062140,1286322180,260040,117116005.3490
"Bourne ultimatum",1286064960,1485068256,199003296,117116005.3490
"Bourne ultimatum",1286064960,1288476480,2411520,117116005.3490
"Bourne ultimatum",1286064960,1288823340,2758380,117116005.3490
"Bourne ultimatum",1286065200,1485068256,199003056,117116005.3490
"Bourne ultimatum",1286065740,1485068256,199002516,117116005.3490
"Bourne ultimatum",1286065740,1287878580,1812840,117116005.3490
"Bourne ultimatum",1286066580,1485068256,199001676,117116005.3490
"Bourne ultimatum",1286066580,1286221020,154440,117116005.3490
"Bourne ultimatum",1286067360,1485068256,199000896,117116005.3490
"Bourne ultimatum",1286067360,1286752740,685380,117116005.3490
"Bourne ultimatum",1286067360,1287110340,1042980,117116005.3490
"Bourne ultimatum",1286222520,1485068256,198845736,117116005.3490
"Bourne ultimatum",1286222520,1286492220,269700,117116005.3490
"Bourne ultimatum",1286222520,1286911680,689160,117116005.3490
"Bourne ultimatum",1286224620,1485068256,198843636,117116005.3490
"Bourne ultimatum",1286224620,1286491920,267300,117116005.3490
"Bourne ultimatum",1286227680,1485068256,198840576,117116005.3490
"Bourne ultimatum",1286227680,1286746200,518520,117116005.3490
"Bourne ultimatum",1286234580,1485068256,198833676,117116005.3490
"Bourne ultimatum",1286234580,1286580420,345840,117116005.3490
"Bourne ultimatum",1286237100,1485068256,198831156,117116005.3490
"Bourne ultimatum",1286237100,1286927160,690060,117116005.3490
"Bourne ultimatum",1286237640,1485068256,198830616,117116005.3490
"Bourne ultimatum",1286237640,1286396700,159060,117116005.3490
"Bourne ultimatum",1286238060,1485068256,198830196,117116005.3490
"Bourne ultimatum",1286238060,1286659980,421920,117116005.3490
"Bourne ultimatum",1286240760,1485068256,198827496,117116005.3490
"Bourne ultimatum",1286246280,1485068256,198821976,117116005.3490
"Bourne ultimatum",1286246280,1287455460,1209180,117116005.3490
"Bourne ultimatum",1286309220,1485068256,198759036,117116005.3490
"Bourne ultimatum",1286309220,1286487480,178260,117116005.3490
"Bourne ultimatum",1286314200,1485068256,198754056,117116005.3490
"Bourne ultimatum",1286314200,1286924040,609840,117116005.3490
"Bourne ultimatum",1286326320,1485068256,198741936,117116005.3490
"Bourne ultimatum",1286326320,1287014940,688620,117116005.3490
"Bourne ultimatum",1286326920,1485068256,198741336,117116005.3490
"Bourne ultimatum",1286326920,1289244240,2917320,117116005.3490
"Bourne ultimatum",1286332680,1485068256,198735576,117116005.3490
"Bourne ultimatum",1286332680,1287529620,1196940,117116005.3490
"Bourne ultimatum",1286388840,1485068256,198679416,117116005.3490
"Bourne ultimatum",1286404080,1485068256,198664176,117116005.3490
"Bourne ultimatum",1286404080,1287614400,1210320,117116005.3490
"Bourne ultimatum",1286414580,1485068256,198653676,117116005.3490
"Bourne ultimatum",1286414580,1287022380,607800,117116005.3490
"Bourne ultimatum",1286489280,1485068256,198578976,117116005.3490
"Bourne ultimatum",1286489280,1289002980,2513700,117116005.3490
"Bourne ultimatum",1286498880,1485068256,198569376,117116005.3490
"Bourne ultimatum",1286499540,1485068256,198568716,117116005.3490
"Bourne ultimatum",1286499540,1286657700,158160,117116005.3490
"Bourne ultimatum",1286565060,1485068256,198503196,117116005.3490
"Bourne ultimatum",1286565060,1287271440,706380,117116005.3490
"Bourne ultimatum",1286566080,1485068256,198502176,117116005.3490
"Bourne ultimatum",1286566080,1287438780,872700,117116005.3490
"Bourne ultimatum",1286569920,1485068256,198498336,117116005.3490
"Bourne ultimatum",1286569920,1287010080,440160,117116005.3490
"Bourne ultimatum",1286651400,1485068256,198416856,117116005.3490
"Bourne ultimatum",1286651400,1286935140,283740,117116005.3490
"Bourne ultimatum",1286651940,1485068256,198416316,117116005.3490
"Bourne ultimatum",1286651940,1288203600,1551660,117116005.3490
"Bourne ultimatum",1286660700,1485068256,198407556,117116005.3490
"Bourne ultimatum",1286662020,1485068256,198406236,117116005.3490
"Bourne ultimatum",1286662020,1287272820,610800,117116005.3490
"Bourne ultimatum",1286663400,1485068256,198404856,117116005.3490
"Bourne ultimatum",1286663400,1287444420,781020,117116005.3490
"Bourne ultimatum",1286672100,1287345840,673740,117116005.3490
"Bourne ultimatum",1286816760,1485068256,198251496,117116005.3490
"Bourne ultimatum",1286816760,1288058940,1242180,117116005.3490
"Bourne ultimatum",1286817900,1485068256,198250356,117116005.3490
"Bourne ultimatum",1286817900,1288557840,1739940,117116005.3490
"Bourne ultimatum",1286817900,1289251140,2433240,117116005.3490
"Bourne ultimatum",1286836620,1485068256,198231636,117116005.3490
"Bourne ultimatum",1286841000,1485068256,198227256,117116005.3490
"Bourne ultimatum",1286845920,1485068256,198222336,117116005.3490
"Bourne ultimatum",1286845920,1288227300,1381380,117116005.3490
"Bourne ultimatum",1286929980,1485068256,198138276,117116005.3490
"Bourne ultimatum",1286929980,1289871000,2941020,117116005.3490
"Bourne ultimatum",1287018300,1485068256,198049956,117116005.3490
"Bourne ultimatum",1287018300,1287273840,255540,117116005.3490
"Bourne ultimatum",1287019860,1485068256,198048396,117116005.3490
"Bourne ultimatum",1287019860,1287177480,157620,117116005.3490
"Bourne ultimatum",1287086160,1485068256,197982096,117116005.3490
"Bourne ultimatum",1287086160,1288812180,1726020,117116005.3490
"Bourne ultimatum",1287099900,1485068256,197968356,117116005.3490
"Bourne ultimatum",1287099900,1288213800,1113900,117116005.3490
"Bourne ultimatum",1287101160,1485068256,197967096,117116005.3490
"Bourne ultimatum",1287101700,1485068256,197966556,117116005.3490
"Bourne ultimatum",1287101700,1288217520,1115820,117116005.3490
"Bourne ultimatum",1287172800,1485068256,197895456,117116005.3490
"Bourne ultimatum",1287263580,1287263580,0,117116005.3490
"Bourne ultimatum",1287264240,1485068256,197804016,117116005.3490
"Bourne ultimatum",1287264240,1287699660,435420,117116005.3490
"Bourne ultimatum",1287357360,1485068256,197710896,117116005.3490
"Bourne ultimatum",1287357360,1290889500,3532140,117116005.3490
"Bourne ultimatum",1287358980,1485068256,197709276,117116005.3490
"Bourne ultimatum",1287358980,1288559340,1200360,117116005.3490
"Bourne ultimatum",1287435600,1485068256,197632656,117116005.3490
"Bourne ultimatum",1287436860,1485068256,197631396,117116005.3490
"Bourne ultimatum",1287436860,1287597120,160260,117116005.3490
"Bourne ultimatum",1287437400,1287437760,360,117116005.3490
"Bourne ultimatum",1287437700,1485068256,197630556,117116005.3490
"Bourne ultimatum",1287437700,1287704580,266880,117116005.3490
"Bourne ultimatum",1287437760,1485068256,197630496,117116005.3490
"Bourne ultimatum",1287437760,1287780420,342660,117116005.3490
"Bourne ultimatum",1287443220,1485068256,197625036,117116005.3490
"Bourne ultimatum",1287443220,1287958380,515160,117116005.3490
"Bourne ultimatum",1287444660,1485068256,197623596,117116005.3490
"Bourne ultimatum",1287444660,1287616860,172200,117116005.3490
"Bourne ultimatum",1287516840,1485068256,197551416,117116005.3490
"Bourne ultimatum",1287522060,1485068256,197546196,117116005.3490
"Bourne ultimatum",1287522060,1289252880,1730820,117116005.3490
"Bourne ultimatum",1287522060,1289690040,2167980,117116005.3490
"Bourne ultimatum",1287527940,1485068256,197540316,117116005.3490
"Bourne ultimatum",1287527940,1287627000,99060,117116005.3490
"Bourne ultimatum",1287533460,1485068256,197534796,117116005.3490
"Bourne ultimatum",1287533460,1288300680,767220,117116005.3490
"Bourne ultimatum",1287537180,1485068256,197531076,117116005.3490
"Bourne ultimatum",1287537180,1294886940,7349760,117116005.3490
"Bourne ultimatum",1287537180,1295032860,7495680,117116005.3490
"Bourne ultimatum",1287541500,1485068256,197526756,117116005.3490
"Bourne ultimatum",1287599760,1485068256,197468496,117116005.3490
"Bourne ultimatum",1287599760,1288204380,604620,117116005.3490
"Bourne ultimatum",1287627780,1485068256,197440476,117116005.3490
"Bourne ultimatum",1287627780,1288832880,1205100,117116005.3490
"Bourne ultimatum",1287682620,1485068256,197385636,117116005.3490
"Bourne ultimatum",1287682620,1288204740,522120,117116005.3490
"Bourne ultimatum",1287701940,1485068256,197366316,117116005.3490
"Bourne ultimatum",1287701940,1288317240,615300,117116005.3490
"Bourne ultimatum",1287712980,1485068256,197355276,117116005.3490
"Bourne ultimatum",1287712980,1288468200,755220,117116005.3490
"Bourne ultimatum",1287770580,1485068256,197297676,117116005.3490
"Bourne ultimatum",1287770580,1288976520,1205940,117116005.3490
"Bourne ultimatum",1287859560,1485068256,197208696,117116005.3490
"Bourne ultimatum",1287859560,1288464480,604920,117116005.3490
"Bourne ultimatum",1287866280,1485068256,197201976,117116005.3490
"Bourne ultimatum",1287870180,1485068256,197198076,117116005.3490
"Bourne ultimatum",1287870180,1288048860,178680,117116005.3490
"Bourne ultimatum",1287880980,1485068256,197187276,117116005.3490
"Bourne ultimatum",1287880980,1291873620,3992640,117116005.3490
"Bourne ultimatum",1287955380,1485068256,197112876,117116005.3490
"Bourne ultimatum",1287955380,1288223040,267660,117116005.3490
"Bourne ultimatum",1288053720,1485068256,197014536,117116005.3490
"Bourne ultimatum",1288053720,1288745040,691320,117116005.3490
"Bourne ultimatum",1288053720,1288916340,862620,117116005.3490
"Bourne ultimatum",1288053720,1289065500,1011780,117116005.3490
"Bourne ultimatum",1288117980,1485068256,196950276,117116005.3490
"Bourne ultimatum",1288117980,1288216320,98340,117116005.3490
"Bourne ultimatum",1288119660,1485068256,196948596,117116005.3490
"Bourne ultimatum",1288119660,1289941860,1822200,117116005.3490
"Bourne ultimatum",1288131000,1485068256,196937256,117116005.3490
"Bourne ultimatum",1288131000,1288822080,691080,117116005.3490
"Bourne ultimatum",1288202280,1485068256,196865976,117116005.3490
"Bourne ultimatum",1288202280,1289329140,1126860,117116005.3490
"Bourne ultimatum",1288202280,1289418600,1216320,117116005.3490
"Bourne ultimatum",1288204560,1485068256,196863696,117116005.3490
"Bourne ultimatum",1288217700,1485068256,196850556,117116005.3490
"Bourne ultimatum",1288217700,1288484700,267000,117116005.3490
"Bourne ultimatum",1288221780,1485068256,196846476,117116005.3490
"Bourne ultimatum",1288221780,1290040380,1818600,117116005.3490
"Bourne ultimatum",1288222740,1485068256,196845516,117116005.3490
"Bourne ultimatum",1288222740,1289434320,1211580,117116005.3490
"Bourne ultimatum",1288222740,1289688780,1466040,117116005.3490
"Bourne ultimatum",1288222740,1289874360,1651620,117116005.3490
"Bourne ultimatum",1288223280,1485068256,196844976,117116005.3490
"Bourne ultimatum",1288224360,1485068256,196843896,117116005.3490
"Bourne ultimatum",1288225200,1485068256,196843056,117116005.3490
"Bourne ultimatum",1288225200,1288740600,515400,117116005.3490
"Bourne ultimatum",1288228440,1485068256,196839816,117116005.3490
"Bourne ultimatum",1288228440,1288567800,339360,117116005.3490
"Bourne ultimatum",1288228620,1485068256,196839636,117116005.3490
"Bourne ultimatum",1288229160,1485068256,196839096,117116005.3490
"Bourne ultimatum",1288297020,1485068256,196771236,117116005.3490
"Bourne ultimatum",1288297020,1288557060,260040,117116005.3490
"Bourne ultimatum",1288305600,1485068256,196762656,117116005.3490
"Bourne ultimatum",1288310640,1485068256,196757616,117116005.3490
"Bourne ultimatum",1288310640,1289342100,1031460,117116005.3490
"Bourne ultimatum",1288312860,1485068256,196755396,117116005.3490
"Bourne ultimatum",1288312860,1288484160,171300,117116005.3490
"Bourne ultimatum",1288318200,1485068256,196750056,117116005.3490
"Bourne ultimatum",1288376700,1485068256,196691556,117116005.3490
"Bourne ultimatum",1288463580,1485068256,196604676,117116005.3490
"Bourne ultimatum",1288463580,1288483380,19800,117116005.3490
"Bourne ultimatum",1288471860,1485068256,196596396,117116005.3490
"Bourne ultimatum",1288478940,1485068256,196589316,117116005.3490
"Bourne ultimatum",1288486740,1485068256,196581516,117116005.3490
"Bourne ultimatum",1288486740,1289079780,593040,117116005.3490
"Bourne ultimatum",1288486740,1289336940,850200,117116005.3490
"Bourne ultimatum",1288560660,1485068256,196507596,117116005.3490
"Bourne ultimatum",1288560660,1288990500,429840,117116005.3490
"Bourne ultimatum",1288568580,1485068256,196499676,117116005.3490
"Bourne ultimatum",1288569480,1485068256,196498776,117116005.3490
"Bourne ultimatum",1288569480,1288836840,267360,117116005.3490
"Bourne ultimatum",1288647720,1485068256,196420536,117116005.3490
"Bourne ultimatum",1288647720,1289257260,609540,117116005.3490
"Bourne ultimatum",1288651380,1485068256,196416876,117116005.3490
"Bourne ultimatum",1288651380,1290897600,2246220,117116005.3490
"Bourne ultimatum",1288652280,1485068256,196415976,117116005.3490
"Bourne ultimatum",1288652280,1289868840,1216560,117116005.3490
"Bourne ultimatum",1288652280,1289870400,1218120,117116005.3490
"Bourne ultimatum",1288652280,1290047820,1395540,117116005.3490
"Bourne ultimatum",1288652280,1290118680,1466400,117116005.3490
"Bourne ultimatum",1288663260,1485068256,196404996,117116005.3490
"Bourne ultimatum",1288663260,1290291000,1627740,117116005.3490
"Bourne ultimatum",1288663800,1485068256,196404456,117116005.3490
"Bourne ultimatum",1288663800,1289870580,1206780,117116005.3490
"Bourne ultimatum",1288725120,1485068256,196343136,117116005.3490
"Bourne ultimatum",1288725120,1289163540,438420,117116005.3490
"Bourne ultimatum",1288749480,1485068256,196318776,117116005.3490
"Bourne ultimatum",1288749480,1289952360,1202880,117116005.3490
"Bourne ultimatum",1288830720,1485068256,196237536,117116005.3490
"Bourne ultimatum",1288830720,1289336700,505980,117116005.3490
"Bourne ultimatum",1288833360,1485068256,196234896,117116005.3490
"Bourne ultimatum",1288833360,1291255860,2422500,117116005.3490
"Bourne ultimatum",1288909980,1485068256,196158276,117116005.3490
"Bourne ultimatum",1288909980,1289693280,783300,117116005.3490
"Bourne ultimatum",1288914660,1485068256,196153596,117116005.3490
"Bourne ultimatum",1289001180,1485068256,196067076,117116005.3490
"Bourne ultimatum",1289001180,1289603520,602340,117116005.3490
"Bourne ultimatum",1289004960,1485068256,196063296,117116005.3490
"Bourne ultimatum",1289004960,1289404500,399540,117116005.3490
"Bourne ultimatum",1289068200,1485068256,196000056,117116005.3490
"Bourne ultimatum",1289068200,1289175060,106860,117116005.3490
"Bourne ultimatum",1289072580,1485068256,195995676,117116005.3490
"Bourne ultimatum",1289072580,1289683260,610680,117116005.3490
"Bourne ultimatum",1289075100,1485068256,195993156,117116005.3490
"Bourne ultimatum",1289075940,1485068256,195992316,117116005.3490
"Bourne ultimatum",1289075940,1289846700,770760,117116005.3490
"Bourne ultimatum",1289075940,1289944020,868080,117116005.3490
"Bourne ultimatum",1289077260,1485068256,195990996,117116005.3490
"Bourne ultimatum",1289079600,1485068256,195988656,117116005.3490
"Bourne ultimatum",1289079600,1289336640,257040,117116005.3490
"Bourne ultimatum",1289164140,1485068256,195904116,117116005.3490
"Bourne ultimatum",1289164140,1289855640,691500,117116005.3490
"Bourne ultimatum",1289164140,1290384360,1220220,117116005.3490
"Bourne ultimatum",1289164140,1291230960,2066820,117116005.3490
"Bourne ultimatum",1289247780,1485068256,195820476,117116005.3490
"Bourne ultimatum",1289247780,1291071720,1823940,117116005.3490
"Bourne ultimatum",1289251860,1485068256,195816396,117116005.3490
"Bourne ultimatum",1289251860,1289858100,606240,117116005.3490
"Bourne ultimatum",1289251860,1289942040,690180,117116005.3490
"Bourne ultimatum",1289261700,1485068256,195806556,117116005.3490
"Bourne ultimatum",1289261700,1289600040,338340,117116005.3490
"Bourne ultimatum",1289265540,1485068256,195802716,117116005.3490
"Bourne ultimatum",1289265540,1290817740,1552200,117116005.3490
"Bourne ultimatum",1289326680,1485068256,195741576,117116005.3490
"Bourne ultimatum",1289326680,1289956560,629880,117116005.3490
"Bourne ultimatum",1289337120,1485068256,195731136,117116005.3490
"Bourne ultimatum",1289341800,1485068256,195726456,117116005.3490
"Bourne ultimatum",1289341800,1290120540,778740,117116005.3490
"Bourne ultimatum",1289349900,1485068256,195718356,117116005.3490
"Bourne ultimatum",1289349900,1293507060,4157160,117116005.3490
"Bourne ultimatum",1289352840,1485068256,195715416,117116005.3490
"Bourne ultimatum",1289352840,1291592160,2239320,117116005.3490
"Bourne ultimatum",1289423340,1485068256,195644916,117116005.3490
"Bourne ultimatum",1289423340,1290119640,696300,117116005.3490
"Bourne ultimatum",1289429460,1485068256,195638796,117116005.3490
"Bourne ultimatum",1289429460,1290643380,1213920,117116005.3490
"Bourne ultimatum",1289430420,1485068256,195637836,117116005.3490
"Bourne ultimatum",1289430420,1291068540,1638120,117116005.3490
"Bourne ultimatum",1289591400,1485068256,195476856,117116005.3490
"Bourne ultimatum",1289591400,1289943900,352500,117116005.3490
"Bourne ultimatum",1289600220,1485068256,195468036,117116005.3490
"Bourne ultimatum",1289600220,1289965560,365340,117116005.3490
"Bourne ultimatum",1289602500,1485068256,195465756,117116005.3490
"Bourne ultimatum",1289602500,1290906660,1304160,117116005.3490
"Bourne ultimatum",1289672880,1485068256,195395376,117116005.3490
"Bourne ultimatum",1289675100,1485068256,195393156,117116005.3490
"Bourne ultimatum",1289675100,1290129720,454620,117116005.3490
"Bourne ultimatum",1289690280,1485068256,195377976,117116005.3490
"Bourne ultimatum",1289770080,1485068256,195298176,117116005.3490
"Bourne ultimatum",1289776020,1485068256,195292236,117116005.3490
"Bourne ultimatum",1289776020,1289959800,183780,117116005.3490
"Bourne ultimatum",1289782320,1485068256,195285936,117116005.3490
"Bourne ultimatum",1289782320,1290557820,775500,117116005.3490
"Bourne ultimatum",1289847480,1485068256,195220776,117116005.3490
"Bourne ultimatum",1289854740,1485068256,195213516,117116005.3490
"Bourne ultimatum",1289854740,1290981960,1127220,117116005.3490
"Bourne ultimatum",1289864820,1485068256,195203436,117116005.3490
"Bourne ultimatum",1289864820,1290821460,956640,117116005.3490
"Bourne ultimatum",1289872620,1485068256,195195636,117116005.3490
"Bourne ultimatum",1289872620,1291333560,1460940,117116005.3490
"Bourne ultimatum",1289872620,1291745880,1873260,117116005.3490
"Bourne ultimatum",1289876520,1485068256,195191736,117116005.3490
"Bourne ultimatum",1289926560,1289926560,0,117116005.3490
"Bourne ultimatum",1289944320,1485068256,195123936,117116005.3490
"Bourne ultimatum",1289944320,1290109560,165240,117116005.3490
"Bourne ultimatum",1289955660,1485068256,195112596,117116005.3490
"Bourne ultimatum",1289955660,1290302640,346980,117116005.3490
"Bourne ultimatum",1289958540,1485068256,195109716,117116005.3490
"Bourne ultimatum",1289958540,1290215700,257160,117116005.3490
"Bourne ultimatum",1289959620,1485068256,195108636,117116005.3490
"Bourne ultimatum",1289959620,1290112080,152460,117116005.3490
"Bourne ultimatum",1290020460,1485068256,195047796,117116005.3490
"Bourne ultimatum",1290021180,1485068256,195047076,117116005.3490
"Bourne ultimatum",1290032940,1485068256,195035316,117116005.3490
"Bourne ultimatum",1290032940,1290809460,776520,117116005.3490
"Bourne ultimatum",1290035940,1485068256,195032316,117116005.3490
"Bourne ultimatum",1290037380,1485068256,195030876,117116005.3490
"Bourne ultimatum",1290037380,1290468840,431460,117116005.3490
"Bourne ultimatum",1290037380,1290896040,858660,117116005.3490
"Bourne ultimatum",1290037500,1485068256,195030756,117116005.3490
"Bourne ultimatum",1290037500,1290114840,77340,117116005.3490
"Bourne ultimatum",1290040800,1485068256,195027456,117116005.3490
"Bourne ultimatum",1290107340,1485068256,194960916,117116005.3490
"Bourne ultimatum",1290113520,1485068256,194954736,117116005.3490
"Bourne ultimatum",1290113520,1290213600,100080,117116005.3490
"Bourne ultimatum",1290113520,1290369720,256200,117116005.3490
"Bourne ultimatum",1290114960,1485068256,194953296,117116005.3490
"Bourne ultimatum",1290114960,1485068256,194953296,117116005.3490
"Bourne ultimatum",1290114960,1290386940,271980,117116005.3490
"Bourne ultimatum",1290114960,1290636600,521640,117116005.3490
"Bourne ultimatum",1290115920,1485068256,194952336,117116005.3490
"Bourne ultimatum",1290115920,1291328940,1213020,117116005.3490
"Bourne ultimatum",1290115980,1485068256,194952276,117116005.3490
"Bourne ultimatum",1290115980,1290632100,516120,117116005.3490
"Bourne ultimatum",1290119220,1485068256,194949036,117116005.3490
"Bourne ultimatum",1290119220,1290303480,184260,117116005.3490
"Bourne ultimatum",1290128040,1485068256,194940216,117116005.3490
"Bourne ultimatum",1290128040,1291057440,929400,117116005.3490
"Bourne ultimatum",1290132660,1485068256,194935596,117116005.3490
"Bourne ultimatum",1290132660,1290556980,424320,117116005.3490
"Bourne ultimatum",1290197880,1485068256,194870376,117116005.3490
"Bourne ultimatum",1290197880,1290894480,696600,117116005.3490
"Bourne ultimatum",1290289620,1485068256,194778636,117116005.3490
"Bourne ultimatum",1290292320,1485068256,194775936,117116005.3490
"Bourne ultimatum",1290292320,1290896580,604260,117116005.3490
"Bourne ultimatum",1290294540,1485068256,194773716,117116005.3490
"Bourne ultimatum",1290297900,1485068256,194770356,117116005.3490
"Bourne ultimatum",1290297900,1291084080,786180,117116005.3490
"Bourne ultimatum",1290298920,1485068256,194769336,117116005.3490
"Bourne ultimatum",1290298920,1292710920,2412000,117116005.3490
"Bourne ultimatum",1290374880,1485068256,194693376,117116005.3490
"Bourne ultimatum",1290374880,1290559920,185040,117116005.3490
"Bourne ultimatum",1290375360,1485068256,194692896,117116005.3490
"Bourne ultimatum",1290378480,1485068256,194689776,117116005.3490
"Bourne ultimatum",1290378480,1291680000,1301520,117116005.3490
"Bourne ultimatum",1290461400,1485068256,194606856,117116005.3490
"Bourne ultimatum",1290465180,1485068256,194603076,117116005.3490
"Bourne ultimatum",1290465180,1290900960,435780,117116005.3490
"Bourne ultimatum",1290468000,1485068256,194600256,117116005.3490
"Bourne ultimatum",1290470940,1485068256,194597316,117116005.3490
"Bourne ultimatum",1290470940,1291071120,600180,117116005.3490
"Bourne ultimatum",1290470940,1291425900,954960,117116005.3490
"Bourne ultimatum",1290470940,1291672980,1202040,117116005.3490
"Bourne ultimatum",1290475380,1485068256,194592876,117116005.3490
"Bourne ultimatum",1290475380,1294196400,3721020,117116005.3490
"Bourne ultimatum",1290475380,1294254600,3779220,117116005.3490
"Bourne ultimatum",1290548580,1485068256,194519676,117116005.3490
"Bourne ultimatum",1290548580,1290904680,356100,117116005.3490
"Bourne ultimatum",1290633240,1485068256,194435016,117116005.3490
"Bourne ultimatum",1290633240,1291238160,604920,117116005.3490
"Bourne ultimatum",1290634020,1485068256,194434236,117116005.3490
"Bourne ultimatum",1290634020,1292619900,1985880,117116005.3490
"Bourne ultimatum",1290634260,1485068256,194433996,117116005.3490
"Bourne ultimatum",1290634260,1290823620,189360,117116005.3490
"Bourne ultimatum",1290636480,1485068256,194431776,117116005.3490
"Bourne ultimatum",1290636480,1291065660,429180,117116005.3490
"Bourne ultimatum",1290795780,1485068256,194272476,117116005.3490
"Bourne ultimatum",1290795780,1291235700,439920,117116005.3490
"Bourne ultimatum",1290803340,1485068256,194264916,117116005.3490
"Bourne ultimatum",1290803340,1291405260,601920,117116005.3490
"Bourne ultimatum",1290819300,1485068256,194248956,117116005.3490
"Bourne ultimatum",1290822060,1485068256,194246196,117116005.3490
"Bourne ultimatum",1290822060,1290898440,76380,117116005.3490
"Bourne ultimatum",1290881280,1485068256,194186976,117116005.3490
"Bourne ultimatum",1290881280,1291155480,274200,117116005.3490
"Bourne ultimatum",1290897120,1485068256,194171136,117116005.3490
"Bourne ultimatum",1290897120,1290901740,4620,117116005.3490
"Bourne ultimatum",1290901140,1485068256,194167116,117116005.3490
"Bourne ultimatum",1290903780,1485068256,194164476,117116005.3490
"Bourne ultimatum",1290905280,1485068256,194162976,117116005.3490
"Bourne ultimatum",1290905280,1292710200,1804920,117116005.3490
"Bourne ultimatum",1290908820,1485068256,194159436,117116005.3490
"Bourne ultimatum",1290908820,1291427340,518520,117116005.3490
"Bourne ultimatum",1290979560,1485068256,194088696,117116005.3490
"Bourne ultimatum",1290979560,1291592580,613020,117116005.3490
"Bourne ultimatum",1290987600,1485068256,194080656,117116005.3490
"Bourne ultimatum",1291060680,1485068256,194007576,117116005.3490
"Bourne ultimatum",1291067640,1485068256,194000616,117116005.3490
"Bourne ultimatum",1291067640,1291160940,93300,117116005.3490
"Bourne ultimatum",1291073460,1485068256,193994796,117116005.3490
"Bourne ultimatum",1291073460,1292712300,1638840,117116005.3490
"Bourne ultimatum",1291074240,1485068256,193994016,117116005.3490
"Bourne ultimatum",1291076580,1485068256,193991676,117116005.3490
"Bourne ultimatum",1291076580,1291667280,590700,117116005.3490
"Bourne ultimatum",1291078080,1485068256,193990176,117116005.3490
"Bourne ultimatum",1291149840,1485068256,193918416,117116005.3490
"Bourne ultimatum",1291149840,1291582440,432600,117116005.3490
"Bourne ultimatum",1291152420,1485068256,193915836,117116005.3490
"Bourne ultimatum",1291152420,1292451240,1298820,117116005.3490
"Bourne ultimatum",1291161660,1485068256,193906596,117116005.3490
"Bourne ultimatum",1291161660,1294732800,3571140,117116005.3490
"Bourne ultimatum",1291162740,1485068256,193905516,117116005.3490
"Bourne ultimatum",1291162740,1292110200,947460,117116005.3490
"Bourne ultimatum",1291167600,1485068256,193900656,117116005.3490
"Bourne ultimatum",1291167600,1291493520,325920,117116005.3490
"Bourne ultimatum",1291241700,1485068256,193826556,117116005.3490
"Bourne ultimatum",1291241700,1291327080,85380,117116005.3490
"Bourne ultimatum",1291247640,1485068256,193820616,117116005.3490
"Bourne ultimatum",1291253220,1485068256,193815036,117116005.3490
"Bourne ultimatum",1291253220,1293132120,1878900,117116005.3490
"Bourne ultimatum",1291253220,1294091040,2837820,117116005.3490
"Bourne ultimatum",1291260960,1485068256,193807296,117116005.3490
"Bourne ultimatum",1291338780,1485068256,193729476,117116005.3490
"Bourne ultimatum",1291338780,1292292360,953580,117116005.3490
"Bourne ultimatum",1291339860,1485068256,193728396,117116005.3490
"Bourne ultimatum",1291340580,1485068256,193727676,117116005.3490
"Bourne ultimatum",1291340580,1291581900,241320,117116005.3490
"Bourne ultimatum",1291414920,1485068256,193653336,117116005.3490
"Bourne ultimatum",1291414920,1291664520,249600,117116005.3490
"Bourne ultimatum",1291416480,1485068256,193651776,117116005.3490
"Bourne ultimatum",1291416480,1291773600,357120,117116005.3490
"Bourne ultimatum",1291487880,1485068256,193580376,117116005.3490
"Bourne ultimatum",1291487880,1292609160,1121280,117116005.3490
"Bourne ultimatum",1291491180,1485068256,193577076,117116005.3490
"Bourne ultimatum",1291491180,1292289060,797880,117116005.3490
"Bourne ultimatum",1291492860,1485068256,193575396,117116005.3490
"Bourne ultimatum",1291492860,1292963520,1470660,117116005.3490
"Bourne ultimatum",1291497780,1485068256,193570476,117116005.3490
"Bourne ultimatum",1291498620,1485068256,193569636,117116005.3490
"Bourne ultimatum",1291498620,1292103660,605040,117116005.3490
"Bourne ultimatum",1291499880,1485068256,193568376,117116005.3490
"Bourne ultimatum",1291499880,1292714220,1214340,117116005.3490
"Bourne ultimatum",1291503540,1485068256,193564716,117116005.3490
"Bourne ultimatum",1291503540,1292109420,605880,117116005.3490
"Bourne ultimatum",1291505100,1485068256,193563156,117116005.3490
"Bourne ultimatum",1291505100,1292198100,693000,117116005.3490
"Bourne ultimatum",1291583940,1485068256,193484316,117116005.3490
"Bourne ultimatum",1291583940,1292011740,427800,117116005.3490
"Bourne ultimatum",1291587480,1485068256,193480776,117116005.3490
"Bourne ultimatum",1291592880,1485068256,193475376,117116005.3490
"Bourne ultimatum",1291592880,1292805300,1212420,117116005.3490
"Bourne ultimatum",1291594680,1485068256,193473576,117116005.3490
"Bourne ultimatum",1291594680,1291843440,248760,117116005.3490
"Bourne ultimatum",1291668480,1485068256,193399776,117116005.3490
"Bourne ultimatum",1291668480,1292634180,965700,117116005.3490
"Bourne ultimatum",1291674960,1485068256,193393296,117116005.3490
"Bourne ultimatum",1291675320,1485068256,193392936,117116005.3490
"Bourne ultimatum",1291675320,1291926900,251580,117116005.3490
"Bourne ultimatum",1291676820,1485068256,193391436,117116005.3490
"Bourne ultimatum",1291678680,1485068256,193389576,117116005.3490
"Bourne ultimatum",1291678680,1292099880,421200,117116005.3490
"Bourne ultimatum",1291682340,1485068256,193385916,117116005.3490
"Bourne ultimatum",1291682340,1292988120,1305780,117116005.3490
"Bourne ultimatum",1291683180,1485068256,193385076,117116005.3490
"Bourne ultimatum",1291684740,1485068256,193383516,117116005.3490
"Bourne ultimatum",1291756020,1485068256,193312236,117116005.3490
"Bourne ultimatum",1291756020,1293481680,1725660,117116005.3490
"Bourne ultimatum",1291759740,1485068256,193308516,117116005.3490
"Bourne ultimatum",1291759740,1292801820,1042080,117116005.3490
"Bourne ultimatum",1291759800,1485068256,193308456,117116005.3490
"Bourne ultimatum",1291765140,1485068256,193303116,117116005.3490
"Bourne ultimatum",1291765140,1292708460,943320,117116005.3490
"Bourne ultimatum",1291779780,1485068256,193288476,117116005.3490
"Bourne ultimatum",1291779780,1292805360,1025580,117116005.3490
"Bourne ultimatum",1291842960,1485068256,193225296,117116005.3490
"Bourne ultimatum",1291842960,1292200440,357480,117116005.3490
"Bourne ultimatum",1291923480,1485068256,193144776,117116005.3490
"Bourne ultimatum",1291923480,1293475020,1551540,117116005.3490
"Bourne ultimatum",1291926840,1485068256,193141416,117116005.3490
"Bourne ultimatum",1291926900,1485068256,193141356,117116005.3490
"Bourne ultimatum",1291926900,1292371620,444720,117116005.3490
"Bourne ultimatum",1291932720,1485068256,193135536,117116005.3490
"Bourne ultimatum",1291943040,1485068256,193125216,117116005.3490
"Bourne ultimatum",1291943040,1293070620,1127580,117116005.3490
"Bourne ultimatum",1292018820,1485068256,193049436,117116005.3490
"Bourne ultimatum",1292018820,1298534400,6515580,117116005.3490
"Bourne ultimatum",1292025120,1485068256,193043136,117116005.3490
"Bourne ultimatum",1292025120,1292196300,171180,117116005.3490
"Bourne ultimatum",1292105100,1485068256,192963156,117116005.3490
"Bourne ultimatum",1292108340,1485068256,192959916,117116005.3490
"Bourne ultimatum",1292108340,1292550120,441780,117116005.3490
"Bourne ultimatum",1292195700,1485068256,192872556,117116005.3490
"Bourne ultimatum",1292195700,1292805300,609600,117116005.3490
"Bourne ultimatum",1292275980,1485068256,192792276,117116005.3490
"Bourne ultimatum",1292275980,1293411240,1135260,117116005.3490
"Bourne ultimatum",1292275980,1293750360,1474380,117116005.3490
"Bourne ultimatum",1292284620,1485068256,192783636,117116005.3490
"Bourne ultimatum",1292284620,1292373060,88440,117116005.3490
"Bourne ultimatum",1292288580,1485068256,192779676,117116005.3490
"Bourne ultimatum",1292288580,1293587460,1298880,117116005.3490
"Bourne ultimatum",1292288580,1294170420,1881840,117116005.3490
"Bourne ultimatum",1292294700,1485068256,192773556,117116005.3490
"Bourne ultimatum",1292294700,1296099540,3804840,117116005.3490
"Bourne ultimatum",1292374800,1485068256,192693456,117116005.3490
"Bourne ultimatum",1292449500,1485068256,192618756,117116005.3490
"Bourne ultimatum",1292449500,1293407880,958380,117116005.3490
"Bourne ultimatum",1292449500,1293735900,1286400,117116005.3490
"Bourne ultimatum",1292456520,1485068256,192611736,117116005.3490
"Bourne ultimatum",1292456520,1292980620,524100,117116005.3490
"Bourne ultimatum",1292458980,1485068256,192609276,117116005.3490
"Bourne ultimatum",1292458980,1292799060,340080,117116005.3490
"Bourne ultimatum",1292462280,1485068256,192605976,117116005.3490
"Bourne ultimatum",1292462280,1292980380,518100,117116005.3490
"Bourne ultimatum",1292462280,1293416880,954600,117116005.3490
"Bourne ultimatum",1292462280,1294097580,1635300,117116005.3490
"Bourne ultimatum",1292548320,1485068256,192519936,117116005.3490
"Bourne ultimatum",1292548320,1294278780,1730460,117116005.3490
"Bourne ultimatum",1292550780,1485068256,192517476,117116005.3490
"Bourne ultimatum",1292620800,1485068256,192447456,117116005.3490
"Bourne ultimatum",1292620800,1292975460,354660,117116005.3490
"Bourne ultimatum",1292624820,1485068256,192443436,117116005.3490
"Bourne ultimatum",1292624820,1292799120,174300,117116005.3490
"Bourne ultimatum",1292630340,1485068256,192437916,117116005.3490
"Bourne ultimatum",1292630340,1292891520,261180,117116005.3490
"Bourne ultimatum",1292631540,1485068256,192436716,117116005.3490
"Bourne ultimatum",1292631540,1293053880,422340,117116005.3490
"Bourne ultimatum",1292636160,1485068256,192432096,117116005.3490
"Bourne ultimatum",1292636160,1292964840,328680,117116005.3490
"Bourne ultimatum",1292707920,1485068256,192360336,117116005.3490
"Bourne ultimatum",1292707920,1293657420,949500,117116005.3490
"Bourne ultimatum",1292710440,1485068256,192357816,117116005.3490
"Bourne ultimatum",1292710440,1293484500,774060,117116005.3490
"Bourne ultimatum",1292721180,1485068256,192347076,117116005.3490
"Bourne ultimatum",1292721600,1485068256,192346656,117116005.3490
"Bourne ultimatum",1292801880,1485068256,192266376,117116005.3490
"Bourne ultimatum",1292801880,1294280640,1478760,117116005.3490
"Bourne ultimatum",1292801880,1294342560,1540680,117116005.3490
"Bourne ultimatum",1292803320,1485068256,192264936,117116005.3490
"Bourne ultimatum",1292803320,1293503400,700080,117116005.3490
"Bourne ultimatum",1292805300,1485068256,192262956,117116005.3490
"Bourne ultimatum",1292805300,1294345380,1540080,117116005.3490
"Bourne ultimatum",1292878080,1485068256,192190176,117116005.3490
"Bourne ultimatum",1292878080,1293999000,1120920,117116005.3490
"Bourne ultimatum",1292878080,1294177560,1299480,117116005.3490
"Bourne ultimatum",1292879160,1485068256,192189096,117116005.3490
"Bourne ultimatum",1292880420,1485068256,192187836,117116005.3490
"Bourne ultimatum",1292880420,1292983320,102900,117116005.3490
"Bourne ultimatum",1292881200,1485068256,192187056,117116005.3490
"Bourne ultimatum",1292881200,1293484500,603300,117116005.3490
"Bourne ultimatum",1292886420,1485068256,192181836,117116005.3490
"Bourne ultimatum",1292886420,1293583380,696960,117116005.3490
"Bourne ultimatum",1292886720,1485068256,192181536,117116005.3490
"Bourne ultimatum",1292886720,1293500460,613740,117116005.3490
"Bourne ultimatum",1292892480,1485068256,192175776,117116005.3490
"Bourne ultimatum",1292892480,1293672060,779580,117116005.3490
"Bourne ultimatum",1292892480,1293829980,937500,117116005.3490
"Bourne ultimatum",1292903100,1485068256,192165156,117116005.3490
"Bourne ultimatum",1292903100,1293048480,145380,117116005.3490
"Bourne ultimatum",1292969640,1485068256,192098616,117116005.3490
"Bourne ultimatum",1292969640,1296258480,3288840,117116005.3490
"Bourne ultimatum",1292970780,1485068256,192097476,117116005.3490
"Bourne ultimatum",1292970780,1293583680,612900,117116005.3490
"Bourne ultimatum",1292971380,1485068256,192096876,117116005.3490
"Bourne ultimatum",1292971380,1293484920,513540,117116005.3490
"Bourne ultimatum",1292976120,1485068256,192092136,117116005.3490
"Bourne ultimatum",1292983740,1485068256,192084516,117116005.3490
"Bourne ultimatum",1293052800,1485068256,192015456,117116005.3490
"Bourne ultimatum",1293052800,1294278360,1225560,117116005.3490
"Bourne ultimatum",1293053340,1485068256,192014916,117116005.3490
"Bourne ultimatum",1293066900,1485068256,192001356,117116005.3490
"Bourne ultimatum",1293069480,1485068256,191998776,117116005.3490
"Bourne ultimatum",1293069480,1293662940,593460,117116005.3490
"Bourne ultimatum",1293069480,1294172520,1103040,117116005.3490
"Bourne ultimatum",1293129120,1485068256,191939136,117116005.3490
"Bourne ultimatum",1293129120,1294270200,1141080,117116005.3490
"Bourne ultimatum",1293129120,1294551420,1422300,117116005.3490
"Bourne ultimatum",1293142440,1485068256,191925816,117116005.3490
"Bourne ultimatum",1293142440,1294175340,1032900,117116005.3490
"Bourne ultimatum",1293144120,1485068256,191924136,117116005.3490
"Bourne ultimatum",1293144120,1294442640,1298520,117116005.3490
"Bourne ultimatum",1293147540,1485068256,191920716,117116005.3490
"Bourne ultimatum",1293147540,1294525080,1377540,117116005.3490
"Bourne ultimatum",1293162180,1485068256,191906076,117116005.3490
"Bourne ultimatum",1293162180,1293496380,334200,117116005.3490
"Bourne ultimatum",1293407700,1485068256,191660556,117116005.3490
"Bourne ultimatum",1293484620,1485068256,191583636,117116005.3490
"Bourne ultimatum",1293484620,1294177500,692880,117116005.3490
"Bourne ultimatum",1293486300,1485068256,191581956,117116005.3490
"Bourne ultimatum",1293486300,1294006560,520260,117116005.3490
"Bourne ultimatum",1293502920,1485068256,191565336,117116005.3490
"Bourne ultimatum",1293504300,1485068256,191563956,117116005.3490
"Bourne ultimatum",1293504300,1294532280,1027980,117116005.3490
"Bourne ultimatum",1293504300,1294946280,1441980,117116005.3490
"Bourne ultimatum",1293504300,1295234100,1729800,117116005.3490
"Bourne ultimatum",1293506400,1485068256,191561856,117116005.3490
"Bourne ultimatum",1293506400,1294276380,769980,117116005.3490
"Bourne ultimatum",1293571920,1485068256,191496336,117116005.3490
"Bourne ultimatum",1293571920,1295990520,2418600,117116005.3490
"Bourne ultimatum",1293577020,1485068256,191491236,117116005.3490
"Bourne ultimatum",1293577020,1294257180,680160,117116005.3490
"Bourne ultimatum",1293582180,1485068256,191486076,117116005.3490
"Bourne ultimatum",1293591360,1485068256,191476896,117116005.3490
"Bourne ultimatum",1293646140,1485068256,191422116,117116005.3490
"Bourne ultimatum",1293646140,1294881000,1234860,117116005.3490
"Bourne ultimatum",1293662100,1485068256,191406156,117116005.3490
"Bourne ultimatum",1293662100,1295486760,1824660,117116005.3490
"Bourne ultimatum",1293742440,1485068256,191325816,117116005.3490
"Bourne ultimatum",1293742440,1294787640,1045200,117116005.3490
"Bourne ultimatum",1293750540,1485068256,191317716,117116005.3490
"Bourne ultimatum",1293750540,1297291980,3541440,117116005.3490
"Bourne ultimatum",1293760440,1485068256,191307816,117116005.3490
"Bourne ultimatum",1293760440,1294192800,432360,117116005.3490
"Bourne ultimatum",1294006380,1485068256,191061876,117116005.3490
"Bourne ultimatum",1294008840,1485068256,191059416,117116005.3490
"Bourne ultimatum",1294008840,1294104360,95520,117116005.3490
"Bourne ultimatum",1294008840,1294677720,668880,117116005.3490
"Bourne ultimatum",1294015200,1485068256,191053056,117116005.3490
"Bourne ultimatum",1294015200,1294975560,960360,117116005.3490
"Bourne ultimatum",1294095300,1485068256,190972956,117116005.3490
"Bourne ultimatum",1294095300,1295120400,1025100,117116005.3490
"Bourne ultimatum",1294101060,1485068256,190967196,117116005.3490
"Bourne ultimatum",1294101060,1295398500,1297440,117116005.3490
"Bourne ultimatum",1294111080,1485068256,190957176,117116005.3490
"Bourne ultimatum",1294111080,1294786440,675360,117116005.3490
"Bourne ultimatum",1294168740,1485068256,190899516,117116005.3490
"Bourne ultimatum",1294168740,1294439280,270540,117116005.3490
"Bourne ultimatum",1294179960,1485068256,190888296,117116005.3490
"Bourne ultimatum",1294179960,1294699740,519780,117116005.3490
"Bourne ultimatum",1294189740,1485068256,190878516,117116005.3490
"Bourne ultimatum",1294189740,1294711320,521580,117116005.3490
"Bourne ultimatum",1294195200,1485068256,190873056,117116005.3490
"Bourne ultimatum",1294195200,1294796460,601260,117116005.3490
"Bourne ultimatum",1294260720,1485068256,190807536,117116005.3490
"Bourne ultimatum",1294264140,1485068256,190804116,117116005.3490
"Bourne ultimatum",1294267260,1485068256,190800996,117116005.3490
"Bourne ultimatum",1294273260,1485068256,190794996,117116005.3490
"Bourne ultimatum",1294273260,1295392860,1119600,117116005.3490
"Bourne ultimatum",1294274280,1485068256,190793976,117116005.3490
"Bourne ultimatum",1294274280,1295032200,757920,117116005.3490
"Bourne ultimatum",1294278900,1485068256,190789356,117116005.3490
"Bourne ultimatum",1294278900,1294717620,438720,117116005.3490
"Bourne ultimatum",1294282560,1485068256,190785696,117116005.3490
"Bourne ultimatum",1294282560,1294889280,606720,117116005.3490
"Bourne ultimatum",1294347900,1485068256,190720356,117116005.3490
"Bourne ultimatum",1294347900,1294434000,86100,117116005.3490
"Bourne ultimatum",1294352880,1485068256,190715376,117116005.3490
"Bourne ultimatum",1294352880,1294789500,436620,117116005.3490
"Bourne ultimatum",1294357680,1485068256,190710576,117116005.3490
"Bourne ultimatum",1294357680,1295376780,1019100,117116005.3490
"Bourne ultimatum",1294364580,1485068256,190703676,117116005.3490
"Bourne ultimatum",1294364580,1294880760,516180,117116005.3490
"Bourne ultimatum",1294444620,1485068256,190623636,117116005.3490
"Bourne ultimatum",1294444620,1294525620,81000,117116005.3490
"Bourne ultimatum",1294445280,1485068256,190622976,117116005.3490
"Bourne ultimatum",1294451520,1485068256,190616736,117116005.3490
"Bourne ultimatum",1294451520,1295047020,595500,117116005.3490
"Bourne ultimatum",1294451580,1485068256,190616676,117116005.3490
"Bourne ultimatum",1294451580,1294890540,438960,117116005.3490
"Bourne ultimatum",1294532820,1485068256,190535436,117116005.3490
"Bourne ultimatum",1294532820,1295651520,1118700,117116005.3490
"Bourne ultimatum",1294532820,1295838000,1305180,117116005.3490
"Bourne ultimatum",1294532820,1295900400,1367580,117116005.3490
"Bourne ultimatum",1294533420,1485068256,190534836,117116005.3490
"Bourne ultimatum",1294533420,1297302540,2769120,117116005.3490
"Bourne ultimatum",1294689480,1485068256,190378776,117116005.3490
"Bourne ultimatum",1294689480,1295487360,797880,117116005.3490
"Bourne ultimatum",1294706100,1485068256,190362156,117116005.3490
"Bourne ultimatum",1294706100,1296008400,1302300,117116005.3490
"Bourne ultimatum",1294706160,1485068256,190362096,117116005.3490
"Bourne ultimatum",1294706160,1294707960,1800,117116005.3490
"Bourne ultimatum",1294706460,1485068256,190361796,117116005.3490
"Bourne ultimatum",1294706460,1294875240,168780,117116005.3490
"Bourne ultimatum",1294708800,1485068256,190359456,117116005.3490
"Bourne ultimatum",1294708800,1294785120,76320,117116005.3490
"Bourne ultimatum",1294709520,1485068256,190358736,117116005.3490
"Bourne ultimatum",1294711020,1294711140,120,117116005.3490
"Bourne ultimatum",1294775700,1485068256,190292556,117116005.3490
"Bourne ultimatum",1294775700,1295214120,438420,117116005.3490
"Bourne ultimatum",1294781760,1485068256,190286496,117116005.3490
"Bourne ultimatum",1294781760,1295907540,1125780,117116005.3490
"Bourne ultimatum",1294787400,1485068256,190280856,117116005.3490
"Bourne ultimatum",1294787400,1294870980,83580,117116005.3490
"Bourne ultimatum",1294788420,1485068256,190279836,117116005.3490
"Bourne ultimatum",1294788420,1294874940,86520,117116005.3490
"Bourne ultimatum",1294791600,1485068256,190276656,117116005.3490
"Bourne ultimatum",1294791600,1296000540,1208940,117116005.3490
"Bourne ultimatum",1294792740,1485068256,190275516,117116005.3490
"Bourne ultimatum",1294792740,1296107700,1314960,117116005.3490
"Bourne ultimatum",1294792740,1296506160,1713420,117116005.3490
"Bourne ultimatum",1294796580,1485068256,190271676,117116005.3490
"Bourne ultimatum",1294881360,1485068256,190186896,117116005.3490
"Bourne ultimatum",1294889700,1485068256,190178556,117116005.3490
"Bourne ultimatum",1294889700,1295483940,594240,117116005.3490
"Bourne ultimatum",1294890780,1485068256,190177476,117116005.3490
"Bourne ultimatum",1294890780,1295744940,854160,117116005.3490
"Bourne ultimatum",1294948680,1485068256,190119576,117116005.3490
"Bourne ultimatum",1294948680,1295731980,783300,117116005.3490
"Bourne ultimatum",1294948680,1296072060,1123380,117116005.3490
"Bourne ultimatum",1294955460,1485068256,190112796,117116005.3490
"Bourne ultimatum",1294955460,1295127600,172140,117116005.3490
"Bourne ultimatum",1294955460,1295467440,511980,117116005.3490
"Bourne ultimatum",1294956540,1485068256,190111716,117116005.3490
"Bourne ultimatum",1294956540,1296173280,1216740,117116005.3490
"Bourne ultimatum",1294956540,1296237960,1281420,117116005.3490
"Bourne ultimatum",1294959240,1485068256,190109016,117116005.3490
"Bourne ultimatum",1294959240,1296347580,1388340,117116005.3490
"Bourne ultimatum",1294959420,1485068256,190108836,117116005.3490
"Bourne ultimatum",1294961460,1485068256,190106796,117116005.3490
"Bourne ultimatum",1294961460,1295912640,951180,117116005.3490
"Bourne ultimatum",1294967040,1485068256,190101216,117116005.3490
"Bourne ultimatum",1294967040,1296175620,1208580,117116005.3490
"Bourne ultimatum",1295041320,1485068256,190026936,117116005.3490
"Bourne ultimatum",1295041320,1295913540,872220,117116005.3490
"Bourne ultimatum",1295041320,1295994240,952920,117116005.3490
"Bourne ultimatum",1295056560,1485068256,190011696,117116005.3490
"Bourne ultimatum",1295056560,1295482800,426240,117116005.3490
"Bourne ultimatum",1295122980,1485068256,189945276,117116005.3490
"Bourne ultimatum",1295122980,1296265440,1142460,117116005.3490
"Bourne ultimatum",1295124720,1485068256,189943536,117116005.3490
"Bourne ultimatum",1295132160,1485068256,189936096,117116005.3490
"Bourne ultimatum",1295132160,1295376660,244500,117116005.3490
"Bourne ultimatum",1295132160,1296065460,933300,117116005.3490
"Bourne ultimatum",1295132160,1296258180,1126020,117116005.3490
"Bourne ultimatum",1295140320,1485068256,189927936,117116005.3490
"Bourne ultimatum",1295140320,1295406900,266580,117116005.3490
"Bourne ultimatum",1295142240,1485068256,189926016,117116005.3490
"Bourne ultimatum",1295142240,1296177420,1035180,117116005.3490
"Bourne ultimatum",1295213580,1485068256,189854676,117116005.3490
"Bourne ultimatum",1295213580,1295826900,613320,117116005.3490
"Bourne ultimatum",1295215920,1485068256,189852336,117116005.3490
"Bourne ultimatum",1295215920,1298424120,3208200,117116005.3490
"Bourne ultimatum",1295215920,1298697420,3481500,117116005.3490
"Bourne ultimatum",1295215920,1298743980,3528060,117116005.3490
"Bourne ultimatum",1295215920,1299891960,4676040,117116005.3490
"Bourne ultimatum",1295215920,1299955380,4739460,117116005.3490
"Bourne ultimatum",1295220960,1485068256,189847296,117116005.3490
"Bourne ultimatum",1295220960,1295403240,182280,117116005.3490
"Bourne ultimatum",1295224500,1485068256,189843756,117116005.3490
"Bourne ultimatum",1295224500,1297200360,1975860,117116005.3490
"Bourne ultimatum",1295379540,1485068256,189688716,117116005.3490
"Bourne ultimatum",1295379540,1295477580,98040,117116005.3490
"Bourne ultimatum",1295391180,1485068256,189677076,117116005.3490
"Bourne ultimatum",1295391180,1296429000,1037820,117116005.3490
"Bourne ultimatum",1295391540,1485068256,189676716,117116005.3490
"Bourne ultimatum",1295391540,1299530460,4138920,117116005.3490
"Bourne ultimatum",1295395320,1485068256,189672936,117116005.3490
"Bourne ultimatum",1295395320,1296349800,954480,117116005.3490
"Bourne ultimatum",1295405280,1485068256,189662976,117116005.3490
"Bourne ultimatum",1295405280,1296611040,1205760,117116005.3490
"Bourne ultimatum",1295408580,1485068256,189659676,117116005.3490
"Bourne ultimatum",1295408580,1485068256,189659676,117116005.3490
"Bourne ultimatum",1295408580,1297133880,1725300,117116005.3490
"Bourne ultimatum",1295408580,1297299780,1891200,117116005.3490
"Bourne ultimatum",1295408580,1299264480,3855900,117116005.3490
"Bourne ultimatum",1295486160,1485068256,189582096,117116005.3490
"Bourne ultimatum",1295486160,1295819580,333420,117116005.3490
"Bourne ultimatum",1295487360,1485068256,189580896,117116005.3490
"Bourne ultimatum",1295487360,1298511960,3024600,117116005.3490
"Bourne ultimatum",1295492400,1485068256,189575856,117116005.3490
"Bourne ultimatum",1295492400,1296856140,1363740,117116005.3490
"Bourne ultimatum",1295547240,1485068256,189521016,117116005.3490
"Bourne ultimatum",1295554080,1485068256,189514176,117116005.3490
"Bourne ultimatum",1295554080,1295740320,186240,117116005.3490
"Bourne ultimatum",1295560980,1485068256,189507276,117116005.3490
"Bourne ultimatum",1295560980,1295998260,437280,117116005.3490
"Bourne ultimatum",1295571780,1485068256,189496476,117116005.3490
"Bourne ultimatum",1295571780,1296610740,1038960,117116005.3490
"Bourne ultimatum",1295576940,1485068256,189491316,117116005.3490
"Bourne ultimatum",1295576940,1297742100,2165160,117116005.3490
"Bourne ultimatum",1295635980,1485068256,189432276,117116005.3490
"Bourne ultimatum",1295635980,1296336960,700980,117116005.3490
"Bourne ultimatum",1295650320,1485068256,189417936,117116005.3490
"Bourne ultimatum",1295650320,1297378020,1727700,117116005.3490
"Bourne ultimatum",1295661480,1485068256,189406776,117116005.3490
"Bourne ultimatum",1295661480,1296698340,1036860,117116005.3490
"Bourne ultimatum",1295733840,1485068256,189334416,117116005.3490
"Bourne ultimatum",1295733840,1296680100,946260,117116005.3490
"Bourne ultimatum",1295735580,1485068256,189332676,117116005.3490
"Bourne ultimatum",1295735640,1485068256,189332616,117116005.3490
"Bourne ultimatum",1295735640,1295927580,191940,117116005.3490
"Bourne ultimatum",1295740200,1485068256,189328056,117116005.3490
"Bourne ultimatum",1295822880,1485068256,189245376,117116005.3490
"Bourne ultimatum",1295822880,1296008400,185520,117116005.3490
"Bourne ultimatum",1295825700,1485068256,189242556,117116005.3490
"Bourne ultimatum",1295825700,1296594300,768600,117116005.3490
"Bourne ultimatum",1295825700,1296952500,1126800,117116005.3490
"Bourne ultimatum",1295825700,1297024140,1198440,117116005.3490
"Bourne ultimatum",1295829360,1485068256,189238896,117116005.3490
"Bourne ultimatum",1295829360,1299090420,3261060,117116005.3490
"Bourne ultimatum",1295899260,1485068256,189168996,117116005.3490
"Bourne ultimatum",1295899260,1295982000,82740,117116005.3490
"Bourne ultimatum",1295910240,1485068256,189158016,117116005.3490
"Bourne ultimatum",1295910240,1297116720,1206480,117116005.3490
"Bourne ultimatum",1295914440,1485068256,189153816,117116005.3490
"Bourne ultimatum",1295914440,1299178980,3264540,117116005.3490
"Bourne ultimatum",1295920560,1296083400,162840,117116005.3490
"Bourne ultimatum",1295987940,1485068256,189080316,117116005.3490
"Bourne ultimatum",1295987940,1296525240,537300,117116005.3490
"Bourne ultimatum",1295988360,1485068256,189079896,117116005.3490
"Bourne ultimatum",1295988360,1296261360,273000,117116005.3490
"Bourne ultimatum",1295991480,1485068256,189076776,117116005.3490
"Bourne ultimatum",1295991480,1297378620,1387140,117116005.3490
"Bourne ultimatum",1295999400,1485068256,189068856,117116005.3490
"Bourne ultimatum",1295999400,1296769920,770520,117116005.3490
"Bourne ultimatum",1295999400,1297059420,1060020,117116005.3490
"Bourne ultimatum",1296013260,1485068256,189054996,117116005.3490
"Bourne ultimatum",1296013260,1296097020,83760,117116005.3490
"Bourne ultimatum",1296080460,1485068256,188987796,117116005.3490
"Bourne ultimatum",1296080460,1296175980,95520,117116005.3490
"Bourne ultimatum",1296087480,1485068256,188980776,117116005.3490
"Bourne ultimatum",1296098760,1485068256,188969496,117116005.3490
"Bourne ultimatum",1296098760,1297475820,1377060,117116005.3490
"Bourne ultimatum",1296098760,1297556640,1457880,117116005.3490
"Bourne ultimatum",1296157020,1485068256,188911236,117116005.3490
"Bourne ultimatum",1296159600,1485068256,188908656,117116005.3490
"Bourne ultimatum",1296159600,1296761040,601440,117116005.3490
"Bourne ultimatum",1296167280,1485068256,188900976,117116005.3490
"Bourne ultimatum",1296167280,1296601500,434220,117116005.3490
"Bourne ultimatum",1296175740,1485068256,188892516,117116005.3490
"Bourne ultimatum",1296175740,1297212300,1036560,117116005.3490
"Bourne ultimatum",1296175740,1298255040,2079300,117116005.3490
"Bourne ultimatum",1296331860,1485068256,188736396,117116005.3490
"Bourne ultimatum",1296339300,1485068256,188728956,117116005.3490
"Bourne ultimatum",1296341100,1485068256,188727156,117116005.3490
"Bourne ultimatum",1296341100,1297200660,859560,117116005.3490
"Bourne ultimatum",1296347100,1485068256,188721156,117116005.3490
"Bourne ultimatum",1296347100,1298148660,1801560,117116005.3490
"Bourne ultimatum",1296352560,1485068256,188715696,117116005.3490
"Bourne ultimatum",1296352560,1297824420,1471860,117116005.3490
"Bourne ultimatum",1296352680,1485068256,188715576,117116005.3490
"Bourne ultimatum",1296352680,1298853060,2500380,117116005.3490
"Bourne ultimatum",1296427800,1485068256,188640456,117116005.3490
"Bourne ultimatum",1296427800,1296696360,268560,117116005.3490
"Bourne ultimatum",1296503760,1485068256,188564496,117116005.3490
"Bourne ultimatum",1296503760,1297634220,1130460,117116005.3490
"Bourne ultimatum",1296514020,1485068256,188554236,117116005.3490
"Bourne ultimatum",1296514020,1298923320,2409300,117116005.3490
"Bourne ultimatum",1296520620,1485068256,188547636,117116005.3490
"Bourne ultimatum",1296520620,1296691560,170940,117116005.3490
"Bourne ultimatum",1296598260,1485068256,188469996,117116005.3490
"Bourne ultimatum",1296598260,1296771840,173580,117116005.3490
"Bourne ultimatum",1296598260,1297108440,510180,117116005.3490
"Bourne ultimatum",1296677160,1485068256,188391096,117116005.3490
"Bourne ultimatum",1296677160,1297203000,525840,117116005.3490
"Bourne ultimatum",1296677160,1297538700,861540,117116005.3490
"Bourne ultimatum",1296679620,1485068256,188388636,117116005.3490
"Bourne ultimatum",1296685620,1485068256,188382636,117116005.3490
"Bourne ultimatum",1296685620,1296945600,259980,117116005.3490
"Bourne ultimatum",1296688620,1485068256,188379636,117116005.3490
"Bourne ultimatum",1296772500,1485068256,188295756,117116005.3490
"Bourne ultimatum",1296776940,1485068256,188291316,117116005.3490
"Bourne ultimatum",1296776940,1299620760,2843820,117116005.3490
"Bourne ultimatum",1296858120,1485068256,188210136,117116005.3490
"Bourne ultimatum",1296858120,1297721520,863400,117116005.3490
"Bourne ultimatum",1296862560,1485068256,188205696,117116005.3490
"Bourne ultimatum",1296862560,1297288620,426060,117116005.3490
"Bourne ultimatum",1296933060,1485068256,188135196,117116005.3490
"Bourne ultimatum",1296933060,1297906500,973440,117116005.3490
"Bourne ultimatum",1296943560,1485068256,188124696,117116005.3490
"Bourne ultimatum",1296943560,1297126620,183060,117116005.3490
"Bourne ultimatum",1296946080,1485068256,188122176,117116005.3490
"Bourne ultimatum",1296946080,1299116820,2170740,117116005.3490
"Bourne ultimatum",1296951540,1485068256,188116716,117116005.3490
"Bourne ultimatum",1296951540,1298140740,1189200,117116005.3490
"Bourne ultimatum",1297103460,1485068256,187964796,117116005.3490
"Bourne ultimatum",1297103460,1297377420,273960,117116005.3490
"Bourne ultimatum",1297103460,1297712040,608580,117116005.3490
"Bourne ultimatum",1297103460,1297717680,614220,117116005.3490
"Bourne ultimatum",1297111140,1485068256,187957116,117116005.3490
"Bourne ultimatum",1297111140,1297561800,450660,117116005.3490
"Bourne ultimatum",1297112700,1297114320,1620,117116005.3490
"Bourne ultimatum",1297116420,1485068256,187951836,117116005.3490
"Bourne ultimatum",1297122180,1297122180,0,117116005.3490
"Bourne ultimatum",1297133520,1485068256,187934736,117116005.3490
"Bourne ultimatum",1297133520,1300653420,3519900,117116005.3490
"Bourne ultimatum",1297188180,1485068256,187880076,117116005.3490
"Bourne ultimatum",1297188180,1297727520,539340,117116005.3490
"Bourne ultimatum",1297188180,1297990680,802500,117116005.3490
"Bourne ultimatum",1297188180,1298151360,963180,117116005.3490
"Bourne ultimatum",1297211520,1485068256,187856736,117116005.3490
"Bourne ultimatum",1297211520,1298415540,1204020,117116005.3490
"Bourne ultimatum",1297216980,1485068256,187851276,117116005.3490
"Bourne ultimatum",1297216980,1298596860,1379880,117116005.3490
"Bourne ultimatum",1297301220,1485068256,187767036,117116005.3490
"Bourne ultimatum",1297364460,1485068256,187703796,117116005.3490
"Bourne ultimatum",1297364460,1297534260,169800,117116005.3490
"Bourne ultimatum",1297378620,1485068256,187689636,117116005.3490
"Bourne ultimatum",1297378620,1299797400,2418780,117116005.3490
"Bourne ultimatum",1297379040,1485068256,187689216,117116005.3490
"Bourne ultimatum",1297379040,1297639080,260040,117116005.3490
"Bourne ultimatum",1297379040,1297830000,450960,117116005.3490
"Bourne ultimatum",1297381620,1485068256,187686636,117116005.3490
"Bourne ultimatum",1297381620,1297723980,342360,117116005.3490
"Bourne ultimatum",1297382100,1485068256,187686156,117116005.3490
"Bourne ultimatum",1297385100,1485068256,187683156,117116005.3490
"Bourne ultimatum",1297385100,1298587740,1202640,117116005.3490
"Bourne ultimatum",1297387620,1485068256,187680636,117116005.3490
"Bourne ultimatum",1297387620,1298413200,1025580,117116005.3490
"Bourne ultimatum",1297387620,1299525000,2137380,117116005.3490
"Bourne ultimatum",1297451220,1485068256,187617036,117116005.3490
"Bourne ultimatum",1297451220,1298159820,708600,117116005.3490
"Bourne ultimatum",1297537980,1485068256,187530276,117116005.3490
"Bourne ultimatum",1297537980,1298153100,615120,117116005.3490
"Bourne ultimatum",1297555260,1485068256,187512996,117116005.3490
"Bourne ultimatum",1297560960,1485068256,187507296,117116005.3490
"Bourne ultimatum",1297560960,1297813320,252360,117116005.3490
"Bourne ultimatum",1297632840,1485068256,187435416,117116005.3490
"Bourne ultimatum",1297733340,1485068256,187334916,117116005.3490
"Bourne ultimatum",1297736160,1485068256,187332096,117116005.3490
"Bourne ultimatum",1297736160,1297980060,243900,117116005.3490
"Bourne ultimatum",1297796160,1485068256,187272096,117116005.3490
"Bourne ultimatum",1297796160,1298510880,714720,117116005.3490
"Bourne ultimatum",1297796160,1299008580,1212420,117116005.3490
"Bourne ultimatum",1297798800,1485068256,187269456,117116005.3490
"Bourne ultimatum",1297798800,1297800180,1380,117116005.3490
"Bourne ultimatum",1297798800,1298072460,273660,117116005.3490
"Bourne ultimatum",1297798800,1298415360,616560,117116005.3490
"Bourne ultimatum",1297803660,1485068256,187264596,117116005.3490
"Bourne ultimatum",1297814940,1485068256,187253316,117116005.3490
"Bourne ultimatum",1297814940,1298147820,332880,117116005.3490
"Bourne ultimatum",1297816680,1485068256,187251576,117116005.3490
"Bourne ultimatum",1297816680,1299033600,1216920,117116005.3490
"Bourne ultimatum",1297991700,1485068256,187076556,117116005.3490
"Bourne ultimatum",1297991700,1300411320,2419620,117116005.3490
"Bourne ultimatum",1297991700,1300825740,2834040,117116005.3490
"Bourne ultimatum",1297991700,1300911180,2919480,117116005.3490
"Bourne ultimatum",1297991820,1485068256,187076436,117116005.3490
"Bourne ultimatum",1297991820,1299199260,1207440,117116005.3490
"Bourne ultimatum",1297994160,1485068256,187074096,117116005.3490
"Bourne ultimatum",1298066280,1485068256,187001976,117116005.3490
"Bourne ultimatum",1298077140,1485068256,186991116,117116005.3490
"Bourne ultimatum",1298077140,1298412720,335580,117116005.3490
"Bourne ultimatum",1298147160,1485068256,186921096,117116005.3490
"Bourne ultimatum",1298147160,1298503020,355860,117116005.3490
"Bourne ultimatum",1298149860,1485068256,186918396,117116005.3490
"Bourne ultimatum",1298149860,1298933400,783540,117116005.3490
"Bourne ultimatum",1298159520,1485068256,186908736,117116005.3490
"Bourne ultimatum",1298159520,1299199620,1040100,117116005.3490
"Bourne ultimatum",1298164560,1485068256,186903696,117116005.3490
"Bourne ultimatum",1298164560,1298417280,252720,117116005.3490
"Bourne ultimatum",1298164560,1298577540,412980,117116005.3490
"Bourne ultimatum",1298236020,1485068256,186832236,117116005.3490
"Bourne ultimatum",1298236020,1298598540,362520,117116005.3490
"Bourne ultimatum",1298236020,1299624600,1388580,117116005.3490
"Bourne ultimatum",1298236020,1299701220,1465200,117116005.3490
"Bourne ultimatum",1298240760,1485068256,186827496,117116005.3490
"Bourne ultimatum",1298240760,1298579760,339000,117116005.3490
"Bourne ultimatum",1298244840,1485068256,186823416,117116005.3490
"Bourne ultimatum",1298244840,1299195600,950760,117116005.3490
"Bourne ultimatum",1298399820,1485068256,186668436,117116005.3490
"Bourne ultimatum",1298399820,1299532200,1132380,117116005.3490
"Bourne ultimatum",1298418360,1485068256,186649896,117116005.3490
"Bourne ultimatum",1298420040,1485068256,186648216,117116005.3490
"Bourne ultimatum",1298420040,1299369840,949800,117116005.3490
"Bourne ultimatum",1298424420,1485068256,186643836,117116005.3490
"Bourne ultimatum",1298424420,1299367560,943140,117116005.3490
"Bourne ultimatum",1298431440,1485068256,186636816,117116005.3490
"Bourne ultimatum",1298485380,1485068256,186582876,117116005.3490
"Bourne ultimatum",1298485380,1299181140,695760,117116005.3490
"Bourne ultimatum",1298499900,1485068256,186568356,117116005.3490
"Bourne ultimatum",1298499900,1298746920,247020,117116005.3490
"Bourne ultimatum",1298499900,1299094740,594840,117116005.3490
"Bourne ultimatum",1298500020,1485068256,186568236,117116005.3490
"Bourne ultimatum",1298500020,1298604120,104100,117116005.3490
"Bourne ultimatum",1298581320,1485068256,186486936,117116005.3490
"Bourne ultimatum",1298581320,1300844280,2262960,117116005.3490
"Bourne ultimatum",1298585640,1485068256,186482616,117116005.3490
"Bourne ultimatum",1298585760,1485068256,186482496,117116005.3490
"Bourne ultimatum",1298585760,1299364740,778980,117116005.3490
"Bourne ultimatum",1298585760,1300141140,1555380,117116005.3490
"Bourne ultimatum",1298585760,1300215180,1629420,117116005.3490
"Bourne ultimatum",1298585760,1301609640,3023880,117116005.3490
"Bourne ultimatum",1298598780,1485068256,186469476,117116005.3490
"Bourne ultimatum",1298598780,1299875640,1276860,117116005.3490
"Bourne ultimatum",1298751240,1485068256,186317016,117116005.3490
"Bourne ultimatum",1298751240,1299022200,270960,117116005.3490
"Bourne ultimatum",1298768820,1485068256,186299436,117116005.3490
"Bourne ultimatum",1298847600,1485068256,186220656,117116005.3490
"Bourne ultimatum",1298847600,1298939220,91620,117116005.3490
"Bourne ultimatum",1298853120,1485068256,186215136,117116005.3490
"Bourne ultimatum",1298853120,1299019800,166680,117116005.3490
"Bourne ultimatum",1298926260,1485068256,186141996,117116005.3490
"Bourne ultimatum",1298926260,1300139460,1213200,117116005.3490
"Bourne ultimatum",1298941920,1485068256,186126336,117116005.3490
"Bourne ultimatum",1298941920,1299549780,607860,117116005.3490
"Bourne ultimatum",1298941920,1299957480,1015560,117116005.3490
"Bourne ultimatum",1298941920,1300144200,1202280,117116005.3490
"Bourne ultimatum",1299005100,1485068256,186063156,117116005.3490
"Bourne ultimatum",1299005100,1299262560,257460,117116005.3490
"Bourne ultimatum",1299012600,1299012540,60,117116005.3490
"Bourne ultimatum",1299014520,1485068256,186053736,117116005.3490
"Bourne ultimatum",1299014520,1299185100,170580,117116005.3490
"Bourne ultimatum",1299022800,1485068256,186045456,117116005.3490
"Bourne ultimatum",1299022800,1299203400,180600,117116005.3490
"Bourne ultimatum",1299025800,1485068256,186042456,117116005.3490
"Bourne ultimatum",1299025800,1299967680,941880,117116005.3490
"Bourne ultimatum",1299025920,1485068256,186042336,117116005.3490
"Bourne ultimatum",1299093480,1485068256,185974776,117116005.3490
"Bourne ultimatum",1299093480,1301167560,2074080,117116005.3490
"Bourne ultimatum",1299093480,1302540360,3446880,117116005.3490
"Bourne ultimatum",1299096540,1485068256,185971716,117116005.3490
"Bourne ultimatum",1299096540,1299728400,631860,117116005.3490
"Bourne ultimatum",1299108060,1485068256,185960196,117116005.3490
"Bourne ultimatum",1299108060,1299191820,83760,117116005.3490
"Bourne ultimatum",1299121920,1485068256,185946336,117116005.3490
"Bourne ultimatum",1299193320,1485068256,185874936,117116005.3490
"Bourne ultimatum",1299193320,1299456600,263280,117116005.3490
"Bourne ultimatum",1299198540,1485068256,185869716,117116005.3490
"Bourne ultimatum",1299198540,1300049640,851100,117116005.3490
"Bourne ultimatum",1299201720,1485068256,185866536,117116005.3490
"Bourne ultimatum",1299201720,1300745460,1543740,117116005.3490
"Bourne ultimatum",1299202860,1485068256,185865396,117116005.3490
"Bourne ultimatum",1299202860,1300154340,951480,117116005.3490
"Bourne ultimatum",1299203280,1485068256,185864976,117116005.3490
"Bourne ultimatum",1299203280,1300146480,943200,117116005.3490
"Bourne ultimatum",1299272340,1485068256,185795916,117116005.3490
"Bourne ultimatum",1299276960,1485068256,185791296,117116005.3490
"Bourne ultimatum",1299276960,1299968280,691320,117116005.3490
"Bourne ultimatum",1299277320,1485068256,185790936,117116005.3490
"Bourne ultimatum",1299277320,1299700800,423480,117116005.3490
"Bourne ultimatum",1299358620,1485068256,185709636,117116005.3490
"Bourne ultimatum",1299365460,1485068256,185702796,117116005.3490
"Bourne ultimatum",1299365460,1300572720,1207260,117116005.3490
"Bourne ultimatum",1299368760,1485068256,185699496,117116005.3490
"Bourne ultimatum",1299368760,1299879960,511200,117116005.3490
"Bourne ultimatum",1299369660,1485068256,185698596,117116005.3490
"Bourne ultimatum",1299369660,1302572880,3203220,117116005.3490
"Bourne ultimatum",1299451680,1485068256,185616576,117116005.3490
"Bourne ultimatum",1299458520,1485068256,185609736,117116005.3490
"Bourne ultimatum",1299458520,1299889920,431400,117116005.3490
"Bourne ultimatum",1299458520,1300126020,667500,117116005.3490
"Bourne ultimatum",1299537120,1485068256,185531136,117116005.3490
"Bourne ultimatum",1299537240,1485068256,185531016,117116005.3490
"Bourne ultimatum",1299537240,1299717600,180360,117116005.3490
"Bourne ultimatum",1299537240,1300144380,607140,117116005.3490
"Bourne ultimatum",1299539700,1485068256,185528556,117116005.3490
"Bourne ultimatum",1299539700,1299639480,99780,117116005.3490
"Bourne ultimatum",1299541200,1299541200,0,117116005.3490
"Bourne ultimatum",1299541200,1299541200,0,117116005.3490
"Bourne ultimatum",1299541200,1299541200,0,117116005.3490
"Bourne ultimatum",1299542700,1485068256,185525556,117116005.3490
"Bourne ultimatum",1299546060,1485068256,185522196,117116005.3490
"Bourne ultimatum",1299546060,1299627360,81300,117116005.3490
"Bourne ultimatum",1299548100,1485068256,185520156,117116005.3490
"Bourne ultimatum",1299548100,1300919400,1371300,117116005.3490
"Bourne ultimatum",1299623040,1485068256,185445216,117116005.3490
"Bourne ultimatum",1299623040,1300831020,1207980,117116005.3490
"Bourne ultimatum",1299630660,1485068256,185437596,117116005.3490
"Bourne ultimatum",1299630660,1300406640,775980,117116005.3490
"Bourne ultimatum",1299630660,1300660440,1029780,117116005.3490
"Bourne ultimatum",1299630660,1300746540,1115880,117116005.3490
"Bourne ultimatum",1299634500,1485068256,185433756,117116005.3490
"Bourne ultimatum",1299634500,1301443800,1809300,117116005.3490
"Bourne ultimatum",1299634920,1485068256,185433336,117116005.3490
"Bourne ultimatum",1299634920,1485068256,185433336,117116005.3490
"Bourne ultimatum",1299634920,1300492800,857880,117116005.3490
"Bourne ultimatum",1299634920,1300567980,933060,117116005.3490
"Bourne ultimatum",1299701700,1485068256,185366556,117116005.3490
"Bourne ultimatum",1299701700,1300736820,1035120,117116005.3490
"Bourne ultimatum",1299716160,1485068256,185352096,117116005.3490
"Bourne ultimatum",1299716160,1299968280,252120,117116005.3490
"Bourne ultimatum",1299722160,1485068256,185346096,117116005.3490
"Bourne ultimatum",1299722160,1300231920,509760,117116005.3490
"Bourne ultimatum",1299792360,1485068256,185275896,117116005.3490
"Bourne ultimatum",1299792360,1300143780,351420,117116005.3490
"Bourne ultimatum",1299877860,1485068256,185190396,117116005.3490
"Bourne ultimatum",1299968940,1485068256,185099316,117116005.3490
"Bourne ultimatum",1299968940,1301010600,1041660,117116005.3490
"Bourne ultimatum",1299970920,1485068256,185097336,117116005.3490
"Bourne ultimatum",1299973200,1485068256,185095056,117116005.3490
"Bourne ultimatum",1299973200,1303349640,3376440,117116005.3490
"Bourne ultimatum",1299973200,1303768020,3794820,117116005.3490
"Bourne ultimatum",1299973200,1304043060,4069860,117116005.3490
"Bourne ultimatum",1299974700,1485068256,185093556,117116005.3490
"Bourne ultimatum",1299974700,1301168640,1193940,117116005.3490
"Bourne ultimatum",1299980700,1485068256,185087556,117116005.3490
"Bourne ultimatum",1299980700,1303593900,3613200,117116005.3490
"Bourne ultimatum",1299980700,1303701480,3720780,117116005.3490
"Bourne ultimatum",1299980700,1303847880,3867180,117116005.3490
"Bourne ultimatum",1300139820,1485068256,184928436,117116005.3490
"Bourne ultimatum",1300139820,1301334960,1195140,117116005.3490
"Bourne ultimatum",1300139820,1301423880,1284060,117116005.3490
"Bourne ultimatum",1300150260,1300150200,60,117116005.3490
"Bourne ultimatum",1300150260,1300296180,145920,117116005.3490
"Bourne ultimatum",1300150260,1300383480,233220,117116005.3490
"Bourne ultimatum",1300156560,1485068256,184911696,117116005.3490
"Bourne ultimatum",1300223820,1485068256,184844436,117116005.3490
"Bourne ultimatum",1300223820,1300495800,271980,117116005.3490
"Bourne ultimatum",1300232340,1485068256,184835916,117116005.3490
"Bourne ultimatum",1300232340,1301595240,1362900,117116005.3490
"Bourne ultimatum",1300235640,1485068256,184832616,117116005.3490
"Bourne ultimatum",1300235640,1301871720,1636080,117116005.3490
"Bourne ultimatum",1300237680,1485068256,184830576,117116005.3490
"Bourne ultimatum",1300237680,1301188380,950700,117116005.3490
"Bourne ultimatum",1300237680,1301346900,1109220,117116005.3490
"Bourne ultimatum",1300304940,1485068256,184763316,117116005.3490
"Bourne ultimatum",1300304940,1300825020,520080,117116005.3490
"Bourne ultimatum",1300304940,1301162340,857400,117116005.3490
"Bourne ultimatum",1300385580,1485068256,184682676,117116005.3490
"Bourne ultimatum",1300385580,1306173240,5787660,117116005.3490
"Bourne ultimatum",1300387920,1485068256,184680336,117116005.3490
"Bourne ultimatum",1300387920,1300815600,427680,117116005.3490
"Bourne ultimatum",1300408080,1485068256,184660176,117116005.3490
"Bourne ultimatum",1300408080,1304552940,4144860,117116005.3490
"Bourne ultimatum",1300482780,1485068256,184585476,117116005.3490
"Bourne ultimatum",1300482780,1300491600,8820,117116005.3490
"Bourne ultimatum",1300482780,1300733580,250800,117116005.3490
"Bourne ultimatum",1300564320,1485068256,184503936,117116005.3490
"Bourne ultimatum",1300565400,1485068256,184502856,117116005.3490
"Bourne ultimatum",1300565400,1301267280,701880,117116005.3490
"Bourne ultimatum",1300566360,1485068256,184501896,117116005.3490
"Bourne ultimatum",1300566360,1300847100,280740,117116005.3490
"Bourne ultimatum",1300653540,1485068256,184414716,117116005.3490
"Bourne ultimatum",1300653540,1301169540,516000,117116005.3490
"Bourne ultimatum",1300732560,1485068256,184335696,117116005.3490
"Bourne ultimatum",1300732560,1301074260,341700,117116005.3490
"Bourne ultimatum",1300742040,1485068256,184326216,117116005.3490
"Bourne ultimatum",1300742040,1301513220,771180,117116005.3490
"Bourne ultimatum",1300742160,1485068256,184326096,117116005.3490
"Bourne ultimatum",1300742160,1301164800,422640,117116005.3490
"Bourne ultimatum",1300742160,1301774700,1032540,117116005.3490
"Bourne ultimatum",1300742160,1301946360,1204200,117116005.3490
"Bourne ultimatum",1300750800,1485068256,184317456,117116005.3490
"Bourne ultimatum",1300750800,1301356200,605400,117116005.3490
"Bourne ultimatum",1300753080,1485068256,184315176,117116005.3490
"Bourne ultimatum",1300753080,1304383020,3629940,117116005.3490
"Bourne ultimatum",1300756680,1485068256,184311576,117116005.3490
"Bourne ultimatum",1300756680,1301099220,342540,117116005.3490
"Bourne ultimatum",1300834560,1485068256,184233696,117116005.3490
"Bourne ultimatum",1300835040,1485068256,184233216,117116005.3490
"Bourne ultimatum",1300835040,1301433660,598620,117116005.3490
"Bourne ultimatum",1300836300,1485068256,184231956,117116005.3490
"Bourne ultimatum",1300836300,1301970240,1133940,117116005.3490
"Bourne ultimatum",1300836840,1485068256,184231416,117116005.3490
"Bourne ultimatum",1300848180,1485068256,184220076,117116005.3490
"Bourne ultimatum",1300848180,1301616960,768780,117116005.3490
"Bourne ultimatum",1300903260,1485068256,184164996,117116005.3490
"Bourne ultimatum",1300922820,1485068256,184145436,117116005.3490
"Bourne ultimatum",1300922820,1301530260,607440,117116005.3490
"Bourne ultimatum",1300933380,1485068256,184134876,117116005.3490
"Bourne ultimatum",1300933380,1301964960,1031580,117116005.3490
"Bourne ultimatum",1300998360,1485068256,184069896,117116005.3490
"Bourne ultimatum",1300998360,1301101680,103320,117116005.3490
"Bourne ultimatum",1301006160,1485068256,184062096,117116005.3490
"Bourne ultimatum",1301006160,1301791020,784860,117116005.3490
"Bourne ultimatum",1301011740,1485068256,184056516,117116005.3490
"Bourne ultimatum",1301011740,1302572040,1560300,117116005.3490
"Bourne ultimatum",1301101260,1485068256,183966996,117116005.3490
"Bourne ultimatum",1301101260,1302222840,1121580,117116005.3490
"Bourne ultimatum",1301170020,1485068256,183898236,117116005.3490
"Bourne ultimatum",1301170020,1301780640,610620,117116005.3490
"Bourne ultimatum",1301170020,1302031680,861660,117116005.3490
"Bourne ultimatum",1301172480,1485068256,183895776,117116005.3490
"Bourne ultimatum",1301172480,1302378540,1206060,117116005.3490
"Bourne ultimatum",1301260680,1485068256,183807576,117116005.3490
"Bourne ultimatum",1301260680,1302377100,1116420,117116005.3490
"Bourne ultimatum",1301332920,1485068256,183735336,117116005.3490
"Bourne ultimatum",1301332920,1301951880,618960,117116005.3490
"Bourne ultimatum",1301351460,1485068256,183716796,117116005.3490
"Bourne ultimatum",1301351460,1302190860,839400,117116005.3490
"Bourne ultimatum",1301352240,1485068256,183716016,117116005.3490
"Bourne ultimatum",1301352240,1302040740,688500,117116005.3490
"Bourne ultimatum",1301364960,1485068256,183703296,117116005.3490
"Bourne ultimatum",1301420400,1485068256,183647856,117116005.3490
"Bourne ultimatum",1301420400,1302568020,1147620,117116005.3490
"Bourne ultimatum",1301437620,1485068256,183630636,117116005.3490
"Bourne ultimatum",1301437620,1302556620,1119000,117116005.3490
"Bourne ultimatum",1301440620,1485068256,183627636,117116005.3490
"Bourne ultimatum",1301440620,1301962140,521520,117116005.3490
"Bourne ultimatum",1301444580,1485068256,183623676,117116005.3490
"Bourne ultimatum",1301444580,1303778340,2333760,117116005.3490
"Bourne ultimatum",1301450160,1485068256,183618096,117116005.3490
"Bourne ultimatum",1301451120,1485068256,183617136,117116005.3490
"Bourne ultimatum",1301514180,1485068256,183554076,117116005.3490
"Bourne ultimatum",1301522100,1485068256,183546156,117116005.3490
"Bourne ultimatum",1301522100,1302036720,514620,117116005.3490
"Bourne ultimatum",1301602560,1485068256,183465696,117116005.3490
"Bourne ultimatum",1301602560,1302820860,1218300,117116005.3490
"Bourne ultimatum",1301602560,1302883140,1280580,117116005.3490
"Bourne ultimatum",1301624760,1485068256,183443496,117116005.3490
"Bourne ultimatum",1301624760,1302832920,1208160,117116005.3490
"Bourne ultimatum",1301864220,1485068256,183204036,117116005.3490
"Bourne ultimatum",1301864220,1301876760,12540,117116005.3490
"Bourne ultimatum",1301864820,1485068256,183203436,117116005.3490
"Bourne ultimatum",1301867520,1485068256,183200736,117116005.3490
"Bourne ultimatum",1301867520,1302913920,1046400,117116005.3490
"Bourne ultimatum",1301956500,1485068256,183111756,117116005.3490
"Bourne ultimatum",1301956500,1302568440,611940,117116005.3490
"Bourne ultimatum",1301959620,1485068256,183108636,117116005.3490
"Bourne ultimatum",1301959620,1302562260,602640,117116005.3490
"Bourne ultimatum",1301959740,1485068256,183108516,117116005.3490
"Bourne ultimatum",1301959740,1302571500,611760,117116005.3490
"Bourne ultimatum",1301962140,1485068256,183106116,117116005.3490
"Bourne ultimatum",1301962140,1302652440,690300,117116005.3490
"Bourne ultimatum",1302034260,1485068256,183033996,117116005.3490
"Bourne ultimatum",1302034260,1302640740,606480,117116005.3490
"Bourne ultimatum",1302036000,1485068256,183032256,117116005.3490
"Bourne ultimatum",1302036000,1307133360,5097360,117116005.3490
"Bourne ultimatum",1302036000,1307231400,5195400,117116005.3490
"Bourne ultimatum",1302036000,1307397840,5361840,117116005.3490
"Bourne ultimatum",1302047220,1485068256,183021036,117116005.3490
"Bourne ultimatum",1302047220,1302142860,95640,117116005.3490
"Bourne ultimatum",1302052740,1485068256,183015516,117116005.3490
"Bourne ultimatum",1302052740,1302645480,592740,117116005.3490
"Bourne ultimatum",1302055140,1485068256,183013116,117116005.3490
"Bourne ultimatum",1302055140,1303080300,1025160,117116005.3490
"Bourne ultimatum",1302113700,1485068256,182954556,117116005.3490
"Bourne ultimatum",1302113700,1304030400,1916700,117116005.3490
"Bourne ultimatum",1302118140,1485068256,182950116,117116005.3490
"Bourne ultimatum",1302118140,1302389760,271620,117116005.3490
"Bourne ultimatum",1302127440,1485068256,182940816,117116005.3490
"Bourne ultimatum",1302127440,1303328640,1201200,117116005.3490
"Bourne ultimatum",1302130740,1485068256,182937516,117116005.3490
"Bourne ultimatum",1302130740,1302566460,435720,117116005.3490
"Bourne ultimatum",1302133920,1485068256,182934336,117116005.3490
"Bourne ultimatum",1302216480,1485068256,182851776,117116005.3490
"Bourne ultimatum",1302216480,1302546540,330060,117116005.3490
"Bourne ultimatum",1302219000,1485068256,182849256,117116005.3490
"Bourne ultimatum",1302219000,1303337520,1118520,117116005.3490
"Bourne ultimatum",1302220560,1485068256,182847696,117116005.3490
"Bourne ultimatum",1302227400,1485068256,182840856,117116005.3490
"Bourne ultimatum",1302298680,1485068256,182769576,117116005.3490
"Bourne ultimatum",1302298680,1302471960,173280,117116005.3490
"Bourne ultimatum",1302298680,1302551700,253020,117116005.3490
"Bourne ultimatum",1302381300,1485068256,182686956,117116005.3490
"Bourne ultimatum",1302381300,1302655260,273960,117116005.3490
"Bourne ultimatum",1302384480,1485068256,182683776,117116005.3490
"Bourne ultimatum",1302384480,1303517400,1132920,117116005.3490
"Bourne ultimatum",1302393540,1485068256,182674716,117116005.3490
"Bourne ultimatum",1302394680,1485068256,182673576,117116005.3490
"Bourne ultimatum",1302394680,1302986280,591600,117116005.3490
"Bourne ultimatum",1302394680,1303758120,1363440,117116005.3490
"Bourne ultimatum",1302470340,1485068256,182597916,117116005.3490
"Bourne ultimatum",1302470340,1303846620,1376280,117116005.3490
"Bourne ultimatum",1302562860,1485068256,182505396,117116005.3490
"Bourne ultimatum",1302562860,1303325940,763080,117116005.3490
"Bourne ultimatum",1302629040,1485068256,182439216,117116005.3490
"Bourne ultimatum",1302629040,1305002040,2373000,117116005.3490
"Bourne ultimatum",1302629040,1305054540,2425500,117116005.3490
"Bourne ultimatum",1302641220,1485068256,182427036,117116005.3490
"Bourne ultimatum",1302641220,1308121200,5479980,117116005.3490
"Bourne ultimatum",1302643260,1485068256,182424996,117116005.3490
"Bourne ultimatum",1302660240,1485068256,182408016,117116005.3490
"Bourne ultimatum",1302660240,1303786260,1126020,117116005.3490
"Bourne ultimatum",1302660840,1485068256,182407416,117116005.3490
"Bourne ultimatum",1302660840,1304036220,1375380,117116005.3490
"Bourne ultimatum",1302724380,1485068256,182343876,117116005.3490
"Bourne ultimatum",1302724380,1302915360,190980,117116005.3490
"Bourne ultimatum",1302813360,1485068256,182254896,117116005.3490
"Bourne ultimatum",1302813360,1303361040,547680,117116005.3490
"Bourne ultimatum",1302813360,1303416180,602820,117116005.3490
"Bourne ultimatum",1302814140,1485068256,182254116,117116005.3490
"Bourne ultimatum",1302814140,1302913980,99840,117116005.3490
"Bourne ultimatum",1302815760,1485068256,182252496,117116005.3490
"Bourne ultimatum",1302815760,1304020320,1204560,117116005.3490
"Bourne ultimatum",1302822540,1485068256,182245716,117116005.3490
"Bourne ultimatum",1302822540,1303943040,1120500,117116005.3490
"Bourne ultimatum",1302898500,1485068256,182169756,117116005.3490
"Bourne ultimatum",1302898500,1303155300,256800,117116005.3490
"Bourne ultimatum",1302910800,1485068256,182157456,117116005.3490
"Bourne ultimatum",1302915120,1485068256,182153136,117116005.3490
"Bourne ultimatum",1302915120,1303436640,521520,117116005.3490
"Bourne ultimatum",1302982920,1485068256,182085336,117116005.3490
"Bourne ultimatum",1302982920,1303855620,872700,117116005.3490
"Bourne ultimatum",1302985800,1485068256,182082456,117116005.3490
"Bourne ultimatum",1303075860,1485068256,181992396,117116005.3490
"Bourne ultimatum",1303075860,1304725260,1649400,117116005.3490
"Bourne ultimatum",1303075860,1304911020,1835160,117116005.3490
"Bourne ultimatum",1303075860,1305051420,1975560,117116005.3490
"Bourne ultimatum",1303158120,1485068256,181910136,117116005.3490
"Bourne ultimatum",1303158900,1485068256,181909356,117116005.3490
"Bourne ultimatum",1303158900,1303330920,172020,117116005.3490
"Bourne ultimatum",1303166160,1485068256,181902096,117116005.3490
"Bourne ultimatum",1303166160,1303596000,429840,117116005.3490
"Bourne ultimatum",1303170840,1485068256,181897416,117116005.3490
"Bourne ultimatum",1303170840,1305062040,1891200,117116005.3490
"Bourne ultimatum",1303181880,1485068256,181886376,117116005.3490
"Bourne ultimatum",1303181880,1304619480,1437600,117116005.3490
"Bourne ultimatum",1303243500,1485068256,181824756,117116005.3490
"Bourne ultimatum",1303243500,1305246480,2002980,117116005.3490
"Bourne ultimatum",1303252680,1485068256,181815576,117116005.3490
"Bourne ultimatum",1303252680,1303425900,173220,117116005.3490
"Bourne ultimatum",1303265940,1485068256,181802316,117116005.3490
"Bourne ultimatum",1303265940,1303867020,601080,117116005.3490
"Bourne ultimatum",1303325940,1485068256,181742316,117116005.3490
"Bourne ultimatum",1303325940,1308190320,4864380,117116005.3490
"Bourne ultimatum",1303332840,1485068256,181735416,117116005.3490
"Bourne ultimatum",1303332840,1307317740,3984900,117116005.3490
"Bourne ultimatum",1303333740,1485068256,181734516,117116005.3490
"Bourne ultimatum",1303333740,1303762320,428580,117116005.3490
"Bourne ultimatum",1303435800,1485068256,181632456,117116005.3490
"Bourne ultimatum",1303435800,1303757940,322140,117116005.3490
"Bourne ultimatum",1303508040,1485068256,181560216,117116005.3490
"Bourne ultimatum",1303518360,1485068256,181549896,117116005.3490
"Bourne ultimatum",1303518360,1304546820,1028460,117116005.3490
"Bourne ultimatum",1303584540,1485068256,181483716,117116005.3490
"Bourne ultimatum",1303584540,1303679580,95040,117116005.3490
"Bourne ultimatum",1303681620,1485068256,181386636,117116005.3490
"Bourne ultimatum",1303763700,1485068256,181304556,117116005.3490
"Bourne ultimatum",1303763700,1304198280,434580,117116005.3490
"Bourne ultimatum",1303775940,1485068256,181292316,117116005.3490
"Bourne ultimatum",1303775940,1303859700,83760,117116005.3490
"Bourne ultimatum",1303778820,1485068256,181289436,117116005.3490
"Bourne ultimatum",1303778820,1304990220,1211400,117116005.3490
"Bourne ultimatum",1303784040,1485068256,181284216,117116005.3490
"Bourne ultimatum",1303784040,1308177780,4393740,117116005.3490
"Bourne ultimatum",1303784040,1308245940,4461900,117116005.3490
"Bourne ultimatum",1303848780,1485068256,181219476,117116005.3490
"Bourne ultimatum",1303855380,1485068256,181212876,117116005.3490
"Bourne ultimatum",1303855380,1304386560,531180,117116005.3490
"Bourne ultimatum",1303864200,1485068256,181204056,117116005.3490
"Bourne ultimatum",1303864200,1305081900,1217700,117116005.3490
"Bourne ultimatum",1303865460,1485068256,181202796,117116005.3490
"Bourne ultimatum",1303865460,1304381100,515640,117116005.3490
"Bourne ultimatum",1303872060,1485068256,181196196,117116005.3490
"Bourne ultimatum",1303872060,1304454480,582420,117116005.3490
"Bourne ultimatum",1303872060,1304712600,840540,117116005.3490
"Bourne ultimatum",1303872060,1304788560,916500,117116005.3490
"Bourne ultimatum",1303932720,1485068256,181135536,117116005.3490
"Bourne ultimatum",1304013840,1485068256,181054416,117116005.3490
"Bourne ultimatum",1304024100,1485068256,181044156,117116005.3490
"Bourne ultimatum",1304028600,1485068256,181039656,117116005.3490
"Bourne ultimatum",1304028660,1485068256,181039596,117116005.3490
"Bourne ultimatum",1304028660,1305246180,1217520,117116005.3490
"Bourne ultimatum",1304107260,1485068256,180960996,117116005.3490
"Bourne ultimatum",1304107260,1304974260,867000,117116005.3490
"Bourne ultimatum",1304118660,1485068256,180949596,117116005.3490
"Bourne ultimatum",1304124780,1485068256,180943476,117116005.3490
"Bourne ultimatum",1304194740,1485068256,180873516,117116005.3490
"Bourne ultimatum",1304194740,1304650680,455940,117116005.3490
"Bourne ultimatum",1304195280,1485068256,180872976,117116005.3490
"Bourne ultimatum",1304195280,1305406380,1211100,117116005.3490
"Bourne ultimatum",1304201940,1485068256,180866316,117116005.3490
"Bourne ultimatum",1304201940,1305065940,864000,117116005.3490
"Bourne ultimatum",1304203800,1485068256,180864456,117116005.3490
"Bourne ultimatum",1304203800,1305416340,1212540,117116005.3490
"Bourne ultimatum",1304373720,1485068256,180694536,117116005.3490
"Bourne ultimatum",1304373720,1305234960,861240,117116005.3490
"Bourne ultimatum",1304374260,1485068256,180693996,117116005.3490
"Bourne ultimatum",1304381880,1485068256,180686376,117116005.3490
"Bourne ultimatum",1304390820,1485068256,180677436,117116005.3490
"Bourne ultimatum",1304390820,1304460540,69720,117116005.3490
"Bourne ultimatum",1304473440,1485068256,180594816,117116005.3490
"Bourne ultimatum",1304473440,1304813520,340080,117116005.3490
"Bourne ultimatum",1304536020,1485068256,180532236,117116005.3490
"Bourne ultimatum",1304536020,1306365960,1829940,117116005.3490
"Bourne ultimatum",1304537820,1485068256,180530436,117116005.3490
"Bourne ultimatum",1304537820,1304980500,442680,117116005.3490
"Bourne ultimatum",1304546520,1485068256,180521736,117116005.3490
"Bourne ultimatum",1304546520,1306452840,1906320,117116005.3490
"Bourne ultimatum",1304628240,1485068256,180440016,117116005.3490
"Bourne ultimatum",1304628240,1305147060,518820,117116005.3490
"Bourne ultimatum",1304650740,1485068256,180417516,117116005.3490
"Bourne ultimatum",1304888940,1485068256,180179316,117116005.3490
"Bourne ultimatum",1304892180,1485068256,180176076,117116005.3490
"Bourne ultimatum",1304892180,1304990220,98040,117116005.3490
"Bourne ultimatum",1304972100,1485068256,180096156,117116005.3490
"Bourne ultimatum",1304972100,1306272300,1300200,117116005.3490
"Bourne ultimatum",1304986560,1485068256,180081696,117116005.3490
"Bourne ultimatum",1304990460,1485068256,180077796,117116005.3490
"Bourne ultimatum",1304990460,1305582360,591900,117116005.3490
"Bourne ultimatum",1304990580,1485068256,180077676,117116005.3490
"Bourne ultimatum",1304993880,1485068256,180074376,117116005.3490
"Bourne ultimatum",1304993880,1305410820,416940,117116005.3490
"Bourne ultimatum",1305073020,1485068256,179995236,117116005.3490
"Bourne ultimatum",1305074820,1485068256,179993436,117116005.3490
"Bourne ultimatum",1305074820,1305133680,58860,117116005.3490
"Bourne ultimatum",1305075000,1485068256,179993256,117116005.3490
"Bourne ultimatum",1305075000,1306264920,1189920,117116005.3490
"Bourne ultimatum",1305155400,1485068256,179912856,117116005.3490
"Bourne ultimatum",1305155400,1307500020,2344620,117116005.3490
"Bourne ultimatum",1305155400,1307641080,2485680,117116005.3490
"Bourne ultimatum",1305163620,1485068256,179904636,117116005.3490
"Bourne ultimatum",1305163620,1306896480,1732860,117116005.3490
"Bourne ultimatum",1305220560,1485068256,179847696,117116005.3490
"Bourne ultimatum",1305241560,1485068256,179826696,117116005.3490
"Bourne ultimatum",1305241560,1305675660,434100,117116005.3490
"Bourne ultimatum",1305244920,1485068256,179823336,117116005.3490
"Bourne ultimatum",1305244920,1305588540,343620,117116005.3490
"Bourne ultimatum",1305245640,1485068256,179822616,117116005.3490
"Bourne ultimatum",1305245640,1305935700,690060,117116005.3490
"Bourne ultimatum",1305315480,1485068256,179752776,117116005.3490
"Bourne ultimatum",1305319440,1485068256,179748816,117116005.3490
"Bourne ultimatum",1305319440,1306279620,960180,117116005.3490
"Bourne ultimatum",1305326460,1485068256,179741796,117116005.3490
"Bourne ultimatum",1305326460,1308792060,3465600,117116005.3490
"Bourne ultimatum",1305328980,1485068256,179739276,117116005.3490
"Bourne ultimatum",1305328980,1305830340,501360,117116005.3490
"Bourne ultimatum",1305404820,1485068256,179663436,117116005.3490
"Bourne ultimatum",1305404820,1306013640,608820,117116005.3490
"Bourne ultimatum",1305412380,1485068256,179655876,117116005.3490
"Bourne ultimatum",1305412380,1305930420,518040,117116005.3490
"Bourne ultimatum",1305415560,1485068256,179652696,117116005.3490
"Bourne ultimatum",1305419400,1485068256,179648856,117116005.3490
"Bourne ultimatum",1305501480,1485068256,179566776,117116005.3490
"Bourne ultimatum",1305501480,1309303080,3801600,117116005.3490
"Bourne ultimatum",1305580140,1485068256,179488116,117116005.3490
"Bourne ultimatum",1305580140,1306183320,603180,117116005.3490
"Bourne ultimatum",1305588240,1485068256,179480016,117116005.3490
"Bourne ultimatum",1305588240,1306378380,790140,117116005.3490
"Bourne ultimatum",1305677580,1485068256,179390676,117116005.3490
"Bourne ultimatum",1305745980,1485068256,179322276,117116005.3490
"Bourne ultimatum",1305745980,1305932280,186300,117116005.3490
"Bourne ultimatum",1305746760,1485068256,179321496,117116005.3490
"Bourne ultimatum",1305746760,1306961880,1215120,117116005.3490
"Bourne ultimatum",1305746760,1307297160,1550400,117116005.3490
"Bourne ultimatum",1305748200,1485068256,179320056,117116005.3490
"Bourne ultimatum",1305748200,1306878780,1130580,117116005.3490
"Bourne ultimatum",1305756480,1485068256,179311776,117116005.3490
"Bourne ultimatum",1305756480,1305860520,104040,117116005.3490
"Bourne ultimatum",1305835980,1485068256,179232276,117116005.3490
"Bourne ultimatum",1305835980,1306876020,1040040,117116005.3490
"Bourne ultimatum",1305917460,1485068256,179150796,117116005.3490
"Bourne ultimatum",1305917460,1307146920,1229460,117116005.3490
"Bourne ultimatum",1305917460,1307562840,1645380,117116005.3490
"Bourne ultimatum",1306008720,1485068256,179059536,117116005.3490
"Bourne ultimatum",1306008720,1306886640,877920,117116005.3490
"Bourne ultimatum",1306008840,1485068256,179059416,117116005.3490
"Bourne ultimatum",1306008840,1306944300,935460,117116005.3490
"Bourne ultimatum",1306011420,1485068256,179056836,117116005.3490
"Bourne ultimatum",1306011420,1307401080,1389660,117116005.3490
"Bourne ultimatum",1306015620,1485068256,179052636,117116005.3490
"Bourne ultimatum",1306015620,1307910720,1895100,117116005.3490
"Bourne ultimatum",1306017000,1485068256,179051256,117116005.3490
"Bourne ultimatum",1306017600,1485068256,179050656,117116005.3490
"Bourne ultimatum",1306017600,1306181880,164280,117116005.3490
"Bourne ultimatum",1306091460,1485068256,178976796,117116005.3490
"Bourne ultimatum",1306091460,1306874580,783120,117116005.3490
"Bourne ultimatum",1306091460,1307126040,1034580,117116005.3490
"Bourne ultimatum",1306091460,1307210700,1119240,117116005.3490
"Bourne ultimatum",1306095420,1485068256,178972836,117116005.3490
"Bourne ultimatum",1306095420,1309126920,3031500,117116005.3490
"Bourne ultimatum",1306095420,1309210860,3115440,117116005.3490
"Bourne ultimatum",1306107180,1485068256,178961076,117116005.3490
"Bourne ultimatum",1306107180,1306204680,97500,117116005.3490
"Bourne ultimatum",1306180560,1485068256,178887696,117116005.3490
"Bourne ultimatum",1306180560,1306969560,789000,117116005.3490
"Bourne ultimatum",1306180560,1307127240,946680,117116005.3490
"Bourne ultimatum",1306193280,1485068256,178874976,117116005.3490
"Bourne ultimatum",1306193280,1309913400,3720120,117116005.3490
"Bourne ultimatum",1306193280,1310502780,4309500,117116005.3490
"Bourne ultimatum",1306193280,1310583900,4390620,117116005.3490
"Bourne ultimatum",1306198020,1485068256,178870236,117116005.3490
"Bourne ultimatum",1306198020,1306885080,687060,117116005.3490
"Bourne ultimatum",1306198020,1306957860,759840,117116005.3490
"Bourne ultimatum",1306277940,1485068256,178790316,117116005.3490
"Bourne ultimatum",1306277940,1307834400,1556460,117116005.3490
"Bourne ultimatum",1306448160,1485068256,178620096,117116005.3490
"Bourne ultimatum",1306448160,1306894860,446700,117116005.3490
"Bourne ultimatum",1306464540,1485068256,178603716,117116005.3490
"Bourne ultimatum",1306464540,1307391180,926640,117116005.3490
"Bourne ultimatum",1306518660,1485068256,178549596,117116005.3490
"Bourne ultimatum",1306518660,1307580780,1062120,117116005.3490
"Bourne ultimatum",1306520880,1485068256,178547376,117116005.3490
"Bourne ultimatum",1306520880,1307568540,1047660,117116005.3490
"Bourne ultimatum",1306610760,1485068256,178457496,117116005.3490
"Bourne ultimatum",1306610760,1309733520,3122760,117116005.3490
"Bourne ultimatum",1306618620,1485068256,178449636,117116005.3490
"Bourne ultimatum",1306618620,1307836500,1217880,117116005.3490
"Bourne ultimatum",1306708860,1485068256,178359396,117116005.3490
"Bourne ultimatum",1306708860,1308187860,1479000,117116005.3490
"Bourne ultimatum",1306869960,1485068256,178198296,117116005.3490
"Bourne ultimatum",1306869960,1307491260,621300,117116005.3490
"Bourne ultimatum",1306878120,1485068256,178190136,117116005.3490
"Bourne ultimatum",1306878120,1308941700,2063580,117116005.3490
"Bourne ultimatum",1306882140,1485068256,178186116,117116005.3490
"Bourne ultimatum",1306950120,1485068256,178118136,117116005.3490
"Bourne ultimatum",1306950120,1307568300,618180,117116005.3490
"Bourne ultimatum",1306963740,1485068256,178104516,117116005.3490
"Bourne ultimatum",1306963740,1308773820,1810080,117116005.3490
"Bourne ultimatum",1306963740,1309112400,2148660,117116005.3490
"Bourne ultimatum",1307118840,1485068256,177949416,117116005.3490
"Bourne ultimatum",1307139900,1485068256,177928356,117116005.3490
"Bourne ultimatum",1307139900,1309567800,2427900,117116005.3490
"Bourne ultimatum",1307141100,1485068256,177927156,117116005.3490
"Bourne ultimatum",1307141100,1310772180,3631080,117116005.3490
"Bourne ultimatum",1307141100,1313003040,5861940,117116005.3490
"Bourne ultimatum",1307218080,1485068256,177850176,117116005.3490
"Bourne ultimatum",1307223540,1485068256,177844716,117116005.3490
"Bourne ultimatum",1307225460,1485068256,177842796,117116005.3490
"Bourne ultimatum",1307399820,1485068256,177668436,117116005.3490
"Bourne ultimatum",1307399820,1308168120,768300,117116005.3490
"Bourne ultimatum",1307399820,1308446340,1046520,117116005.3490
"Bourne ultimatum",1307399820,1308610740,1210920,117116005.3490
"Bourne ultimatum",1307404320,1485068256,177663936,117116005.3490
"Bourne ultimatum",1307476860,1485068256,177591396,117116005.3490
"Bourne ultimatum",1307476860,1308961440,1484580,117116005.3490
"Bourne ultimatum",1307483520,1485068256,177584736,117116005.3490
"Bourne ultimatum",1307483520,1308014220,530700,117116005.3490
"Bourne ultimatum",1307496840,1485068256,177571416,117116005.3490
"Bourne ultimatum",1307498940,1485068256,177569316,117116005.3490
"Bourne ultimatum",1307559960,1485068256,177508296,117116005.3490
"Bourne ultimatum",1307559960,1307912820,352860,117116005.3490
"Bourne ultimatum",1307571660,1485068256,177496596,117116005.3490
"Bourne ultimatum",1307571660,1308439020,867360,117116005.3490
"Bourne ultimatum",1307573400,1485068256,177494856,117116005.3490
"Bourne ultimatum",1307582940,1485068256,177485316,117116005.3490
"Bourne ultimatum",1307582940,1308619920,1036980,117116005.3490
"Bourne ultimatum",1307643840,1485068256,177424416,117116005.3490
"Bourne ultimatum",1307643840,1307817900,174060,117116005.3490
"Bourne ultimatum",1307656260,1485068256,177411996,117116005.3490
"Bourne ultimatum",1307666580,1485068256,177401676,117116005.3490
"Bourne ultimatum",1307666580,1310857800,3191220,117116005.3490
"Bourne ultimatum",1307666760,1485068256,177401496,117116005.3490
"Bourne ultimatum",1307728980,1485068256,177339276,117116005.3490
"Bourne ultimatum",1307728980,1308518820,789840,117116005.3490
"Bourne ultimatum",1307748720,1485068256,177319536,117116005.3490
"Bourne ultimatum",1307820720,1485068256,177247536,117116005.3490
"Bourne ultimatum",1307820720,1309654620,1833900,117116005.3490
"Bourne ultimatum",1307820720,1309890480,2069760,117116005.3490
"Bourne ultimatum",1307837340,1485068256,177230916,117116005.3490
"Bourne ultimatum",1307837340,1309287420,1450080,117116005.3490
"Bourne ultimatum",1307921880,1485068256,177146376,117116005.3490
"Bourne ultimatum",1307921880,1308775620,853740,117116005.3490
"Bourne ultimatum",1307921880,1309112460,1190580,117116005.3490
"Bourne ultimatum",1308003060,1485068256,177065196,117116005.3490
"Bourne ultimatum",1308009960,1485068256,177058296,117116005.3490
"Bourne ultimatum",1308009960,1309215240,1205280,117116005.3490
"Bourne ultimatum",1308009960,1309543260,1533300,117116005.3490
"Bourne ultimatum",1308085200,1485068256,176983056,117116005.3490
"Bourne ultimatum",1308085200,1309036860,951660,117116005.3490
"Bourne ultimatum",1308264660,1485068256,176803596,117116005.3490
"Bourne ultimatum",1308273900,1485068256,176794356,117116005.3490
"Bourne ultimatum",1308273900,1310773320,2499420,117116005.3490
"Bourne ultimatum",1308347220,1485068256,176721036,117116005.3490
"Bourne ultimatum",1308422940,1485068256,176645316,117116005.3490
"Bourne ultimatum",1308424920,1485068256,176643336,117116005.3490
"Bourne ultimatum",1308427200,1485068256,176641056,117116005.3490
"Bourne ultimatum",1308427200,1309128120,700920,117116005.3490
"Bourne ultimatum",1308427200,1309888380,1461180,117116005.3490
"Bourne ultimatum",1308435960,1485068256,176632296,117116005.3490
"Bourne ultimatum",1308435960,1308604140,168180,117116005.3490
"Bourne ultimatum",1308443940,1485068256,176624316,117116005.3490
"Bourne ultimatum",1308593820,1485068256,176474436,117116005.3490
"Bourne ultimatum",1308593820,1308684900,91080,117116005.3490
"Bourne ultimatum",1308602880,1485068256,176465376,117116005.3490
"Bourne ultimatum",1308602880,1309380660,777780,117116005.3490
"Bourne ultimatum",1308606900,1485068256,176461356,117116005.3490
"Bourne ultimatum",1308606900,1310519280,1912380,117116005.3490
"Bourne ultimatum",1308613920,1485068256,176454336,117116005.3490
"Bourne ultimatum",1308615000,1485068256,176453256,117116005.3490
"Bourne ultimatum",1308615000,1308952320,337320,117116005.3490
"Bourne ultimatum",1308687300,1485068256,176380956,117116005.3490
"Bourne ultimatum",1308687300,1309312560,625260,117116005.3490
"Bourne ultimatum",1308693180,1485068256,176375076,117116005.3490
"Bourne ultimatum",1308693180,1310083560,1390380,117116005.3490
"Bourne ultimatum",1308704460,1485068256,176363796,117116005.3490
"Bourne ultimatum",1308704460,1310429700,1725240,117116005.3490
"Bourne ultimatum",1308770580,1485068256,176297676,117116005.3490
"Bourne ultimatum",1308770580,1309122660,352080,117116005.3490
"Bourne ultimatum",1308777000,1485068256,176291256,117116005.3490
"Bourne ultimatum",1308777000,1309291860,514860,117116005.3490
"Bourne ultimatum",1308788640,1485068256,176279616,117116005.3490
"Bourne ultimatum",1308788640,1312397820,3609180,117116005.3490
"Bourne ultimatum",1308874500,1485068256,176193756,117116005.3490
"Bourne ultimatum",1308874500,1309382940,508440,117116005.3490
"Bourne ultimatum",1309040640,1485068256,176027616,117116005.3490
"Bourne ultimatum",1309040640,1309980360,939720,117116005.3490
"Bourne ultimatum",1309043460,1485068256,176024796,117116005.3490
"Bourne ultimatum",1309043520,1485068256,176024736,117116005.3490
"Bourne ultimatum",1309043520,1311208380,2164860,117116005.3490
"Bourne ultimatum",1309045020,1485068256,176023236,117116005.3490
"Bourne ultimatum",1309045020,1309303440,258420,117116005.3490
"Bourne ultimatum",1309123920,1485068256,175944336,117116005.3490
"Bourne ultimatum",1309123920,1309633920,510000,117116005.3490
"Bourne ultimatum",1309126860,1485068256,175941396,117116005.3490
"Bourne ultimatum",1309126860,1309213920,87060,117116005.3490
"Bourne ultimatum",1309126860,1309462860,336000,117116005.3490
"Bourne ultimatum",1309127460,1485068256,175940796,117116005.3490
"Bourne ultimatum",1309127460,1309545540,418080,117116005.3490
"Bourne ultimatum",1309209960,1485068256,175858296,117116005.3490
"Bourne ultimatum",1309209960,1309382460,172500,117116005.3490
"Bourne ultimatum",1309215360,1485068256,175852896,117116005.3490
"Bourne ultimatum",1309215360,1310079780,864420,117116005.3490
"Bourne ultimatum",1309288260,1485068256,175779996,117116005.3490
"Bourne ultimatum",1309288260,1309885740,597480,117116005.3490
"Bourne ultimatum",1309385820,1485068256,175682436,117116005.3490
"Bourne ultimatum",1309385820,1311801840,2416020,117116005.3490
"Bourne ultimatum",1309391280,1485068256,175676976,117116005.3490
"Bourne ultimatum",1309391280,1309644660,253380,117116005.3490
"Bourne ultimatum",1309395840,1485068256,175672416,117116005.3490
"Bourne ultimatum",1309398960,1485068256,175669296,117116005.3490
"Bourne ultimatum",1309398960,1311459720,2060760,117116005.3490
"Bourne ultimatum",1309462080,1485068256,175606176,117116005.3490
"Bourne ultimatum",1309470000,1485068256,175598256,117116005.3490
"Bourne ultimatum",1309470000,1310082960,612960,117116005.3490
"Bourne ultimatum",1309481160,1485068256,175587096,117116005.3490
"Bourne ultimatum",1309549080,1485068256,175519176,117116005.3490
"Bourne ultimatum",1309549080,1310494140,945060,117116005.3490
"Bourne ultimatum",1309631280,1485068256,175436976,117116005.3490
"Bourne ultimatum",1309631280,1309897920,266640,117116005.3490
"Bourne ultimatum",1309633980,1485068256,175434276,117116005.3490
"Bourne ultimatum",1309641540,1485068256,175426716,117116005.3490
"Bourne ultimatum",1309643100,1485068256,175425156,117116005.3490
"Bourne ultimatum",1309643100,1309982820,339720,117116005.3490
"Bourne ultimatum",1309652400,1485068256,175415856,117116005.3490
"Bourne ultimatum",1309652400,1309728960,76560,117116005.3490
"Bourne ultimatum",1309732620,1485068256,175335636,117116005.3490
"Bourne ultimatum",1309732620,1309974360,241740,117116005.3490
"Bourne ultimatum",1309734480,1485068256,175333776,117116005.3490
"Bourne ultimatum",1309734480,1310518140,783660,117116005.3490
"Bourne ultimatum",1309898880,1485068256,175169376,117116005.3490
"Bourne ultimatum",1309898880,1309980780,81900,117116005.3490
"Bourne ultimatum",1309906020,1485068256,175162236,117116005.3490
"Bourne ultimatum",1309906020,1311126360,1220340,117116005.3490
"Bourne ultimatum",1309906020,1311470880,1564860,117116005.3490
"Bourne ultimatum",1309906020,1311635040,1729020,117116005.3490
"Bourne ultimatum",1309914960,1485068256,175153296,117116005.3490
"Bourne ultimatum",1309914960,1312501620,2586660,117116005.3490
"Bourne ultimatum",1309918080,1485068256,175150176,117116005.3490
"Bourne ultimatum",1309918260,1485068256,175149996,117116005.3490
"Bourne ultimatum",1309918260,1312939620,3021360,117116005.3490
"Bourne ultimatum",1309974780,1485068256,175093476,117116005.3490
"Bourne ultimatum",1309978860,1485068256,175089396,117116005.3490
"Bourne ultimatum",1309982220,1485068256,175086036,117116005.3490
"Bourne ultimatum",1309982220,1311021840,1039620,117116005.3490
"Bourne ultimatum",1310006640,1485068256,175061616,117116005.3490
"Bourne ultimatum",1310006640,1311636720,1630080,117116005.3490
"Bourne ultimatum",1310058480,1310059200,720,117116005.3490
"Bourne ultimatum",1310076540,1485068256,174991716,117116005.3490
"Bourne ultimatum",1310076540,1310763000,686460,117116005.3490
"Bourne ultimatum",1310076540,1311095700,1019160,117116005.3490
"Bourne ultimatum",1310081940,1485068256,174986316,117116005.3490
"Bourne ultimatum",1310082960,1485068256,174985296,117116005.3490
"Bourne ultimatum",1310082960,1312678800,2595840,117116005.3490
"Bourne ultimatum",1310156640,1485068256,174911616,117116005.3490
"Bourne ultimatum",1310244060,1485068256,174824196,117116005.3490
"Bourne ultimatum",1310431620,1311722700,1291080,117116005.3490
"Bourne ultimatum",1310433420,1485068256,174634836,117116005.3490
"Bourne ultimatum",1310433420,1311196140,762720,117116005.3490
"Bourne ultimatum",1310499720,1485068256,174568536,117116005.3490
"Bourne ultimatum",1310502000,1485068256,174566256,117116005.3490
"Bourne ultimatum",1310502000,1310859600,357600,117116005.3490
"Bourne ultimatum",1310519280,1485068256,174548976,117116005.3490
"Bourne ultimatum",1310519280,1311128820,609540,117116005.3490
"Bourne ultimatum",1310519280,1311471000,951720,117116005.3490
"Bourne ultimatum",1310519280,1311635040,1115760,117116005.3490
"Bourne ultimatum",1310525040,1485068256,174543216,117116005.3490
"Bourne ultimatum",1310525040,1311734700,1209660,117116005.3490
"Bourne ultimatum",1310590980,1485068256,174477276,117116005.3490
"Bourne ultimatum",1310590980,1311362760,771780,117116005.3490
"Bourne ultimatum",1310606820,1485068256,174461436,117116005.3490
"Bourne ultimatum",1310606820,1311214200,607380,117116005.3490
"Bourne ultimatum",1310672760,1485068256,174395496,117116005.3490
"Bourne ultimatum",1310672760,1311709320,1036560,117116005.3490
"Bourne ultimatum",1310692560,1485068256,174375696,117116005.3490
"Bourne ultimatum",1310692560,1312319580,1627020,117116005.3490
"Bourne ultimatum",1310693940,1485068256,174374316,117116005.3490
"Bourne ultimatum",1310693940,1311892260,1198320,117116005.3490
"Bourne ultimatum",1310693940,1312312260,1618320,117116005.3490
"Bourne ultimatum",1310774460,1485068256,174293796,117116005.3490
"Bourne ultimatum",1310774460,1310845920,71460,117116005.3490
"Bourne ultimatum",1310844540,1485068256,174223716,117116005.3490
"Bourne ultimatum",1310845260,1485068256,174222996,117116005.3490
"Bourne ultimatum",1310845260,1311624060,778800,117116005.3490
"Bourne ultimatum",1310858700,1485068256,174209556,117116005.3490
"Bourne ultimatum",1310858700,1311456480,597780,117116005.3490
"Bourne ultimatum",1310862180,1485068256,174206076,117116005.3490
"Bourne ultimatum",1310862180,1311815220,953040,117116005.3490
"Bourne ultimatum",1310862180,1312089000,1226820,117116005.3490
"Bourne ultimatum",1310862180,1312223700,1361520,117116005.3490
"Bourne ultimatum",1311034800,1485068256,174033456,117116005.3490
"Bourne ultimatum",1311034800,1311631560,596760,117116005.3490
"Bourne ultimatum",1311043920,1485068256,174024336,117116005.3490
"Bourne ultimatum",1311108540,1485068256,173959716,117116005.3490
"Bourne ultimatum",1311108540,1311640680,532140,117116005.3490
"Bourne ultimatum",1311114660,1485068256,173953596,117116005.3490
"Bourne ultimatum",1311116160,1485068256,173952096,117116005.3490
"Bourne ultimatum",1311116160,1311284580,168420,117116005.3490
"Bourne ultimatum",1311197580,1485068256,173870676,117116005.3490
"Bourne ultimatum",1311197580,1312329240,1131660,117116005.3490
"Bourne ultimatum",1311197580,1312822500,1624920,117116005.3490
"Bourne ultimatum",1311281820,1485068256,173786436,117116005.3490
"Bourne ultimatum",1311449580,1485068256,173618676,117116005.3490
"Bourne ultimatum",1311467280,1485068256,173600976,117116005.3490
"Bourne ultimatum",1311467280,1313106000,1638720,117116005.3490
"Bourne ultimatum",1311468000,1485068256,173600256,117116005.3490
"Bourne ultimatum",1311636240,1485068256,173432016,117116005.3490
"Bourne ultimatum",1311636240,1312843200,1206960,117116005.3490
"Bourne ultimatum",1311639960,1485068256,173428296,117116005.3490
"Bourne ultimatum",1311641640,1485068256,173426616,117116005.3490
"Bourne ultimatum",1311641640,1312245960,604320,117116005.3490
"Bourne ultimatum",1311716880,1485068256,173351376,117116005.3490
"Bourne ultimatum",1311716880,1312253460,536580,117116005.3490
"Bourne ultimatum",1311722460,1485068256,173345796,117116005.3490
"Bourne ultimatum",1311726900,1485068256,173341356,117116005.3490
"Bourne ultimatum",1311726900,1312482420,755520,117116005.3490
"Bourne ultimatum",1311800220,1485068256,173268036,117116005.3490
"Bourne ultimatum",1311800220,1313016780,1216560,117116005.3490
"Bourne ultimatum",1311806400,1485068256,173261856,117116005.3490
"Bourne ultimatum",1311812340,1485068256,173255916,117116005.3490
"Bourne ultimatum",1311813600,1485068256,173254656,117116005.3490
"Bourne ultimatum",1311813600,1312069920,256320,117116005.3490
"Bourne ultimatum",1311894960,1485068256,173173296,117116005.3490
"Bourne ultimatum",1311894960,1311979500,84540,117116005.3490
"Bourne ultimatum",1312045500,1485068256,173022756,117116005.3490
"Bourne ultimatum",1312045500,1312663080,617580,117116005.3490
"Bourne ultimatum",1312054200,1485068256,173014056,117116005.3490
"Bourne ultimatum",1312054200,1312235820,181620,117116005.3490
"Bourne ultimatum",1312068720,1485068256,172999536,117116005.3490
"Bourne ultimatum",1312068720,1312661820,593100,117116005.3490
"Bourne ultimatum",1312155360,1485068256,172912896,117116005.3490
"Bourne ultimatum",1312244040,1485068256,172824216,117116005.3490
"Bourne ultimatum",1312244040,1312588740,344700,117116005.3490
"Bourne ultimatum",1312245720,1485068256,172822536,117116005.3490
"Bourne ultimatum",1312246680,1485068256,172821576,117116005.3490
"Bourne ultimatum",1312246680,1312335120,88440,117116005.3490
"Bourne ultimatum",1312322340,1485068256,172745916,117116005.3490
"Bourne ultimatum",1312322340,1312587540,265200,117116005.3490
"Bourne ultimatum",1312322460,1485068256,172745796,117116005.3490
"Bourne ultimatum",1312322460,1313447280,1124820,117116005.3490
"Bourne ultimatum",1312326960,1485068256,172741296,117116005.3490
"Bourne ultimatum",1312326960,1313785260,1458300,117116005.3490
"Bourne ultimatum",1312327080,1485068256,172741176,117116005.3490
"Bourne ultimatum",1312327080,1313258760,931680,117116005.3490
"Bourne ultimatum",1312327080,1313711940,1384860,117116005.3490
"Bourne ultimatum",1312327080,1313866680,1539600,117116005.3490
"Bourne ultimatum",1312328280,1485068256,172739976,117116005.3490
"Bourne ultimatum",1312328280,1312928580,600300,117116005.3490
"Bourne ultimatum",1312328280,1313437560,1109280,117116005.3490
"Bourne ultimatum",1312329420,1485068256,172738836,117116005.3490
"Bourne ultimatum",1312329420,1313441160,1111740,117116005.3490
"Bourne ultimatum",1312400640,1485068256,172667616,117116005.3490
"Bourne ultimatum",1312400640,1313539800,1139160,117116005.3490
"Bourne ultimatum",1312415760,1485068256,172652496,117116005.3490
"Bourne ultimatum",1312415760,1312497180,81420,117116005.3490
"Bourne ultimatum",1312415760,1312682100,266340,117116005.3490
"Bourne ultimatum",1312415760,1312829760,414000,117116005.3490
"Bourne ultimatum",1312485840,1485068256,172582416,117116005.3490
"Bourne ultimatum",1312489980,1485068256,172578276,117116005.3490
"Bourne ultimatum",1312489980,1313438760,948780,117116005.3490
"Bourne ultimatum",1312494420,1485068256,172573836,117116005.3490
"Bourne ultimatum",1312494420,1312847040,352620,117116005.3490
"Bourne ultimatum",1312498500,1485068256,172569756,117116005.3490
"Bourne ultimatum",1312498500,1312845420,346920,117116005.3490
"Bourne ultimatum",1312579860,1485068256,172488396,117116005.3490
"Bourne ultimatum",1312579860,1316118720,3538860,117116005.3490
"Bourne ultimatum",1312661460,1485068256,172406796,117116005.3490
"Bourne ultimatum",1312661460,1313793480,1132020,117116005.3490
"Bourne ultimatum",1312671540,1485068256,172396716,117116005.3490
"Bourne ultimatum",1312671540,1313278500,606960,117116005.3490
"Bourne ultimatum",1312747980,1485068256,172320276,117116005.3490
"Bourne ultimatum",1312757280,1485068256,172310976,117116005.3490
"Bourne ultimatum",1312757280,1312921140,163860,117116005.3490
"Bourne ultimatum",1312846920,1485068256,172221336,117116005.3490
"Bourne ultimatum",1312846920,1315441320,2594400,117116005.3490
"Bourne ultimatum",1312852860,1485068256,172215396,117116005.3490
"Bourne ultimatum",1312852860,1313456040,603180,117116005.3490
"Bourne ultimatum",1312929840,1485068256,172138416,117116005.3490
"Bourne ultimatum",1312929840,1313259840,330000,117116005.3490
"Bourne ultimatum",1312937100,1485068256,172131156,117116005.3490
"Bourne ultimatum",1312937100,1313280240,343140,117116005.3490
"Bourne ultimatum",1312938360,1485068256,172129896,117116005.3490
"Bourne ultimatum",1312938360,1313264040,325680,117116005.3490
"Bourne ultimatum",1313002620,1485068256,172065636,117116005.3490
"Bourne ultimatum",1313002620,1313182620,180000,117116005.3490
"Bourne ultimatum",1313017800,1485068256,172050456,117116005.3490
"Bourne ultimatum",1313017800,1315513860,2496060,117116005.3490
"Bourne ultimatum",1313024160,1485068256,172044096,117116005.3490
"Bourne ultimatum",1313024160,1313272140,247980,117116005.3490
"Bourne ultimatum",1313086200,1485068256,171982056,117116005.3490
"Bourne ultimatum",1313094000,1485068256,171974256,117116005.3490
"Bourne ultimatum",1313094000,1314382320,1288320,117116005.3490
"Bourne ultimatum",1313108160,1485068256,171960096,117116005.3490
"Bourne ultimatum",1313108160,1314041340,933180,117116005.3490
"Bourne ultimatum",1313197080,1485068256,171871176,117116005.3490
"Bourne ultimatum",1313254980,1485068256,171813276,117116005.3490
"Bourne ultimatum",1313254980,1313620080,365100,117116005.3490
"Bourne ultimatum",1313254980,1314121740,866760,117116005.3490
"Bourne ultimatum",1313254980,1314216720,961740,117116005.3490
"Bourne ultimatum",1313262240,1485068256,171806016,117116005.3490
"Bourne ultimatum",1313262240,1314468060,1205820,117116005.3490
"Bourne ultimatum",1313262600,1485068256,171805656,117116005.3490
"Bourne ultimatum",1313262600,1313443980,181380,117116005.3490
"Bourne ultimatum",1313267820,1485068256,171800436,117116005.3490
"Bourne ultimatum",1313267820,1313355000,87180,117116005.3490
"Bourne ultimatum",1313273460,1485068256,171794796,117116005.3490
"Bourne ultimatum",1313273460,1315697400,2423940,117116005.3490
"Bourne ultimatum",1313277840,1485068256,171790416,117116005.3490
"Bourne ultimatum",1313277840,1313454960,177120,117116005.3490
"Bourne ultimatum",1313278200,1485068256,171790056,117116005.3490
"Bourne ultimatum",1313360760,1485068256,171707496,117116005.3490
"Bourne ultimatum",1313360760,1313612520,251760,117116005.3490
"Bourne ultimatum",1313365920,1485068256,171702336,117116005.3490
"Bourne ultimatum",1313365920,1313529600,163680,117116005.3490
"Bourne ultimatum",1313446320,1485068256,171621936,117116005.3490
"Bourne ultimatum",1313446320,1314039660,593340,117116005.3490
"Bourne ultimatum",1313451180,1485068256,171617076,117116005.3490
"Bourne ultimatum",1313451180,1317090840,3639660,117116005.3490
"Bourne ultimatum",1313451900,1485068256,171616356,117116005.3490
"Bourne ultimatum",1313453040,1485068256,171615216,117116005.3490
"Bourne ultimatum",1313460720,1485068256,171607536,117116005.3490
"Bourne ultimatum",1313528040,1485068256,171540216,117116005.3490
"Bourne ultimatum",1313528040,1313690760,162720,117116005.3490
"Bourne ultimatum",1313531100,1485068256,171537156,117116005.3490
"Bourne ultimatum",1313531100,1314062520,531420,117116005.3490
"Bourne ultimatum",1313545020,1485068256,171523236,117116005.3490
"Bourne ultimatum",1313545020,1315967040,2422020,117116005.3490
"Bourne ultimatum",1313545920,1485068256,171522336,117116005.3490
"Bourne ultimatum",1313545920,1313629860,83940,117116005.3490
"Bourne ultimatum",1313545920,1313804520,258600,117116005.3490
"Bourne ultimatum",1313545920,1314046500,500580,117116005.3490
"Bourne ultimatum",1313616420,1485068256,171451836,117116005.3490
"Bourne ultimatum",1313616420,1314228060,611640,117116005.3490
"Bourne ultimatum",1313627880,1485068256,171440376,117116005.3490
"Bourne ultimatum",1313627880,1314063300,435420,117116005.3490
"Bourne ultimatum",1313631660,1485068256,171436596,117116005.3490
"Bourne ultimatum",1313631660,1316055000,2423340,117116005.3490
"Bourne ultimatum",1313691840,1485068256,171376416,117116005.3490
"Bourne ultimatum",1313707200,1485068256,171361056,117116005.3490
"Bourne ultimatum",1313707200,1313963880,256680,117116005.3490
"Bourne ultimatum",1313798760,1485068256,171269496,117116005.3490
"Bourne ultimatum",1313798760,1315363020,1564260,117116005.3490
"Bourne ultimatum",1313866260,1485068256,171201996,117116005.3490
"Bourne ultimatum",1313866260,1316289960,2423700,117116005.3490
"Bourne ultimatum",1313870640,1485068256,171197616,117116005.3490
"Bourne ultimatum",1313870640,1315702440,1831800,117116005.3490
"Bourne ultimatum",1313878140,1485068256,171190116,117116005.3490
"Bourne ultimatum",1313959140,1485068256,171109116,117116005.3490
"Bourne ultimatum",1313959140,1316896980,2937840,117116005.3490
"Bourne ultimatum",1314042120,1485068256,171026136,117116005.3490
"Bourne ultimatum",1314042120,1316632860,2590740,117116005.3490
"Bourne ultimatum",1314055740,1485068256,171012516,117116005.3490
"Bourne ultimatum",1314055740,1315350480,1294740,117116005.3490
"Bourne ultimatum",1314059580,1485068256,171008676,117116005.3490
"Bourne ultimatum",1314059580,1315962000,1902420,117116005.3490
"Bourne ultimatum",1314060900,1485068256,171007356,117116005.3490
"Bourne ultimatum",1314060900,1319143380,5082480,117116005.3490
"Bourne ultimatum",1314140760,1485068256,170927496,117116005.3490
"Bourne ultimatum",1314140760,1315529580,1388820,117116005.3490
"Bourne ultimatum",1314145080,1485068256,170923176,117116005.3490
"Bourne ultimatum",1314220260,1485068256,170847996,117116005.3490
"Bourne ultimatum",1314220260,1315337040,1116780,117116005.3490
"Bourne ultimatum",1314239040,1485068256,170829216,117116005.3490
"Bourne ultimatum",1314314640,1485068256,170753616,117116005.3490
"Bourne ultimatum",1314314700,1485068256,170753556,117116005.3490
"Bourne ultimatum",1314397740,1485068256,170670516,117116005.3490
"Bourne ultimatum",1314397740,1315607520,1209780,117116005.3490
"Bourne ultimatum",1314470160,1485068256,170598096,117116005.3490
"Bourne ultimatum",1314470160,1315683720,1213560,117116005.3490
"Bourne ultimatum",1314477600,1485068256,170590656,117116005.3490
"Bourne ultimatum",1314477600,1315350300,872700,117116005.3490
"Bourne ultimatum",1315347720,1485068256,169720536,117116005.3490
"Bourne ultimatum",1315347720,1316283540,935820,117116005.3490
"Bourne ultimatum",1315416540,1485068256,169651716,117116005.3490
"Bourne ultimatum",1315416540,1316460540,1044000,117116005.3490
"Bourne ultimatum",1315423440,1485068256,169644816,117116005.3490
"Bourne ultimatum",1315423440,1315853280,429840,117116005.3490
"Bourne ultimatum",1315439700,1485068256,169628556,117116005.3490
"Bourne ultimatum",1315440720,1485068256,169627536,117116005.3490
"Bourne ultimatum",1315440720,1316572380,1131660,117116005.3490
"Bourne ultimatum",1315441740,1485068256,169626516,117116005.3490
"Bourne ultimatum",1315445700,1485068256,169622556,117116005.3490
"Bourne ultimatum",1315445700,1316053980,608280,117116005.3490
"Bourne ultimatum",1315513380,1485068256,169554876,117116005.3490
"Bourne ultimatum",1315513380,1315960080,446700,117116005.3490
"Bourne ultimatum",1315685100,1485068256,169383156,117116005.3490
"Bourne ultimatum",1315685100,1316141340,456240,117116005.3490
"Bourne ultimatum",1315692780,1485068256,169375476,117116005.3490
"Bourne ultimatum",1315692780,1316296620,603840,117116005.3490
"Bourne ultimatum",1315695960,1485068256,169372296,117116005.3490
"Bourne ultimatum",1315696500,1485068256,169371756,117116005.3490
"Bourne ultimatum",1315697220,1485068256,169371036,117116005.3490
"Bourne ultimatum",1315697220,1315782660,85440,117116005.3490
"Bourne ultimatum",1315701300,1485068256,169366956,117116005.3490
"Bourne ultimatum",1315859340,1485068256,169208916,117116005.3490
"Bourne ultimatum",1315859340,1316722620,863280,117116005.3490
"Bourne ultimatum",1315863780,1485068256,169204476,117116005.3490
"Bourne ultimatum",1315864560,1316301720,437160,117116005.3490
"Bourne ultimatum",1315948920,1485068256,169119336,117116005.3490
"Bourne ultimatum",1315948920,1316135340,186420,117116005.3490
"Bourne ultimatum",1315966020,1485068256,169102236,117116005.3490
"Bourne ultimatum",1315966020,1317077700,1111680,117116005.3490
"Bourne ultimatum",1316025180,1485068256,169043076,117116005.3490
"Bourne ultimatum",1316025180,1318032900,2007720,117116005.3490
"Bourne ultimatum",1316031000,1485068256,169037256,117116005.3490
"Bourne ultimatum",1316031000,1317161520,1130520,117116005.3490
"Bourne ultimatum",1316046360,1485068256,169021896,117116005.3490
"Bourne ultimatum",1316046360,1316643900,597540,117116005.3490
"Bourne ultimatum",1316120700,1485068256,168947556,117116005.3490
"Bourne ultimatum",1316125800,1485068256,168942456,117116005.3490
"Bourne ultimatum",1316195880,1485068256,168872376,117116005.3490
"Bourne ultimatum",1316195880,1316466780,270900,117116005.3490
"Bourne ultimatum",1316196180,1485068256,168872076,117116005.3490
"Bourne ultimatum",1316206140,1485068256,168862116,117116005.3490
"Bourne ultimatum",1316206140,1316818980,612840,117116005.3490
"Bourne ultimatum",1316286240,1485068256,168782016,117116005.3490
"Bourne ultimatum",1316286240,1316478000,191760,117116005.3490
"Bourne ultimatum",1316286900,1485068256,168781356,117116005.3490
"Bourne ultimatum",1316286900,1319663820,3376920,117116005.3490
"Bourne ultimatum",1316293920,1485068256,168774336,117116005.3490
"Bourne ultimatum",1316293920,1316910120,616200,117116005.3490
"Bourne ultimatum",1316295660,1485068256,168772596,117116005.3490
"Bourne ultimatum",1316307300,1316895180,587880,117116005.3490
"Bourne ultimatum",1316381880,1485068256,168686376,117116005.3490
"Bourne ultimatum",1316470920,1485068256,168597336,117116005.3490
"Bourne ultimatum",1316472600,1485068256,168595656,117116005.3490
"Bourne ultimatum",1316472600,1317513780,1041180,117116005.3490
"Bourne ultimatum",1316473980,1485068256,168594276,117116005.3490
"Bourne ultimatum",1316481600,1485068256,168586656,117116005.3490
"Bourne ultimatum",1316481600,1316636880,155280,117116005.3490
"Bourne ultimatum",1316483820,1485068256,168584436,117116005.3490
"Bourne ultimatum",1316632380,1485068256,168435876,117116005.3490
"Bourne ultimatum",1316635740,1485068256,168432516,117116005.3490
"Bourne ultimatum",1316635740,1316896980,261240,117116005.3490
"Bourne ultimatum",1316650620,1485068256,168417636,117116005.3490
"Bourne ultimatum",1316650620,1317597120,946500,117116005.3490
"Bourne ultimatum",1316711340,1485068256,168356916,117116005.3490
"Bourne ultimatum",1316711340,1317241140,529800,117116005.3490
"Bourne ultimatum",1316890980,1485068256,168177276,117116005.3490
"Bourne ultimatum",1316896260,1485068256,168171996,117116005.3490
"Bourne ultimatum",1316896260,1317592620,696360,117116005.3490
"Bourne ultimatum",1316899260,1485068256,168168996,117116005.3490
"Bourne ultimatum",1316900280,1485068256,168167976,117116005.3490
"Bourne ultimatum",1316900280,1317334980,434700,117116005.3490
"Bourne ultimatum",1316900700,1485068256,168167556,117116005.3490
"Bourne ultimatum",1316900700,1317765540,864840,117116005.3490
"Bourne ultimatum",1316912100,1317777180,865080,117116005.3490
"Bourne ultimatum",1317058920,1317059280,360,117116005.3490
"Bourne ultimatum",1317069540,1485068256,167998716,117116005.3490
"Bourne ultimatum",1317076740,1485068256,167991516,117116005.3490
"Bourne ultimatum",1317076740,1317333120,256380,117116005.3490
"Bourne ultimatum",1317079860,1485068256,167988396,117116005.3490
"Bourne ultimatum",1317079860,1317838020,758160,117116005.3490
"Bourne ultimatum",1317083400,1485068256,167984856,117116005.3490
"Bourne ultimatum",1317083400,1317155460,72060,117116005.3490
"Bourne ultimatum",1317084240,1317586260,502020,117116005.3490
"Bourne ultimatum",1317163440,1485068256,167904816,117116005.3490
"Bourne ultimatum",1317163440,1317241680,78240,117116005.3490
"Bourne ultimatum",1317175140,1485068256,167893116,117116005.3490
"Bourne ultimatum",1317176220,1485068256,167892036,117116005.3490
"Bourne ultimatum",1317176220,1318111980,935760,117116005.3490
"Bourne ultimatum",1317230220,1485068256,167838036,117116005.3490
"Bourne ultimatum",1317230220,1318018200,787980,117116005.3490
"Bourne ultimatum",1317250740,1485068256,167817516,117116005.3490
"Bourne ultimatum",1317251160,1485068256,167817096,117116005.3490
"Bourne ultimatum",1317251160,1319485620,2234460,117116005.3490
"Bourne ultimatum",1317342960,1485068256,167725296,117116005.3490
"Bourne ultimatum",1317342960,1317497340,154380,117116005.3490
"Bourne ultimatum",1317424500,1485068256,167643756,117116005.3490
"Bourne ultimatum",1317424500,1319573940,2149440,117116005.3490
"Bourne ultimatum",1317494820,1485068256,167573436,117116005.3490
"Bourne ultimatum",1317494820,1318191480,696660,117116005.3490
"Bourne ultimatum",1317503460,1485068256,167564796,117116005.3490
"Bourne ultimatum",1317503460,1318032360,528900,117116005.3490
"Bourne ultimatum",1317504180,1485068256,167564076,117116005.3490
"Bourne ultimatum",1317504180,1318716960,1212780,117116005.3490
"Bourne ultimatum",1317678000,1485068256,167390256,117116005.3490
"Bourne ultimatum",1317678000,1318992540,1314540,117116005.3490
"Bourne ultimatum",1317687120,1485068256,167381136,117116005.3490
"Bourne ultimatum",1317687960,1485068256,167380296,117116005.3490
"Bourne ultimatum",1317687960,1317954900,266940,117116005.3490
"Bourne ultimatum",1317688320,1485068256,167379936,117116005.3490
"Bourne ultimatum",1317688320,1319412660,1724340,117116005.3490
"Bourne ultimatum",1317765600,1485068256,167302656,117116005.3490
"Bourne ultimatum",1317765600,1318983540,1217940,117116005.3490
"Bourne ultimatum",1317848220,1485068256,167220036,117116005.3490
"Bourne ultimatum",1317848220,1318102260,254040,117116005.3490
"Bourne ultimatum",1317851700,1485068256,167216556,117116005.3490
"Bourne ultimatum",1317852960,1485068256,167215296,117116005.3490
"Bourne ultimatum",1317852960,1318122000,269040,117116005.3490
"Bourne ultimatum",1317854340,1485068256,167213916,117116005.3490
"Bourne ultimatum",1317854340,1318114860,260520,117116005.3490
"Bourne ultimatum",1317854520,1485068256,167213736,117116005.3490
"Bourne ultimatum",1317854520,1318806720,952200,117116005.3490
"Bourne ultimatum",1317869940,1485068256,167198316,117116005.3490
"Bourne ultimatum",1317939240,1485068256,167129016,117116005.3490
"Bourne ultimatum",1317939240,1320441240,2502000,117116005.3490
"Bourne ultimatum",1317941700,1485068256,167126556,117116005.3490
"Bourne ultimatum",1317941700,1319330760,1389060,117116005.3490
"Bourne ultimatum",1317944040,1485068256,167124216,117116005.3490
"Bourne ultimatum",1317944040,1318988220,1044180,117116005.3490
"Bourne ultimatum",1318015800,1485068256,167052456,117116005.3490
"Bourne ultimatum",1318035180,1485068256,167033076,117116005.3490
"Bourne ultimatum",1318098600,1485068256,166969656,117116005.3490
"Bourne ultimatum",1318098600,1318706400,607800,117116005.3490
"Bourne ultimatum",1318113660,1319330580,1216920,117116005.3490
"Bourne ultimatum",1318120560,1485068256,166947696,117116005.3490
"Bourne ultimatum",1318199280,1485068256,166868976,117116005.3490
"Bourne ultimatum",1318199280,1318808280,609000,117116005.3490
"Bourne ultimatum",1318199400,1485068256,166868856,117116005.3490
"Bourne ultimatum",1318199400,1318296540,97140,117116005.3490
"Bourne ultimatum",1318270440,1485068256,166797816,117116005.3490
"Bourne ultimatum",1318365180,1485068256,166703076,117116005.3490
"Bourne ultimatum",1318365180,1318537320,172140,117116005.3490
"Bourne ultimatum",1318365900,1485068256,166702356,117116005.3490
"Bourne ultimatum",1318464900,1485068256,166603356,117116005.3490
"Bourne ultimatum",1318464900,1321486320,3021420,117116005.3490
"Bourne ultimatum",1318534440,1485068256,166533816,117116005.3490
"Bourne ultimatum",1318534440,1319749500,1215060,117116005.3490
"Bourne ultimatum",1318548420,1485068256,166519836,117116005.3490
"Bourne ultimatum",1318548420,1319594400,1045980,117116005.3490
"Bourne ultimatum",1318622640,1485068256,166445616,117116005.3490
"Bourne ultimatum",1318622640,1319674320,1051680,117116005.3490
"Bourne ultimatum",1318703820,1485068256,166364436,117116005.3490
"Bourne ultimatum",1318703820,1319310000,606180,117116005.3490
"Bourne ultimatum",1318711380,1485068256,166356876,117116005.3490
"Bourne ultimatum",1318711380,1318984200,272820,117116005.3490
"Bourne ultimatum",1318717680,1485068256,166350576,117116005.3490
"Bourne ultimatum",1318724580,1485068256,166343676,117116005.3490
"Bourne ultimatum",1318724580,1319158380,433800,117116005.3490
"Bourne ultimatum",1318808340,1485068256,166259916,117116005.3490
"Bourne ultimatum",1318808340,1318987200,178860,117116005.3490
"Bourne ultimatum",1318882680,1485068256,166185576,117116005.3490
"Bourne ultimatum",1318901340,1485068256,166166916,117116005.3490
"Bourne ultimatum",1318978740,1485068256,166089516,117116005.3490
"Bourne ultimatum",1318978740,1320264840,1286100,117116005.3490
"Bourne ultimatum",1319067120,1485068256,166001136,117116005.3490
"Bourne ultimatum",1319067120,1319763720,696600,117116005.3490
"Bourne ultimatum",1319078040,1485068256,165990216,117116005.3490
"Bourne ultimatum",1319078040,1320711480,1633440,117116005.3490
"Bourne ultimatum",1319136960,1485068256,165931296,117116005.3490
"Bourne ultimatum",1319136960,1320182520,1045560,117116005.3490
"Bourne ultimatum",1319141340,1485068256,165926916,117116005.3490
"Bourne ultimatum",1319313060,1485068256,165755196,117116005.3490
"Bourne ultimatum",1319313060,1319760300,447240,117116005.3490
"Bourne ultimatum",1319492880,1485068256,165575376,117116005.3490
"Bourne ultimatum",1319492880,1320967200,1474320,117116005.3490
"Bourne ultimatum",1319497020,1485068256,165571236,117116005.3490
"Bourne ultimatum",1319497020,1319832060,335040,117116005.3490
"Bourne ultimatum",1319501820,1485068256,165566436,117116005.3490
"Bourne ultimatum",1319503320,1319837760,334440,117116005.3490
"Bourne ultimatum",1319504700,1485068256,165563556,117116005.3490
"Bourne ultimatum",1319504700,1319914020,409320,117116005.3490
"Bourne ultimatum",1319510520,1485068256,165557736,117116005.3490
"Bourne ultimatum",1319510520,1321140900,1630380,117116005.3490
"Bourne ultimatum",1319586660,1320802560,1215900,117116005.3490
"Bourne ultimatum",1319650020,1485068256,165418236,117116005.3490
"Bourne ultimatum",1319650020,1319667780,17760,117116005.3490
"Bourne ultimatum",1319651340,1485068256,165416916,117116005.3490
"Bourne ultimatum",1319651340,1319653200,1860,117116005.3490
"Bourne ultimatum",1319663640,1485068256,165404616,117116005.3490
"Bourne ultimatum",1319663640,1320182580,518940,117116005.3490
"Bourne ultimatum",1319669880,1320703560,1033680,117116005.3490
"Bourne ultimatum",1319673900,1485068256,165394356,117116005.3490
"Bourne ultimatum",1319673900,1319930460,256560,117116005.3490
"Bourne ultimatum",1319677920,1485068256,165390336,117116005.3490
"Bourne ultimatum",1319677920,1319763720,85800,117116005.3490
"Bourne ultimatum",1319683200,1485068256,165385056,117116005.3490
"Bourne ultimatum",1319763180,1485068256,165305076,117116005.3490
"Bourne ultimatum",1319763180,1322089140,2325960,117116005.3490
"Bourne ultimatum",1319767380,1485068256,165300876,117116005.3490
"Bourne ultimatum",1319767380,1320796620,1029240,117116005.3490
"Bourne ultimatum",1319829660,1485068256,165238596,117116005.3490
"Bourne ultimatum",1319829660,1320438060,608400,117116005.3490
"Bourne ultimatum",1319914200,1485068256,165154056,117116005.3490
"Bourne ultimatum",1319914200,1321733460,1819260,117116005.3490
"Bourne ultimatum",1319916480,1485068256,165151776,117116005.3490
"Bourne ultimatum",1319916480,1320263520,347040,117116005.3490
"Bourne ultimatum",1319923680,1485068256,165144576,117116005.3490
"Bourne ultimatum",1319932380,1321751700,1819320,117116005.3490
"Bourne ultimatum",1320093180,1485068256,164975076,117116005.3490
"Bourne ultimatum",1320093180,1320364560,271380,117116005.3490
"Bourne ultimatum",1320100380,1485068256,164967876,117116005.3490
"Bourne ultimatum",1320100380,1320711360,610980,117116005.3490
"Bourne ultimatum",1320189900,1485068256,164878356,117116005.3490
"Bourne ultimatum",1320189900,1321300500,1110600,117116005.3490
"Bourne ultimatum",1320269280,1485068256,164798976,117116005.3490
"Bourne ultimatum",1320269280,1320886020,616740,117116005.3490
"Bourne ultimatum",1320355740,1485068256,164712516,117116005.3490
"Bourne ultimatum",1320355740,1320951960,596220,117116005.3490
"Bourne ultimatum",1320442680,1485068256,164625576,117116005.3490
"Bourne ultimatum",1320442680,1321324200,881520,117116005.3490
"Bourne ultimatum",1320512640,1485068256,164555616,117116005.3490
"Bourne ultimatum",1320512640,1320890640,378000,117116005.3490
"Bourne ultimatum",1320514020,1485068256,164554236,117116005.3490
"Bourne ultimatum",1320694440,1485068256,164373816,117116005.3490
"Bourne ultimatum",1320694440,1320696420,1980,117116005.3490
"Bourne ultimatum",1320795900,1485068256,164272356,117116005.3490
"Bourne ultimatum",1320795900,1321147440,351540,117116005.3490
"Bourne ultimatum",1320804300,1485068256,164263956,117116005.3490
"Bourne ultimatum",1320804300,1321911420,1107120,117116005.3490
"Bourne ultimatum",1320808080,1485068256,164260176,117116005.3490
"Bourne ultimatum",1320808080,1320963900,155820,117116005.3490
"Bourne ultimatum",1320887100,1485068256,164181156,117116005.3490
"Bourne ultimatum",1320887100,1321408620,521520,117116005.3490
"Bourne ultimatum",1320954060,1485068256,164114196,117116005.3490
"Bourne ultimatum",1320954060,1321316160,362100,117116005.3490
"Bourne ultimatum",1320963180,1485068256,164105076,117116005.3490
"Bourne ultimatum",1320963360,1485068256,164104896,117116005.3490
"Bourne ultimatum",1320963360,1322353620,1390260,117116005.3490
"Bourne ultimatum",1320971280,1485068256,164096976,117116005.3490
"Bourne ultimatum",1320971280,1321409400,438120,117116005.3490
"Bourne ultimatum",1320973200,1485068256,164095056,117116005.3490
"Bourne ultimatum",1320975120,1485068256,164093136,117116005.3490
"Bourne ultimatum",1320975120,1321305660,330540,117116005.3490
"Bourne ultimatum",1320976560,1485068256,164091696,117116005.3490
"Bourne ultimatum",1321133220,1485068256,163935036,117116005.3490
"Bourne ultimatum",1321137300,1485068256,163930956,117116005.3490
"Bourne ultimatum",1321137300,1322683620,1546320,117116005.3490
"Bourne ultimatum",1321139460,1485068256,163928796,117116005.3490
"Bourne ultimatum",1321139460,1321749660,610200,117116005.3490
"Bourne ultimatum",1321145040,1324250100,3105060,117116005.3490
"Bourne ultimatum",1321146420,1485068256,163921836,117116005.3490
"Bourne ultimatum",1321146420,1321586340,439920,117116005.3490
"Bourne ultimatum",1321227960,1485068256,163840296,117116005.3490
"Bourne ultimatum",1321227960,1321731540,503580,117116005.3490
"Bourne ultimatum",1321303380,1485068256,163764876,117116005.3490
"Bourne ultimatum",1321303380,1321478640,175260,117116005.3490
"Bourne ultimatum",1321305480,1485068256,163762776,117116005.3490
"Bourne ultimatum",1321305480,1321578420,272940,117116005.3490
"Bourne ultimatum",1321320840,1485068256,163747416,117116005.3490
"Bourne ultimatum",1321380600,1485068256,163687656,117116005.3490
"Bourne ultimatum",1321395780,1485068256,163672476,117116005.3490
"Bourne ultimatum",1321395780,1321579020,183240,117116005.3490
"Bourne ultimatum",1321398420,1485068256,163669836,117116005.3490
"Bourne ultimatum",1321398420,1322256660,858240,117116005.3490
"Bourne ultimatum",1321468080,1485068256,163600176,117116005.3490
"Bourne ultimatum",1321468080,1321664340,196260,117116005.3490
"Bourne ultimatum",1321488660,1485068256,163579596,117116005.3490
"Bourne ultimatum",1321490340,1485068256,163577916,117116005.3490
"Bourne ultimatum",1321490340,1323828840,2338500,117116005.3490
"Bourne ultimatum",1321556220,1485068256,163512036,117116005.3490
"Bourne ultimatum",1321560120,1485068256,163508136,117116005.3490
"Bourne ultimatum",1321560120,1322088900,528780,117116005.3490
"Bourne ultimatum",1321586460,1485068256,163481796,117116005.3490
"Bourne ultimatum",1321586460,1322776440,1189980,117116005.3490
"Bourne ultimatum",1321648320,1485068256,163419936,117116005.3490
"Bourne ultimatum",1321648320,1321930440,282120,117116005.3490
"Bourne ultimatum",1321663020,1485068256,163405236,117116005.3490
"Bourne ultimatum",1321663020,1321830060,167040,117116005.3490
"Bourne ultimatum",1321753620,1323042360,1288740,117116005.3490
"Bourne ultimatum",1321905960,1485068256,163162296,117116005.3490
"Bourne ultimatum",1321905960,1322097780,191820,117116005.3490
"Bourne ultimatum",1321908960,1485068256,163159296,117116005.3490
"Bourne ultimatum",1321908960,1322521920,612960,117116005.3490
"Bourne ultimatum",1321911480,1485068256,163156776,117116005.3490
"Bourne ultimatum",1321911480,1323370500,1459020,117116005.3490
"Bourne ultimatum",1321914180,1485068256,163154076,117116005.3490
"Bourne ultimatum",1321921680,1485068256,163146576,117116005.3490
"Bourne ultimatum",1321921680,1322082120,160440,117116005.3490
"Bourne ultimatum",1322089200,1485068256,162979056,117116005.3490
"Bourne ultimatum",1322089200,1323208560,1119360,117116005.3490
"Bourne ultimatum",1322090220,1485068256,162978036,117116005.3490
"Bourne ultimatum",1322090220,1322514480,424260,117116005.3490
"Bourne ultimatum",1322102580,1485068256,162965676,117116005.3490
"Bourne ultimatum",1322102580,1323559560,1456980,117116005.3490
"Bourne ultimatum",1322105580,1485068256,162962676,117116005.3490
"Bourne ultimatum",1322249580,1322249700,120,117116005.3490
"Bourne ultimatum",1322249760,1485068256,162818496,117116005.3490
"Bourne ultimatum",1322249760,1322341560,91800,117116005.3490
"Bourne ultimatum",1322266260,1485068256,162801996,117116005.3490
"Bourne ultimatum",1322266260,1322438640,172380,117116005.3490
"Bourne ultimatum",1322348460,1485068256,162719796,117116005.3490
"Bourne ultimatum",1322434380,1485068256,162633876,117116005.3490
"Bourne ultimatum",1322434380,1322435280,900,117116005.3490
"Bourne ultimatum",1322509080,1485068256,162559176,117116005.3490
"Bourne ultimatum",1322513820,1485068256,162554436,117116005.3490
"Bourne ultimatum",1322513820,1322515260,1440,117116005.3490
"Bourne ultimatum",1322514600,1485068256,162553656,117116005.3490
"Bourne ultimatum",1322514600,1323038760,524160,117116005.3490
"Bourne ultimatum",1322523600,1485068256,162544656,117116005.3490
"Bourne ultimatum",1322525460,1485068256,162542796,117116005.3490
"Bourne ultimatum",1322528700,1485068256,162539556,117116005.3490
"Bourne ultimatum",1322528700,1322762700,234000,117116005.3490
"Bourne ultimatum",1322536200,1485068256,162532056,117116005.3490
"Bourne ultimatum",1322602320,1485068256,162465936,117116005.3490
"Bourne ultimatum",1322612220,1485068256,162456036,117116005.3490
"Bourne ultimatum",1322619540,1485068256,162448716,117116005.3490
"Bourne ultimatum",1322710260,1485068256,162357996,117116005.3490
"Bourne ultimatum",1322710260,1323141480,431220,117116005.3490
"Bourne ultimatum",1322770920,1485068256,162297336,117116005.3490
"Bourne ultimatum",1322770920,1323126420,355500,117116005.3490
"Bourne ultimatum",1322784960,1485068256,162283296,117116005.3490
"Bourne ultimatum",1322784960,1323379140,594180,117116005.3490
"Bourne ultimatum",1322788020,1485068256,162280236,117116005.3490
"Bourne ultimatum",1322788020,1324604340,1816320,117116005.3490
"Bourne ultimatum",1322958000,1485068256,162110256,117116005.3490
"Bourne ultimatum",1322958000,1324072740,1114740,117116005.3490
"Bourne ultimatum",1323109800,1485068256,161958456,117116005.3490
"Bourne ultimatum",1323109800,1324585020,1475220,117116005.3490
"Bourne ultimatum",1323129000,1323381000,252000,117116005.3490
"Bourne ultimatum",1323129000,1324331520,1202520,117116005.3490
"Bourne ultimatum",1323215280,1323979080,763800,117116005.3490
"Bourne ultimatum",1323217860,1485068256,161850396,117116005.3490
"Bourne ultimatum",1323217860,1323745440,527580,117116005.3490
"Bourne ultimatum",1323224460,1485068256,161843796,117116005.3490
"Bourne ultimatum",1323224460,1323736860,512400,117116005.3490
"Bourne ultimatum",1323295620,1485068256,161772636,117116005.3490
"Bourne ultimatum",1323295620,1323808560,512940,117116005.3490
"Bourne ultimatum",1323299400,1485068256,161768856,117116005.3490
"Bourne ultimatum",1323374640,1485068256,161693616,117116005.3490
"Bourne ultimatum",1323381240,1485068256,161687016,117116005.3490
"Bourne ultimatum",1323381240,1323811080,429840,117116005.3490
"Bourne ultimatum",1323391920,1485068256,161676336,117116005.3490
"Bourne ultimatum",1323391920,1324597920,1206000,117116005.3490
"Bourne ultimatum",1323459840,1485068256,161608416,117116005.3490
"Bourne ultimatum",1323459840,1324335840,876000,117116005.3490
"Bourne ultimatum",1323649320,1485068256,161418936,117116005.3490
"Bourne ultimatum",1323726000,1485068256,161342256,117116005.3490
"Bourne ultimatum",1323726000,1324936560,1210560,117116005.3490
"Bourne ultimatum",1323730620,1325194140,1463520,117116005.3490
"Bourne ultimatum",1323735720,1485068256,161332536,117116005.3490
"Bourne ultimatum",1323735720,1324419060,683340,117116005.3490
"Bourne ultimatum",1323748260,1485068256,161319996,117116005.3490
"Bourne ultimatum",1323748260,1324682100,933840,117116005.3490
"Bourne ultimatum",1323808500,1485068256,161259756,117116005.3490
"Bourne ultimatum",1323808500,1324336440,527940,117116005.3490
"Bourne ultimatum",1323887160,1485068256,161181096,117116005.3490
"Bourne ultimatum",1323888000,1485068256,161180256,117116005.3490
"Bourne ultimatum",1323888000,1324250760,362760,117116005.3490
"Bourne ultimatum",1323904620,1485068256,161163636,117116005.3490
"Bourne ultimatum",1323904620,1325202360,1297740,117116005.3490
"Bourne ultimatum",1323974640,1485068256,161093616,117116005.3490
"Bourne ultimatum",1323974640,1324931340,956700,117116005.3490
"Bourne ultimatum",1323983520,1485068256,161084736,117116005.3490
"Bourne ultimatum",1323983520,1324159680,176160,117116005.3490
"Bourne ultimatum",1323999540,1485068256,161068716,117116005.3490
"Bourne ultimatum",1323999540,1324154700,155160,117116005.3490
"Bourne ultimatum",1324153740,1485068256,160914516,117116005.3490
"Bourne ultimatum",1324153740,1324945320,791580,117116005.3490
"Bourne ultimatum",1324169940,1324598760,428820,117116005.3490
"Bourne ultimatum",1324253400,1485068256,160814856,117116005.3490
"Bourne ultimatum",1324253400,1324689000,435600,117116005.3490
"Bourne ultimatum",1324255500,1485068256,160812756,117116005.3490
"Bourne ultimatum",1324255500,1324433520,178020,117116005.3490
"Bourne ultimatum",1324332720,1485068256,160735536,117116005.3490
"Bourne ultimatum",1324336620,1485068256,160731636,117116005.3490
"Bourne ultimatum",1324340640,1485068256,160727616,117116005.3490
"Bourne ultimatum",1324340640,1324514700,174060,117116005.3490
"Bourne ultimatum",1324352220,1485068256,160716036,117116005.3490
"Bourne ultimatum",1324417620,1485068256,160650636,117116005.3490
"Bourne ultimatum",1324419060,1485068256,160649196,117116005.3490
"Bourne ultimatum",1324419060,1325122560,703500,117116005.3490
"Bourne ultimatum",1324433220,1485068256,160635036,117116005.3490
"Bourne ultimatum",1324433220,1326855240,2422020,117116005.3490
"Bourne ultimatum",1324592640,1485068256,160475616,117116005.3490
"Bourne ultimatum",1324592640,1326399840,1807200,117116005.3490
"Bourne ultimatum",1324604160,1485068256,160464096,117116005.3490
"Bourne ultimatum",1324604160,1325290980,686820,117116005.3490
"Bourne ultimatum",1324610220,1485068256,160458036,117116005.3490
"Bourne ultimatum",1324681560,1485068256,160386696,117116005.3490
"Bourne ultimatum",1324681560,1325618100,936540,117116005.3490
"Bourne ultimatum",1324691220,1485068256,160377036,117116005.3490
"Bourne ultimatum",1324691220,1325362500,671280,117116005.3490
"Bourne ultimatum",1324933860,1485068256,160134396,117116005.3490
"Bourne ultimatum",1324933860,1325374080,440220,117116005.3490
"Bourne ultimatum",1324939200,1485068256,160129056,117116005.3490
"Bourne ultimatum",1325035200,1485068256,160033056,117116005.3490
"Bourne ultimatum",1325035200,1326240540,1205340,117116005.3490
"Bourne ultimatum",1325109600,1485068256,159958656,117116005.3490
"Bourne ultimatum",1325109600,1326240420,1130820,117116005.3490
"Bourne ultimatum",1325116320,1485068256,159951936,117116005.3490
"Bourne ultimatum",1325116320,1325369520,253200,117116005.3490
"Bourne ultimatum",1325118780,1485068256,159949476,117116005.3490
"Bourne ultimatum",1325119080,1485068256,159949176,117116005.3490
"Bourne ultimatum",1325119080,1325537940,418860,117116005.3490
"Bourne ultimatum",1325189640,1485068256,159878616,117116005.3490
"Bourne ultimatum",1325189640,1327439520,2249880,117116005.3490
"Bourne ultimatum",1325199960,1485068256,159868296,117116005.3490
"Bourne ultimatum",1325199960,1325626980,427020,117116005.3490
"Bourne ultimatum",1325212380,1485068256,159855876,117116005.3490
"Bourne ultimatum",1325212380,1326424500,1212120,117116005.3490
"Bourne ultimatum",1325215920,1485068256,159852336,117116005.3490
"Bourne ultimatum",1325358900,1485068256,159709356,117116005.3490
"Bourne ultimatum",1325365860,1485068256,159702396,117116005.3490
"Bourne ultimatum",1325365860,1325644200,278340,117116005.3490
"Bourne ultimatum",1325366520,1485068256,159701736,117116005.3490
"Bourne ultimatum",1325366520,1325624340,257820,117116005.3490
"Bourne ultimatum",1325374380,1485068256,159693876,117116005.3490
"Bourne ultimatum",1325374380,1325538240,163860,117116005.3490
"Bourne ultimatum",1325541060,1485068256,159527196,117116005.3490
"Bourne ultimatum",1325541060,1326587760,1046700,117116005.3490
"Bourne ultimatum",1325626440,1485068256,159441816,117116005.3490
"Bourne ultimatum",1325626440,1326156360,529920,117116005.3490
"Bourne ultimatum",1325632200,1485068256,159436056,117116005.3490
"Bourne ultimatum",1325640660,1485068256,159427596,117116005.3490
"Bourne ultimatum",1325640660,1326331980,691320,117116005.3490
"Bourne ultimatum",1325709660,1485068256,159358596,117116005.3490
"Bourne ultimatum",1325788080,1485068256,159280176,117116005.3490
"Bourne ultimatum",1325796060,1485068256,159272196,117116005.3490
"Bourne ultimatum",1325805360,1485068256,159262896,117116005.3490
"Bourne ultimatum",1325805360,1326315180,509820,117116005.3490
"Bourne ultimatum",1325813100,1485068256,159255156,117116005.3490
"Bourne ultimatum",1325813280,1485068256,159254976,117116005.3490
"Bourne ultimatum",1325968920,1485068256,159099336,117116005.3490
"Bourne ultimatum",1325968920,1327375980,1407060,117116005.3490
"Bourne ultimatum",1325973540,1326575280,601740,117116005.3490
"Bourne ultimatum",1325974980,1485068256,159093276,117116005.3490
"Bourne ultimatum",1325974980,1326841860,866880,117116005.3490
"Bourne ultimatum",1326145080,1485068256,158923176,117116005.3490
"Bourne ultimatum",1326145080,1327714320,1569240,117116005.3490
"Bourne ultimatum",1326481020,1485068256,158587236,117116005.3490
"Bourne ultimatum",1326497400,1485068256,158570856,117116005.3490
"Bourne ultimatum",1326497400,1326843540,346140,117116005.3490
"Bourne ultimatum",1326580080,1485068256,158488176,117116005.3490
"Bourne ultimatum",1326580080,1327184280,604200,117116005.3490
"Bourne ultimatum",1326661800,1485068256,158406456,117116005.3490
"Bourne ultimatum",1326661800,1326821640,159840,117116005.3490
"Bourne ultimatum",1326664440,1485068256,158403816,117116005.3490
"Bourne ultimatum",1326664440,1328922900,2258460,117116005.3490
"Bourne ultimatum",1326664980,1485068256,158403276,117116005.3490
"Bourne ultimatum",1326664980,1327169220,504240,117116005.3490
"Bourne ultimatum",1326672960,1485068256,158395296,117116005.3490
"Bourne ultimatum",1326833040,1485068256,158235216,117116005.3490
"Bourne ultimatum",1326833040,1327363800,530760,117116005.3490
"Bourne ultimatum",1326844920,1485068256,158223336,117116005.3490
"Bourne ultimatum",1326844920,1328661300,1816380,117116005.3490
"Bourne ultimatum",1326858240,1485068256,158210016,117116005.3490
"Bourne ultimatum",1327109280,1485068256,157958976,117116005.3490
"Bourne ultimatum",1327178520,1327444140,265620,117116005.3490
"Bourne ultimatum",1327178820,1330824240,3645420,117116005.3490
"Bourne ultimatum",1327182060,1327882080,700020,117116005.3490
"Bourne ultimatum",1327184820,1327446180,261360,117116005.3490
"Bourne ultimatum",1327191960,1485068256,157876296,117116005.3490
"Bourne ultimatum",1327275480,1485068256,157792776,117116005.3490
"Bourne ultimatum",1327275480,1327458300,182820,117116005.3490
"Bourne ultimatum",1327367400,1485068256,157700856,117116005.3490
"Bourne ultimatum",1327367400,1328123940,756540,117116005.3490
"Bourne ultimatum",1327375680,1485068256,157692576,117116005.3490
"Bourne ultimatum",1327375680,1328672280,1296600,117116005.3490
"Bourne ultimatum",1327377420,1485068256,157690836,117116005.3490
"Bourne ultimatum",1327455000,1485068256,157613256,117116005.3490
"Bourne ultimatum",1327455000,1328233800,778800,117116005.3490
"Bourne ultimatum",1327461840,1485068256,157606416,117116005.3490
"Bourne ultimatum",1327461840,1328062320,600480,117116005.3490
"Bourne ultimatum",1327463700,1485068256,157604556,117116005.3490
"Bourne ultimatum",1327463700,1328210760,747060,117116005.3490
"Bourne ultimatum",1327514820,1485068256,157553436,117116005.3490
"Bourne ultimatum",1327514820,1327547700,32880,117116005.3490
"Bourne ultimatum",1327538220,1485068256,157530036,117116005.3490
"Bourne ultimatum",1327541340,1485068256,157526916,117116005.3490
"Bourne ultimatum",1327541400,1485068256,157526856,117116005.3490
"Bourne ultimatum",1327541400,1327776660,235260,117116005.3490
"Bourne ultimatum",1327607280,1485068256,157460976,117116005.3490
"Bourne ultimatum",1327607280,1328665020,1057740,117116005.3490
"Bourne ultimatum",1327617900,1485068256,157450356,117116005.3490
"Bourne ultimatum",1327617900,1328136180,518280,117116005.3490
"Bourne ultimatum",1327620000,1485068256,157448256,117116005.3490
"Bourne ultimatum",1327620000,1327874760,254760,117116005.3490
"Bourne ultimatum",1327620540,1485068256,157447716,117116005.3490
"Bourne ultimatum",1327620540,1327714380,93840,117116005.3490
"Bourne ultimatum",1327692960,1485068256,157375296,117116005.3490
"Bourne ultimatum",1327692960,1328223780,530820,117116005.3490
"Bourne ultimatum",1327711200,1485068256,157357056,117116005.3490
"Bourne ultimatum",1327783440,1485068256,157284816,117116005.3490
"Bourne ultimatum",1327786560,1485068256,157281696,117116005.3490
"Bourne ultimatum",1327786560,1328562720,776160,117116005.3490
"Bourne ultimatum",1327973100,1329263280,1290180,117116005.3490
"Bourne ultimatum",1328126940,1485068256,156941316,117116005.3490
"Bourne ultimatum",1328137680,1485068256,156930576,117116005.3490
"Bourne ultimatum",1328137680,1328398680,261000,117116005.3490
"Bourne ultimatum",1328142420,1485068256,156925836,117116005.3490
"Bourne ultimatum",1328142420,1328924880,782460,117116005.3490
"Bourne ultimatum",1328229720,1485068256,156838536,117116005.3490
"Bourne ultimatum",1328229720,1328741220,511500,117116005.3490
"Bourne ultimatum",1328241180,1485068256,156827076,117116005.3490
"Bourne ultimatum",1328296380,1485068256,156771876,117116005.3490
"Bourne ultimatum",1328296380,1330197420,1901040,117116005.3490
"Bourne ultimatum",1328316120,1485068256,156752136,117116005.3490
"Bourne ultimatum",1328385480,1485068256,156682776,117116005.3490
"Bourne ultimatum",1328385480,1329592020,1206540,117116005.3490
"Bourne ultimatum",1328402100,1485068256,156666156,117116005.3490
"Bourne ultimatum",1328402100,1328573640,171540,117116005.3490
"Bourne ultimatum",1328567820,1485068256,156500436,117116005.3490
"Bourne ultimatum",1328567820,1330986240,2418420,117116005.3490
"Bourne ultimatum",1328580000,1485068256,156488256,117116005.3490
"Bourne ultimatum",1328580000,1329690900,1110900,117116005.3490
"Bourne ultimatum",1328582040,1485068256,156486216,117116005.3490
"Bourne ultimatum",1328582040,1328997720,415680,117116005.3490
"Bourne ultimatum",1328657940,1485068256,156410316,117116005.3490
"Bourne ultimatum",1328657940,1328829840,171900,117116005.3490
"Bourne ultimatum",1328660580,1485068256,156407676,117116005.3490
"Bourne ultimatum",1328668140,1485068256,156400116,117116005.3490
"Bourne ultimatum",1328668140,1330213020,1544880,117116005.3490
"Bourne ultimatum",1328748180,1485068256,156320076,117116005.3490
"Bourne ultimatum",1328748180,1329351420,603240,117116005.3490
"Bourne ultimatum",1328748240,1485068256,156320016,117116005.3490
"Bourne ultimatum",1328748240,1329948600,1200360,117116005.3490
"Bourne ultimatum",1328753100,1485068256,156315156,117116005.3490
"Bourne ultimatum",1328753100,1329265440,512340,117116005.3490
"Bourne ultimatum",1328817540,1485068256,156250716,117116005.3490
"Bourne ultimatum",1328817540,1329173580,356040,117116005.3490
"Bourne ultimatum",1329085620,1485068256,155982636,117116005.3490
"Bourne ultimatum",1329085620,1329179640,94020,117116005.3490
"Bourne ultimatum",1329089340,1485068256,155978916,117116005.3490
"Bourne ultimatum",1329097200,1485068256,155971056,117116005.3490
"Bourne ultimatum",1329097200,1329522480,425280,117116005.3490
"Bourne ultimatum",1329163860,1329166620,2760,117116005.3490
"Bourne ultimatum",1329186960,1485068256,155881296,117116005.3490
"Bourne ultimatum",1329186960,1329355080,168120,117116005.3490
"Bourne ultimatum",1329189900,1485068256,155878356,117116005.3490
"Bourne ultimatum",1329189900,1329275940,86040,117116005.3490
"Bourne ultimatum",1329257100,1485068256,155811156,117116005.3490
"Bourne ultimatum",1329258120,1485068256,155810136,117116005.3490
"Bourne ultimatum",1329277560,1485068256,155790696,117116005.3490
"Bourne ultimatum",1329277560,1329442560,165000,117116005.3490
"Bourne ultimatum",1329331320,1485068256,155736936,117116005.3490
"Bourne ultimatum",1329331320,1330623900,1292580,117116005.3490
"Bourne ultimatum",1329357960,1485068256,155710296,117116005.3490
"Bourne ultimatum",1329357960,1330133880,775920,117116005.3490
"Bourne ultimatum",1329446820,1485068256,155621436,117116005.3490
"Bourne ultimatum",1329450960,1485068256,155617296,117116005.3490
"Bourne ultimatum",1329450960,1330399140,948180,117116005.3490
"Bourne ultimatum",1329511200,1485068256,155557056,117116005.3490
"Bourne ultimatum",1329511200,1330465980,954780,117116005.3490
"Bourne ultimatum",1329519540,1485068256,155548716,117116005.3490
"Bourne ultimatum",1329596640,1485068256,155471616,117116005.3490
"Bourne ultimatum",1329598260,1331407980,1809720,117116005.3490
"Bourne ultimatum",1329600120,1485068256,155468136,117116005.3490
"Bourne ultimatum",1329600120,1329681900,81780,117116005.3490
"Bourne ultimatum",1329608760,1330992180,1383420,117116005.3490
"Bourne ultimatum",1329861000,1331004480,1143480,117116005.3490
"Bourne ultimatum",1329949920,1485068256,155118336,117116005.3490
"Bourne ultimatum",1329949920,1330046040,96120,117116005.3490
"Bourne ultimatum",1329951180,1330118340,167160,117116005.3490
"Bourne ultimatum",1330030680,1485068256,155037576,117116005.3490
"Bourne ultimatum",1330030680,1330557000,526320,117116005.3490
"Bourne ultimatum",1330035600,1485068256,155032656,117116005.3490
"Bourne ultimatum",1330035600,1331156820,1121220,117116005.3490
"Bourne ultimatum",1330038720,1485068256,155029536,117116005.3490
"Bourne ultimatum",1330038720,1331334840,1296120,117116005.3490
"Bourne ultimatum",1330112580,1485068256,154955676,117116005.3490
"Bourne ultimatum",1330208760,1485068256,154859496,117116005.3490
"Bourne ultimatum",1330208760,1331597700,1388940,117116005.3490
"Bourne ultimatum",1330212720,1485068256,154855536,117116005.3490
"Bourne ultimatum",1330212720,1331419740,1207020,117116005.3490
"Bourne ultimatum",1330393020,1485068256,154675236,117116005.3490
"Bourne ultimatum",1330393020,1330823520,430500,117116005.3490
"Bourne ultimatum",1330399620,1485068256,154668636,117116005.3490
"Bourne ultimatum",1330476060,1485068256,154592196,117116005.3490
"Bourne ultimatum",1330478940,1485068256,154589316,117116005.3490
"Bourne ultimatum",1330486440,1485068256,154581816,117116005.3490
"Bourne ultimatum",1330553040,1485068256,154515216,117116005.3490
"Bourne ultimatum",1330553040,1330727520,174480,117116005.3490
"Bourne ultimatum",1330563900,1485068256,154504356,117116005.3490
"Bourne ultimatum",1330563900,1332621540,2057640,117116005.3490
"Bourne ultimatum",1330568640,1485068256,154499616,117116005.3490
"Bourne ultimatum",1330568640,1331080560,511920,117116005.3490
"Bourne ultimatum",1330731480,1485068256,154336776,117116005.3490
"Bourne ultimatum",1330731480,1331422140,690660,117116005.3490
"Bourne ultimatum",1330821180,1485068256,154247076,117116005.3490
"Bourne ultimatum",1330825980,1332021600,1195620,117116005.3490
"Bourne ultimatum",1330900020,1485068256,154168236,117116005.3490
"Bourne ultimatum",1330900020,1331319900,419880,117116005.3490
"Bourne ultimatum",1330905420,1485068256,154162836,117116005.3490
"Bourne ultimatum",1331066220,1485068256,154002036,117116005.3490
"Bourne ultimatum",1331066220,1332024180,957960,117116005.3490
"Bourne ultimatum",1331163480,1485068256,153904776,117116005.3490
"Bourne ultimatum",1331163480,1331243820,80340,117116005.3490
"Bourne ultimatum",1331166540,1485068256,153901716,117116005.3490
"Bourne ultimatum",1331166540,1333150380,1983840,117116005.3490
"Bourne ultimatum",1331168460,1485068256,153899796,117116005.3490
"Bourne ultimatum",1331242080,1485068256,153826176,117116005.3490
"Bourne ultimatum",1331242080,1332204180,962100,117116005.3490
"Bourne ultimatum",1331243340,1485068256,153824916,117116005.3490
"Bourne ultimatum",1331243340,1333059660,1816320,117116005.3490
"Bourne ultimatum",1331417340,1485068256,153650916,117116005.3490
"Bourne ultimatum",1331424120,1485068256,153644136,117116005.3490
"Bourne ultimatum",1331424120,1332211440,787320,117116005.3490
"Bourne ultimatum",1331596860,1485068256,153471396,117116005.3490
"Bourne ultimatum",1331596860,1331664120,67260,117116005.3490
"Bourne ultimatum",1331681820,1485068256,153386436,117116005.3490
"Bourne ultimatum",1331687700,1485068256,153380556,117116005.3490
"Bourne ultimatum",1331687700,1332372180,684480,117116005.3490
"Bourne ultimatum",1331745240,1485068256,153323016,117116005.3490
"Bourne ultimatum",1331745240,1334875200,3129960,117116005.3490
"Bourne ultimatum",1331763960,1485068256,153304296,117116005.3490
"Bourne ultimatum",1331763960,1334872020,3108060,117116005.3490
"Bourne ultimatum",1331780040,1485068256,153288216,117116005.3490
"Bourne ultimatum",1331837880,1485068256,153230376,117116005.3490
"Bourne ultimatum",1331837880,1332180180,342300,117116005.3490
"Bourne ultimatum",1331840220,1485068256,153228036,117116005.3490
"Bourne ultimatum",1331840220,1333580520,1740300,117116005.3490
"Bourne ultimatum",1331936160,1485068256,153132096,117116005.3490
"Bourne ultimatum",1331936160,1333395060,1458900,117116005.3490
"Bourne ultimatum",1332016500,1485068256,153051756,117116005.3490
"Bourne ultimatum",1332028500,1332627360,598860,117116005.3490
"Bourne ultimatum",1332106920,1485068256,152961336,117116005.3490
"Bourne ultimatum",1332106920,1332177420,70500,117116005.3490
"Bourne ultimatum",1332108000,1485068256,152960256,117116005.3490
"Bourne ultimatum",1332108000,1332707580,599580,117116005.3490
"Bourne ultimatum",1332181380,1485068256,152886876,117116005.3490
"Bourne ultimatum",1332181380,1332271740,90360,117116005.3490
"Bourne ultimatum",1332195000,1485068256,152873256,117116005.3490
"Bourne ultimatum",1332195000,1332969240,774240,117116005.3490
"Bourne ultimatum",1332203460,1485068256,152864796,117116005.3490
"Bourne ultimatum",1332279000,1485068256,152789256,117116005.3490
"Bourne ultimatum",1332279000,1332814260,535260,117116005.3490
"Bourne ultimatum",1332280740,1485068256,152787516,117116005.3490
"Bourne ultimatum",1332280740,1333405500,1124760,117116005.3490
"Bourne ultimatum",1332289500,1485068256,152778756,117116005.3490
"Bourne ultimatum",1332353520,1485068256,152714736,117116005.3490
"Bourne ultimatum",1332353520,1332792720,439200,117116005.3490
"Bourne ultimatum",1332382320,1485068256,152685936,117116005.3490
"Bourne ultimatum",1332382320,1333130160,747840,117116005.3490
"Bourne ultimatum",1332452040,1485068256,152616216,117116005.3490
"Bourne ultimatum",1332452040,1332879300,427260,117116005.3490
"Bourne ultimatum",1332456540,1485068256,152611716,117116005.3490
"Bourne ultimatum",1332624480,1485068256,152443776,117116005.3490
"Bourne ultimatum",1332624480,1333238760,614280,117116005.3490
"Bourne ultimatum",1332719340,1485068256,152348916,117116005.3490
"Bourne ultimatum",1332719340,1334706720,1987380,117116005.3490
"Bourne ultimatum",1332798180,1485068256,152270076,117116005.3490
"Bourne ultimatum",1332798180,1334695080,1896900,117116005.3490
"Bourne ultimatum",1332873720,1333136340,262620,117116005.3490
"Bourne ultimatum",1332891300,1485068256,152176956,117116005.3490
"Bourne ultimatum",1332891300,1334261220,1369920,117116005.3490
"Bourne ultimatum",1332901800,1485068256,152166456,117116005.3490
"Bourne ultimatum",1332971460,1485068256,152096796,117116005.3490
"Bourne ultimatum",1332977040,1485068256,152091216,117116005.3490
"Bourne ultimatum",1332977040,1333228560,251520,117116005.3490
"Bourne ultimatum",1332987660,1485068256,152080596,117116005.3490
"Bourne ultimatum",1333050180,1485068256,152018076,117116005.3490
"Bourne ultimatum",1333050180,1333574100,523920,117116005.3490
"Bourne ultimatum",1333057380,1485068256,152010876,117116005.3490
"Bourne ultimatum",1333153080,1485068256,151915176,117116005.3490
"Bourne ultimatum",1333153080,1333991820,838740,117116005.3490
"Bourne ultimatum",1333153920,1485068256,151914336,117116005.3490
"Bourne ultimatum",1333155360,1333836720,681360,117116005.3490
"Bourne ultimatum",1333224960,1485068256,151843296,117116005.3490
"Bourne ultimatum",1333224960,1333824360,599400,117116005.3490
"Bourne ultimatum",1333235760,1485068256,151832496,117116005.3490
"Bourne ultimatum",1333235760,1334875080,1639320,117116005.3490
"Bourne ultimatum",1333314720,1485068256,151753536,117116005.3490
"Bourne ultimatum",1333314720,1334432220,1117500,117116005.3490
"Bourne ultimatum",1333399680,1485068256,151668576,117116005.3490
"Bourne ultimatum",1333399680,1334622780,1223100,117116005.3490
"Bourne ultimatum",1333415580,1485068256,151652676,117116005.3490
"Bourne ultimatum",1333418340,1334617380,1199040,117116005.3490
"Bourne ultimatum",1333504140,1485068256,151564116,117116005.3490
"Bourne ultimatum",1333507440,1485068256,151560816,117116005.3490
"Bourne ultimatum",1333572720,1485068256,151495536,117116005.3490
"Bourne ultimatum",1333572720,1334794260,1221540,117116005.3490
"Bourne ultimatum",1333651980,1485068256,151416276,117116005.3490
"Bourne ultimatum",1333651980,1334008740,356760,117116005.3490
"Bourne ultimatum",1333662960,1485068256,151405296,117116005.3490
"Bourne ultimatum",1333662960,1334447160,784200,117116005.3490
"Bourne ultimatum",1334012100,1334438280,426180,117116005.3490
"Bourne ultimatum",1334012700,1485068256,151055556,117116005.3490
"Bourne ultimatum",1334012700,1334616420,603720,117116005.3490
"Bourne ultimatum",1334020260,1485068256,151047996,117116005.3490
"Bourne ultimatum",1334020260,1336610640,2590380,117116005.3490
"Bourne ultimatum",1334265840,1485068256,150802416,117116005.3490
"Bourne ultimatum",1334345340,1485068256,150722916,117116005.3490
"Bourne ultimatum",1334345340,1334949900,604560,117116005.3490
"Bourne ultimatum",1334351940,1485068256,150716316,117116005.3490
"Bourne ultimatum",1334351940,1334704680,352740,117116005.3490
"Bourne ultimatum",1334529240,1485068256,150539016,117116005.3490
"Bourne ultimatum",1334529240,1335632340,1103100,117116005.3490
"Bourne ultimatum",1334607000,1485068256,150461256,117116005.3490
"Bourne ultimatum",1334609760,1485068256,150458496,117116005.3490
"Bourne ultimatum",1334613720,1485068256,150454536,117116005.3490
"Bourne ultimatum",1334613720,1334959800,346080,117116005.3490
"Bourne ultimatum",1334620440,1335301020,680580,117116005.3490
"Bourne ultimatum",1334706420,1485068256,150361836,117116005.3490
"Bourne ultimatum",1334706420,1334795460,89040,117116005.3490
"Bourne ultimatum",1334707080,1485068256,150361176,117116005.3490
"Bourne ultimatum",1334707080,1337456940,2749860,117116005.3490
"Bourne ultimatum",1334707980,1485068256,150360276,117116005.3490
"Bourne ultimatum",1334711340,1334712000,660,117116005.3490
"Bourne ultimatum",1334791920,1485068256,150276336,117116005.3490
"Bourne ultimatum",1334791920,1335570060,778140,117116005.3490
"Bourne ultimatum",1334796120,1485068256,150272136,117116005.3490
"Bourne ultimatum",1334869140,1485068256,150199116,117116005.3490
"Bourne ultimatum",1334869140,1335214620,345480,117116005.3490
"Bourne ultimatum",1334949900,1485068256,150118356,117116005.3490
"Bourne ultimatum",1334949900,1335214500,264600,117116005.3490
"Bourne ultimatum",1334959860,1485068256,150108396,117116005.3490
"Bourne ultimatum",1334959860,1335393960,434100,117116005.3490
"Bourne ultimatum",1335035400,1485068256,150032856,117116005.3490
"Bourne ultimatum",1335046020,1485068256,150022236,117116005.3490
"Bourne ultimatum",1335046020,1335658380,612360,117116005.3490
"Bourne ultimatum",1335131880,1485068256,149936376,117116005.3490
"Bourne ultimatum",1335131880,1336348200,1216320,117116005.3490
"Bourne ultimatum",1335138540,1485068256,149929716,117116005.3490
"Bourne ultimatum",1335305280,1485068256,149762976,117116005.3490
"Bourne ultimatum",1335305280,1335822960,517680,117116005.3490
"Bourne ultimatum",1335485340,1485068256,149582916,117116005.3490
"Bourne ultimatum",1335485340,1338510960,3025620,117116005.3490
"Bourne ultimatum",1335565140,1485068256,149503116,117116005.3490
"Bourne ultimatum",1335565140,1336000560,435420,117116005.3490
"Bourne ultimatum",1335565320,1485068256,149502936,117116005.3490
"Bourne ultimatum",1335565320,1335903960,338640,117116005.3490
"Bourne ultimatum",1335632640,1485068256,149435616,117116005.3490
"Bourne ultimatum",1335641520,1485068256,149426736,117116005.3490
"Bourne ultimatum",1335641520,1335918060,276540,117116005.3490
"Bourne ultimatum",1335645480,1485068256,149422776,117116005.3490
"Bourne ultimatum",1335645480,1336848240,1202760,117116005.3490
"Bourne ultimatum",1335648960,1485068256,149419296,117116005.3490
"Bourne ultimatum",1335648960,1336007580,358620,117116005.3490
"Bourne ultimatum",1335659580,1485068256,149408676,117116005.3490
"Bourne ultimatum",1335742080,1485068256,149326176,117116005.3490
"Bourne ultimatum",1335820560,1485068256,149247696,117116005.3490
"Bourne ultimatum",1335820560,1336686120,865560,117116005.3490
"Bourne ultimatum",1335823320,1485068256,149244936,117116005.3490
"Bourne ultimatum",1335823320,1336423080,599760,117116005.3490
"Bourne ultimatum",1335824580,1485068256,149243676,117116005.3490
"Bourne ultimatum",1335824580,1337127360,1302780,117116005.3490
"Bourne ultimatum",1335824640,1485068256,149243616,117116005.3490
"Bourne ultimatum",1335824640,1336248420,423780,117116005.3490
"Bourne ultimatum",1335896580,1485068256,149171676,117116005.3490
"Bourne ultimatum",1335896580,1336867740,971160,117116005.3490
"Bourne ultimatum",1335925380,1485068256,149142876,117116005.3490
"Bourne ultimatum",1336005360,1485068256,149062896,117116005.3490
"Bourne ultimatum",1336005360,1336250220,244860,117116005.3490
"Bourne ultimatum",1336005540,1485068256,149062716,117116005.3490
"Bourne ultimatum",1336005540,1336692360,686820,117116005.3490
"Bourne ultimatum",1336083000,1485068256,148985256,117116005.3490
"Bourne ultimatum",1336083000,1336689420,606420,117116005.3490
"Bourne ultimatum",1336239660,1485068256,148828596,117116005.3490
"Bourne ultimatum",1336239660,1336942740,703080,117116005.3490
"Bourne ultimatum",1336257060,1485068256,148811196,117116005.3490
"Bourne ultimatum",1336257060,1337463060,1206000,117116005.3490
"Bourne ultimatum",1336262400,1485068256,148805856,117116005.3490
"Bourne ultimatum",1336345140,1485068256,148723116,117116005.3490
"Bourne ultimatum",1336424040,1485068256,148644216,117116005.3490
"Bourne ultimatum",1336424040,1337042760,618720,117116005.3490
"Bourne ultimatum",1336435080,1339370880,2935800,117116005.3490
"Bourne ultimatum",1336442700,1485068256,148625556,117116005.3490
"Bourne ultimatum",1336598760,1485068256,148469496,117116005.3490
"Bourne ultimatum",1336598760,1338506280,1907520,117116005.3490
"Bourne ultimatum",1336853400,1485068256,148214856,117116005.3490
"Bourne ultimatum",1336853400,1337291880,438480,117116005.3490
"Bourne ultimatum",1336856460,1485068256,148211796,117116005.3490
"Bourne ultimatum",1337033040,1485068256,148035216,117116005.3490
"Bourne ultimatum",1337033760,1485068256,148034496,117116005.3490
"Bourne ultimatum",1337033760,1338429780,1396020,117116005.3490
"Bourne ultimatum",1337037180,1485068256,148031076,117116005.3490
"Bourne ultimatum",1337037180,1337813820,776640,117116005.3490
"Bourne ultimatum",1337046480,1485068256,148021776,117116005.3490
"Bourne ultimatum",1337112420,1485068256,147955836,117116005.3490
"Bourne ultimatum",1337198400,1485068256,147869856,117116005.3490
"Bourne ultimatum",1337198400,1337630460,432060,117116005.3490
"Bourne ultimatum",1337217600,1485068256,147850656,117116005.3490
"Bourne ultimatum",1337217600,1338762540,1544940,117116005.3490
"Bourne ultimatum",1337361960,1485068256,147706296,117116005.3490
"Bourne ultimatum",1337361960,1338065760,703800,117116005.3490
"Bourne ultimatum",1337381520,1485068256,147686736,117116005.3490
"Bourne ultimatum",1337459700,1485068256,147608556,117116005.3490
"Bourne ultimatum",1337459700,1337554140,94440,117116005.3490
"Bourne ultimatum",1337474100,1485068256,147594156,117116005.3490
"Bourne ultimatum",1337474100,1340408160,2934060,117116005.3490
"Bourne ultimatum",1337557920,1485068256,147510336,117116005.3490
"Bourne ultimatum",1337557920,1338345060,787140,117116005.3490
"Bourne ultimatum",1337621580,1485068256,147446676,117116005.3490
"Bourne ultimatum",1337621580,1338151020,529440,117116005.3490
"Bourne ultimatum",1337723220,1485068256,147345036,117116005.3490
"Bourne ultimatum",1337728140,1485068256,147340116,117116005.3490
"Bourne ultimatum",1337728140,1338401640,673500,117116005.3490
"Bourne ultimatum",1337728680,1485068256,147339576,117116005.3490
"Bourne ultimatum",1337728680,1337912340,183660,117116005.3490
"Bourne ultimatum",1337729160,1485068256,147339096,117116005.3490
"Bourne ultimatum",1337729160,1338497580,768420,117116005.3490
"Bourne ultimatum",1337887860,1485068256,147180396,117116005.3490
"Bourne ultimatum",1337904660,1485068256,147163596,117116005.3490
"Bourne ultimatum",1337904660,1339456320,1551660,117116005.3490
"Bourne ultimatum",1337989560,1485068256,147078696,117116005.3490
"Bourne ultimatum",1337989560,1339194780,1205220,117116005.3490
"Bourne ultimatum",1338153060,1485068256,146915196,117116005.3490
"Bourne ultimatum",1338338640,1338935640,597000,117116005.3490
"Bourne ultimatum",1338413640,1485068256,146654616,117116005.3490
"Bourne ultimatum",1338413640,1339109760,696120,117116005.3490
"Bourne ultimatum",1338496320,1485068256,146571936,117116005.3490
"Bourne ultimatum",1338496320,1340660460,2164140,117116005.3490
"Bourne ultimatum",1338586380,1485068256,146481876,117116005.3490
"Bourne ultimatum",1338586380,1339280040,693660,117116005.3490
"Bourne ultimatum",1338586500,1485068256,146481756,117116005.3490
"Bourne ultimatum",1338586500,1338842640,256140,117116005.3490
"Bourne ultimatum",1338671880,1485068256,146396376,117116005.3490
"Bourne ultimatum",1338671880,1339705560,1033680,117116005.3490
"Bourne ultimatum",1338679920,1485068256,146388336,117116005.3490
"Bourne ultimatum",1338679920,1339891920,1212000,117116005.3490
"Bourne ultimatum",1338832380,1485068256,146235876,117116005.3490
"Bourne ultimatum",1338832380,1339032600,200220,117116005.3490
"Bourne ultimatum",1338840180,1485068256,146228076,117116005.3490
"Bourne ultimatum",1338840180,1339024620,184440,117116005.3490
"Bourne ultimatum",1338844980,1485068256,146223276,117116005.3490
"Bourne ultimatum",1338844980,1341264600,2419620,117116005.3490
"Bourne ultimatum",1338849600,1339195800,346200,117116005.3490
"Bourne ultimatum",1338936660,1485068256,146131596,117116005.3490
"Bourne ultimatum",1338936660,1340057940,1121280,117116005.3490
"Bourne ultimatum",1338938700,1485068256,146129556,117116005.3490
"Bourne ultimatum",1338938700,1339279500,340800,117116005.3490
"Bourne ultimatum",1339030140,1340764440,1734300,117116005.3490
"Bourne ultimatum",1339105320,1340324580,1219260,117116005.3490
"Bourne ultimatum",1339111560,1339281240,169680,117116005.3490
"Bourne ultimatum",1339177680,1339369680,192000,117116005.3490
"Bourne ultimatum",1339281120,1339631940,350820,117116005.3490
"Bourne ultimatum",1339284360,1485068256,145783896,117116005.3490
"Bourne ultimatum",1339289340,1340330160,1040820,117116005.3490
"Bourne ultimatum",1339368540,1485068256,145699716,117116005.3490
"Bourne ultimatum",1339368540,1339637880,269340,117116005.3490
"Bourne ultimatum",1339533540,1485068256,145534716,117116005.3490
"Bourne ultimatum",1339534620,1485068256,145533636,117116005.3490
"Bourne ultimatum",1339534620,1339708260,173640,117116005.3490
"Bourne ultimatum",1339538100,1485068256,145530156,117116005.3490
"Bourne ultimatum",1339538100,1339971600,433500,117116005.3490
"Bourne ultimatum",1339539240,1485068256,145529016,117116005.3490
"Bourne ultimatum",1339539240,1339637640,98400,117116005.3490
"Bourne ultimatum",1339616700,1485068256,145451556,117116005.3490
"Bourne ultimatum",1339616700,1339975200,358500,117116005.3490
"Bourne ultimatum",1339640400,1485068256,145427856,117116005.3490
"Bourne ultimatum",1339640400,1340252280,611880,117116005.3490
"Bourne ultimatum",1339781640,1485068256,145286616,117116005.3490
"Bourne ultimatum",1339883220,1341283680,1400460,117116005.3490
"Bourne ultimatum",1339963740,1485068256,145104516,117116005.3490
"Bourne ultimatum",1339963740,1340051760,88020,117116005.3490
"Bourne ultimatum",1339969200,1485068256,145099056,117116005.3490
"Bourne ultimatum",1340043480,1485068256,145024776,117116005.3490
"Bourne ultimatum",1340043480,1340652840,609360,117116005.3490
"Bourne ultimatum",1340054700,1485068256,145013556,117116005.3490
"Bourne ultimatum",1340054700,1340147700,93000,117116005.3490
"Bourne ultimatum",1340058720,1485068256,145009536,117116005.3490
"Bourne ultimatum",1340058720,1340667240,608520,117116005.3490
"Bourne ultimatum",1340070660,1485068256,144997596,117116005.3490
"Bourne ultimatum",1340074500,1485068256,144993756,117116005.3490
"Bourne ultimatum",1340074500,1341263340,1188840,117116005.3490
"Bourne ultimatum",1340227200,1485068256,144841056,117116005.3490
"Bourne ultimatum",1340227200,1341088920,861720,117116005.3490
"Bourne ultimatum",1340232720,1485068256,144835536,117116005.3490
"Bourne ultimatum",1340318940,1485068256,144749316,117116005.3490
"Bourne ultimatum",1340318940,1340664060,345120,117116005.3490
"Bourne ultimatum",1340578200,1485068256,144490056,117116005.3490
"Bourne ultimatum",1340742600,1485068256,144325656,117116005.3490
"Bourne ultimatum",1340742600,1341867660,1125060,117116005.3490
"Bourne ultimatum",1340745840,1485068256,144322416,117116005.3490
"Bourne ultimatum",1340745840,1340921280,175440,117116005.3490
"Bourne ultimatum",1340752440,1485068256,144315816,117116005.3490
"Bourne ultimatum",1340752440,1341268140,515700,117116005.3490
"Bourne ultimatum",1340764140,1485068256,144304116,117116005.3490
"Bourne ultimatum",1340764140,1341542460,778320,117116005.3490
"Bourne ultimatum",1340923260,1485068256,144144996,117116005.3490
"Bourne ultimatum",1340938800,1485068256,144129456,117116005.3490
"Bourne ultimatum",1340938800,1342200180,1261380,117116005.3490
"Bourne ultimatum",1341002820,1485068256,144065436,117116005.3490
"Bourne ultimatum",1341013080,1485068256,144055176,117116005.3490
"Bourne ultimatum",1341013080,1342221600,1208520,117116005.3490
"Bourne ultimatum",1341090660,1485068256,143977596,117116005.3490
"Bourne ultimatum",1341090660,1341179520,88860,117116005.3490
"Bourne ultimatum",1341091380,1485068256,143976876,117116005.3490
"Bourne ultimatum",1341091380,1341281040,189660,117116005.3490
"Bourne ultimatum",1341262620,1485068256,143805636,117116005.3490
"Bourne ultimatum",1341262620,1341520080,257460,117116005.3490
"Bourne ultimatum",1341275460,1485068256,143792796,117116005.3490
"Bourne ultimatum",1341366000,1485068256,143702256,117116005.3490
"Bourne ultimatum",1341366000,1341613440,247440,117116005.3490
"Bourne ultimatum",1341368460,1485068256,143699796,117116005.3490
"Bourne ultimatum",1341368460,1341534660,166200,117116005.3490
"Bourne ultimatum",1341514080,1485068256,143554176,117116005.3490
"Bourne ultimatum",1341514920,1485068256,143553336,117116005.3490
"Bourne ultimatum",1341517200,1485068256,143551056,117116005.3490
"Bourne ultimatum",1341517200,1343332800,1815600,117116005.3490
"Bourne ultimatum",1341529260,1485068256,143538996,117116005.3490
"Bourne ultimatum",1341529260,1342389300,860040,117116005.3490
"Bourne ultimatum",1341535320,1485068256,143532936,117116005.3490
"Bourne ultimatum",1341535320,1342465440,930120,117116005.3490
"Bourne ultimatum",1341611700,1485068256,143456556,117116005.3490
"Bourne ultimatum",1341621720,1485068256,143446536,117116005.3490
"Bourne ultimatum",1341681480,1485068256,143386776,117116005.3490
"Bourne ultimatum",1341681480,1342465920,784440,117116005.3490
"Bourne ultimatum",1341685020,1485068256,143383236,117116005.3490
"Bourne ultimatum",1341685020,1342462980,777960,117116005.3490
"Bourne ultimatum",1341691140,1485068256,143377116,117116005.3490
"Bourne ultimatum",1341694920,1485068256,143373336,117116005.3490
"Bourne ultimatum",1341694920,1343429220,1734300,117116005.3490
"Bourne ultimatum",1341879120,1485068256,143189136,117116005.3490
"Bourne ultimatum",1341879120,1342139700,260580,117116005.3490
"Bourne ultimatum",1341884400,1485068256,143183856,117116005.3490
"Bourne ultimatum",1341965400,1485068256,143102856,117116005.3490
"Bourne ultimatum",1341965400,1343182620,1217220,117116005.3490
"Bourne ultimatum",1342034820,1485068256,143033436,117116005.3490
"Bourne ultimatum",1342034820,1343071620,1036800,117116005.3490
"Bourne ultimatum",1342035120,1485068256,143033136,117116005.3490
"Bourne ultimatum",1342035120,1348878360,6843240,117116005.3490
"Bourne ultimatum",1342140300,1485068256,142927956,117116005.3490
"Bourne ultimatum",1342140300,1343859420,1719120,117116005.3490
"Bourne ultimatum",1342200600,1485068256,142867656,117116005.3490
"Bourne ultimatum",1342200600,1343508300,1307700,117116005.3490
"Bourne ultimatum",1342304220,1485068256,142764036,117116005.3490
"Bourne ultimatum",1342304220,1342545060,240840,117116005.3490
"Bourne ultimatum",1342306740,1485068256,142761516,117116005.3490
"Bourne ultimatum",1342306740,1343517960,1211220,117116005.3490
"Bourne ultimatum",1342476120,1485068256,142592136,117116005.3490
"Bourne ultimatum",1342476120,1342655640,179520,117116005.3490
"Bourne ultimatum",1342565100,1485068256,142503156,117116005.3490
"Bourne ultimatum",1342565100,1343507520,942420,117116005.3490
"Bourne ultimatum",1342566480,1485068256,142501776,117116005.3490
"Bourne ultimatum",1342566480,1343696040,1129560,117116005.3490
"Bourne ultimatum",1342578360,1485068256,142489896,117116005.3490
"Bourne ultimatum",1342578360,1343513640,935280,117116005.3490
"Bourne ultimatum",1342639740,1485068256,142428516,117116005.3490
"Bourne ultimatum",1342639740,1342717620,77880,117116005.3490
"Bourne ultimatum",1342643640,1485068256,142424616,117116005.3490
"Bourne ultimatum",1342643640,1344542880,1899240,117116005.3490
"Bourne ultimatum",1342738800,1485068256,142329456,117116005.3490
"Bourne ultimatum",1342738800,1343428320,689520,117116005.3490
"Bourne ultimatum",1342752300,1485068256,142315956,117116005.3490
"Bourne ultimatum",1342803720,1485068256,142264536,117116005.3490
"Bourne ultimatum",1342803720,1344275760,1472040,117116005.3490
"Bourne ultimatum",1342899900,1485068256,142168356,117116005.3490
"Bourne ultimatum",1342899900,1344205980,1306080,117116005.3490
"Bourne ultimatum",1342902840,1485068256,142165416,117116005.3490
"Bourne ultimatum",1342902840,1343691240,788400,117116005.3490
"Bourne ultimatum",1342903380,1485068256,142164876,117116005.3490
"Bourne ultimatum",1343001000,1485068256,142067256,117116005.3490
"Bourne ultimatum",1343077860,1485068256,141990396,117116005.3490
"Bourne ultimatum",1343077860,1344297300,1219440,117116005.3490
"Bourne ultimatum",1343089680,1485068256,141978576,117116005.3490
"Bourne ultimatum",1343089680,1343251920,162240,117116005.3490
"Bourne ultimatum",1343246700,1485068256,141821556,117116005.3490
"Bourne ultimatum",1343257860,1485068256,141810396,117116005.3490
"Bourne ultimatum",1343341380,1485068256,141726876,117116005.3490
"Bourne ultimatum",1343415540,1485068256,141652716,117116005.3490
"Bourne ultimatum",1343519040,1485068256,141549216,117116005.3490
"Bourne ultimatum",1343519040,1343597940,78900,117116005.3490
"Bourne ultimatum",1343680380,1485068256,141387876,117116005.3490
"Bourne ultimatum",1343680380,1345151520,1471140,117116005.3490
"Bourne ultimatum",1343691360,1485068256,141376896,117116005.3490
"Bourne ultimatum",1343691780,1485068256,141376476,117116005.3490
"Bourne ultimatum",1343691780,1344362820,671040,117116005.3490
"Bourne ultimatum",1343702880,1485068256,141365376,117116005.3490
"Bourne ultimatum",1343851440,1485068256,141216816,117116005.3490
"Bourne ultimatum",1343870280,1485068256,141197976,117116005.3490
"Bourne ultimatum",1343870280,1345417860,1547580,117116005.3490
"Bourne ultimatum",1343940420,1485068256,141127836,117116005.3490
"Bourne ultimatum",1343940420,1344553200,612780,117116005.3490
"Bourne ultimatum",1344015420,1485068256,141052836,117116005.3490
"Bourne ultimatum",1344015420,1344298440,283020,117116005.3490
"Bourne ultimatum",1344039900,1485068256,141028356,117116005.3490
"Bourne ultimatum",1344039900,1345244640,1204740,117116005.3490
"Bourne ultimatum",1344114660,1485068256,140953596,117116005.3490
"Bourne ultimatum",1344118980,1485068256,140949276,117116005.3490
"Bourne ultimatum",1344118980,1344283740,164760,117116005.3490
"Bourne ultimatum",1344292200,1485068256,140776056,117116005.3490
"Bourne ultimatum",1344292200,1345758900,1466700,117116005.3490
"Bourne ultimatum",1344302340,1485068256,140765916,117116005.3490
"Bourne ultimatum",1344302340,1345517700,1215360,117116005.3490
"Bourne ultimatum",1344380640,1485068256,140687616,117116005.3490
"Bourne ultimatum",1344380640,1345508280,1127640,117116005.3490
"Bourne ultimatum",1344450840,1485068256,140617416,117116005.3490
"Bourne ultimatum",1344461160,1485068256,140607096,117116005.3490
"Bourne ultimatum",1344461160,1345689660,1228500,117116005.3490
"Bourne ultimatum",1344463440,1485068256,140604816,117116005.3490
"Bourne ultimatum",1344463440,1345659780,1196340,117116005.3490
"Bourne ultimatum",1344469980,1485068256,140598276,117116005.3490
"Bourne ultimatum",1344549540,1485068256,140518716,117116005.3490
"Bourne ultimatum",1344549540,1345502700,953160,117116005.3490
"Bourne ultimatum",1344557520,1485068256,140510736,117116005.3490
"Bourne ultimatum",1344557520,1347937020,3379500,117116005.3490
"Bourne ultimatum",1344707520,1485068256,140360736,117116005.3490
"Bourne ultimatum",1344729180,1485068256,140339076,117116005.3490
"Bourne ultimatum",1344729180,1347501120,2771940,117116005.3490
"Bourne ultimatum",1344809100,1485068256,140259156,117116005.3490
"Bourne ultimatum",1344881940,1485068256,140186316,117116005.3490
"Bourne ultimatum",1344881940,1345669020,787080,117116005.3490
"Bourne ultimatum",1344893280,1485068256,140174976,117116005.3490
"Bourne ultimatum",1344893280,1347408540,2515260,117116005.3490
"Bourne ultimatum",1344906000,1485068256,140162256,117116005.3490
"Bourne ultimatum",1344906540,1485068256,140161716,117116005.3490
"Bourne ultimatum",1344906540,1347051840,2145300,117116005.3490
"Bourne ultimatum",1345079220,1485068256,139989036,117116005.3490
"Bourne ultimatum",1345230720,1485068256,139837536,117116005.3490
"Bourne ultimatum",1345230720,1345500720,270000,117116005.3490
"Bourne ultimatum",1345322280,1485068256,139745976,117116005.3490
"Bourne ultimatum",1345322280,1345920540,598260,117116005.3490
"Bourne ultimatum",1345334220,1485068256,139734036,117116005.3490
"Bourne ultimatum",1345334220,1346791980,1457760,117116005.3490
"Bourne ultimatum",1345509600,1485068256,139558656,117116005.3490
"Bourne ultimatum",1345509600,1346800620,1291020,117116005.3490
"Bourne ultimatum",1345580460,1485068256,139487796,117116005.3490
"Bourne ultimatum",1345580460,1347233580,1653120,117116005.3490
"Bourne ultimatum",1345657560,1485068256,139410696,117116005.3490
"Bourne ultimatum",1345657560,1347484200,1826640,117116005.3490
"Bourne ultimatum",1345662900,1485068256,139405356,117116005.3490
"Bourne ultimatum",1345662900,1347136560,1473660,117116005.3490
"Bourne ultimatum",1345765080,1485068256,139303176,117116005.3490
"Bourne ultimatum",1345765080,1345930020,164940,117116005.3490
"Bourne ultimatum",1345769340,1485068256,139298916,117116005.3490
"Bourne ultimatum",1345926360,1485068256,139141896,117116005.3490
"Bourne ultimatum",1345938360,1485068256,139129896,117116005.3490
"Bourne ultimatum",1345939740,1485068256,139128516,117116005.3490
"Bourne ultimatum",1346025480,1485068256,139042776,117116005.3490
"Bourne ultimatum",1346784660,1346784660,0,117116005.3490
"Bourne ultimatum",1346800920,1485068256,138267336,117116005.3490
"Bourne ultimatum",1346805060,1485068256,138263196,117116005.3490
"Bourne ultimatum",1346805060,1347128040,322980,117116005.3490
"Bourne ultimatum",1346809260,1346809440,180,117116005.3490
"Bourne ultimatum",1346968620,1346968680,60,117116005.3490
"Bourne ultimatum",1346976540,1485068256,138091716,117116005.3490
"Bourne ultimatum",1346976540,1348859820,1883280,117116005.3490
"Bourne ultimatum",1347052260,1485068256,138015996,117116005.3490
"Bourne ultimatum",1347052260,1347489840,437580,117116005.3490
"Bourne ultimatum",1347053760,1485068256,138014496,117116005.3490
"Bourne ultimatum",1347053760,1347486360,432600,117116005.3490
"Bourne ultimatum",1347057000,1485068256,138011256,117116005.3490
"Bourne ultimatum",1347057000,1348262520,1205520,117116005.3490
"Bourne ultimatum",1347222660,1485068256,137845596,117116005.3490
"Bourne ultimatum",1347497220,1485068256,137571036,117116005.3490
"Bourne ultimatum",1347497220,1347754680,257460,117116005.3490
"Bourne ultimatum",1347498360,1485068256,137569896,117116005.3490
"Bourne ultimatum",1347588780,1348960800,1372020,117116005.3490
"Bourne ultimatum",1347734880,1485068256,137333376,117116005.3490
"Bourne ultimatum",1347734880,1348955760,1220880,117116005.3490
"Bourne ultimatum",1347742380,1485068256,137325876,117116005.3490
"Bourne ultimatum",1347754020,1485068256,137314236,117116005.3490
"Bourne ultimatum",1347754020,1348959780,1205760,117116005.3490
"Bourne ultimatum",1347901800,1485068256,137166456,117116005.3490
"Bourne ultimatum",1347901800,1348353780,451980,117116005.3490
"Bourne ultimatum",1347919080,1485068256,137149176,117116005.3490
"Bourne ultimatum",1347929640,1485068256,137138616,117116005.3490
"Bourne ultimatum",1347929640,1348023060,93420,117116005.3490
"Bourne ultimatum",1347931140,1485068256,137137116,117116005.3490
"Bourne ultimatum",1347931140,1348707180,776040,117116005.3490
"Bourne ultimatum",1347931380,1485068256,137136876,117116005.3490
"Bourne ultimatum",1347931380,1350694260,2762880,117116005.3490
"Bourne ultimatum",1347994320,1485068256,137073936,117116005.3490
"Bourne ultimatum",1347994320,1349467860,1473540,117116005.3490
"Bourne ultimatum",1348013460,1485068256,137054796,117116005.3490
"Bourne ultimatum",1348182600,1485068256,136885656,117116005.3490
"Bourne ultimatum",1348182600,1348692660,510060,117116005.3490
"Bourne ultimatum",1348188720,1485068256,136879536,117116005.3490
"Bourne ultimatum",1348188720,1349139720,951000,117116005.3490
"Bourne ultimatum",1348192740,1485068256,136875516,117116005.3490
"Bourne ultimatum",1348253760,1485068256,136814496,117116005.3490
"Bourne ultimatum",1348253760,1349467920,1214160,117116005.3490
"Bourne ultimatum",1348339800,1485068256,136728456,117116005.3490
"Bourne ultimatum",1348339800,1348959000,619200,117116005.3490
"Bourne ultimatum",1348341300,1485068256,136726956,117116005.3490
"Bourne ultimatum",1348341300,1349819580,1478280,117116005.3490
"Bourne ultimatum",1348349640,1485068256,136718616,117116005.3490
"Bourne ultimatum",1348350120,1485068256,136718136,117116005.3490
"Bourne ultimatum",1348350120,1348860300,510180,117116005.3490
"Bourne ultimatum",1348702560,1485068256,136365696,117116005.3490
"Bourne ultimatum",1348702560,1350348000,1645440,117116005.3490
"Bourne ultimatum",1348707780,1485068256,136360476,117116005.3490
"Bourne ultimatum",1348707780,1349999880,1292100,117116005.3490
"Bourne ultimatum",1348707900,1485068256,136360356,117116005.3490
"Bourne ultimatum",1348707900,1349230380,522480,117116005.3490
"Bourne ultimatum",1348945980,1485068256,136122276,117116005.3490
"Bourne ultimatum",1348962660,1485068256,136105596,117116005.3490
"Bourne ultimatum",1348962660,1349987580,1024920,117116005.3490
"Bourne ultimatum",1349111520,1485068256,135956736,117116005.3490
"Bourne ultimatum",1349111520,1350339360,1227840,117116005.3490
"Bourne ultimatum",1349143440,1485068256,135924816,117116005.3490
"Bourne ultimatum",1349143440,1350436260,1292820,117116005.3490
"Bourne ultimatum",1349308440,1485068256,135759816,117116005.3490
"Bourne ultimatum",1349308440,1351037520,1729080,117116005.3490
"Bourne ultimatum",1349315880,1485068256,135752376,117116005.3490
"Bourne ultimatum",1349374680,1485068256,135693576,117116005.3490
"Bourne ultimatum",1349374680,1349805420,430740,117116005.3490
"Bourne ultimatum",1349399160,1485068256,135669096,117116005.3490
"Bourne ultimatum",1349399160,1349736960,337800,117116005.3490
"Bourne ultimatum",1349479260,1485068256,135588996,117116005.3490
"Bourne ultimatum",1349479260,1350249180,769920,117116005.3490
"Bourne ultimatum",1349557620,1485068256,135510636,117116005.3490
"Bourne ultimatum",1349640300,1485068256,135427956,117116005.3490
"Bourne ultimatum",1349649420,1485068256,135418836,117116005.3490
"Bourne ultimatum",1349649420,1350953400,1303980,117116005.3490
"Bourne ultimatum",1349905500,1485068256,135162756,117116005.3490
"Bourne ultimatum",1349905500,1350518100,612600,117116005.3490
"Bourne ultimatum",1349989860,1485068256,135078396,117116005.3490
"Bourne ultimatum",1349989860,1350410460,420600,117116005.3490
"Bourne ultimatum",1349992500,1485068256,135075756,117116005.3490
"Bourne ultimatum",1349992500,1350512220,519720,117116005.3490
"Bourne ultimatum",1350000180,1485068256,135068076,117116005.3490
"Bourne ultimatum",1350334260,1485068256,134733996,117116005.3490
"Bourne ultimatum",1350334260,1350929220,594960,117116005.3490
"Bourne ultimatum",1350340020,1485068256,134728236,117116005.3490
"Bourne ultimatum",1350340020,1352259240,1919220,117116005.3490
"Bourne ultimatum",1350341220,1485068256,134727036,117116005.3490
"Bourne ultimatum",1350341220,1350595440,254220,117116005.3490
"Bourne ultimatum",1350417300,1485068256,134650956,117116005.3490
"Bourne ultimatum",1350417300,1351648560,1231260,117116005.3490
"Bourne ultimatum",1350423180,1485068256,134645076,117116005.3490
"Bourne ultimatum",1350429300,1485068256,134638956,117116005.3490
"Bourne ultimatum",1350441660,1485068256,134626596,117116005.3490
"Bourne ultimatum",1350441660,1350515280,73620,117116005.3490
"Bourne ultimatum",1350508800,1485068256,134559456,117116005.3490
"Bourne ultimatum",1350508800,1353014100,2505300,117116005.3490
"Bourne ultimatum",1350515040,1485068256,134553216,117116005.3490
"Bourne ultimatum",1350666300,1350668220,1920,117116005.3490
"Bourne ultimatum",1350770520,1485068256,134297736,117116005.3490
"Bourne ultimatum",1350770520,1352241960,1471440,117116005.3490
"Bourne ultimatum",1350940440,1485068256,134127816,117116005.3490
"Bourne ultimatum",1350941940,1485068256,134126316,117116005.3490
"Bourne ultimatum",1350941940,1485068256,134126316,117116005.3490
"Bourne ultimatum",1350941940,1352155800,1213860,117116005.3490
"Bourne ultimatum",1350941940,1352168940,1227000,117116005.3490
"Bourne ultimatum",1350953280,1485068256,134114976,117116005.3490
"Bourne ultimatum",1350953280,1351365240,411960,117116005.3490
"Bourne ultimatum",1351032480,1485068256,134035776,117116005.3490
"Bourne ultimatum",1351032480,1351204860,172380,117116005.3490
"Bourne ultimatum",1351101180,1485068256,133967076,117116005.3490
"Bourne ultimatum",1351113360,1485068256,133954896,117116005.3490
"Bourne ultimatum",1351113360,1351728720,615360,117116005.3490
"Bourne ultimatum",1351117800,1485068256,133950456,117116005.3490
"Bourne ultimatum",1351117860,1485068256,133950396,117116005.3490
"Bourne ultimatum",1351280940,1485068256,133787316,117116005.3490
"Bourne ultimatum",1351280940,1351724400,443460,117116005.3490
"Bourne ultimatum",1351285500,1485068256,133782756,117116005.3490
"Bourne ultimatum",1351285500,1351885680,600180,117116005.3490
"Bourne ultimatum",1351290240,1485068256,133778016,117116005.3490
"Bourne ultimatum",1351290240,1353372240,2082000,117116005.3490
"Bourne ultimatum",1351292880,1485068256,133775376,117116005.3490
"Bourne ultimatum",1351292880,1352240820,947940,117116005.3490
"Bourne ultimatum",1351539000,1485068256,133529256,117116005.3490
"Bourne ultimatum",1351539000,1351721760,182760,117116005.3490
"Bourne ultimatum",1351558980,1485068256,133509276,117116005.3490
"Bourne ultimatum",1351558980,1352165220,606240,117116005.3490
"Bourne ultimatum",1351631100,1485068256,133437156,117116005.3490
"Bourne ultimatum",1351712100,1485068256,133356156,117116005.3490
"Bourne ultimatum",1351809900,1485068256,133258356,117116005.3490
"Bourne ultimatum",1351809900,1352859780,1049880,117116005.3490
"Bourne ultimatum",1351815660,1485068256,133252596,117116005.3490
"Bourne ultimatum",1351822140,1485068256,133246116,117116005.3490
"Bourne ultimatum",1351822140,1352766300,944160,117116005.3490
"Bourne ultimatum",1351898100,1485068256,133170156,117116005.3490
"Bourne ultimatum",1351898100,1352333760,435660,117116005.3490
"Bourne ultimatum",1351971180,1485068256,133097076,117116005.3490
"Bourne ultimatum",1351971180,1352933460,962280,117116005.3490
"Bourne ultimatum",1351980840,1485068256,133087416,117116005.3490
"Bourne ultimatum",1352060220,1485068256,133008036,117116005.3490
"Bourne ultimatum",1352060220,1352758920,698700,117116005.3490
"Bourne ultimatum",1352158860,1485068256,132909396,117116005.3490
"Bourne ultimatum",1352158860,1352849400,690540,117116005.3490
"Bourne ultimatum",1352235180,1485068256,132833076,117116005.3490
"Bourne ultimatum",1352235180,1352837400,602220,117116005.3490
"Bourne ultimatum",1352242680,1485068256,132825576,117116005.3490
"Bourne ultimatum",1352242680,1352330820,88140,117116005.3490
"Bourne ultimatum",1352247060,1485068256,132821196,117116005.3490
"Bourne ultimatum",1352247060,1352935140,688080,117116005.3490
"Bourne ultimatum",1352316180,1485068256,132752076,117116005.3490
"Bourne ultimatum",1352316180,1353099600,783420,117116005.3490
"Bourne ultimatum",1352410560,1485068256,132657696,117116005.3490
"Bourne ultimatum",1352410560,1352848500,437940,117116005.3490
"Bourne ultimatum",1352421060,1485068256,132647196,117116005.3490
"Bourne ultimatum",1352421060,1485068256,132647196,117116005.3490
"Bourne ultimatum",1352425620,1485068256,132642636,117116005.3490
"Bourne ultimatum",1352425620,1353378300,952680,117116005.3490
"Bourne ultimatum",1352432400,1485068256,132635856,117116005.3490
"Bourne ultimatum",1352432400,1352588580,156180,117116005.3490
"Bourne ultimatum",1352502780,1485068256,132565476,117116005.3490
"Bourne ultimatum",1352502780,1353709080,1206300,117116005.3490
"Bourne ultimatum",1352580000,1485068256,132488256,117116005.3490
"Bourne ultimatum",1352580000,1352858940,278940,117116005.3490
"Bourne ultimatum",1352580960,1485068256,132487296,117116005.3490
"Bourne ultimatum",1352580960,1355009280,2428320,117116005.3490
"Bourne ultimatum",1352585820,1485068256,132482436,117116005.3490
"Bourne ultimatum",1352588580,1485068256,132479676,117116005.3490
"Bourne ultimatum",1352926560,1485068256,132141696,117116005.3490
"Bourne ultimatum",1352926560,1353712140,785580,117116005.3490
"Bourne ultimatum",1352932320,1485068256,132135936,117116005.3490
"Bourne ultimatum",1352948940,1485068256,132119316,117116005.3490
"Bourne ultimatum",1352948940,1353037140,88200,117116005.3490
"Bourne ultimatum",1353014100,1485068256,132054156,117116005.3490
"Bourne ultimatum",1353014100,1356037920,3023820,117116005.3490
"Bourne ultimatum",1353112980,1485068256,131955276,117116005.3490
"Bourne ultimatum",1353112980,1353439200,326220,117116005.3490
"Bourne ultimatum",1353189840,1485068256,131878416,117116005.3490
"Bourne ultimatum",1353189840,1353450360,260520,117116005.3490
"Bourne ultimatum",1353197520,1485068256,131870736,117116005.3490
"Bourne ultimatum",1353197520,1355608020,2410500,117116005.3490
"Bourne ultimatum",1353367440,1485068256,131700816,117116005.3490
"Bourne ultimatum",1353367440,1354159620,792180,117116005.3490
"Bourne ultimatum",1353378180,1485068256,131690076,117116005.3490
"Bourne ultimatum",1353445860,1485068256,131622396,117116005.3490
"Bourne ultimatum",1353445860,1354668360,1222500,117116005.3490
"Bourne ultimatum",1353450120,1485068256,131618136,117116005.3490
"Bourne ultimatum",1353450120,1354588200,1138080,117116005.3490
"Bourne ultimatum",1353454140,1485068256,131614116,117116005.3490
"Bourne ultimatum",1353525180,1485068256,131543076,117116005.3490
"Bourne ultimatum",1353540120,1485068256,131528136,117116005.3490
"Bourne ultimatum",1353543600,1485068256,131524656,117116005.3490
"Bourne ultimatum",1353711600,1485068256,131356656,117116005.3490
"Bourne ultimatum",1353711600,1357591920,3880320,117116005.3490
"Bourne ultimatum",1353715320,1485068256,131352936,117116005.3490
"Bourne ultimatum",1353715320,1354667460,952140,117116005.3490
"Bourne ultimatum",1353786000,1485068256,131282256,117116005.3490
"Bourne ultimatum",1353788640,1485068256,131279616,117116005.3490
"Bourne ultimatum",1353788640,1354142280,353640,117116005.3490
"Bourne ultimatum",1353883440,1485068256,131184816,117116005.3490
"Bourne ultimatum",1353883440,1354059900,176460,117116005.3490
"Bourne ultimatum",1353968280,1485068256,131099976,117116005.3490
"Bourne ultimatum",1353968280,1354137480,169200,117116005.3490
"Bourne ultimatum",1353983940,1485068256,131084316,117116005.3490
"Bourne ultimatum",1353983940,1356217620,2233680,117116005.3490
"Bourne ultimatum",1354239600,1485068256,130828656,117116005.3490
"Bourne ultimatum",1354239600,1354746720,507120,117116005.3490
"Bourne ultimatum",1354319520,1485068256,130748736,117116005.3490
"Bourne ultimatum",1354319520,1356061320,1741800,117116005.3490
"Bourne ultimatum",1354396800,1485068256,130671456,117116005.3490
"Bourne ultimatum",1354396800,1355455380,1058580,117116005.3490
"Bourne ultimatum",1354398240,1485068256,130670016,117116005.3490
"Bourne ultimatum",1354398240,1355276760,878520,117116005.3490
"Bourne ultimatum",1354493580,1485068256,130574676,117116005.3490
"Bourne ultimatum",1354568280,1485068256,130499976,117116005.3490
"Bourne ultimatum",1354593420,1485068256,130474836,117116005.3490
"Bourne ultimatum",1354593420,1355803080,1209660,117116005.3490
"Bourne ultimatum",1354750560,1485068256,130317696,117116005.3490
"Bourne ultimatum",1354750560,1355176800,426240,117116005.3490
"Bourne ultimatum",1354754040,1485068256,130314216,117116005.3490
"Bourne ultimatum",1354754040,1356213000,1458960,117116005.3490
"Bourne ultimatum",1354758060,1485068256,130310196,117116005.3490
"Bourne ultimatum",1354830120,1485068256,130238136,117116005.3490
"Bourne ultimatum",1354830120,1355789580,959460,117116005.3490
"Bourne ultimatum",1354911540,1485068256,130156716,117116005.3490
"Bourne ultimatum",1354911540,1356121620,1210080,117116005.3490
"Bourne ultimatum",1354927380,1485068256,130140876,117116005.3490
"Bourne ultimatum",1354927380,1355277060,349680,117116005.3490
"Bourne ultimatum",1354993440,1485068256,130074816,117116005.3490
"Bourne ultimatum",1354993440,1356223860,1230420,117116005.3490
"Bourne ultimatum",1355002380,1485068256,130065876,117116005.3490
"Bourne ultimatum",1355002380,1355945040,942660,117116005.3490
"Bourne ultimatum",1355015940,1485068256,130052316,117116005.3490
"Bourne ultimatum",1355015940,1356640680,1624740,117116005.3490
"Bourne ultimatum",1355100120,1485068256,129968136,117116005.3490
"Bourne ultimatum",1355100120,1355369400,269280,117116005.3490
"Bourne ultimatum",1355257440,1485068256,129810816,117116005.3490
"Bourne ultimatum",1355257440,1355784720,527280,117116005.3490
"Bourne ultimatum",1355443140,1485068256,129625116,117116005.3490
"Bourne ultimatum",1355508780,1485068256,129559476,117116005.3490
"Bourne ultimatum",1355508780,1356548880,1040100,117116005.3490
"Bourne ultimatum",1355600700,1485068256,129467556,117116005.3490
"Bourne ultimatum",1355600700,1356643080,1042380,117116005.3490
"Bourne ultimatum",1355702160,1485068256,129366096,117116005.3490
"Bourne ultimatum",1355702160,1357170660,1468500,117116005.3490
"Bourne ultimatum",1356034380,1485068256,129033876,117116005.3490
"Bourne ultimatum",1356034380,1358565180,2530800,117116005.3490
"Bourne ultimatum",1356049680,1485068256,129018576,117116005.3490
"Bourne ultimatum",1356051420,1485068256,129016836,117116005.3490
"Bourne ultimatum",1356051420,1357261800,1210380,117116005.3490
"Bourne ultimatum",1356052080,1485068256,129016176,117116005.3490
"Bourne ultimatum",1356052080,1357149360,1097280,117116005.3490
"Bourne ultimatum",1356053460,1485068256,129014796,117116005.3490
"Bourne ultimatum",1356212400,1485068256,128855856,117116005.3490
"Bourne ultimatum",1356214380,1485068256,128853876,117116005.3490
"Bourne ultimatum",1356214380,1357429140,1214760,117116005.3490
"Bourne ultimatum",1356309420,1485068256,128758836,117116005.3490
"Bourne ultimatum",1356309420,1356641460,332040,117116005.3490
"Bourne ultimatum",1356561660,1485068256,128506596,117116005.3490
"Bourne ultimatum",1356561660,1356650940,89280,117116005.3490
"Bourne ultimatum",1356564300,1485068256,128503956,117116005.3490
"Bourne ultimatum",1356564300,1357240620,676320,117116005.3490
"Bourne ultimatum",1356570120,1485068256,128498136,117116005.3490
"Bourne ultimatum",1356570120,1357002600,432480,117116005.3490
"Bourne ultimatum",1356633000,1485068256,128435256,117116005.3490
"Bourne ultimatum",1356633000,1357247580,614580,117116005.3490
"Bourne ultimatum",1356648000,1485068256,128420256,117116005.3490
"Bourne ultimatum",1356648000,1358721000,2073000,117116005.3490
"Bourne ultimatum",1356736740,1485068256,128331516,117116005.3490
"Bourne ultimatum",1356736740,1357755000,1018260,117116005.3490
"Bourne ultimatum",1356811800,1485068256,128256456,117116005.3490
"Bourne ultimatum",1356811800,1358301360,1489560,117116005.3490
"Bourne ultimatum",1356990540,1485068256,128077716,117116005.3490
"Bourne ultimatum",1356990540,1357703640,713100,117116005.3490
"Bourne ultimatum",1357241160,1485068256,127827096,117116005.3490
"Bourne ultimatum",1357260360,1485068256,127807896,117116005.3490
"Bourne ultimatum",1357260360,1357783800,523440,117116005.3490
"Bourne ultimatum",1357326120,1485068256,127742136,117116005.3490
"Bourne ultimatum",1357326120,1358298540,972420,117116005.3490
"Bourne ultimatum",1357335360,1485068256,127732896,117116005.3490
"Bourne ultimatum",1357337280,1485068256,127730976,117116005.3490
"Bourne ultimatum",1357337280,1358459700,1122420,117116005.3490
"Bourne ultimatum",1357424340,1485068256,127643916,117116005.3490
"Bourne ultimatum",1357429500,1485068256,127638756,117116005.3490
"Bourne ultimatum",1357599900,1485068256,127468356,117116005.3490
"Bourne ultimatum",1357599900,1358194860,594960,117116005.3490
"Bourne ultimatum",1357680600,1485068256,127387656,117116005.3490
"Bourne ultimatum",1357703400,1485068256,127364856,117116005.3490
"Bourne ultimatum",1357703400,1358029200,325800,117116005.3490
"Bourne ultimatum",1357765500,1485068256,127302756,117116005.3490
"Bourne ultimatum",1357765500,1358366940,601440,117116005.3490
"Bourne ultimatum",1357955460,1485068256,127112796,117116005.3490
"Bourne ultimatum",1357955460,1358911500,956040,117116005.3490
"Bourne ultimatum",1357955640,1485068256,127112616,117116005.3490
"Bourne ultimatum",1357955640,1359165120,1209480,117116005.3490
"Bourne ultimatum",1358018760,1485068256,127049496,117116005.3490
"Bourne ultimatum",1358018760,1358303580,284820,117116005.3490
"Bourne ultimatum",1358035620,1485068256,127032636,117116005.3490
"Bourne ultimatum",1358035620,1358640240,604620,117116005.3490
"Bourne ultimatum",1358118900,1485068256,126949356,117116005.3490
"Bourne ultimatum",1358118900,1359684360,1565460,117116005.3490
"Bourne ultimatum",1358121240,1485068256,126947016,117116005.3490
"Bourne ultimatum",1358121240,1358906760,785520,117116005.3490
"Bourne ultimatum",1358383860,1485068256,126684396,117116005.3490
"Bourne ultimatum",1358383860,1359595980,1212120,117116005.3490
"Bourne ultimatum",1358456580,1485068256,126611676,117116005.3490
"Bourne ultimatum",1358456580,1359499800,1043220,117116005.3490
"Bourne ultimatum",1358468640,1485068256,126599616,117116005.3490
"Bourne ultimatum",1358471880,1485068256,126596376,117116005.3490
"Bourne ultimatum",1358471880,1358634240,162360,117116005.3490
"Bourne ultimatum",1358546820,1485068256,126521436,117116005.3490
"Bourne ultimatum",1358632740,1485068256,126435516,117116005.3490
"Bourne ultimatum",1358642580,1485068256,126425676,117116005.3490
"Bourne ultimatum",1358642580,1358980680,338100,117116005.3490
"Bourne ultimatum",1358878620,1485068256,126189636,117116005.3490
"Bourne ultimatum",1358878620,1359163620,285000,117116005.3490
"Bourne ultimatum",1358893620,1485068256,126174636,117116005.3490
"Bourne ultimatum",1358893620,1360189740,1296120,117116005.3490
"Bourne ultimatum",1358901480,1485068256,126166776,117116005.3490
"Bourne ultimatum",1358901480,1360184400,1282920,117116005.3490
"Bourne ultimatum",1358907300,1485068256,126160956,117116005.3490
"Bourne ultimatum",1358907300,1359925800,1018500,117116005.3490
"Bourne ultimatum",1358989800,1485068256,126078456,117116005.3490
"Bourne ultimatum",1358989800,1360191180,1201380,117116005.3490
"Bourne ultimatum",1359061140,1485068256,126007116,117116005.3490
"Bourne ultimatum",1359061140,1359405540,344400,117116005.3490
"Bourne ultimatum",1359144540,1485068256,125923716,117116005.3490
"Bourne ultimatum",1359144540,1361656080,2511540,117116005.3490
"Bourne ultimatum",1359155520,1485068256,125912736,117116005.3490
"Bourne ultimatum",1359155520,1364001480,4845960,117116005.3490
"Bourne ultimatum",1359164100,1485068256,125904156,117116005.3490
"Bourne ultimatum",1359164100,1359322980,158880,117116005.3490
"Bourne ultimatum",1359230400,1485068256,125837856,117116005.3490
"Bourne ultimatum",1359230400,1359927000,696600,117116005.3490
"Bourne ultimatum",1359231060,1485068256,125837196,117116005.3490
"Bourne ultimatum",1359231060,1359573660,342600,117116005.3490
"Bourne ultimatum",1359415740,1485068256,125652516,117116005.3490
"Bourne ultimatum",1359415740,1359849480,433740,117116005.3490
"Bourne ultimatum",1359418500,1485068256,125649756,117116005.3490
"Bourne ultimatum",1359502980,1485068256,125565276,117116005.3490
"Bourne ultimatum",1359502980,1360023360,520380,117116005.3490
"Bourne ultimatum",1359581160,1485068256,125487096,117116005.3490
"Bourne ultimatum",1359581160,1360625280,1044120,117116005.3490
"Bourne ultimatum",1359599340,1485068256,125468916,117116005.3490
"Bourne ultimatum",1359681780,1485068256,125386476,117116005.3490
"Bourne ultimatum",1359681780,1362440160,2758380,117116005.3490
"Bourne ultimatum",1359767640,1485068256,125300616,117116005.3490
"Bourne ultimatum",1359767640,1359937860,170220,117116005.3490
"Bourne ultimatum",1359834120,1485068256,125234136,117116005.3490
"Bourne ultimatum",1359851820,1485068256,125216436,117116005.3490
"Bourne ultimatum",1359936600,1485068256,125131656,117116005.3490
"Bourne ultimatum",1359936600,1360115640,179040,117116005.3490
"Bourne ultimatum",1360014660,1485068256,125053596,117116005.3490
"Bourne ultimatum",1360017180,1485068256,125051076,117116005.3490
"Bourne ultimatum",1360017180,1360633440,616260,117116005.3490
"Bourne ultimatum",1360017840,1485068256,125050416,117116005.3490
"Bourne ultimatum",1360017840,1361317140,1299300,117116005.3490
"Bourne ultimatum",1360036500,1485068256,125031756,117116005.3490
"Bourne ultimatum",1360036500,1361328240,1291740,117116005.3490
"Bourne ultimatum",1360180020,1485068256,124888236,117116005.3490
"Bourne ultimatum",1360180020,1360452720,272700,117116005.3490
"Bourne ultimatum",1360198800,1485068256,124869456,117116005.3490
"Bourne ultimatum",1360198800,1360632300,433500,117116005.3490
"Bourne ultimatum",1360263720,1485068256,124804536,117116005.3490
"Bourne ultimatum",1360263720,1361484660,1220940,117116005.3490
"Bourne ultimatum",1360292880,1485068256,124775376,117116005.3490
"Bourne ultimatum",1360438860,1360438980,120,117116005.3490
"Bourne ultimatum",1360444140,1485068256,124624116,117116005.3490
"Bourne ultimatum",1360444140,1361317200,873060,117116005.3490
"Bourne ultimatum",1360538460,1485068256,124529796,117116005.3490
"Bourne ultimatum",1360543260,1485068256,124524996,117116005.3490
"Bourne ultimatum",1360543260,1361055720,512460,117116005.3490
"Bourne ultimatum",1360606920,1485068256,124461336,117116005.3490
"Bourne ultimatum",1360606920,1361819640,1212720,117116005.3490
"Bourne ultimatum",1360638960,1485068256,124429296,117116005.3490
"Bourne ultimatum",1360638960,1361409180,770220,117116005.3490
"Bourne ultimatum",1360705620,1485068256,124362636,117116005.3490
"Bourne ultimatum",1360792500,1485068256,124275756,117116005.3490
"Bourne ultimatum",1360792500,1360874760,82260,117116005.3490
"Bourne ultimatum",1360952640,1485068256,124115616,117116005.3490
"Bourne ultimatum",1360952640,1361657160,704520,117116005.3490
"Bourne ultimatum",1360957680,1485068256,124110576,117116005.3490
"Bourne ultimatum",1360957680,1362176880,1219200,117116005.3490
"Bourne ultimatum",1360970340,1485068256,124097916,117116005.3490
"Bourne ultimatum",1360970340,1361499660,529320,117116005.3490
"Bourne ultimatum",1360975500,1485068256,124092756,117116005.3490
"Bourne ultimatum",1360975500,1362001560,1026060,117116005.3490
"Bourne ultimatum",1361048280,1485068256,124019976,117116005.3490
"Bourne ultimatum",1361048280,1361835660,787380,117116005.3490
"Bourne ultimatum",1361055060,1485068256,124013196,117116005.3490
"Bourne ultimatum",1361055060,1362172200,1117140,117116005.3490
"Bourne ultimatum",1361322420,1485068256,123745836,117116005.3490
"Bourne ultimatum",1361322420,1361667180,344760,117116005.3490
"Bourne ultimatum",1361491020,1485068256,123577236,117116005.3490
"Bourne ultimatum",1361491020,1362522420,1031400,117116005.3490
"Bourne ultimatum",1361584500,1485068256,123483756,117116005.3490
"Bourne ultimatum",1361584500,1362430860,846360,117116005.3490
"Bourne ultimatum",1361646780,1485068256,123421476,117116005.3490
"Bourne ultimatum",1361646780,1361839380,192600,117116005.3490
"Bourne ultimatum",1361666280,1485068256,123401976,117116005.3490
"Bourne ultimatum",1361666280,1362877260,1210980,117116005.3490
"Bourne ultimatum",1361743260,1485068256,123324996,117116005.3490
"Bourne ultimatum",1361743260,1362100980,357720,117116005.3490
"Bourne ultimatum",1361744400,1485068256,123323856,117116005.3490
"Bourne ultimatum",1361744400,1361823180,78780,117116005.3490
"Bourne ultimatum",1361745000,1485068256,123323256,117116005.3490
"Bourne ultimatum",1361918040,1485068256,123150216,117116005.3490
"Bourne ultimatum",1361918040,1362081240,163200,117116005.3490
"Bourne ultimatum",1361922780,1485068256,123145476,117116005.3490
"Bourne ultimatum",1361922780,1362517740,594960,117116005.3490
"Bourne ultimatum",1361928300,1485068256,123139956,117116005.3490
"Bourne ultimatum",1361928300,1363828500,1900200,117116005.3490
"Bourne ultimatum",1362021060,1485068256,123047196,117116005.3490
"Bourne ultimatum",1362095880,1485068256,122972376,117116005.3490
"Bourne ultimatum",1362095880,1364680140,2584260,117116005.3490
"Bourne ultimatum",1362164340,1485068256,122903916,117116005.3490
"Bourne ultimatum",1362164340,1363038180,873840,117116005.3490
"Bourne ultimatum",1362177480,1485068256,122890776,117116005.3490
"Bourne ultimatum",1362186780,1485068256,122881476,117116005.3490
"Bourne ultimatum",1362187380,1485068256,122880876,117116005.3490
"Bourne ultimatum",1362248460,1485068256,122819796,117116005.3490
"Bourne ultimatum",1362263220,1485068256,122805036,117116005.3490
"Bourne ultimatum",1362263220,1362866040,602820,117116005.3490
"Bourne ultimatum",1362355320,1485068256,122712936,117116005.3490
"Bourne ultimatum",1362355320,1362794580,439260,117116005.3490
"Bourne ultimatum",1362422100,1485068256,122646156,117116005.3490
"Bourne ultimatum",1362434580,1485068256,122633676,117116005.3490
"Bourne ultimatum",1362434580,1362619080,184500,117116005.3490
"Bourne ultimatum",1362440700,1485068256,122627556,117116005.3490
"Bourne ultimatum",1362440700,1362516960,76260,117116005.3490
"Bourne ultimatum",1362524880,1485068256,122543376,117116005.3490
"Bourne ultimatum",1362524880,1363217340,692460,117116005.3490
"Bourne ultimatum",1362692640,1485068256,122375616,117116005.3490
"Bourne ultimatum",1362706680,1485068256,122361576,117116005.3490
"Bourne ultimatum",1362706680,1362779100,72420,117116005.3490
"Bourne ultimatum",1362709860,1485068256,122358396,117116005.3490
"Bourne ultimatum",1362709860,1363744500,1034640,117116005.3490
"Bourne ultimatum",1362875160,1485068256,122193096,117116005.3490
"Bourne ultimatum",1362875160,1363636680,761520,117116005.3490
"Bourne ultimatum",1362954300,1485068256,122113956,117116005.3490
"Bourne ultimatum",1362954300,1363375680,421380,117116005.3490
"Bourne ultimatum",1362954360,1485068256,122113896,117116005.3490
"Bourne ultimatum",1362954360,1363045140,90780,117116005.3490
"Bourne ultimatum",1363127880,1485068256,121940376,117116005.3490
"Bourne ultimatum",1363127880,1363381920,254040,117116005.3490
"Bourne ultimatum",1363216860,1485068256,121851396,117116005.3490
"Bourne ultimatum",1363290600,1485068256,121777656,117116005.3490
"Bourne ultimatum",1363290600,1366410600,3120000,117116005.3490
"Bourne ultimatum",1363307700,1485068256,121760556,117116005.3490
"Bourne ultimatum",1363307700,1364062920,755220,117116005.3490
"Bourne ultimatum",1363378380,1485068256,121689876,117116005.3490
"Bourne ultimatum",1363378380,1363735920,357540,117116005.3490
"Bourne ultimatum",1363389480,1485068256,121678776,117116005.3490
"Bourne ultimatum",1363389480,1364771640,1382160,117116005.3490
"Bourne ultimatum",1363392780,1485068256,121675476,117116005.3490
"Bourne ultimatum",1363392780,1364318100,925320,117116005.3490
"Bourne ultimatum",1363552560,1485068256,121515696,117116005.3490
"Bourne ultimatum",1363552560,1364863260,1310700,117116005.3490
"Bourne ultimatum",1363634340,1485068256,121433916,117116005.3490
"Bourne ultimatum",1363634340,1366166640,2532300,117116005.3490
"Bourne ultimatum",1363736880,1485068256,121331376,117116005.3490
"Bourne ultimatum",1363817640,1485068256,121250616,117116005.3490
"Bourne ultimatum",1363817640,1364506320,688680,117116005.3490
"Bourne ultimatum",1363914240,1485068256,121154016,117116005.3490
"Bourne ultimatum",1364061000,1485068256,121007256,117116005.3490
"Bourne ultimatum",1364061000,1364236680,175680,117116005.3490
"Bourne ultimatum",1364233260,1485068256,120834996,117116005.3490
"Bourne ultimatum",1364233260,1364667600,434340,117116005.3490
"Bourne ultimatum",1364237880,1485068256,120830376,117116005.3490
"Bourne ultimatum",1364237880,1364842500,604620,117116005.3490
"Bourne ultimatum",1364255220,1485068256,120813036,117116005.3490
"Bourne ultimatum",1364255220,1365032460,777240,117116005.3490
"Bourne ultimatum",1364262900,1485068256,120805356,117116005.3490
"Bourne ultimatum",1364431140,1485068256,120637116,117116005.3490
"Bourne ultimatum",1364434320,1485068256,120633936,117116005.3490
"Bourne ultimatum",1364511900,1485068256,120556356,117116005.3490
"Bourne ultimatum",1364511900,1365733320,1221420,117116005.3490
"Bourne ultimatum",1364514120,1485068256,120554136,117116005.3490
"Bourne ultimatum",1364520480,1485068256,120547776,117116005.3490
"Bourne ultimatum",1364938140,1485068256,120130116,117116005.3490
"Bourne ultimatum",1364938140,1365032460,94320,117116005.3490
"Bourne ultimatum",1365121320,1485068256,119946936,117116005.3490
"Bourne ultimatum",1365124560,1485068256,119943696,117116005.3490
"Bourne ultimatum",1365124560,1366078560,954000,117116005.3490
"Bourne ultimatum",1365194700,1485068256,119873556,117116005.3490
"Bourne ultimatum",1365194700,1365643620,448920,117116005.3490
"Bourne ultimatum",1365209940,1485068256,119858316,117116005.3490
"Bourne ultimatum",1365292500,1485068256,119775756,117116005.3490
"Bourne ultimatum",1365292500,1365888360,595860,117116005.3490
"Bourne ultimatum",1365365280,1485068256,119702976,117116005.3490
"Bourne ultimatum",1365365280,1365979080,613800,117116005.3490
"Bourne ultimatum",1365368160,1485068256,119700096,117116005.3490
"Bourne ultimatum",1365368160,1369519500,4151340,117116005.3490
"Bourne ultimatum",1365370860,1485068256,119697396,117116005.3490
"Bourne ultimatum",1365370860,1368577140,3206280,117116005.3490
"Bourne ultimatum",1365376080,1485068256,119692176,117116005.3490
"Bourne ultimatum",1365376080,1366587240,1211160,117116005.3490
"Bourne ultimatum",1365442500,1485068256,119625756,117116005.3490
"Bourne ultimatum",1365442500,1366923720,1481220,117116005.3490
"Bourne ultimatum",1365469980,1485068256,119598276,117116005.3490
"Bourne ultimatum",1365469980,1366149360,679380,117116005.3490
"Bourne ultimatum",1365546720,1485068256,119521536,117116005.3490
"Bourne ultimatum",1365546720,1366071000,524280,117116005.3490
"Bourne ultimatum",1365619740,1485068256,119448516,117116005.3490
"Bourne ultimatum",1365619740,1365793440,173700,117116005.3490
"Bourne ultimatum",1365880800,1485068256,119187456,117116005.3490
"Bourne ultimatum",1365880800,1366407780,526980,117116005.3490
"Bourne ultimatum",1366062600,1485068256,119005656,117116005.3490
"Bourne ultimatum",1366062600,1366664220,601620,117116005.3490
"Bourne ultimatum",1366159080,1485068256,118909176,117116005.3490
"Bourne ultimatum",1366159080,1367355900,1196820,117116005.3490
"Bourne ultimatum",1366241700,1485068256,118826556,117116005.3490
"Bourne ultimatum",1366241700,1368313020,2071320,117116005.3490
"Bourne ultimatum",1366253880,1485068256,118814376,117116005.3490
"Bourne ultimatum",1366253880,1366771080,517200,117116005.3490
"Bourne ultimatum",1366312800,1485068256,118755456,117116005.3490
"Bourne ultimatum",1366312800,1366585980,273180,117116005.3490
"Bourne ultimatum",1366330620,1485068256,118737636,117116005.3490
"Bourne ultimatum",1366481400,1485068256,118586856,117116005.3490
"Bourne ultimatum",1366481400,1366933080,451680,117116005.3490
"Bourne ultimatum",1366504080,1485068256,118564176,117116005.3490
"Bourne ultimatum",1366504080,1367710680,1206600,117116005.3490
"Bourne ultimatum",1366667040,1485068256,118401216,117116005.3490
"Bourne ultimatum",1366667040,1367010420,343380,117116005.3490
"Bourne ultimatum",1366756920,1485068256,118311336,117116005.3490
"Bourne ultimatum",1366756920,1367371200,614280,117116005.3490
"Bourne ultimatum",1366759680,1485068256,118308576,117116005.3490
"Bourne ultimatum",1366759680,1369601520,2841840,117116005.3490
"Bourne ultimatum",1366848240,1485068256,118220016,117116005.3490
"Bourne ultimatum",1366848420,1485068256,118219836,117116005.3490
"Bourne ultimatum",1366848420,1367866740,1018320,117116005.3490
"Bourne ultimatum",1366910820,1485068256,118157436,117116005.3490
"Bourne ultimatum",1366910820,1366920240,9420,117116005.3490
"Bourne ultimatum",1366915920,1485068256,118152336,117116005.3490
"Bourne ultimatum",1366915920,1368120420,1204500,117116005.3490
"Bourne ultimatum",1366930140,1485068256,118138116,117116005.3490
"Bourne ultimatum",1366930140,1370557740,3627600,117116005.3490
"Bourne ultimatum",1366937700,1485068256,118130556,117116005.3490
"Bourne ultimatum",1366937700,1367270820,333120,117116005.3490
"Bourne ultimatum",1367012400,1485068256,118055856,117116005.3490
"Bourne ultimatum",1367012400,1367191440,179040,117116005.3490
"Bourne ultimatum",1367014200,1485068256,118054056,117116005.3490
"Bourne ultimatum",1367014200,1374891120,7876920,117116005.3490
"Bourne ultimatum",1367100720,1485068256,117967536,117116005.3490
"Bourne ultimatum",1367100720,1367710200,609480,117116005.3490
"Bourne ultimatum",1367181000,1485068256,117887256,117116005.3490
"Bourne ultimatum",1367186580,1485068256,117881676,117116005.3490
"Bourne ultimatum",1367269260,1485068256,117798996,117116005.3490
"Bourne ultimatum",1367446980,1485068256,117621276,117116005.3490
"Bourne ultimatum",1367446980,1368057600,610620,117116005.3490
"Bourne ultimatum",1367533680,1485068256,117534576,117116005.3490
"Bourne ultimatum",1367533680,1368575100,1041420,117116005.3490
"Bourne ultimatum",1367537580,1485068256,117530676,117116005.3490
"Bourne ultimatum",1367537580,1368317100,779520,117116005.3490
"Bourne ultimatum",1367537820,1485068256,117530436,117116005.3490
"Bourne ultimatum",1367537820,1368402780,864960,117116005.3490
"Bourne ultimatum",1367706300,1485068256,117361956,117116005.3490
"Bourne ultimatum",1367706300,1368231420,525120,117116005.3490
"Bourne ultimatum",1367787960,1485068256,117280296,117116005.3490
"Bourne ultimatum",1367787960,1369267140,1479180,117116005.3490
"Bourne ultimatum",1368140640,1485068256,116927616,117116005.3490
"Bourne ultimatum",1368210480,1485068256,116857776,117116005.3490
"Bourne ultimatum",1368225120,1485068256,116843136,117116005.3490
"Bourne ultimatum",1368225120,1368661080,435960,117116005.3490
"Bourne ultimatum",1368389640,1485068256,116678616,117116005.3490
"Bourne ultimatum",1368389640,1369078380,688740,117116005.3490
"Bourne ultimatum",1368395700,1485068256,116672556,117116005.3490
"Bourne ultimatum",1368400500,1485068256,116667756,117116005.3490
"Bourne ultimatum",1368400500,1369437600,1037100,117116005.3490
"Bourne ultimatum",1368477300,1485068256,116590956,117116005.3490
"Bourne ultimatum",1368477300,1369784580,1307280,117116005.3490
"Bourne ultimatum",1368560940,1485068256,116507316,117116005.3490
"Bourne ultimatum",1368560940,1368672120,111180,117116005.3490
"Bourne ultimatum",1368647820,1485068256,116420436,117116005.3490
"Bourne ultimatum",1368647820,1368920100,272280,117116005.3490
"Bourne ultimatum",1368818820,1485068256,116249436,117116005.3490
"Bourne ultimatum",1368818820,1369267320,448500,117116005.3490
"Bourne ultimatum",1368829980,1485068256,116238276,117116005.3490
"Bourne ultimatum",1368829980,1369345860,515880,117116005.3490
"Bourne ultimatum",1368906120,1485068256,116162136,117116005.3490
"Bourne ultimatum",1368906120,1369780080,873960,117116005.3490
"Bourne ultimatum",1368908820,1485068256,116159436,117116005.3490
"Bourne ultimatum",1368908820,1370654400,1745580,117116005.3490
"Bourne ultimatum",1368912120,1485068256,116156136,117116005.3490
"Bourne ultimatum",1368912120,1369100280,188160,117116005.3490
"Bourne ultimatum",1369164060,1485068256,115904196,117116005.3490
"Bourne ultimatum",1369164060,1369346280,182220,117116005.3490
"Bourne ultimatum",1369329180,1485068256,115739076,117116005.3490
"Bourne ultimatum",1369348260,1485068256,115719996,117116005.3490
"Bourne ultimatum",1369357020,1485068256,115711236,117116005.3490
"Bourne ultimatum",1369357020,1370123160,766140,117116005.3490
"Bourne ultimatum",1369434120,1485068256,115634136,117116005.3490
"Bourne ultimatum",1369434120,1372212120,2778000,117116005.3490
"Bourne ultimatum",1369505880,1485068256,115562376,117116005.3490
"Bourne ultimatum",1369505880,1369768740,262860,117116005.3490
"Bourne ultimatum",1369605420,1485068256,115462836,117116005.3490
"Bourne ultimatum",1369781220,1485068256,115287036,117116005.3490
"Bourne ultimatum",1369781220,1371163080,1381860,117116005.3490
"Bourne ultimatum",1369782180,1485068256,115286076,117116005.3490
"Bourne ultimatum",1369782180,1370812980,1030800,117116005.3490
"Bourne ultimatum",1369790700,1485068256,115277556,117116005.3490
"Bourne ultimatum",1369790700,1371515940,1725240,117116005.3490
"Bourne ultimatum",1369952040,1485068256,115116216,117116005.3490
"Bourne ultimatum",1369952040,1370114820,162780,117116005.3490
"Bourne ultimatum",1370027280,1485068256,115040976,117116005.3490
"Bourne ultimatum",1370027280,1370637060,609780,117116005.3490
"Bourne ultimatum",1370121360,1485068256,114946896,117116005.3490
"Bourne ultimatum",1370132580,1485068256,114935676,117116005.3490
"Bourne ultimatum",1370132580,1370309340,176760,117116005.3490
"Bourne ultimatum",1370385840,1485068256,114682416,117116005.3490
"Bourne ultimatum",1370385840,1371147360,761520,117116005.3490
"Bourne ultimatum",1370460120,1485068256,114608136,117116005.3490
"Bourne ultimatum",1370460120,1371004860,544740,117116005.3490
"Bourne ultimatum",1370472120,1485068256,114596136,117116005.3490
"Bourne ultimatum",1370565780,1485068256,114502476,117116005.3490
"Bourne ultimatum",1370566500,1485068256,114501756,117116005.3490
"Bourne ultimatum",1370566500,1371330900,764400,117116005.3490
"Bourne ultimatum",1370652420,1485068256,114415836,117116005.3490
"Bourne ultimatum",1370652420,1371089640,437220,117116005.3490
"Bourne ultimatum",1370727060,1485068256,114341196,117116005.3490
"Bourne ultimatum",1370816220,1485068256,114252036,117116005.3490
"Bourne ultimatum",1370816220,1372632600,1816380,117116005.3490
"Bourne ultimatum",1370817240,1485068256,114251016,117116005.3490
"Bourne ultimatum",1370817240,1371675360,858120,117116005.3490
"Bourne ultimatum",1370897220,1485068256,114171036,117116005.3490
"Bourne ultimatum",1370897220,1371768660,871440,117116005.3490
"Bourne ultimatum",1370991540,1485068256,114076716,117116005.3490
"Bourne ultimatum",1370991540,1371770640,779100,117116005.3490
"Bourne ultimatum",1370992980,1485068256,114075276,117116005.3490
"Bourne ultimatum",1370992980,1371589740,596760,117116005.3490
"Bourne ultimatum",1371166320,1485068256,113901936,117116005.3490
"Bourne ultimatum",1371166320,1372117860,951540,117116005.3490
"Bourne ultimatum",1371166380,1485068256,113901876,117116005.3490
"Bourne ultimatum",1371166380,1372105320,938940,117116005.3490
"Bourne ultimatum",1371237780,1485068256,113830476,117116005.3490
"Bourne ultimatum",1371237780,1372445280,1207500,117116005.3490
"Bourne ultimatum",1371339000,1485068256,113729256,117116005.3490
"Bourne ultimatum",1371339000,1374352140,3013140,117116005.3490
"Bourne ultimatum",1371339420,1485068256,113728836,117116005.3490
"Bourne ultimatum",1371339420,1371860640,521220,117116005.3490
"Bourne ultimatum",1371414900,1485068256,113653356,117116005.3490
"Bourne ultimatum",1371414900,1372198560,783660,117116005.3490
"Bourne ultimatum",1371422880,1485068256,113645376,117116005.3490
"Bourne ultimatum",1371683640,1485068256,113384616,117116005.3490
"Bourne ultimatum",1371683640,1373501040,1817400,117116005.3490
"Bourne ultimatum",1371774660,1485068256,113293596,117116005.3490
"Bourne ultimatum",1371774660,1374276360,2501700,117116005.3490
"Bourne ultimatum",1371779280,1485068256,113288976,117116005.3490
"Bourne ultimatum",1371779280,1372275420,496140,117116005.3490
"Bourne ultimatum",1371858660,1485068256,113209596,117116005.3490
"Bourne ultimatum",1371858660,1371936960,78300,117116005.3490
"Bourne ultimatum",1371934620,1485068256,113133636,117116005.3490
"Bourne ultimatum",1371934620,1372729620,795000,117116005.3490
"Bourne ultimatum",1371936540,1485068256,113131716,117116005.3490
"Bourne ultimatum",1371936540,1372455780,519240,117116005.3490
"Bourne ultimatum",1371942060,1485068256,113126196,117116005.3490
"Bourne ultimatum",1371942060,1373567160,1625100,117116005.3490
"Bourne ultimatum",1372029240,1485068256,113039016,117116005.3490
"Bourne ultimatum",1372029240,1373240160,1210920,117116005.3490
"Bourne ultimatum",1372115220,1485068256,112953036,117116005.3490
"Bourne ultimatum",1372126860,1485068256,112941396,117116005.3490
"Bourne ultimatum",1372126860,1372289580,162720,117116005.3490
"Bourne ultimatum",1372127640,1485068256,112940616,117116005.3490
"Bourne ultimatum",1372127640,1372904520,776880,117116005.3490
"Bourne ultimatum",1372291800,1485068256,112776456,117116005.3490
"Bourne ultimatum",1372291800,1372441860,150060,117116005.3490
"Bourne ultimatum",1372293120,1485068256,112775136,117116005.3490
"Bourne ultimatum",1372293120,1373334780,1041660,117116005.3490
"Bourne ultimatum",1372366620,1485068256,112701636,117116005.3490
"Bourne ultimatum",1372366620,1375134060,2767440,117116005.3490
"Bourne ultimatum",1372368720,1485068256,112699536,117116005.3490
"Bourne ultimatum",1372368720,1372891500,522780,117116005.3490
"Bourne ultimatum",1372534200,1485068256,112534056,117116005.3490
"Bourne ultimatum",1372534200,1375571460,3037260,117116005.3490
"Bourne ultimatum",1372803360,1485068256,112264896,117116005.3490
"Bourne ultimatum",1372803360,1372895100,91740,117116005.3490
"Bourne ultimatum",1372881060,1485068256,112187196,117116005.3490
"Bourne ultimatum",1372881060,1373488140,607080,117116005.3490
"Bourne ultimatum",1372882620,1485068256,112185636,117116005.3490
"Bourne ultimatum",1372882620,1373407020,524400,117116005.3490
"Bourne ultimatum",1372887000,1485068256,112181256,117116005.3490
"Bourne ultimatum",1372897260,1485068256,112170996,117116005.3490
"Bourne ultimatum",1372897260,1373580300,683040,117116005.3490
"Bourne ultimatum",1373054100,1485068256,112014156,117116005.3490
"Bourne ultimatum",1373141940,1485068256,111926316,117116005.3490
"Bourne ultimatum",1373141940,1373921760,779820,117116005.3490
"Bourne ultimatum",1373147880,1485068256,111920376,117116005.3490
"Bourne ultimatum",1373147880,1373314320,166440,117116005.3490
"Bourne ultimatum",1373158380,1485068256,111909876,117116005.3490
"Bourne ultimatum",1373158380,1374794520,1636140,117116005.3490
"Bourne ultimatum",1373232660,1485068256,111835596,117116005.3490
"Bourne ultimatum",1373407500,1485068256,111660756,117116005.3490
"Bourne ultimatum",1373407500,1373673360,265860,117116005.3490
"Bourne ultimatum",1373591040,1485068256,111477216,117116005.3490
"Bourne ultimatum",1373671380,1485068256,111396876,117116005.3490
"Bourne ultimatum",1373671380,1374023040,351660,117116005.3490
"Bourne ultimatum",1373746620,1485068256,111321636,117116005.3490
"Bourne ultimatum",1373746620,1373820480,73860,117116005.3490
"Bourne ultimatum",1373756100,1485068256,111312156,117116005.3490
"Bourne ultimatum",1373756100,1374612360,856260,117116005.3490
"Bourne ultimatum",1373759340,1485068256,111308916,117116005.3490
"Bourne ultimatum",1373759340,1373840760,81420,117116005.3490
"Bourne ultimatum",1373934600,1485068256,111133656,117116005.3490
"Bourne ultimatum",1373934600,1375145100,1210500,117116005.3490
"Bourne ultimatum",1374111540,1485068256,110956716,117116005.3490
"Bourne ultimatum",1374111540,1485068256,110956716,117116005.3490
"Bourne ultimatum",1374111540,1374200760,89220,117116005.3490
"Bourne ultimatum",1374111540,1375055340,943800,117116005.3490
"Bourne ultimatum",1374176460,1485068256,110891796,117116005.3490
"Bourne ultimatum",1374176460,1375045680,869220,117116005.3490
"Bourne ultimatum",1374269820,1485068256,110798436,117116005.3490
"Bourne ultimatum",1374269820,1375228200,958380,117116005.3490
"Bourne ultimatum",1374350460,1485068256,110717796,117116005.3490
"Bourne ultimatum",1374354480,1485068256,110713776,117116005.3490
"Bourne ultimatum",1374354480,1375745400,1390920,117116005.3490
"Bourne ultimatum",1374355200,1485068256,110713056,117116005.3490
"Bourne ultimatum",1374355200,1377470940,3115740,117116005.3490
"Bourne ultimatum",1374367980,1485068256,110700276,117116005.3490
"Bourne ultimatum",1374367980,1374629940,261960,117116005.3490
"Bourne ultimatum",1374690780,1485068256,110377476,117116005.3490
"Bourne ultimatum",1374690780,1394572860,19882080,117116005.3490
"Bourne ultimatum",1374694560,1485068256,110373696,117116005.3490
"Bourne ultimatum",1374694560,1375304760,610200,117116005.3490
"Bourne ultimatum",1374695760,1485068256,110372496,117116005.3490
"Bourne ultimatum",1374777540,1485068256,110290716,117116005.3490
"Bourne ultimatum",1374780360,1485068256,110287896,117116005.3490
"Bourne ultimatum",1374780360,1375751940,971580,117116005.3490
"Bourne ultimatum",1374881220,1485068256,110187036,117116005.3490
"Bourne ultimatum",1374881220,1374966780,85560,117116005.3490
"Bourne ultimatum",1375042200,1485068256,110026056,117116005.3490
"Bourne ultimatum",1375042200,1375654800,612600,117116005.3490
"Bourne ultimatum",1375150260,1485068256,109917996,117116005.3490
"Bourne ultimatum",1375150380,1485068256,109917876,117116005.3490
"Bourne ultimatum",1375210920,1485068256,109857336,117116005.3490
"Bourne ultimatum",1375380000,1485068256,109688256,117116005.3490
"Bourne ultimatum",1375380000,1376600520,1220520,117116005.3490
"Bourne ultimatum",1375551660,1485068256,109516596,117116005.3490
"Bourne ultimatum",1375551660,1376164020,612360,117116005.3490
"Bourne ultimatum",1375562940,1485068256,109505316,117116005.3490
"Bourne ultimatum",1375723800,1485068256,109344456,117116005.3490
"Bourne ultimatum",1375730880,1485068256,109337376,117116005.3490
"Bourne ultimatum",1375730880,1378496400,2765520,117116005.3490
"Bourne ultimatum",1375755600,1485068256,109312656,117116005.3490
"Bourne ultimatum",1375755600,1376078220,322620,117116005.3490
"Bourne ultimatum",1375821900,1485068256,109246356,117116005.3490
"Bourne ultimatum",1375821900,1376173500,351600,117116005.3490
"Bourne ultimatum",1375832460,1485068256,109235796,117116005.3490
"Bourne ultimatum",1375897200,1485068256,109171056,117116005.3490
"Bourne ultimatum",1375897200,1375995780,98580,117116005.3490
"Bourne ultimatum",1376006580,1485068256,109061676,117116005.3490
"Bourne ultimatum",1376006580,1376361900,355320,117116005.3490
"Bourne ultimatum",1376082780,1485068256,108985476,117116005.3490
"Bourne ultimatum",1376082780,1377138900,1056120,117116005.3490
"Bourne ultimatum",1376090640,1485068256,108977616,117116005.3490
"Bourne ultimatum",1376265360,1485068256,108802896,117116005.3490
"Bourne ultimatum",1376265360,1377636420,1371060,117116005.3490
"Bourne ultimatum",1376331840,1485068256,108736416,117116005.3490
"Bourne ultimatum",1376331840,1376958000,626160,117116005.3490
"Bourne ultimatum",1376341860,1485068256,108726396,117116005.3490
"Bourne ultimatum",1376341860,1378338240,1996380,117116005.3490
"Bourne ultimatum",1376432100,1485068256,108636156,117116005.3490
"Bourne ultimatum",1376432340,1485068256,108635916,117116005.3490
"Bourne ultimatum",1376437080,1485068256,108631176,117116005.3490
"Bourne ultimatum",1376437080,1377388920,951840,117116005.3490
"Bourne ultimatum",1376528580,1485068256,108539676,117116005.3490
"Bourne ultimatum",1376528580,1377388980,860400,117116005.3490
"Bourne ultimatum",1376611500,1485068256,108456756,117116005.3490
"Bourne ultimatum",1376611500,1377566760,955260,117116005.3490
"Bourne ultimatum",1376621520,1485068256,108446736,117116005.3490
"Bourne ultimatum",1376621520,1377387780,766260,117116005.3490
"Bourne ultimatum",1376675880,1485068256,108392376,117116005.3490
"Bourne ultimatum",1376675880,1377304620,628740,117116005.3490
"Bourne ultimatum",1376940840,1485068256,108127416,117116005.3490
"Bourne ultimatum",1376940840,1377902760,961920,117116005.3490
"Bourne ultimatum",1376963880,1485068256,108104376,117116005.3490
"Bourne ultimatum",1376963880,1378256820,1292940,117116005.3490
"Bourne ultimatum",1377131520,1485068256,107936736,117116005.3490
"Bourne ultimatum",1377131520,1377653640,522120,117116005.3490
"Bourne ultimatum",1377295680,1377295620,60,117116005.3490
"Bourne ultimatum",1377386220,1485068256,107682036,117116005.3490
"Bourne ultimatum",1377468420,1485068256,107599836,117116005.3490
"Bourne ultimatum",1377468420,1377905880,437460,117116005.3490
"Bourne ultimatum",1377471120,1485068256,107597136,117116005.3490
"Bourne ultimatum",1377471120,1379527500,2056380,117116005.3490
"Bourne ultimatum",1377545400,1485068256,107522856,117116005.3490
"Bourne ultimatum",1377545400,1377978420,433020,117116005.3490
"Bourne ultimatum",1377559500,1485068256,107508756,117116005.3490
"Bourne ultimatum",1377559500,1377827280,267780,117116005.3490
"Bourne ultimatum",1377641040,1485068256,107427216,117116005.3490
"Bourne ultimatum",1377641040,1377991080,350040,117116005.3490
"Bourne ultimatum",1377642600,1485068256,107425656,117116005.3490
"Bourne ultimatum",1377642600,1378337460,694860,117116005.3490
"Bourne ultimatum",1377730320,1485068256,107337936,117116005.3490
"Bourne ultimatum",1377810600,1485068256,107257656,117116005.3490
"Bourne ultimatum",1377892680,1485068256,107175576,117116005.3490
"Bourne ultimatum",1377892680,1378347720,455040,117116005.3490
"Bourne ultimatum",1377898500,1485068256,107169756,117116005.3490
"Bourne ultimatum",1377906180,1485068256,107162076,117116005.3490
"Bourne ultimatum",1377906180,1378240740,334560,117116005.3490
"Bourne ultimatum",1378069200,1485068256,106999056,117116005.3490
"Bourne ultimatum",1378071540,1485068256,106996716,117116005.3490
"Bourne ultimatum",1378071540,1379116500,1044960,117116005.3490
"Bourne ultimatum",1378078260,1485068256,106989996,117116005.3490
"Bourne ultimatum",1378252380,1485068256,106815876,117116005.3490
"Bourne ultimatum",1378252380,1378857180,604800,117116005.3490
"Bourne ultimatum",1378258380,1485068256,106809876,117116005.3490
"Bourne ultimatum",1378348860,1485068256,106719396,117116005.3490
"Bourne ultimatum",1378408020,1485068256,106660236,117116005.3490
"Bourne ultimatum",1378408020,1379109420,701400,117116005.3490
"Bourne ultimatum",1378408800,1485068256,106659456,117116005.3490
"Bourne ultimatum",1378408800,1381273380,2864580,117116005.3490
"Bourne ultimatum",1378411800,1485068256,106656456,117116005.3490
"Bourne ultimatum",1378411800,1378679760,267960,117116005.3490
"Bourne ultimatum",1378411980,1485068256,106656276,117116005.3490
"Bourne ultimatum",1378411980,1379628540,1216560,117116005.3490
"Bourne ultimatum",1378599120,1485068256,106469136,117116005.3490
"Bourne ultimatum",1378599120,1381017120,2418000,117116005.3490
"Bourne ultimatum",1378937820,1485068256,106130436,117116005.3490
"Bourne ultimatum",1379109180,1485068256,105959076,117116005.3490
"Bourne ultimatum",1379109180,1379440080,330900,117116005.3490
"Bourne ultimatum",1379117400,1485068256,105950856,117116005.3490
"Bourne ultimatum",1379117400,1380327480,1210080,117116005.3490
"Bourne ultimatum",1379374260,1485068256,105693996,117116005.3490
"Bourne ultimatum",1379374260,1381625760,2251500,117116005.3490
"Bourne ultimatum",1379382360,1485068256,105685896,117116005.3490
"Bourne ultimatum",1379382360,1379630460,248100,117116005.3490
"Bourne ultimatum",1379450700,1485068256,105617556,117116005.3490
"Bourne ultimatum",1379450700,1380586740,1136040,117116005.3490
"Bourne ultimatum",1379453940,1485068256,105614316,117116005.3490
"Bourne ultimatum",1379453940,1381183380,1729440,117116005.3490
"Bourne ultimatum",1379470080,1485068256,105598176,117116005.3490
"Bourne ultimatum",1379715420,1485068256,105352836,117116005.3490
"Bourne ultimatum",1379715420,1380594120,878700,117116005.3490
"Bourne ultimatum",1379791200,1485068256,105277056,117116005.3490
"Bourne ultimatum",1380045360,1485068256,105022896,117116005.3490
"Bourne ultimatum",1380045360,1380161340,115980,117116005.3490
"Bourne ultimatum",1380234960,1485068256,104833296,117116005.3490
"Bourne ultimatum",1380319500,1485068256,104748756,117116005.3490
"Bourne ultimatum",1380490500,1485068256,104577756,117116005.3490
"Bourne ultimatum",1380490500,1381784460,1293960,117116005.3490
"Bourne ultimatum",1380584580,1485068256,104483676,117116005.3490
"Bourne ultimatum",1380847740,1485068256,104220516,117116005.3490
"Bourne ultimatum",1380847740,1382827080,1979340,117116005.3490
"Bourne ultimatum",1380997200,1485068256,104071056,117116005.3490
"Bourne ultimatum",1381007340,1485068256,104060916,117116005.3490
"Bourne ultimatum",1381017180,1485068256,104051076,117116005.3490
"Bourne ultimatum",1381187640,1485068256,103880616,117116005.3490
"Bourne ultimatum",1381187640,1381263060,75420,117116005.3490
"Bourne ultimatum",1381286400,1485068256,103781856,117116005.3490
"Bourne ultimatum",1381349580,1485068256,103718676,117116005.3490
"Bourne ultimatum",1381349580,1384377420,3027840,117116005.3490
"Bourne ultimatum",1381354080,1485068256,103714176,117116005.3490
"Bourne ultimatum",1381354080,1382385720,1031640,117116005.3490
"Bourne ultimatum",1381424580,1485068256,103643676,117116005.3490
"Bourne ultimatum",1381424580,1381874520,449940,117116005.3490
"Bourne ultimatum",1381535580,1485068256,103532676,117116005.3490
"Bourne ultimatum",1381535580,1382656680,1121100,117116005.3490
"Bourne ultimatum",1381611780,1485068256,103456476,117116005.3490
"Bourne ultimatum",1381775580,1485068256,103292676,117116005.3490
"Bourne ultimatum",1381775580,1382136180,360600,117116005.3490
"Bourne ultimatum",1382054220,1485068256,103014036,117116005.3490
"Bourne ultimatum",1382054220,1382552280,498060,117116005.3490
"Bourne ultimatum",1382213640,1485068256,102854616,117116005.3490
"Bourne ultimatum",1382302740,1485068256,102765516,117116005.3490
"Bourne ultimatum",1382302740,1383619140,1316400,117116005.3490
"Bourne ultimatum",1382402340,1485068256,102665916,117116005.3490
"Bourne ultimatum",1382402340,1383179340,777000,117116005.3490
"Bourne ultimatum",1382644500,1485068256,102423756,117116005.3490
"Bourne ultimatum",1382649120,1485068256,102419136,117116005.3490
"Bourne ultimatum",1382649120,1383000540,351420,117116005.3490
"Bourne ultimatum",1382667180,1485068256,102401076,117116005.3490
"Bourne ultimatum",1382731680,1485068256,102336576,117116005.3490
"Bourne ultimatum",1382731680,1383082320,350640,117116005.3490
"Bourne ultimatum",1382737800,1485068256,102330456,117116005.3490
"Bourne ultimatum",1382737800,1383347100,609300,117116005.3490
"Bourne ultimatum",1382742060,1485068256,102326196,117116005.3490
"Bourne ultimatum",1382742060,1383340560,598500,117116005.3490
"Bourne ultimatum",1383154800,1485068256,101913456,117116005.3490
"Bourne ultimatum",1383154800,1383337620,182820,117116005.3490
"Bourne ultimatum",1383331140,1485068256,101737116,117116005.3490
"Bourne ultimatum",1383348420,1485068256,101719836,117116005.3490
"Bourne ultimatum",1383348420,1385336280,1987860,117116005.3490
"Bourne ultimatum",1383352140,1485068256,101716116,117116005.3490
"Bourne ultimatum",1383352140,1384734960,1382820,117116005.3490
"Bourne ultimatum",1383353640,1485068256,101714616,117116005.3490
"Bourne ultimatum",1383353640,1384892340,1538700,117116005.3490
"Bourne ultimatum",1383416460,1485068256,101651796,117116005.3490
"Bourne ultimatum",1383416460,1383763140,346680,117116005.3490
"Bourne ultimatum",1383419880,1485068256,101648376,117116005.3490
"Bourne ultimatum",1383419880,1383617700,197820,117116005.3490
"Bourne ultimatum",1383434100,1485068256,101634156,117116005.3490
"Bourne ultimatum",1383434100,1383618840,184740,117116005.3490
"Bourne ultimatum",1383439260,1485068256,101628996,117116005.3490
"Bourne ultimatum",1383621720,1485068256,101446536,117116005.3490
"Bourne ultimatum",1383621720,1386905100,3283380,117116005.3490
"Bourne ultimatum",1383686460,1485068256,101381796,117116005.3490
"Bourne ultimatum",1383686460,1383876780,190320,117116005.3490
"Bourne ultimatum",1383764100,1485068256,101304156,117116005.3490
"Bourne ultimatum",1383764100,1384285500,521400,117116005.3490
"Bourne ultimatum",1383775140,1485068256,101293116,117116005.3490
"Bourne ultimatum",1383775140,1384046280,271140,117116005.3490
"Bourne ultimatum",1383853440,1485068256,101214816,117116005.3490
"Bourne ultimatum",1383853440,1384303260,449820,117116005.3490
"Bourne ultimatum",1384040640,1485068256,101027616,117116005.3490
"Bourne ultimatum",1384121220,1485068256,100947036,117116005.3490
"Bourne ultimatum",1384121220,1386198720,2077500,117116005.3490
"Bourne ultimatum",1384470120,1485068256,100598136,117116005.3490
"Bourne ultimatum",1384565700,1485068256,100502556,117116005.3490
"Bourne ultimatum",1384565700,1384810320,244620,117116005.3490
"Bourne ultimatum",1384640820,1485068256,100427436,117116005.3490
"Bourne ultimatum",1384640820,1384988580,347760,117116005.3490
"Bourne ultimatum",1384647300,1485068256,100420956,117116005.3490
"Bourne ultimatum",1384647300,1384907220,259920,117116005.3490
"Bourne ultimatum",1384648980,1485068256,100419276,117116005.3490
"Bourne ultimatum",1384648980,1385233920,584940,117116005.3490
"Bourne ultimatum",1384727100,1485068256,100341156,117116005.3490
"Bourne ultimatum",1384727100,1385241180,514080,117116005.3490
"Bourne ultimatum",1384810320,1485068256,100257936,117116005.3490
"Bourne ultimatum",1384810320,1386375000,1564680,117116005.3490
"Bourne ultimatum",1384812900,1485068256,100255356,117116005.3490
"Bourne ultimatum",1384812900,1385493780,680880,117116005.3490
"Bourne ultimatum",1384892400,1485068256,100175856,117116005.3490
"Bourne ultimatum",1384892400,1385065740,173340,117116005.3490
"Bourne ultimatum",1385082480,1485068256,99985776,117116005.3490
"Bourne ultimatum",1385082480,1385415720,333240,117116005.3490
"Bourne ultimatum",1385168580,1485068256,99899676,117116005.3490
"Bourne ultimatum",1385241000,1485068256,99827256,117116005.3490
"Bourne ultimatum",1385241000,1386368400,1127400,117116005.3490
"Bourne ultimatum",1385249040,1485068256,99819216,117116005.3490
"Bourne ultimatum",1385249040,1385328720,79680,117116005.3490
"Bourne ultimatum",1385424420,1485068256,99643836,117116005.3490
"Bourne ultimatum",1385424420,1386630120,1205700,117116005.3490
"Bourne ultimatum",1385425920,1485068256,99642336,117116005.3490
"Bourne ultimatum",1385433840,1485068256,99634416,117116005.3490
"Bourne ultimatum",1385512440,1485068256,99555816,117116005.3490
"Bourne ultimatum",1385512440,1386714060,1201620,117116005.3490
"Bourne ultimatum",1385860440,1485068256,99207816,117116005.3490
"Bourne ultimatum",1385939400,1485068256,99128856,117116005.3490
"Bourne ultimatum",1386015480,1485068256,99052776,117116005.3490
"Bourne ultimatum",1386015480,1386206040,190560,117116005.3490
"Bourne ultimatum",1386016560,1485068256,99051696,117116005.3490
"Bourne ultimatum",1386016560,1386446820,430260,117116005.3490
"Bourne ultimatum",1386376440,1485068256,98691816,117116005.3490
"Bourne ultimatum",1386376440,1387411740,1035300,117116005.3490
"Bourne ultimatum",1386448020,1485068256,98620236,117116005.3490
"Bourne ultimatum",1386448020,1386626580,178560,117116005.3490
"Bourne ultimatum",1386464040,1485068256,98604216,117116005.3490
"Bourne ultimatum",1386464040,1387320600,856560,117116005.3490
"Bourne ultimatum",1386542100,1485068256,98526156,117116005.3490
"Bourne ultimatum",1386544320,1485068256,98523936,117116005.3490
"Bourne ultimatum",1386544320,1386812880,268560,117116005.3490
"Bourne ultimatum",1386713340,1485068256,98354916,117116005.3490
"Bourne ultimatum",1386713340,1386894000,180660,117116005.3490
"Bourne ultimatum",1386728040,1485068256,98340216,117116005.3490
"Bourne ultimatum",1386728040,1386811800,83760,117116005.3490
"Bourne ultimatum",1386805200,1485068256,98263056,117116005.3490
"Bourne ultimatum",1386805200,1387758360,953160,117116005.3490
"Bourne ultimatum",1386884940,1485068256,98183316,117116005.3490
"Bourne ultimatum",1386970920,1485068256,98097336,117116005.3490
"Bourne ultimatum",1387053480,1485068256,98014776,117116005.3490
"Bourne ultimatum",1387066380,1485068256,98001876,117116005.3490
"Bourne ultimatum",1387066380,1388276040,1209660,117116005.3490
"Bourne ultimatum",1387151820,1485068256,97916436,117116005.3490
"Bourne ultimatum",1387334880,1485068256,97733376,117116005.3490
"Bourne ultimatum",1387498080,1485068256,97570176,117116005.3490
"Bourne ultimatum",1387676280,1485068256,97391976,117116005.3490
"Bourne ultimatum",1387676280,1387856760,180480,117116005.3490
"Bourne ultimatum",1387749780,1485068256,97318476,117116005.3490
"Bourne ultimatum",1387749780,1388708100,958320,117116005.3490
"Bourne ultimatum",1388180340,1485068256,96887916,117116005.3490
"Bourne ultimatum",1388180340,1388273280,92940,117116005.3490
"Bourne ultimatum",1388195940,1485068256,96872316,117116005.3490
"Bourne ultimatum",1388195940,1389987600,1791660,117116005.3490
"Bourne ultimatum",1388427180,1485068256,96641076,117116005.3490
"Bourne ultimatum",1388427180,1390600140,2172960,117116005.3490
"Bourne ultimatum",1388433480,1485068256,96634776,117116005.3490
"Bourne ultimatum",1388456100,1485068256,96612156,117116005.3490
"Bourne ultimatum",1388456100,1389402480,946380,117116005.3490
"Bourne ultimatum",1388690760,1485068256,96377496,117116005.3490
"Bourne ultimatum",1388690760,1388962320,271560,117116005.3490
"Bourne ultimatum",1388696340,1485068256,96371916,117116005.3490
"Bourne ultimatum",1388696340,1389227940,531600,117116005.3490
"Bourne ultimatum",1388790540,1485068256,96277716,117116005.3490
"Bourne ultimatum",1388790540,1390343160,1552620,117116005.3490
"Bourne ultimatum",1388864820,1485068256,96203436,117116005.3490
"Bourne ultimatum",1388879280,1485068256,96188976,117116005.3490
"Bourne ultimatum",1388962680,1485068256,96105576,117116005.3490
"Bourne ultimatum",1388962680,1392501300,3538620,117116005.3490
"Bourne ultimatum",1389128580,1485068256,95939676,117116005.3490
"Bourne ultimatum",1389128580,1390079460,950880,117116005.3490
"Bourne ultimatum",1389228480,1485068256,95839776,117116005.3490
"Bourne ultimatum",1389228480,1390344180,1115700,117116005.3490
"Bourne ultimatum",1389314460,1485068256,95753796,117116005.3490
"Bourne ultimatum",1389656400,1485068256,95411856,117116005.3490
"Bourne ultimatum",1389656400,1390351860,695460,117116005.3490
"Bourne ultimatum",1389821520,1485068256,95246736,117116005.3490
"Bourne ultimatum",1389902400,1485068256,95165856,117116005.3490
"Bourne ultimatum",1389902400,1390679040,776640,117116005.3490
"Bourne ultimatum",1389996180,1485068256,95072076,117116005.3490
"Bourne ultimatum",1390169160,1485068256,94899096,117116005.3490
"Bourne ultimatum",1390345020,1485068256,94723236,117116005.3490
"Bourne ultimatum",1390345020,1391569320,1224300,117116005.3490
"Bourne ultimatum",1390345020,1391808120,1463100,117116005.3490
"Bourne ultimatum",1390505520,1485068256,94562736,117116005.3490
"Bourne ultimatum",1390505520,1391110800,605280,117116005.3490
"Bourne ultimatum",1390675080,1485068256,94393176,117116005.3490
"Bourne ultimatum",1390675080,1391025840,350760,117116005.3490
"Bourne ultimatum",1390689060,1485068256,94379196,117116005.3490
"Bourne ultimatum",1390864140,1485068256,94204116,117116005.3490
"Bourne ultimatum",1390864140,1391297460,433320,117116005.3490
"Bourne ultimatum",1390875240,1485068256,94193016,117116005.3490
"Bourne ultimatum",1390875240,1392263580,1388340,117116005.3490
"Bourne ultimatum",1390876320,1485068256,94191936,117116005.3490
"Bourne ultimatum",1390876320,1407282180,16405860,117116005.3490
"Bourne ultimatum",1391129220,1485068256,93939036,117116005.3490
"Bourne ultimatum",1391129220,1391657760,528540,117116005.3490
"Bourne ultimatum",1391205060,1485068256,93863196,117116005.3490
"Bourne ultimatum",1391205060,1392348600,1143540,117116005.3490
"Bourne ultimatum",1391542680,1485068256,93525576,117116005.3490
"Bourne ultimatum",1391542680,1392582840,1040160,117116005.3490
"Bourne ultimatum",1391548980,1485068256,93519276,117116005.3490
"Bourne ultimatum",1391548980,1392328440,779460,117116005.3490
"Bourne ultimatum",1391561340,1485068256,93506916,117116005.3490
"Bourne ultimatum",1391561340,1391642400,81060,117116005.3490
"Bourne ultimatum",1391659200,1485068256,93409056,117116005.3490
"Bourne ultimatum",1391659200,1391910720,251520,117116005.3490
"Bourne ultimatum",1391903340,1485068256,93164916,117116005.3490
"Bourne ultimatum",1391903340,1392233580,330240,117116005.3490
"Bourne ultimatum",1391907960,1485068256,93160296,117116005.3490
"Bourne ultimatum",1391907960,1392776040,868080,117116005.3490
"Bourne ultimatum",1391993040,1485068256,93075216,117116005.3490
"Bourne ultimatum",1392066060,1485068256,93002196,117116005.3490
"Bourne ultimatum",1392066060,1393297260,1231200,117116005.3490
"Bourne ultimatum",1392071100,1485068256,92997156,117116005.3490
"Bourne ultimatum",1392255840,1485068256,92812416,117116005.3490
"Bourne ultimatum",1392255840,1392778200,522360,117116005.3490
"Bourne ultimatum",1392507360,1485068256,92560896,117116005.3490
"Bourne ultimatum",1392507360,1392777360,270000,117116005.3490
"Bourne ultimatum",1392514740,1485068256,92553516,117116005.3490
"Bourne ultimatum",1392596280,1485068256,92471976,117116005.3490
"Bourne ultimatum",1392596280,1392761280,165000,117116005.3490
"Bourne ultimatum",1392837900,1485068256,92230356,117116005.3490
"Bourne ultimatum",1392837900,1394052300,1214400,117116005.3490
"Bourne ultimatum",1392846000,1485068256,92222256,117116005.3490
"Bourne ultimatum",1392846000,1393710180,864180,117116005.3490
"Bourne ultimatum",1393006020,1485068256,92062236,117116005.3490
"Bourne ultimatum",1393006020,1393443240,437220,117116005.3490
"Bourne ultimatum",1393028580,1485068256,92039676,117116005.3490
"Bourne ultimatum",1393028580,1395965760,2937180,117116005.3490
"Bourne ultimatum",1393098660,1485068256,91969596,117116005.3490
"Bourne ultimatum",1393098660,1394311140,1212480,117116005.3490
"Bourne ultimatum",1393203300,1485068256,91864956,117116005.3490
"Bourne ultimatum",1393203300,1396221960,3018660,117116005.3490
"Bourne ultimatum",1393269300,1485068256,91798956,117116005.3490
"Bourne ultimatum",1393269300,1394137620,868320,117116005.3490
"Bourne ultimatum",1393533660,1485068256,91534596,117116005.3490
"Bourne ultimatum",1393709460,1485068256,91358796,117116005.3490
"Bourne ultimatum",1394053380,1485068256,91014876,117116005.3490
"Bourne ultimatum",1394053380,1395356700,1303320,117116005.3490
"Bourne ultimatum",1394061360,1485068256,91006896,117116005.3490
"Bourne ultimatum",1394224980,1485068256,90843276,117116005.3490
"Bourne ultimatum",1394224980,1394327700,102720,117116005.3490
"Bourne ultimatum",1394310360,1485068256,90757896,117116005.3490
"Bourne ultimatum",1394310360,1394559840,249480,117116005.3490
"Bourne ultimatum",1394575080,1485068256,90493176,117116005.3490
"Bourne ultimatum",1394575080,1395184980,609900,117116005.3490
"Bourne ultimatum",1394580660,1485068256,90487596,117116005.3490
"Bourne ultimatum",1394580660,1395773820,1193160,117116005.3490
"Bourne ultimatum",1394650620,1485068256,90417636,117116005.3490
"Bourne ultimatum",1394650620,1394832960,182340,117116005.3490
"Bourne ultimatum",1394903400,1485068256,90164856,117116005.3490
"Bourne ultimatum",1394903400,1395532800,629400,117116005.3490
"Bourne ultimatum",1394928240,1485068256,90140016,117116005.3490
"Bourne ultimatum",1394928240,1396137960,1209720,117116005.3490
"Bourne ultimatum",1395009720,1485068256,90058536,117116005.3490
"Bourne ultimatum",1395009720,1396579860,1570140,117116005.3490
"Bourne ultimatum",1395685680,1485068256,89382576,117116005.3490
"Bourne ultimatum",1395685680,1395853320,167640,117116005.3490
"Bourne ultimatum",1395778080,1485068256,89290176,117116005.3490
"Bourne ultimatum",1395778080,1396901700,1123620,117116005.3490
"Bourne ultimatum",1395863340,1396058520,195180,117116005.3490
"Bourne ultimatum",1396121700,1485068256,88946556,117116005.3490
"Bourne ultimatum",1396121700,1400367660,4245960,117116005.3490
"Bourne ultimatum",1396206180,1396206420,240,117116005.3490
"Bourne ultimatum",1396406940,1485068256,88661316,117116005.3490
"Bourne ultimatum",1396406940,1396822800,415860,117116005.3490
"Bourne ultimatum",1396467360,1485068256,88600896,117116005.3490
"Bourne ultimatum",1396467360,1397247540,780180,117116005.3490
"Bourne ultimatum",1396557120,1485068256,88511136,117116005.3490
"Bourne ultimatum",1396557120,1399153980,2596860,117116005.3490
"Bourne ultimatum",1396557480,1485068256,88510776,117116005.3490
"Bourne ultimatum",1396557480,1397787240,1229760,117116005.3490
"Bourne ultimatum",1396737420,1485068256,88330836,117116005.3490
"Bourne ultimatum",1396737420,1398285240,1547820,117116005.3490
"Bourne ultimatum",1396740240,1485068256,88328016,117116005.3490
"Bourne ultimatum",1396740240,1397085720,345480,117116005.3490
"Bourne ultimatum",1396743660,1485068256,88324596,117116005.3490
"Bourne ultimatum",1396825020,1485068256,88243236,117116005.3490
"Bourne ultimatum",1396825020,1397603160,778140,117116005.3490
"Bourne ultimatum",1397166240,1485068256,87902016,117116005.3490
"Bourne ultimatum",1397416500,1485068256,87651756,117116005.3490
"Bourne ultimatum",1397416500,1398627000,1210500,117116005.3490
"Bourne ultimatum",1397513220,1485068256,87555036,117116005.3490
"Bourne ultimatum",1397513220,1398114900,601680,117116005.3490
"Bourne ultimatum",1397521260,1485068256,87546996,117116005.3490
"Bourne ultimatum",1397521260,1402706280,5185020,117116005.3490
"Bourne ultimatum",1397765280,1485068256,87302976,117116005.3490
"Bourne ultimatum",1397777040,1485068256,87291216,117116005.3490
"Bourne ultimatum",1397777040,1398992100,1215060,117116005.3490
"Bourne ultimatum",1398038160,1485068256,87030096,117116005.3490
"Bourne ultimatum",1398104400,1485068256,86963856,117116005.3490
"Bourne ultimatum",1398104400,1399591500,1487100,117116005.3490
"Bourne ultimatum",1398289860,1485068256,86778396,117116005.3490
"Bourne ultimatum",1398289860,1398976380,686520,117116005.3490
"Bourne ultimatum",1398366060,1485068256,86702196,117116005.3490
"Bourne ultimatum",1398366060,1398535500,169440,117116005.3490
"Bourne ultimatum",1398540900,1485068256,86527356,117116005.3490
"Bourne ultimatum",1398540900,1398821520,280620,117116005.3490
"Bourne ultimatum",1398708960,1485068256,86359296,117116005.3490
"Bourne ultimatum",1398796560,1485068256,86271696,117116005.3490
"Bourne ultimatum",1398796560,1399662840,866280,117116005.3490
"Bourne ultimatum",1398889860,1485068256,86178396,117116005.3490
"Bourne ultimatum",1398889860,1399330620,440760,117116005.3490
"Bourne ultimatum",1399149540,1485068256,85918716,117116005.3490
"Bourne ultimatum",1399149540,1399847520,697980,117116005.3490
"Bourne ultimatum",1399156500,1485068256,85911756,117116005.3490
"Bourne ultimatum",1399156500,1400112540,956040,117116005.3490
"Bourne ultimatum",1399671780,1485068256,85396476,117116005.3490
"Bourne ultimatum",1399671780,1400885100,1213320,117116005.3490
"Bourne ultimatum",1399741860,1485068256,85326396,117116005.3490
"Bourne ultimatum",1399741860,1400805480,1063620,117116005.3490
"Bourne ultimatum",1399948980,1485068256,85119276,117116005.3490
"Bourne ultimatum",1399948980,1400368140,419160,117116005.3490
"Bourne ultimatum",1400119740,1485068256,84948516,117116005.3490
"Bourne ultimatum",1400119740,1401057960,938220,117116005.3490
"Bourne ultimatum",1400184900,1485068256,84883356,117116005.3490
"Bourne ultimatum",1400282820,1485068256,84785436,117116005.3490
"Bourne ultimatum",1400282820,1402613460,2330640,117116005.3490
"Bourne ultimatum",1400351400,1485068256,84716856,117116005.3490
"Bourne ultimatum",1400351400,1400638440,287040,117116005.3490
"Bourne ultimatum",1400880720,1485068256,84187536,117116005.3490
"Bourne ultimatum",1400880720,1401569160,688440,117116005.3490
"Bourne ultimatum",1400881320,1485068256,84186936,117116005.3490
"Bourne ultimatum",1400881320,1401051600,170280,117116005.3490
"Bourne ultimatum",1400886600,1485068256,84181656,117116005.3490
"Bourne ultimatum",1400886600,1401316740,430140,117116005.3490
"Bourne ultimatum",1400952720,1485068256,84115536,117116005.3490
"Bourne ultimatum",1400952720,1402168440,1215720,117116005.3490
"Bourne ultimatum",1400961180,1485068256,84107076,117116005.3490
"Bourne ultimatum",1400961180,1401571740,610560,117116005.3490
"Bourne ultimatum",1401057120,1485068256,84011136,117116005.3490
"Bourne ultimatum",1401329400,1485068256,83738856,117116005.3490
"Bourne ultimatum",1401329400,1402271160,941760,117116005.3490
"Bourne ultimatum",1401559620,1485068256,83508636,117116005.3490
"Bourne ultimatum",1401559620,1401583920,24300,117116005.3490
"Bourne ultimatum",1401559620,1408314480,6754860,117116005.3490
"Bourne ultimatum",1401664800,1485068256,83403456,117116005.3490
"Bourne ultimatum",1401838320,1485068256,83229936,117116005.3490
"Bourne ultimatum",1402266240,1485068256,82802016,117116005.3490
"Bourne ultimatum",1402266240,1402875120,608880,117116005.3490
"Bourne ultimatum",1402334760,1485068256,82733496,117116005.3490
"Bourne ultimatum",1402334760,1402453920,119160,117116005.3490
"Bourne ultimatum",1402453320,1485068256,82614936,117116005.3490
"Bourne ultimatum",1402453320,1402615920,162600,117116005.3490
"Bourne ultimatum",1402613580,1485068256,82454676,117116005.3490
"Bourne ultimatum",1402787460,1485068256,82280796,117116005.3490
"Bourne ultimatum",1402787460,1403825580,1038120,117116005.3490
"Bourne ultimatum",1402874220,1485068256,82194036,117116005.3490
"Bourne ultimatum",1402874220,1403908620,1034400,117116005.3490
"Bourne ultimatum",1402958460,1485068256,82109796,117116005.3490
"Bourne ultimatum",1402958460,1403830800,872340,117116005.3490
"Bourne ultimatum",1403388120,1485068256,81680136,117116005.3490
"Bourne ultimatum",1403392860,1485068256,81675396,117116005.3490
"Bourne ultimatum",1403392860,1403803860,411000,117116005.3490
"Bourne ultimatum",1403818380,1485068256,81249876,117116005.3490
"Bourne ultimatum",1403818380,1404767160,948780,117116005.3490
"Bourne ultimatum",1404077100,1485068256,80991156,117116005.3490
"Bourne ultimatum",1404077100,1404434460,357360,117116005.3490
"Bourne ultimatum",1404325080,1485068256,80743176,117116005.3490
"Bourne ultimatum",1404325080,1405548720,1223640,117116005.3490
"Bourne ultimatum",1404330900,1485068256,80737356,117116005.3490
"Bourne ultimatum",1404330900,1404867600,536700,117116005.3490
"Bourne ultimatum",1404338820,1485068256,80729436,117116005.3490
"Bourne ultimatum",1404765480,1485068256,80302776,117116005.3490
"Bourne ultimatum",1404765480,1404768900,3420,117116005.3490
"Bourne ultimatum",1404850500,1485068256,80217756,117116005.3490
"Bourne ultimatum",1404850500,1407799200,2948700,117116005.3490
"Bourne ultimatum",1404869220,1485068256,80199036,117116005.3490
"Bourne ultimatum",1404869220,1405451700,582480,117116005.3490
"Bourne ultimatum",1404943920,1485068256,80124336,117116005.3490
"Bourne ultimatum",1404943920,1406674920,1731000,117116005.3490
"Bourne ultimatum",1405016280,1485068256,80051976,117116005.3490
"Bourne ultimatum",1405016280,1405291920,275640,117116005.3490
"Bourne ultimatum",1405107120,1485068256,79961136,117116005.3490
"Bourne ultimatum",1405107120,1405550160,443040,117116005.3490
"Bourne ultimatum",1405193700,1485068256,79874556,117116005.3490
"Bourne ultimatum",1405193700,1405386900,193200,117116005.3490
"Bourne ultimatum",1405211520,1485068256,79856736,117116005.3490
"Bourne ultimatum",1405211520,1408828260,3616740,117116005.3490
"Bourne ultimatum",1405391100,1485068256,79677156,117116005.3490
"Bourne ultimatum",1405555440,1485068256,79512816,117116005.3490
"Bourne ultimatum",1405557360,1485068256,79510896,117116005.3490
"Bourne ultimatum",1405557360,1406243220,685860,117116005.3490
"Bourne ultimatum",1405625760,1485068256,79442496,117116005.3490
"Bourne ultimatum",1405625760,1405978500,352740,117116005.3490
"Bourne ultimatum",1405708440,1485068256,79359816,117116005.3490
"Bourne ultimatum",1405708440,1405971600,263160,117116005.3490
"Bourne ultimatum",1405813080,1485068256,79255176,117116005.3490
"Bourne ultimatum",1405891140,1485068256,79177116,117116005.3490
"Bourne ultimatum",1405972680,1485068256,79095576,117116005.3490
"Bourne ultimatum",1405972680,1407182220,1209540,117116005.3490
"Bourne ultimatum",1406082600,1485068256,78985656,117116005.3490
"Bourne ultimatum",1406082600,1407356700,1274100,117116005.3490
"Bourne ultimatum",1406166780,1485068256,78901476,117116005.3490
"Bourne ultimatum",1406166780,1406239920,73140,117116005.3490
"Bourne ultimatum",1406310240,1485068256,78758016,117116005.3490
"Bourne ultimatum",1406310240,1407359520,1049280,117116005.3490
"Bourne ultimatum",1406318640,1485068256,78749616,117116005.3490
"Bourne ultimatum",1406318640,1407883680,1565040,117116005.3490
"Bourne ultimatum",1406671380,1485068256,78396876,117116005.3490
"Bourne ultimatum",1406671380,1408146540,1475160,117116005.3490
"Bourne ultimatum",1407442320,1485068256,77625936,117116005.3490
"Bourne ultimatum",1407442320,1407617040,174720,117116005.3490
"Bourne ultimatum",1407540360,1485068256,77527896,117116005.3490
"Bourne ultimatum",1407540360,1408665180,1124820,117116005.3490
"Bourne ultimatum",1407612780,1485068256,77455476,117116005.3490
"Bourne ultimatum",1407613860,1485068256,77454396,117116005.3490
"Bourne ultimatum",1407613860,1407804360,190500,117116005.3490
"Bourne ultimatum",1407881760,1485068256,77186496,117116005.3490
"Bourne ultimatum",1407881760,1408228260,346500,117116005.3490
"Bourne ultimatum",1407889920,1485068256,77178336,117116005.3490
"Bourne ultimatum",1408221900,1485068256,76846356,117116005.3490
"Bourne ultimatum",1408221900,1409435160,1213260,117116005.3490
"Bourne ultimatum",1408230840,1485068256,76837416,117116005.3490
"Bourne ultimatum",1408230840,1408414320,183480,117116005.3490
"Bourne ultimatum",1408568940,1485068256,76499316,117116005.3490
"Bourne ultimatum",1408568940,1408915260,346320,117116005.3490
"Bourne ultimatum",1408648200,1485068256,76420056,117116005.3490
"Bourne ultimatum",1408648200,1409183580,535380,117116005.3490
"Bourne ultimatum",1408743480,1485068256,76324776,117116005.3490
"Bourne ultimatum",1408743480,1409086860,343380,117116005.3490
"Bourne ultimatum",1408749360,1485068256,76318896,117116005.3490
"Bourne ultimatum",1408749360,1410031320,1281960,117116005.3490
"Bourne ultimatum",1408914300,1485068256,76153956,117116005.3490
"Bourne ultimatum",1408914300,1409094960,180660,117116005.3490
"Bourne ultimatum",1408914420,1485068256,76153836,117116005.3490
"Bourne ultimatum",1408914420,1410630720,1716300,117116005.3490
"Bourne ultimatum",1409351640,1485068256,75716616,117116005.3490
"Bourne ultimatum",1409680320,1485068256,75387936,117116005.3490
"Bourne ultimatum",1409680320,1411769760,2089440,117116005.3490
"Bourne ultimatum",1409692740,1485068256,75375516,117116005.3490
"Bourne ultimatum",1409692740,1410989040,1296300,117116005.3490
"Bourne ultimatum",1410213360,1485068256,74854896,117116005.3490
"Bourne ultimatum",1410213360,1410306540,93180,117116005.3490
"Bourne ultimatum",1410218040,1485068256,74850216,117116005.3490
"Bourne ultimatum",1410218040,1411680660,1462620,117116005.3490
"Bourne ultimatum",1410290580,1485068256,74777676,117116005.3490
"Bourne ultimatum",1410290580,1412984580,2694000,117116005.3490
"Bourne ultimatum",1410400080,1485068256,74668176,117116005.3490
"Bourne ultimatum",1410400080,1411610460,1210380,117116005.3490
"Bourne ultimatum",1410641820,1485068256,74426436,117116005.3490
"Bourne ultimatum",1410641820,1411865160,1223340,117116005.3490
"Bourne ultimatum",1410900780,1485068256,74167476,117116005.3490
"Bourne ultimatum",1410900780,1413316740,2415960,117116005.3490
"Bourne ultimatum",1410978960,1485068256,74089296,117116005.3490
"Bourne ultimatum",1410978960,1411522560,543600,117116005.3490
"Bourne ultimatum",1411249920,1485068256,73818336,117116005.3490
"Bourne ultimatum",1411249920,1412114880,864960,117116005.3490
"Bourne ultimatum",1411502280,1485068256,73565976,117116005.3490
"Bourne ultimatum",1411502280,1414020420,2518140,117116005.3490
"Bourne ultimatum",1411514520,1485068256,73553736,117116005.3490
"Bourne ultimatum",1411514520,1412029140,514620,117116005.3490
"Bourne ultimatum",1412097360,1485068256,72970896,117116005.3490
"Bourne ultimatum",1412097360,1412961240,863880,117116005.3490
"Bourne ultimatum",1412111340,1485068256,72956916,117116005.3490
"Bourne ultimatum",1412111340,1413243660,1132320,117116005.3490
"Bourne ultimatum",1412285040,1485068256,72783216,117116005.3490
"Bourne ultimatum",1412285040,1412547420,262380,117116005.3490
"Bourne ultimatum",1412300700,1485068256,72767556,117116005.3490
"Bourne ultimatum",1412300700,1413061020,760320,117116005.3490
"Bourne ultimatum",1412371500,1485068256,72696756,117116005.3490
"Bourne ultimatum",1412371500,1413925500,1554000,117116005.3490
"Bourne ultimatum",1412543880,1485068256,72524376,117116005.3490
"Bourne ultimatum",1412543880,1413055080,511200,117116005.3490
"Bourne ultimatum",1412628120,1485068256,72440136,117116005.3490
"Bourne ultimatum",1412628120,1416440760,3812640,117116005.3490
"Bourne ultimatum",1412817600,1485068256,72250656,117116005.3490
"Bourne ultimatum",1412817600,1413415380,597780,117116005.3490
"Bourne ultimatum",1413147120,1485068256,71921136,117116005.3490
"Bourne ultimatum",1413147120,1413322140,175020,117116005.3490
"Bourne ultimatum",1413243600,1485068256,71824656,117116005.3490
"Bourne ultimatum",1413243600,1414606020,1362420,117116005.3490
"Bourne ultimatum",1413324540,1485068256,71743716,117116005.3490
"Bourne ultimatum",1413324540,1413673440,348900,117116005.3490
"Bourne ultimatum",1413656400,1485068256,71411856,117116005.3490
"Bourne ultimatum",1413656400,1414088160,431760,117116005.3490
"Bourne ultimatum",1413672420,1485068256,71395836,117116005.3490
"Bourne ultimatum",1413672420,1414887300,1214880,117116005.3490
"Bourne ultimatum",1413674700,1485068256,71393556,117116005.3490
"Bourne ultimatum",1413674700,1414267800,593100,117116005.3490
"Bourne ultimatum",1413845400,1485068256,71222856,117116005.3490
"Bourne ultimatum",1413845400,1416789060,2943660,117116005.3490
"Bourne ultimatum",1413943740,1485068256,71124516,117116005.3490
"Bourne ultimatum",1413943740,1415405040,1461300,117116005.3490
"Bourne ultimatum",1414107780,1485068256,70960476,117116005.3490
"Bourne ultimatum",1414107780,1414540140,432360,117116005.3490
"Bourne ultimatum",1414441920,1485068256,70626336,117116005.3490
"Bourne ultimatum",1414633020,1414633200,180,117116005.3490
"Bourne ultimatum",1414885320,1485068256,70182936,117116005.3490
"Bourne ultimatum",1414885320,1417649040,2763720,117116005.3490
"Bourne ultimatum",1414886100,1485068256,70182156,117116005.3490
"Bourne ultimatum",1414886100,1415571360,685260,117116005.3490
"Bourne ultimatum",1414889220,1485068256,70179036,117116005.3490
"Bourne ultimatum",1414889220,1415049240,160020,117116005.3490
"Bourne ultimatum",1415398080,1485068256,69670176,117116005.3490
"Bourne ultimatum",1415655840,1485068256,69412416,117116005.3490
"Bourne ultimatum",1415655840,1415927520,271680,117116005.3490
"Bourne ultimatum",1415666820,1485068256,69401436,117116005.3490
"Bourne ultimatum",1415666820,1416782940,1116120,117116005.3490
"Bourne ultimatum",1415925300,1485068256,69142956,117116005.3490
"Bourne ultimatum",1415925300,1416966360,1041060,117116005.3490
"Bourne ultimatum",1416089520,1485068256,68978736,117116005.3490
"Bourne ultimatum",1416089520,1417394400,1304880,117116005.3490
"Bourne ultimatum",1416348120,1485068256,68720136,117116005.3490
"Bourne ultimatum",1416348120,1416432780,84660,117116005.3490
"Bourne ultimatum",1416524280,1485068256,68543976,117116005.3490
"Bourne ultimatum",1416859380,1485068256,68208876,117116005.3490
"Bourne ultimatum",1417034820,1485068256,68033436,117116005.3490
"Bourne ultimatum",1417034820,1418246940,1212120,117116005.3490
"Bourne ultimatum",1417288380,1485068256,67779876,117116005.3490
"Bourne ultimatum",1417288380,1417901580,613200,117116005.3490
"Bourne ultimatum",1417389720,1485068256,67678536,117116005.3490
"Bourne ultimatum",1417389720,1419034140,1644420,117116005.3490
"Bourne ultimatum",1417740360,1485068256,67327896,117116005.3490
"Bourne ultimatum",1417740360,1418504220,763860,117116005.3490
"Bourne ultimatum",1417917060,1485068256,67151196,117116005.3490
"Bourne ultimatum",1417917060,1419028140,1111080,117116005.3490
"Bourne ultimatum",1418091360,1485068256,66976896,117116005.3490
"Bourne ultimatum",1418091360,1418516460,425100,117116005.3490
"Bourne ultimatum",1418163060,1485068256,66905196,117116005.3490
"Bourne ultimatum",1418163060,1419305760,1142700,117116005.3490
"Bourne ultimatum",1418499900,1485068256,66568356,117116005.3490
"Bourne ultimatum",1418499900,1418763720,263820,117116005.3490
"Bourne ultimatum",1418521020,1485068256,66547236,117116005.3490
"Bourne ultimatum",1418784060,1485068256,66284196,117116005.3490
"Bourne ultimatum",1419030300,1485068256,66037956,117116005.3490
"Bourne ultimatum",1419030300,1420073820,1043520,117116005.3490
"Bourne ultimatum",1419106260,1485068256,65961996,117116005.3490
"Bourne ultimatum",1419106260,1419296580,190320,117116005.3490
"Bourne ultimatum",1419198420,1485068256,65869836,117116005.3490
"Bourne ultimatum",1419198420,1419618960,420540,117116005.3490
"Bourne ultimatum",1419300240,1485068256,65768016,117116005.3490
"Bourne ultimatum",1419300240,1420509240,1209000,117116005.3490
"Bourne ultimatum",1419902580,1485068256,65165676,117116005.3490
"Bourne ultimatum",1419902580,1421116500,1213920,117116005.3490
"Bourne ultimatum",1420071720,1485068256,64996536,117116005.3490
"Bourne ultimatum",1420071720,1420332120,260400,117116005.3490
"Bourne ultimatum",1420072080,1485068256,64996176,117116005.3490
"Bourne ultimatum",1420072080,1421119380,1047300,117116005.3490
"Bourne ultimatum",1420657680,1485068256,64410576,117116005.3490
"Bourne ultimatum",1420657680,1421793240,1135560,117116005.3490
"Bourne ultimatum",1420683360,1485068256,64384896,117116005.3490
"Bourne ultimatum",1420683360,1421806560,1123200,117116005.3490
"Bourne ultimatum",1420930380,1485068256,64137876,117116005.3490
"Bourne ultimatum",1420930380,1421104680,174300,117116005.3490
"Bourne ultimatum",1421521200,1485068256,63547056,117116005.3490
"Bourne ultimatum",1421521200,1421881620,360420,117116005.3490
"Bourne ultimatum",1421617020,1485068256,63451236,117116005.3490
"Bourne ultimatum",1422126540,1485068256,62941716,117116005.3490
"Bourne ultimatum",1422126540,1423020840,894300,117116005.3490
"Bourne ultimatum",1422223080,1485068256,62845176,117116005.3490
"Bourne ultimatum",1422223080,1423954680,1731600,117116005.3490
"Bourne ultimatum",1422225600,1485068256,62842656,117116005.3490
"Bourne ultimatum",1422225600,1422399780,174180,117116005.3490
"Bourne ultimatum",1422299280,1485068256,62768976,117116005.3490
"Bourne ultimatum",1422299280,1422907080,607800,117116005.3490
"Bourne ultimatum",1422473400,1485068256,62594856,117116005.3490
"Bourne ultimatum",1422473400,1422732720,259320,117116005.3490
"Bourne ultimatum",1422737160,1485068256,62331096,117116005.3490
"Bourne ultimatum",1422737160,1422917160,180000,117116005.3490
"Bourne ultimatum",1423168860,1485068256,61899396,117116005.3490
"Bourne ultimatum",1423168860,1424985720,1816860,117116005.3490
"Bourne ultimatum",1423270440,1485068256,61797816,117116005.3490
"Bourne ultimatum",1423358160,1485068256,61710096,117116005.3490
"Bourne ultimatum",1423358160,1424650500,1292340,117116005.3490
"Bourne ultimatum",1424048100,1485068256,61020156,117116005.3490
"Bourne ultimatum",1424389980,1485068256,60678276,117116005.3490
"Bourne ultimatum",1424389980,1424896380,506400,117116005.3490
"Bourne ultimatum",1424554020,1485068256,60514236,117116005.3490
"Bourne ultimatum",1424554020,1424904480,350460,117116005.3490
"Bourne ultimatum",1424975820,1485068256,60092436,117116005.3490
"Bourne ultimatum",1424975820,1425590160,614340,117116005.3490
"Bourne ultimatum",1425151920,1485068256,59916336,117116005.3490
"Bourne ultimatum",1425151920,1425344100,192180,117116005.3490
"Bourne ultimatum",1425256800,1485068256,59811456,117116005.3490
"Bourne ultimatum",1425256800,1425854820,598020,117116005.3490
"Bourne ultimatum",1425497460,1485068256,59570796,117116005.3490
"Bourne ultimatum",1426019880,1485068256,59048376,117116005.3490
"Bourne ultimatum",1426019880,1426118640,98760,117116005.3490
"Bourne ultimatum",1426032060,1485068256,59036196,117116005.3490
"Bourne ultimatum",1426032060,1426191720,159660,117116005.3490
"Bourne ultimatum",1426038840,1485068256,59029416,117116005.3490
"Bourne ultimatum",1426038840,1426547040,508200,117116005.3490
"Bourne ultimatum",1426099620,1485068256,58968636,117116005.3490
"Bourne ultimatum",1426099620,1427318280,1218660,117116005.3490
"Bourne ultimatum",1426199580,1485068256,58868676,117116005.3490
"Bourne ultimatum",1426199580,1427144940,945360,117116005.3490
"Bourne ultimatum",1426535100,1485068256,58533156,117116005.3490
"Bourne ultimatum",1426700040,1485068256,58368216,117116005.3490
"Bourne ultimatum",1427240280,1485068256,57827976,117116005.3490
"Bourne ultimatum",1427240280,1428347940,1107660,117116005.3490
"Bourne ultimatum",1427489820,1485068256,57578436,117116005.3490
"Bourne ultimatum",1427588940,1485068256,57479316,117116005.3490
"Bourne ultimatum",1427588940,1428093540,504600,117116005.3490
"Bourne ultimatum",1428102240,1485068256,56966016,117116005.3490
"Bourne ultimatum",1428102240,1429315800,1213560,117116005.3490
"Bourne ultimatum",1428703140,1485068256,56365116,117116005.3490
"Bourne ultimatum",1428794940,1485068256,56273316,117116005.3490
"Bourne ultimatum",1428794940,1430179920,1384980,117116005.3490
"Bourne ultimatum",1428868920,1485068256,56199336,117116005.3490
"Bourne ultimatum",1428868920,1428958140,89220,117116005.3490
"Bourne ultimatum",1429050960,1485068256,56017296,117116005.3490
"Bourne ultimatum",1429050960,1430004600,953640,117116005.3490
"Bourne ultimatum",1429058760,1485068256,56009496,117116005.3490
"Bourne ultimatum",1429058760,1430794560,1735800,117116005.3490
"Bourne ultimatum",1429583700,1485068256,55484556,117116005.3490
"Bourne ultimatum",1429583700,1430171220,587520,117116005.3490
"Bourne ultimatum",1429583820,1485068256,55484436,117116005.3490
"Bourne ultimatum",1429583820,1429816560,232740,117116005.3490
"Bourne ultimatum",1429661340,1485068256,55406916,117116005.3490
"Bourne ultimatum",1429661340,1430344980,683640,117116005.3490
"Bourne ultimatum",1429737240,1485068256,55331016,117116005.3490
"Bourne ultimatum",1429737240,1431034800,1297560,117116005.3490
"Bourne ultimatum",1430091480,1485068256,54976776,117116005.3490
"Bourne ultimatum",1430440920,1485068256,54627336,117116005.3490
"Bourne ultimatum",1430526600,1485068256,54541656,117116005.3490
"Bourne ultimatum",1430790060,1485068256,54278196,117116005.3490
"Bourne ultimatum",1430790060,1431904500,1114440,117116005.3490
"Bourne ultimatum",1430862120,1485068256,54206136,117116005.3490
"Bourne ultimatum",1430862120,1432081500,1219380,117116005.3490
"Bourne ultimatum",1431033960,1485068256,54034296,117116005.3490
"Bourne ultimatum",1431033960,1432071540,1037580,117116005.3490
"Bourne ultimatum",1431381240,1485068256,53687016,117116005.3490
"Bourne ultimatum",1431381240,1431634320,253080,117116005.3490
"Bourne ultimatum",1431399120,1485068256,53669136,117116005.3490
"Bourne ultimatum",1431641460,1485068256,53426796,117116005.3490
"Bourne ultimatum",1431641460,1434226500,2585040,117116005.3490
"Bourne ultimatum",1432156560,1485068256,52911696,117116005.3490
"Bourne ultimatum",1432156560,1437434880,5278320,117116005.3490
"Bourne ultimatum",1432510140,1485068256,52558116,117116005.3490
"Bourne ultimatum",1432664820,1485068256,52403436,117116005.3490
"Bourne ultimatum",1432664820,1433617140,952320,117116005.3490
"Bourne ultimatum",1432681320,1485068256,52386936,117116005.3490
"Bourne ultimatum",1432681320,1433032080,350760,117116005.3490
"Bourne ultimatum",1432854000,1485068256,52214256,117116005.3490
"Bourne ultimatum",1432854000,1435186800,2332800,117116005.3490
"Bourne ultimatum",1433109000,1485068256,51959256,117116005.3490
"Bourne ultimatum",1433109000,1433899560,790560,117116005.3490
"Bourne ultimatum",1433800080,1485068256,51268176,117116005.3490
"Bourne ultimatum",1433800080,1434998040,1197960,117116005.3490
"Bourne ultimatum",1434064260,1485068256,51003996,117116005.3490
"Bourne ultimatum",1434064260,1434677280,613020,117116005.3490
"Bourne ultimatum",1434222480,1485068256,50845776,117116005.3490
"Bourne ultimatum",1434222480,1434735240,512760,117116005.3490
"Bourne ultimatum",1434411180,1485068256,50657076,117116005.3490
"Bourne ultimatum",1434411180,1435266000,854820,117116005.3490
"Bourne ultimatum",1434423240,1485068256,50645016,117116005.3490
"Bourne ultimatum",1434423240,1435447080,1023840,117116005.3490
"Bourne ultimatum",1434927600,1485068256,50140656,117116005.3490
"Bourne ultimatum",1434927600,1435529880,602280,117116005.3490
"Bourne ultimatum",1435173300,1485068256,49894956,117116005.3490
"Bourne ultimatum",1435191780,1485068256,49876476,117116005.3490
"Bourne ultimatum",1435191780,1435797660,605880,117116005.3490
"Bourne ultimatum",1435803360,1485068256,49264896,117116005.3490
"Bourne ultimatum",1435889640,1485068256,49178616,117116005.3490
"Bourne ultimatum",1435889640,1436655780,766140,117116005.3490
"Bourne ultimatum",1436836620,1485068256,48231636,117116005.3490
"Bourne ultimatum",1436842320,1485068256,48225936,117116005.3490
"Bourne ultimatum",1436842320,1438135320,1293000,117116005.3490
"Bourne ultimatum",1437170340,1485068256,47897916,117116005.3490
"Bourne ultimatum",1437613020,1485068256,47455236,117116005.3490
"Bourne ultimatum",1437613020,1438820640,1207620,117116005.3490
"Bourne ultimatum",1438224780,1485068256,46843476,117116005.3490
"Bourne ultimatum",1438224780,1438390080,165300,117116005.3490
"Bourne ultimatum",1438474560,1485068256,46593696,117116005.3490
"Bourne ultimatum",1438474560,1439853120,1378560,117116005.3490
"Bourne ultimatum",1438647480,1485068256,46420776,117116005.3490
"Bourne ultimatum",1438647480,1439434200,786720,117116005.3490
"Bourne ultimatum",1439053320,1485068256,46014936,117116005.3490
"Bourne ultimatum",1439053320,1439755980,702660,117116005.3490
"Bourne ultimatum",1439078220,1485068256,45990036,117116005.3490
"Bourne ultimatum",1439078220,1439766420,688200,117116005.3490
"Bourne ultimatum",1439677080,1485068256,45391176,117116005.3490
"Bourne ultimatum",1439677080,1440805860,1128780,117116005.3490
"Bourne ultimatum",1439932560,1485068256,45135696,117116005.3490
"Bourne ultimatum",1439932560,1441144080,1211520,117116005.3490
"Bourne ultimatum",1439945160,1485068256,45123096,117116005.3490
"Bourne ultimatum",1440368880,1485068256,44699376,117116005.3490
"Bourne ultimatum",1440368880,1440624720,255840,117116005.3490
"Bourne ultimatum",1440976020,1485068256,44092236,117116005.3490
"Bourne ultimatum",1440976020,1441232580,256560,117116005.3490
"Bourne ultimatum",1441387980,1485068256,43680276,117116005.3490
"Bourne ultimatum",1441402800,1485068256,43665456,117116005.3490
"Bourne ultimatum",1442277240,1485068256,42791016,117116005.3490
"Bourne ultimatum",1442277240,1443147360,870120,117116005.3490
"Bourne ultimatum",1442366040,1485068256,42702216,117116005.3490
"Bourne ultimatum",1442693100,1485068256,42375156,117116005.3490
"Bourne ultimatum",1442877420,1485068256,42190836,117116005.3490
"Bourne ultimatum",1443036600,1485068256,42031656,117116005.3490
"Bourne ultimatum",1443380580,1485068256,41687676,117116005.3490
"Bourne ultimatum",1443380580,1443486960,106380,117116005.3490
"Bourne ultimatum",1443560940,1485068256,41507316,117116005.3490
"Bourne ultimatum",1443560940,1444770060,1209120,117116005.3490
"Bourne ultimatum",1443647940,1485068256,41420316,117116005.3490
"Bourne ultimatum",1443647940,1444685520,1037580,117116005.3490
"Bourne ultimatum",1443651180,1485068256,41417076,117116005.3490
"Bourne ultimatum",1443651180,1444074960,423780,117116005.3490
"Bourne ultimatum",1443740460,1485068256,41327796,117116005.3490
"Bourne ultimatum",1443740460,1443990540,250080,117116005.3490
"Bourne ultimatum",1444264380,1485068256,40803876,117116005.3490
"Bourne ultimatum",1444264380,1444868880,604500,117116005.3490
"Bourne ultimatum",1444936800,1485068256,40131456,117116005.3490
"Bourne ultimatum",1445120220,1485068256,39948036,117116005.3490
"Bourne ultimatum",1445120220,1445125500,5280,117116005.3490
"Bourne ultimatum",1445202420,1485068256,39865836,117116005.3490
"Bourne ultimatum",1445367000,1485068256,39701256,117116005.3490
"Bourne ultimatum",1445367000,1446156060,789060,117116005.3490
"Bourne ultimatum",1445450520,1485068256,39617736,117116005.3490
"Bourne ultimatum",1445450520,1447890960,2440440,117116005.3490
"Bourne ultimatum",1445623920,1485068256,39444336,117116005.3490
"Bourne ultimatum",1445623920,1448651640,3027720,117116005.3490
"Bourne ultimatum",1446680400,1485068256,38387856,117116005.3490
"Bourne ultimatum",1446680400,1447896900,1216500,117116005.3490
"Bourne ultimatum",1446926160,1485068256,38142096,117116005.3490
"Bourne ultimatum",1446926160,1448150640,1224480,117116005.3490
"Bourne ultimatum",1448306520,1485068256,36761736,117116005.3490
"Bourne ultimatum",1448306520,1449537900,1231380,117116005.3490
"Bourne ultimatum",1448309460,1485068256,36758796,117116005.3490
"Bourne ultimatum",1448309460,1448925480,616020,117116005.3490
"Bourne ultimatum",1448836620,1485068256,36231636,117116005.3490
"Bourne ultimatum",1448836620,1449445500,608880,117116005.3490
"Bourne ultimatum",1449112440,1485068256,35955816,117116005.3490
"Bourne ultimatum",1449180840,1485068256,35887416,117116005.3490
"Bourne ultimatum",1449180840,1449691500,510660,117116005.3490
"Bourne ultimatum",1449358260,1485068256,35709996,117116005.3490
"Bourne ultimatum",1449530640,1449531000,360,117116005.3490
"Bourne ultimatum",1449607080,1485068256,35461176,117116005.3490
"Bourne ultimatum",1449607080,1449871740,264660,117116005.3490
"Bourne ultimatum",1449617640,1485068256,35450616,117116005.3490
"Bourne ultimatum",1449617640,1450736280,1118640,117116005.3490
"Bourne ultimatum",1449709200,1485068256,35359056,117116005.3490
"Bourne ultimatum",1449709200,1450909860,1200660,117116005.3490
"Bourne ultimatum",1449859860,1485068256,35208396,117116005.3490
"Bourne ultimatum",1449859860,1450212900,353040,117116005.3490
"Bourne ultimatum",1449875700,1485068256,35192556,117116005.3490
"Bourne ultimatum",1449875700,1449967260,91560,117116005.3490
"Bourne ultimatum",1449875700,1450640880,765180,117116005.3490
"Bourne ultimatum",1450043340,1485068256,35024916,117116005.3490
"Bourne ultimatum",1450043340,1450554960,511620,117116005.3490
"Bourne ultimatum",1450137240,1485068256,34931016,117116005.3490
"Bourne ultimatum",1450137240,1450832580,695340,117116005.3490
"Bourne ultimatum",1450150440,1485068256,34917816,117116005.3490
"Bourne ultimatum",1450150440,1451524860,1374420,117116005.3490
"Bourne ultimatum",1450308840,1485068256,34759416,117116005.3490
"Bourne ultimatum",1450308840,1450485180,176340,117116005.3490
"Bourne ultimatum",1450642140,1485068256,34426116,117116005.3490
"Bourne ultimatum",1450642140,1450925160,283020,117116005.3490
"Bourne ultimatum",1450728660,1485068256,34339596,117116005.3490
"Bourne ultimatum",1450728660,1451762760,1034100,117116005.3490
"Bourne ultimatum",1450894440,1485068256,34173816,117116005.3490
"Bourne ultimatum",1450914240,1485068256,34154016,117116005.3490
"Bourne ultimatum",1450924080,1485068256,34144176,117116005.3490
"Bourne ultimatum",1450924080,1451260800,336720,117116005.3490
"Bourne ultimatum",1451177520,1485068256,33890736,117116005.3490
"Bourne ultimatum",1451177520,1451606220,428700,117116005.3490
"Bourne ultimatum",1451420460,1485068256,33647796,117116005.3490
"Bourne ultimatum",1451420460,1452025020,604560,117116005.3490
"Bourne ultimatum",1451585400,1485068256,33482856,117116005.3490
"Bourne ultimatum",1451585400,1451866740,281340,117116005.3490
"Bourne ultimatum",1451867520,1485068256,33200736,117116005.3490
"Bourne ultimatum",1451934720,1485068256,33133536,117116005.3490
"Bourne ultimatum",1451934720,1452035100,100380,117116005.3490
"Bourne ultimatum",1451943360,1485068256,33124896,117116005.3490
"Bourne ultimatum",1451943360,1453254480,1311120,117116005.3490
"Bourne ultimatum",1452034680,1485068256,33033576,117116005.3490
"Bourne ultimatum",1452034680,1452211440,176760,117116005.3490
"Bourne ultimatum",1452105300,1485068256,32962956,117116005.3490
"Bourne ultimatum",1452105300,1452719580,614280,117116005.3490
"Bourne ultimatum",1452111420,1452111840,420,117116005.3490
"Bourne ultimatum",1452122040,1485068256,32946216,117116005.3490
"Bourne ultimatum",1452122040,1452281580,159540,117116005.3490
"Bourne ultimatum",1452130440,1485068256,32937816,117116005.3490
"Bourne ultimatum",1452130440,1452377400,246960,117116005.3490
"Bourne ultimatum",1452219180,1485068256,32849076,117116005.3490
"Bourne ultimatum",1452219180,1452887520,668340,117116005.3490
"Bourne ultimatum",1452279120,1485068256,32789136,117116005.3490
"Bourne ultimatum",1452279120,1454117520,1838400,117116005.3490
"Bourne ultimatum",1452296400,1485068256,32771856,117116005.3490
"Bourne ultimatum",1452296400,1452564720,268320,117116005.3490
"Bourne ultimatum",1452467820,1485068256,32600436,117116005.3490
"Bourne ultimatum",1452467820,1452719040,251220,117116005.3490
"Bourne ultimatum",1452548820,1485068256,32519436,117116005.3490
"Bourne ultimatum",1452548820,1453755480,1206660,117116005.3490
"Bourne ultimatum",1452633120,1485068256,32435136,117116005.3490
"Bourne ultimatum",1452633120,1453323420,690300,117116005.3490
"Bourne ultimatum",1452633120,1453764720,1131600,117116005.3490
"Bourne ultimatum",1452642420,1485068256,32425836,117116005.3490
"Bourne ultimatum",1452642420,1452819540,177120,117116005.3490
"Bourne ultimatum",1452648900,1485068256,32419356,117116005.3490
"Bourne ultimatum",1452648900,1452736860,87960,117116005.3490
"Bourne ultimatum",1453073640,1485068256,31994616,117116005.3490
"Bourne ultimatum",1453073640,1453861560,787920,117116005.3490
"Bourne ultimatum",1453252860,1485068256,31815396,117116005.3490
"Bourne ultimatum",1453254720,1485068256,31813536,117116005.3490
"Bourne ultimatum",1453329840,1485068256,31738416,117116005.3490
"Bourne ultimatum",1453329840,1454368080,1038240,117116005.3490
"Bourne ultimatum",1453333200,1485068256,31735056,117116005.3490
"Bourne ultimatum",1453333200,1453586040,252840,117116005.3490
"Bourne ultimatum",1453509600,1485068256,31558656,117116005.3490
"Bourne ultimatum",1453509600,1454804400,1294800,117116005.3490
"Bourne ultimatum",1453683420,1485068256,31384836,117116005.3490
"Bourne ultimatum",1453848900,1485068256,31219356,117116005.3490
"Bourne ultimatum",1453848900,1454007600,158700,117116005.3490
"Bourne ultimatum",1453920120,1485068256,31148136,117116005.3490
"Bourne ultimatum",1453920120,1456167600,2247480,117116005.3490
"Bourne ultimatum",1453952640,1485068256,31115616,117116005.3490
"Bourne ultimatum",1453952640,1454384940,432300,117116005.3490
"Bourne ultimatum",1454103420,1485068256,30964836,117116005.3490
"Bourne ultimatum",1454103420,1455750060,1646640,117116005.3490
"Bourne ultimatum",1454112780,1485068256,30955476,117116005.3490
"Bourne ultimatum",1454112780,1454202600,89820,117116005.3490
"Bourne ultimatum",1454457480,1485068256,30610776,117116005.3490
"Bourne ultimatum",1454457480,1455667200,1209720,117116005.3490
"Bourne ultimatum",1454801400,1455411660,610260,117116005.3490
"Bourne ultimatum",1454809200,1485068256,30259056,117116005.3490
"Bourne ultimatum",1454809200,1455072240,263040,117116005.3490
"Bourne ultimatum",1454956980,1485068256,30111276,117116005.3490
"Bourne ultimatum",1454956980,1456181820,1224840,117116005.3490
"Bourne ultimatum",1455066180,1485068256,30002076,117116005.3490
"Bourne ultimatum",1455149040,1485068256,29919216,117116005.3490
"Bourne ultimatum",1455149040,1455747240,598200,117116005.3490
"Bourne ultimatum",1455241920,1485068256,29826336,117116005.3490
"Bourne ultimatum",1455241920,1456008300,766380,117116005.3490
"Bourne ultimatum",1455323940,1485068256,29744316,117116005.3490
"Bourne ultimatum",1455658860,1485068256,29409396,117116005.3490
"Bourne ultimatum",1455658860,1457487120,1828260,117116005.3490
"Bourne ultimatum",1455835740,1485068256,29232516,117116005.3490
"Bourne ultimatum",1455835740,1456180440,344700,117116005.3490
"Bourne ultimatum",1455913920,1485068256,29154336,117116005.3490
"Bourne ultimatum",1456003140,1485068256,29065116,117116005.3490
"Bourne ultimatum",1456093380,1485068256,28974876,117116005.3490
"Bourne ultimatum",1456093380,1456698240,604860,117116005.3490
"Bourne ultimatum",1456270860,1485068256,28797396,117116005.3490
"Bourne ultimatum",1456270860,1456354020,83160,117116005.3490
"Bourne ultimatum",1456344780,1485068256,28723476,117116005.3490
"Bourne ultimatum",1456344780,1457384520,1039740,117116005.3490
"Bourne ultimatum",1456459020,1485068256,28609236,117116005.3490
"Bourne ultimatum",1456459020,1456884540,425520,117116005.3490
"Bourne ultimatum",1456600260,1485068256,28467996,117116005.3490
"Bourne ultimatum",1456600260,1458409320,1809060,117116005.3490
"Bourne ultimatum",1456781640,1485068256,28286616,117116005.3490
"Bourne ultimatum",1456781640,1459809240,3027600,117116005.3490
"Bourne ultimatum",1456794420,1485068256,28273836,117116005.3490
"Bourne ultimatum",1456794420,1457822100,1027680,117116005.3490
"Bourne ultimatum",1456875600,1485068256,28192656,117116005.3490
"Bourne ultimatum",1456875600,1457212440,336840,117116005.3490
"Bourne ultimatum",1457049060,1485068256,28019196,117116005.3490
"Bourne ultimatum",1457049060,1458089460,1040400,117116005.3490
"Bourne ultimatum",1457201820,1485068256,27866436,117116005.3490
"Bourne ultimatum",1457201820,1459019820,1818000,117116005.3490
"Bourne ultimatum",1457226960,1485068256,27841296,117116005.3490
"Bourne ultimatum",1457226960,1457998920,771960,117116005.3490
"Bourne ultimatum",1457483460,1485068256,27584796,117116005.3490
"Bourne ultimatum",1457494980,1485068256,27573276,117116005.3490
"Bourne ultimatum",1457494980,1458932760,1437780,117116005.3490
"Bourne ultimatum",1458159900,1485068256,26908356,117116005.3490
"Bourne ultimatum",1458159900,1458588540,428640,117116005.3490
"Bourne ultimatum",1458183360,1485068256,26884896,117116005.3490
"Bourne ultimatum",1458183360,1458520080,336720,117116005.3490
"Bourne ultimatum",1458422700,1485068256,26645556,117116005.3490
"Bourne ultimatum",1458422700,1461096240,2673540,117116005.3490
"Bourne ultimatum",1458429420,1485068256,26638836,117116005.3490
"Bourne ultimatum",1458429420,1459305060,875640,117116005.3490
"Bourne ultimatum",1458676500,1485068256,26391756,117116005.3490
"Bourne ultimatum",1458676500,1459197660,521160,117116005.3490
"Bourne ultimatum",1458854220,1485068256,26214036,117116005.3490
"Bourne ultimatum",1458854220,1459459260,605040,117116005.3490
"Bourne ultimatum",1458855060,1485068256,26213196,117116005.3490
"Bourne ultimatum",1458855060,1459972380,1117320,117116005.3490
"Bourne ultimatum",1458857520,1485068256,26210736,117116005.3490
"Bourne ultimatum",1458857520,1460589000,1731480,117116005.3490
"Bourne ultimatum",1458869280,1485068256,26198976,117116005.3490
"Bourne ultimatum",1458869280,1460240640,1371360,117116005.3490
"Bourne ultimatum",1459300740,1485068256,25767516,117116005.3490
"Bourne ultimatum",1459367880,1485068256,25700376,117116005.3490
"Bourne ultimatum",1459367880,1460327340,959460,117116005.3490
"Bourne ultimatum",1459464120,1485068256,25604136,117116005.3490
"Bourne ultimatum",1459634880,1485068256,25433376,117116005.3490
"Bourne ultimatum",1459644420,1485068256,25423836,117116005.3490
"Bourne ultimatum",1459644420,1459811100,166680,117116005.3490
"Bourne ultimatum",1459803780,1485068256,25264476,117116005.3490
"Bourne ultimatum",1459803780,1460671680,867900,117116005.3490
"Bourne ultimatum",1459806600,1485068256,25261656,117116005.3490
"Bourne ultimatum",1459806600,1459979040,172440,117116005.3490
"Bourne ultimatum",1459883580,1485068256,25184676,117116005.3490
"Bourne ultimatum",1459883580,1461722700,1839120,117116005.3490
"Bourne ultimatum",1459978260,1485068256,25089996,117116005.3490
"Bourne ultimatum",1459978260,1460154360,176100,117116005.3490
"Bourne ultimatum",1460239560,1485068256,24828696,117116005.3490
"Bourne ultimatum",1460239560,1460516880,277320,117116005.3490
"Bourne ultimatum",1460249580,1485068256,24818676,117116005.3490
"Bourne ultimatum",1460249580,1462327080,2077500,117116005.3490
"Bourne ultimatum",1460327760,1485068256,24740496,117116005.3490
"Bourne ultimatum",1460327760,1461202620,874860,117116005.3490
"Bourne ultimatum",1460412300,1485068256,24655956,117116005.3490
"Bourne ultimatum",1460412300,1460591820,179520,117116005.3490
"Bourne ultimatum",1460748660,1485068256,24319596,117116005.3490
"Bourne ultimatum",1460748660,1461701040,952380,117116005.3490
"Bourne ultimatum",1460927280,1485068256,24140976,117116005.3490
"Bourne ultimatum",1460927280,1461013980,86700,117116005.3490
"Bourne ultimatum",1461182160,1485068256,23886096,117116005.3490
"Bourne ultimatum",1461182160,1461345660,163500,117116005.3490
"Bourne ultimatum",1461453120,1485068256,23615136,117116005.3490
"Bourne ultimatum",1461453120,1462139700,686580,117116005.3490
"Bourne ultimatum",1461454800,1485068256,23613456,117116005.3490
"Bourne ultimatum",1461617820,1485068256,23450436,117116005.3490
"Bourne ultimatum",1461617820,1462396740,778920,117116005.3490
"Bourne ultimatum",1461715980,1485068256,23352276,117116005.3490
"Bourne ultimatum",1461715980,1462229700,513720,117116005.3490
"Bourne ultimatum",1461722400,1485068256,23345856,117116005.3490
"Bourne ultimatum",1461722400,1462141260,418860,117116005.3490
"Bourne ultimatum",1461786780,1485068256,23281476,117116005.3490
"Bourne ultimatum",1461786780,1462055040,268260,117116005.3490
"Bourne ultimatum",1462235400,1485068256,22832856,117116005.3490
"Bourne ultimatum",1462235400,1462932480,697080,117116005.3490
"Bourne ultimatum",1462312320,1485068256,22755936,117116005.3490
"Bourne ultimatum",1462312320,1462832100,519780,117116005.3490
"Bourne ultimatum",1462500420,1485068256,22567836,117116005.3490
"Bourne ultimatum",1462564500,1462564440,60,117116005.3490
"Bourne ultimatum",1462565880,1485068256,22502376,117116005.3490
"Bourne ultimatum",1462565880,1462571940,6060,117116005.3490
"Bourne ultimatum",1462668780,1485068256,22399476,117116005.3490
"Bourne ultimatum",1462745640,1485068256,22322616,117116005.3490
"Bourne ultimatum",1462745640,1463347980,602340,117116005.3490
"Bourne ultimatum",1462746780,1485068256,22321476,117116005.3490
"Bourne ultimatum",1462992000,1485068256,22076256,117116005.3490
"Bourne ultimatum",1462992000,1465072680,2080680,117116005.3490
"Bourne ultimatum",1463097300,1485068256,21970956,117116005.3490
"Bourne ultimatum",1463097300,1463354040,256740,117116005.3490
"Bourne ultimatum",1463183340,1485068256,21884916,117116005.3490
"Bourne ultimatum",1463259060,1485068256,21809196,117116005.3490
"Bourne ultimatum",1463259060,1464193980,934920,117116005.3490
"Bourne ultimatum",1463442000,1485068256,21626256,117116005.3490
"Bourne ultimatum",1463514300,1485068256,21553956,117116005.3490
"Bourne ultimatum",1463514300,1465841400,2327100,117116005.3490
"Bourne ultimatum",1463619300,1485068256,21448956,117116005.3490
"Bourne ultimatum",1463619300,1464830400,1211100,117116005.3490
"Bourne ultimatum",1464129300,1485068256,20938956,117116005.3490
"Bourne ultimatum",1464227160,1485068256,20841096,117116005.3490
"Bourne ultimatum",1464227160,1465001340,774180,117116005.3490
"Bourne ultimatum",1464296280,1485068256,20771976,117116005.3490
"Bourne ultimatum",1464296280,1464915600,619320,117116005.3490
"Bourne ultimatum",1464562260,1485068256,20505996,117116005.3490
"Bourne ultimatum",1464562260,1465956300,1394040,117116005.3490
"Bourne ultimatum",1465088040,1485068256,19980216,117116005.3490
"Bourne ultimatum",1465157460,1485068256,19910796,117116005.3490
"Bourne ultimatum",1465341900,1485068256,19726356,117116005.3490
"Bourne ultimatum",1465341900,1466040420,698520,117116005.3490
"Bourne ultimatum",1465354080,1485068256,19714176,117116005.3490
"Bourne ultimatum",1465354080,1465688880,334800,117116005.3490
"Bourne ultimatum",1465673940,1485068256,19394316,117116005.3490
"Bourne ultimatum",1465673940,1466887260,1213320,117116005.3490
"Bourne ultimatum",1465675260,1485068256,19392996,117116005.3490
"Bourne ultimatum",1465946760,1485068256,19121496,117116005.3490
"Bourne ultimatum",1465946760,1466297340,350580,117116005.3490
"Bourne ultimatum",1466108400,1485068256,18959856,117116005.3490
"Bourne ultimatum",1466108400,1466465940,357540,117116005.3490
"Bourne ultimatum",1466292480,1485068256,18775776,117116005.3490
"Bourne ultimatum",1466292480,1466556840,264360,117116005.3490
"Bourne ultimatum",1466475840,1485068256,18592416,117116005.3490
"Bourne ultimatum",1466475840,1467148200,672360,117116005.3490
"Bourne ultimatum",1466638860,1485068256,18429396,117116005.3490
"Bourne ultimatum",1466638860,1467745140,1106280,117116005.3490
"Bourne ultimatum",1466895840,1485068256,18172416,117116005.3490
"Bourne ultimatum",1467064980,1485068256,18003276,117116005.3490
"Bourne ultimatum",1467064980,1467325260,260280,117116005.3490
"Bourne ultimatum",1467141840,1485068256,17926416,117116005.3490
"Bourne ultimatum",1467141840,1467407160,265320,117116005.3490
"Bourne ultimatum",1467485100,1485068256,17583156,117116005.3490
"Bourne ultimatum",1467489660,1485068256,17578596,117116005.3490
"Bourne ultimatum",1467583440,1485068256,17484816,117116005.3490
"Bourne ultimatum",1467583440,1467943500,360060,117116005.3490
"Bourne ultimatum",1467587460,1485068256,17480796,117116005.3490
"Bourne ultimatum",1467770760,1485068256,17297496,117116005.3490
"Bourne ultimatum",1467845040,1485068256,17223216,117116005.3490
"Bourne ultimatum",1467845040,1468019400,174360,117116005.3490
"Bourne ultimatum",1468088220,1485068256,16980036,117116005.3490
"Bourne ultimatum",1468188840,1485068256,16879416,117116005.3490
"Bourne ultimatum",1468188840,1468711740,522900,117116005.3490
"Bourne ultimatum",1468713780,1485068256,16354476,117116005.3490
"Bourne ultimatum",1468882800,1485068256,16185456,117116005.3490
"Bourne ultimatum",1468882800,1469148060,265260,117116005.3490
"Bourne ultimatum",1469135400,1485068256,15932856,117116005.3490
"Bourne ultimatum",1469135400,1469562240,426840,117116005.3490
"Bourne ultimatum",1469146440,1485068256,15921816,117116005.3490
"Bourne ultimatum",1469146440,1470357840,1211400,117116005.3490
"Bourne ultimatum",1469302320,1485068256,15765936,117116005.3490
"Bourne ultimatum",1469302320,1471487280,2184960,117116005.3490
"Bourne ultimatum",1469491020,1485068256,15577236,117116005.3490
"Bourne ultimatum",1469564880,1485068256,15503376,117116005.3490
"Bourne ultimatum",1469564880,1470085020,520140,117116005.3490
"Bourne ultimatum",1469730240,1485068256,15338016,117116005.3490
"Bourne ultimatum",1469730240,1470867180,1136940,117116005.3490
"Bourne ultimatum",1469903760,1485068256,15164496,117116005.3490
"Bourne ultimatum",1469903760,1471126200,1222440,117116005.3490
"Bourne ultimatum",1469907420,1485068256,15160836,117116005.3490
"Bourne ultimatum",1469907420,1471110600,1203180,117116005.3490
"Bourne ultimatum",1470008340,1485068256,15059916,117116005.3490
"Bourne ultimatum",1470342180,1485068256,14726076,117116005.3490
"Bourne ultimatum",1470603480,1485068256,14464776,117116005.3490
"Bourne ultimatum",1470603480,1470791520,188040,117116005.3490
"Bourne ultimatum",1470873720,1485068256,14194536,117116005.3490
"Bourne ultimatum",1470873720,1471310820,437100,117116005.3490
"Bourne ultimatum",1471135140,1485068256,13933116,117116005.3490
"Bourne ultimatum",1471378380,1485068256,13689876,117116005.3490
"Bourne ultimatum",1471398000,1485068256,13670256,117116005.3490
"Bourne ultimatum",1471398000,1471907220,509220,117116005.3490
"Bourne ultimatum",1471712640,1485068256,13355616,117116005.3490
"Bourne ultimatum",1471736220,1485068256,13332036,117116005.3490
"Bourne ultimatum",1471823100,1485068256,13245156,117116005.3490
"Bourne ultimatum",1471823100,1472422020,598920,117116005.3490
"Bourne ultimatum",1471899420,1485068256,13168836,117116005.3490
"Bourne ultimatum",1471899420,1472596440,697020,117116005.3490
"Bourne ultimatum",1471989960,1485068256,13078296,117116005.3490
"Bourne ultimatum",1471989960,1472251740,261780,117116005.3490
"Bourne ultimatum",1472319720,1485068256,12748536,117116005.3490
"Bourne ultimatum",1472319720,1473535080,1215360,117116005.3490
"Bourne ultimatum",1472422380,1485068256,12645876,117116005.3490
"Bourne ultimatum",1472422380,1473538260,1115880,117116005.3490
"Bourne ultimatum",1472595720,1485068256,12472536,117116005.3490
"Bourne ultimatum",1472595720,1473215400,619680,117116005.3490
"Bourne ultimatum",1472601900,1485068256,12466356,117116005.3490
"Bourne ultimatum",1472601900,1473970140,1368240,117116005.3490
"Bourne ultimatum",1472937360,1485068256,12130896,117116005.3490
"Bourne ultimatum",1472940720,1485068256,12127536,117116005.3490
"Bourne ultimatum",1472940720,1474143300,1202580,117116005.3490
"Bourne ultimatum",1473360900,1485068256,11707356,117116005.3490
"Bourne ultimatum",1473360900,1473972660,611760,117116005.3490
"Bourne ultimatum",1473530580,1485068256,11537676,117116005.3490
"Bourne ultimatum",1473530580,1474045500,514920,117116005.3490
"Bourne ultimatum",1473709260,1485068256,11358996,117116005.3490
"Bourne ultimatum",1473709260,1473801180,91920,117116005.3490
"Bourne ultimatum",1474056660,1485068256,11011596,117116005.3490
"Bourne ultimatum",1474147260,1485068256,10920996,117116005.3490
"Bourne ultimatum",1474147260,1474501620,354360,117116005.3490
"Bourne ultimatum",1474147440,1485068256,10920816,117116005.3490
"Bourne ultimatum",1474147440,1474407180,259740,117116005.3490
"Bourne ultimatum",1474657920,1485068256,10410336,117116005.3490
"Bourne ultimatum",1474657920,1475273280,615360,117116005.3490
"Bourne ultimatum",1474676340,1485068256,10391916,117116005.3490
"Bourne ultimatum",1474676340,1475879700,1203360,117116005.3490
"Bourne ultimatum",1474999920,1485068256,10068336,117116005.3490
"Bourne ultimatum",1474999920,1476561360,1561440,117116005.3490
"Bourne ultimatum",1475187840,1485068256,9880416,117116005.3490
"Bourne ultimatum",1475187840,1476407760,1219920,117116005.3490
"Bourne ultimatum",1475448540,1485068256,9619716,117116005.3490
"Bourne ultimatum",1475448540,1476048900,600360,117116005.3490
"Bourne ultimatum",1475516880,1485068256,9551376,117116005.3490
"Bourne ultimatum",1475798580,1485068256,9269676,117116005.3490
"Bourne ultimatum",1475798580,1476146760,348180,117116005.3490
"Bourne ultimatum",1475872860,1485068256,9195396,117116005.3490
"Bourne ultimatum",1476297840,1485068256,8770416,117116005.3490
"Bourne ultimatum",1476297840,1477515660,1217820,117116005.3490
"Bourne ultimatum",1476301860,1485068256,8766396,117116005.3490
"Bourne ultimatum",1476301860,1477362540,1060680,117116005.3490
"Bourne ultimatum",1476478020,1485068256,8590236,117116005.3490
"Bourne ultimatum",1476478020,1476564540,86520,117116005.3490
"Bourne ultimatum",1476561960,1485068256,8506296,117116005.3490
"Bourne ultimatum",1476561960,1476731760,169800,117116005.3490
"Bourne ultimatum",1476747060,1485068256,8321196,117116005.3490
"Bourne ultimatum",1476824700,1485068256,8243556,117116005.3490
"Bourne ultimatum",1476824700,1478561520,1736820,117116005.3490
"Bourne ultimatum",1477089180,1485068256,7979076,117116005.3490
"Bourne ultimatum",1477089180,1477622460,533280,117116005.3490
"Bourne ultimatum",1477165320,1485068256,7902936,117116005.3490
"Bourne ultimatum",1477165320,1478390940,1225620,117116005.3490
"Bourne ultimatum",1477170060,1485068256,7898196,117116005.3490
"Bourne ultimatum",1477176780,1485068256,7891476,117116005.3490
"Bourne ultimatum",1477178760,1485068256,7889496,117116005.3490
"Bourne ultimatum",1477178760,1477691760,513000,117116005.3490
"Bourne ultimatum",1477180560,1477180680,120,117116005.3490
"Bourne ultimatum",1477258200,1485068256,7810056,117116005.3490
"Bourne ultimatum",1477264320,1485068256,7803936,117116005.3490
"Bourne ultimatum",1477264320,1477421580,157260,117116005.3490
"Bourne ultimatum",1477335240,1485068256,7733016,117116005.3490
"Bourne ultimatum",1477335240,1479512580,2177340,117116005.3490
"Bourne ultimatum",1477343040,1485068256,7725216,117116005.3490
"Bourne ultimatum",1477343040,1478377020,1033980,117116005.3490
"Bourne ultimatum",1477354020,1485068256,7714236,117116005.3490
"Bourne ultimatum",1477354020,1477442340,88320,117116005.3490
"Bourne ultimatum",1477429440,1485068256,7638816,117116005.3490
"Bourne ultimatum",1477429440,1477867200,437760,117116005.3490
"Bourne ultimatum",1477440720,1485068256,7627536,117116005.3490
"Bourne ultimatum",1477440720,1479255900,1815180,117116005.3490
"Bourne ultimatum",1477522020,1477522380,360,117116005.3490
"Bourne ultimatum",1477603140,1485068256,7465116,117116005.3490
"Bourne ultimatum",1477603140,1478034360,431220,117116005.3490
"Bourne ultimatum",1477622940,1485068256,7445316,117116005.3490
"Bourne ultimatum",1477779900,1485068256,7288356,117116005.3490
"Bourne ultimatum",1477779900,1479080760,1300860,117116005.3490
"Bourne ultimatum",1477863000,1485068256,7205256,117116005.3490
"Bourne ultimatum",1477863000,1478828760,965760,117116005.3490
"Bourne ultimatum",1477934580,1485068256,7133676,117116005.3490
"Bourne ultimatum",1478026080,1485068256,7042176,117116005.3490
"Bourne ultimatum",1478044740,1485068256,7023516,117116005.3490
"Bourne ultimatum",1478044740,1478384400,339660,117116005.3490
"Bourne ultimatum",1478134080,1485068256,6934176,117116005.3490
"Bourne ultimatum",1478212260,1485068256,6855996,117116005.3490
"Bourne ultimatum",1478212260,1478716140,503880,117116005.3490
"Bourne ultimatum",1478227860,1485068256,6840396,117116005.3490
"Bourne ultimatum",1478286600,1485068256,6781656,117116005.3490
"Bourne ultimatum",1478471220,1485068256,6597036,117116005.3490
"Bourne ultimatum",1478471220,1478553180,81960,117116005.3490
"Bourne ultimatum",1478474940,1485068256,6593316,117116005.3490
"Bourne ultimatum",1478474940,1478656560,181620,117116005.3490
"Bourne ultimatum",1478556780,1485068256,6511476,117116005.3490
"Bourne ultimatum",1478635320,1485068256,6432936,117116005.3490
"Bourne ultimatum",1478825940,1485068256,6242316,117116005.3490
"Bourne ultimatum",1478825940,1480104360,1278420,117116005.3490
"Bourne ultimatum",1478831700,1485068256,6236556,117116005.3490
"Bourne ultimatum",1478831700,1479266100,434400,117116005.3490
"Bourne ultimatum",1478985840,1485068256,6082416,117116005.3490
"Bourne ultimatum",1478985840,1480120920,1135080,117116005.3490
"Bourne ultimatum",1478989800,1485068256,6078456,117116005.3490
"Bourne ultimatum",1479074940,1485068256,5993316,117116005.3490
"Bourne ultimatum",1479074940,1479955860,880920,117116005.3490
"Bourne ultimatum",1479076080,1485068256,5992176,117116005.3490
"Bourne ultimatum",1479076080,1480107600,1031520,117116005.3490
"Bourne ultimatum",1479162300,1479162600,300,117116005.3490
"Bourne ultimatum",1479176520,1485068256,5891736,117116005.3490
"Bourne ultimatum",1479339300,1485068256,5728956,117116005.3490
"Bourne ultimatum",1479486720,1485068256,5581536,117116005.3490
"Bourne ultimatum",1479595920,1485068256,5472336,117116005.3490
"Bourne ultimatum",1479595920,1480712100,1116180,117116005.3490
"Bourne ultimatum",1479677340,1485068256,5390916,117116005.3490
"Bourne ultimatum",1479688260,1485068256,5379996,117116005.3490
"Bourne ultimatum",1479688260,1481078460,1390200,117116005.3490
"Bourne ultimatum",1479773880,1485068256,5294376,117116005.3490
"Bourne ultimatum",1479938940,1485068256,5129316,117116005.3490
"Bourne ultimatum",1479938940,1480361220,422280,117116005.3490
"Bourne ultimatum",1479948540,1485068256,5119716,117116005.3490
"Bourne ultimatum",1479948540,1480813800,865260,117116005.3490
"Bourne ultimatum",1480202580,1485068256,4865676,117116005.3490
"Bourne ultimatum",1480291080,1485068256,4777176,117116005.3490
"Bourne ultimatum",1480291080,1481064720,773640,117116005.3490
"Bourne ultimatum",1480444860,1485068256,4623396,117116005.3490
"Bourne ultimatum",1480444860,1481398020,953160,117116005.3490
"Bourne ultimatum",1480455360,1485068256,4612896,117116005.3490
"Bourne ultimatum",1480455360,1480608780,153420,117116005.3490
"Bourne ultimatum",1480455900,1485068256,4612356,117116005.3490
"Bourne ultimatum",1480455900,1482368400,1912500,117116005.3490
"Bourne ultimatum",1480462020,1485068256,4606236,117116005.3490
"Bourne ultimatum",1480462020,1481065980,603960,117116005.3490
"Bourne ultimatum",1480467300,1485068256,4600956,117116005.3490
"Bourne ultimatum",1480467300,1481652360,1185060,117116005.3490
"Bourne ultimatum",1480468680,1485068256,4599576,117116005.3490
"Bourne ultimatum",1480468680,1481240040,771360,117116005.3490
"Bourne ultimatum",1480475280,1485068256,4592976,117116005.3490
"Bourne ultimatum",1480475280,1481498640,1023360,117116005.3490
"Bourne ultimatum",1480535100,1485068256,4533156,117116005.3490
"Bourne ultimatum",1480554420,1485068256,4513836,117116005.3490
"Bourne ultimatum",1480554420,1481074560,520140,117116005.3490
"Bourne ultimatum",1480564200,1485068256,4504056,117116005.3490
"Bourne ultimatum",1480564200,1481767740,1203540,117116005.3490
"Bourne ultimatum",1480629540,1485068256,4438716,117116005.3490
"Bourne ultimatum",1480629540,1481061300,431760,117116005.3490
"Bourne ultimatum",1480637040,1485068256,4431216,117116005.3490
"Bourne ultimatum",1480797900,1485068256,4270356,117116005.3490
"Bourne ultimatum",1480986720,1485068256,4081536,117116005.3490
"Bourne ultimatum",1480986720,1482200640,1213920,117116005.3490
"Bourne ultimatum",1481142720,1485068256,3925536,117116005.3490
"Bourne ultimatum",1481142720,1482967020,1824300,117116005.3490
"Bourne ultimatum",1481227320,1485068256,3840936,117116005.3490
"Bourne ultimatum",1481230560,1485068256,3837696,117116005.3490
"Bourne ultimatum",1481230560,1481559480,328920,117116005.3490
"Bourne ultimatum",1481249400,1485068256,3818856,117116005.3490
"Bourne ultimatum",1481327340,1485068256,3740916,117116005.3490
"Bourne ultimatum",1481327340,1483230300,1902960,117116005.3490
"Bourne ultimatum",1481406540,1485068256,3661716,117116005.3490
"Bourne ultimatum",1481406540,1481926380,519840,117116005.3490
"Bourne ultimatum",1481418000,1485068256,3650256,117116005.3490
"Bourne ultimatum",1481418000,1482440880,1022880,117116005.3490
"Bourne ultimatum",1481577600,1485068256,3490656,117116005.3490
"Bourne ultimatum",1481673840,1485068256,3394416,117116005.3490
"Bourne ultimatum",1481673840,1482529020,855180,117116005.3490
"Bourne ultimatum",1481676540,1485068256,3391716,117116005.3490
"Bourne ultimatum",1481676540,1482283920,607380,117116005.3490
"Bourne ultimatum",1481762640,1485068256,3305616,117116005.3490
"Bourne ultimatum",1481762640,1482963180,1200540,117116005.3490
"Bourne ultimatum",1481857140,1485068256,3211116,117116005.3490
"Bourne ultimatum",1481857140,1481858400,1260,117116005.3490
"Bourne ultimatum",1481928720,1485068256,3139536,117116005.3490
"Bourne ultimatum",1482000780,1485068256,3067476,117116005.3490
"Bourne ultimatum",1482000780,1482525720,524940,117116005.3490
"Bourne ultimatum",1482004080,1485068256,3064176,117116005.3490
"Bourne ultimatum",1482004080,1482272040,267960,117116005.3490
"Bourne ultimatum",1482005040,1485068256,3063216,117116005.3490
"Bourne ultimatum",1482006120,1485068256,3062136,117116005.3490
"Bourne ultimatum",1482006120,1482108180,102060,117116005.3490
"Bourne ultimatum",1482010380,1485068256,3057876,117116005.3490
"Bourne ultimatum",1482010380,1483391760,1381380,117116005.3490
"Bourne ultimatum",1482026280,1485068256,3041976,117116005.3490
"Bourne ultimatum",1482277680,1485068256,2790576,117116005.3490
"Bourne ultimatum",1482277680,1482890700,613020,117116005.3490
"Bourne ultimatum",1482349740,1485068256,2718516,117116005.3490
"Bourne ultimatum",1482349740,1482532980,183240,117116005.3490
"Bourne ultimatum",1482373800,1485068256,2694456,117116005.3490
"Bourne ultimatum",1482373800,1483497360,1123560,117116005.3490
"Bourne ultimatum",1482441420,1485068256,2626836,117116005.3490
"Bourne ultimatum",1482448920,1485068256,2619336,117116005.3490
"Bourne ultimatum",1482448920,1482883260,434340,117116005.3490
"Bourne ultimatum",1482524580,1485068256,2543676,117116005.3490
"Bourne ultimatum",1482533340,1485068256,2534916,117116005.3490
"Bourne ultimatum",1482533340,1483133340,600000,117116005.3490
"Bourne ultimatum",1482779760,1485068256,2288496,117116005.3490
"Bourne ultimatum",1482779760,1483221360,441600,117116005.3490
"Bourne ultimatum",1482874680,1485068256,2193576,117116005.3490
"Bourne ultimatum",1482874680,1483478760,604080,117116005.3490
"Bourne ultimatum",1482876780,1485068256,2191476,117116005.3490
"Bourne ultimatum",1482876780,1483664700,787920,117116005.3490
"Bourne ultimatum",1482949260,1485068256,2118996,117116005.3490
"Bourne ultimatum",1482949260,1483133820,184560,117116005.3490
"Bourne ultimatum",1482961560,1485068256,2106696,117116005.3490
"Bourne ultimatum",1482961560,1483911480,949920,117116005.3490
"Bourne ultimatum",1482976440,1485068256,2091816,117116005.3490
"Bourne ultimatum",1482976440,1483731180,754740,117116005.3490
"Bourne ultimatum",1482976680,1485068256,2091576,117116005.3490
"Bourne ultimatum",1482976680,1483404420,427740,117116005.3490
"Bourne ultimatum",1483055880,1485068256,2012376,117116005.3490
"Bourne ultimatum",1483055880,1484959140,1903260,117116005.3490
"Bourne ultimatum",1483056420,1485068256,2011836,117116005.3490
"Bourne ultimatum",1483056420,1483390980,334560,117116005.3490
"Bourne ultimatum",1483231620,1485068256,1836636,117116005.3490
"Bourne ultimatum",1483231620,1483403520,171900,117116005.3490
"Bourne ultimatum",1483392660,1485068256,1675596,117116005.3490
"Bourne ultimatum",1483392660,1483997700,605040,117116005.3490
"Bourne ultimatum",1483484220,1485068256,1584036,117116005.3490
"Bourne ultimatum",1483484220,1484956440,1472220,117116005.3490
"Bourne ultimatum",1483493220,1485068256,1575036,117116005.3490
"Bourne ultimatum",1483493220,1484710860,1217640,117116005.3490
"Bourne ultimatum",1483498740,1485068256,1569516,117116005.3490
"Bourne ultimatum",1483498740,1484708760,1210020,117116005.3490
"Bourne ultimatum",1483557180,1485068256,1511076,117116005.3490
"Bourne ultimatum",1483557180,1484776740,1219560,117116005.3490
"Bourne ultimatum",1483574160,1485068256,1494096,117116005.3490
"Bourne ultimatum",1483580640,1485068256,1487616,117116005.3490
"Bourne ultimatum",1483580640,1484011260,430620,117116005.3490
"Bourne ultimatum",1483642980,1485068256,1425276,117116005.3490
"Bourne ultimatum",1483834440,1485068256,1233816,117116005.3490
"Bourne ultimatum",1483834440,1484087820,253380,117116005.3490
"Bourne ultimatum",1483840080,1485068256,1228176,117116005.3490
"Bourne ultimatum",1483840080,1484709240,869160,117116005.3490
"Bourne ultimatum",1484002140,1485068256,1066116,117116005.3490
"Bourne ultimatum",1484014020,1485068256,1054236,117116005.3490
"Bourne ultimatum",1484257500,1485068256,810756,117116005.3490
"Bourne ultimatum",1484264220,1485068256,804036,117116005.3490
"Bourne ultimatum",1484264220,1484433660,169440,117116005.3490
"Bourne ultimatum",1484269980,1485068256,798276,117116005.3490
"Bourne ultimatum",1484330700,1485068256,737556,117116005.3490
"Bourne ultimatum",1484330700,1484792580,461880,117116005.3490
"Bourne ultimatum",1484347800,1485068256,720456,117116005.3490
"Bourne ultimatum",1484347800,1484779800,432000,117116005.3490
"Bourne ultimatum",1484420940,1485068256,647316,117116005.3490
"Bourne ultimatum",1484773860,1485068256,294396,117116005.3490
"Bourne ultimatum",1484868300,1485068256,199956,117116005.3490
"Bourne ultimatum",1484869740,1485068256,198516,117116005.3490
"Bourne supremacy",1120071240,1136832300,16761060,114589154.9652
"Bourne supremacy",1120071240,1137183900,17112660,114589154.9652
"Bourne supremacy",1129060920,1146173640,17112720,114589154.9652
"Bourne supremacy",1129060920,1146336600,17275680,114589154.9652
"Bourne supremacy",1129772700,1136251440,6478740,114589154.9652
"Bourne supremacy",1131320520,1136590860,5270340,114589154.9652
"Bourne supremacy",1132524540,1143657960,11133420,114589154.9652
"Bourne supremacy",1132524540,1143754320,11229780,114589154.9652
"Bourne supremacy",1132524540,1144872000,12347460,114589154.9652
"Bourne supremacy",1133568600,1136248500,2679900,114589154.9652
"Bourne supremacy",1133635320,1137261660,3626340,114589154.9652
"Bourne supremacy",1133641620,1136841000,3199380,114589154.9652
"Bourne supremacy",1133645880,1136666880,3021000,114589154.9652
"Bourne supremacy",1134255540,1137021780,2766240,114589154.9652
"Bourne supremacy",1134518460,1136235900,1717440,114589154.9652
"Bourne supremacy",1134776340,1137026700,2250360,114589154.9652
"Bourne supremacy",1134776340,1137197760,2421420,114589154.9652
"Bourne supremacy",1135040760,1136863320,1822560,114589154.9652
"Bourne supremacy",1135381800,1136237760,855960,114589154.9652
"Bourne supremacy",1135631280,1136666520,1035240,114589154.9652
"Bourne supremacy",1135639620,1136487840,848220,114589154.9652
"Bourne supremacy",1135655700,1137280980,1625280,114589154.9652
"Bourne supremacy",1135722180,1137193980,1471800,114589154.9652
"Bourne supremacy",1135726380,1136865060,1138680,114589154.9652
"Bourne supremacy",1135732560,1136755020,1022460,114589154.9652
"Bourne supremacy",1135735920,1136661420,925500,114589154.9652
"Bourne supremacy",1135795440,1136339400,543960,114589154.9652
"Bourne supremacy",1135797480,1136493840,696360,114589154.9652
"Bourne supremacy",1135801380,1136326800,525420,114589154.9652
"Bourne supremacy",1135802400,1136238720,436320,114589154.9652
"Bourne supremacy",1135802400,1136836560,1034160,114589154.9652
"Bourne supremacy",1135802400,1137181080,1378680,114589154.9652
"Bourne supremacy",1135806840,1136520300,713460,114589154.9652
"Bourne supremacy",1135806840,1136571420,764580,114589154.9652
"Bourne supremacy",1135814220,1136595000,780780,114589154.9652
"Bourne supremacy",1135882920,1136429400,546480,114589154.9652
"Bourne supremacy",1135899900,1136338500,438600,114589154.9652
"Bourne supremacy",1135901580,1136763240,861660,114589154.9652
"Bourne supremacy",1135904220,1136851320,947100,114589154.9652
"Bourne supremacy",1135986840,1136243640,256800,114589154.9652
"Bourne supremacy",1135987680,1136339040,351360,114589154.9652
"Bourne supremacy",1136053860,1136671920,618060,114589154.9652
"Bourne supremacy",1136056740,1139509740,3453000,114589154.9652
"Bourne supremacy",1136065080,1136240700,175620,114589154.9652
"Bourne supremacy",1136071320,1139532300,3460980,114589154.9652
"Bourne supremacy",1136071320,1139607060,3535740,114589154.9652
"Bourne supremacy",1136077980,1136243640,165660,114589154.9652
"Bourne supremacy",1136077980,1136338980,261000,114589154.9652
"Bourne supremacy",1136077980,1136408160,330180,114589154.9652
"Bourne supremacy",1136239740,1485068256,348828516,114589154.9652
"Bourne supremacy",1136239740,1136934720,694980,114589154.9652
"Bourne supremacy",1136239920,1485068256,348828336,114589154.9652
"Bourne supremacy",1136240100,1485068256,348828156,114589154.9652
"Bourne supremacy",1136240100,1136579880,339780,114589154.9652
"Bourne supremacy",1136243940,1485068256,348824316,114589154.9652
"Bourne supremacy",1136315640,1485068256,348752616,114589154.9652
"Bourne supremacy",1136315640,1136401620,85980,114589154.9652
"Bourne supremacy",1136333940,1485068256,348734316,114589154.9652
"Bourne supremacy",1136340180,1485068256,348728076,114589154.9652
"Bourne supremacy",1136340840,1136341080,240,114589154.9652
"Bourne supremacy",1136417220,1485068256,348651036,114589154.9652
"Bourne supremacy",1136421960,1139090280,2668320,114589154.9652
"Bourne supremacy",1136433060,1485068256,348635196,114589154.9652
"Bourne supremacy",1136433060,1137289920,856860,114589154.9652
"Bourne supremacy",1136487240,1485068256,348581016,114589154.9652
"Bourne supremacy",1136487900,1485068256,348580356,114589154.9652
"Bourne supremacy",1136487900,1136842080,354180,114589154.9652
"Bourne supremacy",1136496540,1485068256,348571716,114589154.9652
"Bourne supremacy",1136496540,1136852700,356160,114589154.9652
"Bourne supremacy",1136498580,1485068256,348569676,114589154.9652
"Bourne supremacy",1136498580,1138312800,1814220,114589154.9652
"Bourne supremacy",1136500560,1485068256,348567696,114589154.9652
"Bourne supremacy",1136500560,1137019320,518760,114589154.9652
"Bourne supremacy",1136503260,1485068256,348564996,114589154.9652
"Bourne supremacy",1136503260,1137196980,693720,114589154.9652
"Bourne supremacy",1136504280,1485068256,348563976,114589154.9652
"Bourne supremacy",1136574000,1485068256,348494256,114589154.9652
"Bourne supremacy",1136574000,1138407720,1833720,114589154.9652
"Bourne supremacy",1136577720,1485068256,348490536,114589154.9652
"Bourne supremacy",1136577720,1137280140,702420,114589154.9652
"Bourne supremacy",1136591340,1485068256,348476916,114589154.9652
"Bourne supremacy",1136591340,1139094300,2502960,114589154.9652
"Bourne supremacy",1136593680,1485068256,348474576,114589154.9652
"Bourne supremacy",1136593680,1138402500,1808820,114589154.9652
"Bourne supremacy",1136597100,1485068256,348471156,114589154.9652
"Bourne supremacy",1136597100,1138389300,1792200,114589154.9652
"Bourne supremacy",1136597820,1485068256,348470436,114589154.9652
"Bourne supremacy",1136597820,1138666440,2068620,114589154.9652
"Bourne supremacy",1136598060,1485068256,348470196,114589154.9652
"Bourne supremacy",1136598060,1137195120,597060,114589154.9652
"Bourne supremacy",1136657820,1485068256,348410436,114589154.9652
"Bourne supremacy",1136657820,1138480320,1822500,114589154.9652
"Bourne supremacy",1136657820,1138995240,2337420,114589154.9652
"Bourne supremacy",1136671380,1485068256,348396876,114589154.9652
"Bourne supremacy",1136675700,1485068256,348392556,114589154.9652
"Bourne supremacy",1136680980,1136853060,172080,114589154.9652
"Bourne supremacy",1136756640,1485068256,348311616,114589154.9652
"Bourne supremacy",1136841300,1485068256,348226956,114589154.9652
"Bourne supremacy",1136841300,1138669260,1827960,114589154.9652
"Bourne supremacy",1136844720,1485068256,348223536,114589154.9652
"Bourne supremacy",1136844720,1139703300,2858580,114589154.9652
"Bourne supremacy",1136844720,1140200460,3355740,114589154.9652
"Bourne supremacy",1136851560,1485068256,348216696,114589154.9652
"Bourne supremacy",1136851560,1140054600,3203040,114589154.9652
"Bourne supremacy",1136851560,1140576840,3725280,114589154.9652
"Bourne supremacy",1136851560,1140737400,3885840,114589154.9652
"Bourne supremacy",1136857920,1485068256,348210336,114589154.9652
"Bourne supremacy",1136857920,1138905360,2047440,114589154.9652
"Bourne supremacy",1136857920,1138990980,2133060,114589154.9652
"Bourne supremacy",1136858880,1485068256,348209376,114589154.9652
"Bourne supremacy",1136860380,1485068256,348207876,114589154.9652
"Bourne supremacy",1136860380,1138673940,1813560,114589154.9652
"Bourne supremacy",1136862780,1485068256,348205476,114589154.9652
"Bourne supremacy",1136862780,1139975280,3112500,114589154.9652
"Bourne supremacy",1136862780,1140631980,3769200,114589154.9652
"Bourne supremacy",1136863560,1485068256,348204696,114589154.9652
"Bourne supremacy",1136923020,1485068256,348145236,114589154.9652
"Bourne supremacy",1136933700,1485068256,348134556,114589154.9652
"Bourne supremacy",1136933940,1485068256,348134316,114589154.9652
"Bourne supremacy",1136934840,1485068256,348133416,114589154.9652
"Bourne supremacy",1136934840,1137193200,258360,114589154.9652
"Bourne supremacy",1136938440,1485068256,348129816,114589154.9652
"Bourne supremacy",1136941440,1485068256,348126816,114589154.9652
"Bourne supremacy",1136941440,1137194460,253020,114589154.9652
"Bourne supremacy",1137037860,1485068256,348030396,114589154.9652
"Bourne supremacy",1137117300,1485068256,347950956,114589154.9652
"Bourne supremacy",1137181500,1485068256,347886756,114589154.9652
"Bourne supremacy",1137181500,1138311000,1129500,114589154.9652
"Bourne supremacy",1137182760,1485068256,347885496,114589154.9652
"Bourne supremacy",1137182760,1138391160,1208400,114589154.9652
"Bourne supremacy",1137189240,1485068256,347879016,114589154.9652
"Bourne supremacy",1137189240,1138663440,1474200,114589154.9652
"Bourne supremacy",1137198240,1485068256,347870016,114589154.9652
"Bourne supremacy",1137198240,1138835520,1637280,114589154.9652
"Bourne supremacy",1137198240,1139243280,2045040,114589154.9652
"Bourne supremacy",1137200160,1138836180,1636020,114589154.9652
"Bourne supremacy",1137200700,1485068256,347867556,114589154.9652
"Bourne supremacy",1137200700,1138145820,945120,114589154.9652
"Bourne supremacy",1137202740,1485068256,347865516,114589154.9652
"Bourne supremacy",1137202740,1138845300,1642560,114589154.9652
"Bourne supremacy",1137202800,1485068256,347865456,114589154.9652
"Bourne supremacy",1137266340,1485068256,347801916,114589154.9652
"Bourne supremacy",1137271500,1139094600,1823100,114589154.9652
"Bourne supremacy",1137274980,1138491120,1216140,114589154.9652
"Bourne supremacy",1137279240,1138407840,1128600,114589154.9652
"Bourne supremacy",1137545460,1138845720,1300260,114589154.9652
"Bourne supremacy",1137545460,1138915380,1369920,114589154.9652
"Bourne supremacy",1137546060,1139444400,1898340,114589154.9652
"Bourne supremacy",1137546660,1138142880,596220,114589154.9652
"Bourne supremacy",1137623940,1140635280,3011340,114589154.9652
"Bourne supremacy",1137631200,1139362680,1731480,114589154.9652
"Bourne supremacy",1137631200,1140222240,2591040,114589154.9652
"Bourne supremacy",1137631200,1140558300,2927100,114589154.9652
"Bourne supremacy",1137708840,1138231380,522540,114589154.9652
"Bourne supremacy",1137722220,1140823080,3100860,114589154.9652
"Bourne supremacy",1137878820,1141699500,3820680,114589154.9652
"Bourne supremacy",1137894360,1138311240,416880,114589154.9652
"Bourne supremacy",1137968760,1138412160,443400,114589154.9652
"Bourne supremacy",1138054980,1141089540,3034560,114589154.9652
"Bourne supremacy",1138059960,1138401600,341640,114589154.9652
"Bourne supremacy",1138064040,1139186580,1122540,114589154.9652
"Bourne supremacy",1138068480,1138241700,173220,114589154.9652
"Bourne supremacy",1138069740,1139452320,1382580,114589154.9652
"Bourne supremacy",1138070160,1152825900,14755740,114589154.9652
"Bourne supremacy",1138070160,1152898680,14828520,114589154.9652
"Bourne supremacy",1138139280,1485068256,346928976,114589154.9652
"Bourne supremacy",1138139280,1139973240,1833960,114589154.9652
"Bourne supremacy",1138145460,1485068256,346922796,114589154.9652
"Bourne supremacy",1138145460,1140220140,2074680,114589154.9652
"Bourne supremacy",1138149960,1485068256,346918296,114589154.9652
"Bourne supremacy",1138149960,1138664940,514980,114589154.9652
"Bourne supremacy",1138150320,1485068256,346917936,114589154.9652
"Bourne supremacy",1138150320,1141428540,3278220,114589154.9652
"Bourne supremacy",1138154340,1485068256,346913916,114589154.9652
"Bourne supremacy",1138154340,1138759200,604860,114589154.9652
"Bourne supremacy",1138155480,1485068256,346912776,114589154.9652
"Bourne supremacy",1138155480,1138663920,508440,114589154.9652
"Bourne supremacy",1138161420,1485068256,346906836,114589154.9652
"Bourne supremacy",1138161420,1138392120,230700,114589154.9652
"Bourne supremacy",1138224900,1485068256,346843356,114589154.9652
"Bourne supremacy",1138224900,1139366340,1141440,114589154.9652
"Bourne supremacy",1138230900,1485068256,346837356,114589154.9652
"Bourne supremacy",1138230900,1139342880,1111980,114589154.9652
"Bourne supremacy",1138236600,1485068256,346831656,114589154.9652
"Bourne supremacy",1138236600,1143776100,5539500,114589154.9652
"Bourne supremacy",1138299900,1485068256,346768356,114589154.9652
"Bourne supremacy",1138299900,1140034620,1734720,114589154.9652
"Bourne supremacy",1138313640,1485068256,346754616,114589154.9652
"Bourne supremacy",1138313640,1139698920,1385280,114589154.9652
"Bourne supremacy",1138314720,1485068256,346753536,114589154.9652
"Bourne supremacy",1138315080,1485068256,346753176,114589154.9652
"Bourne supremacy",1138316040,1485068256,346752216,114589154.9652
"Bourne supremacy",1138317120,1485068256,346751136,114589154.9652
"Bourne supremacy",1138324380,1485068256,346743876,114589154.9652
"Bourne supremacy",1138324380,1138930740,606360,114589154.9652
"Bourne supremacy",1138392840,1485068256,346675416,114589154.9652
"Bourne supremacy",1138392840,1141764120,3371280,114589154.9652
"Bourne supremacy",1138400340,1485068256,346667916,114589154.9652
"Bourne supremacy",1138400340,1139271180,870840,114589154.9652
"Bourne supremacy",1138401060,1485068256,346667196,114589154.9652
"Bourne supremacy",1138401060,1138572540,171480,114589154.9652
"Bourne supremacy",1138406400,1485068256,346661856,114589154.9652
"Bourne supremacy",1138406400,1143658740,5252340,114589154.9652
"Bourne supremacy",1138406400,1143754560,5348160,114589154.9652
"Bourne supremacy",1138406520,1485068256,346661736,114589154.9652
"Bourne supremacy",1138406520,1139090220,683700,114589154.9652
"Bourne supremacy",1138406520,1139424780,1018260,114589154.9652
"Bourne supremacy",1138478220,1485068256,346590036,114589154.9652
"Bourne supremacy",1138478220,1146622140,8143920,114589154.9652
"Bourne supremacy",1138490820,1485068256,346577436,114589154.9652
"Bourne supremacy",1138582140,1485068256,346486116,114589154.9652
"Bourne supremacy",1138582140,1139867700,1285560,114589154.9652
"Bourne supremacy",1138664640,1485068256,346403616,114589154.9652
"Bourne supremacy",1138664640,1139262180,597540,114589154.9652
"Bourne supremacy",1138664640,1139934300,1269660,114589154.9652
"Bourne supremacy",1138666200,1485068256,346402056,114589154.9652
"Bourne supremacy",1138666200,1140565380,1899180,114589154.9652
"Bourne supremacy",1138668000,1485068256,346400256,114589154.9652
"Bourne supremacy",1138668000,1139448900,780900,114589154.9652
"Bourne supremacy",1138668240,1485068256,346400016,114589154.9652
"Bourne supremacy",1138668240,1139876640,1208400,114589154.9652
"Bourne supremacy",1138673700,1485068256,346394556,114589154.9652
"Bourne supremacy",1138676160,1485068256,346392096,114589154.9652
"Bourne supremacy",1138676160,1140586740,1910580,114589154.9652
"Bourne supremacy",1138676400,1485068256,346391856,114589154.9652
"Bourne supremacy",1138676400,1138850880,174480,114589154.9652
"Bourne supremacy",1138679340,1485068256,346388916,114589154.9652
"Bourne supremacy",1138745280,1485068256,346322976,114589154.9652
"Bourne supremacy",1138756500,1485068256,346311756,114589154.9652
"Bourne supremacy",1138756500,1140578340,1821840,114589154.9652
"Bourne supremacy",1138756500,1141163220,2406720,114589154.9652
"Bourne supremacy",1138764060,1485068256,346304196,114589154.9652
"Bourne supremacy",1138766100,1485068256,346302156,114589154.9652
"Bourne supremacy",1138766100,1139368920,602820,114589154.9652
"Bourne supremacy",1138830900,1485068256,346237356,114589154.9652
"Bourne supremacy",1138830900,1139942460,1111560,114589154.9652
"Bourne supremacy",1138834980,1485068256,346233276,114589154.9652
"Bourne supremacy",1138834980,1138916160,81180,114589154.9652
"Bourne supremacy",1138844880,1485068256,346223376,114589154.9652
"Bourne supremacy",1138915800,1485068256,346152456,114589154.9652
"Bourne supremacy",1138915800,1141172220,2256420,114589154.9652
"Bourne supremacy",1138915920,1485068256,346152336,114589154.9652
"Bourne supremacy",1138915920,1140749160,1833240,114589154.9652
"Bourne supremacy",1138915920,1141079640,2163720,114589154.9652
"Bourne supremacy",1138920420,1485068256,346147836,114589154.9652
"Bourne supremacy",1138920420,1139267700,347280,114589154.9652
"Bourne supremacy",1138920600,1485068256,346147656,114589154.9652
"Bourne supremacy",1138920600,1139447100,526500,114589154.9652
"Bourne supremacy",1139001540,1485068256,346066716,114589154.9652
"Bourne supremacy",1139001540,1139788440,786900,114589154.9652
"Bourne supremacy",1139088780,1485068256,345979476,114589154.9652
"Bourne supremacy",1139088780,1139362500,273720,114589154.9652
"Bourne supremacy",1139099220,1485068256,345969036,114589154.9652
"Bourne supremacy",1139099220,1140906840,1807620,114589154.9652
"Bourne supremacy",1139103660,1485068256,345964596,114589154.9652
"Bourne supremacy",1139184420,1485068256,345883836,114589154.9652
"Bourne supremacy",1139184420,1140661380,1476960,114589154.9652
"Bourne supremacy",1139268780,1485068256,345799476,114589154.9652
"Bourne supremacy",1139268840,1485068256,345799416,114589154.9652
"Bourne supremacy",1139268840,1140640620,1371780,114589154.9652
"Bourne supremacy",1139269140,1485068256,345799116,114589154.9652
"Bourne supremacy",1139284200,1141269540,1985340,114589154.9652
"Bourne supremacy",1139352000,1485068256,345716256,114589154.9652
"Bourne supremacy",1139352000,1140225660,873660,114589154.9652
"Bourne supremacy",1139352000,1140657480,1305480,114589154.9652
"Bourne supremacy",1139352000,1140712920,1360920,114589154.9652
"Bourne supremacy",1139367720,1485068256,345700536,114589154.9652
"Bourne supremacy",1139367720,1139876700,508980,114589154.9652
"Bourne supremacy",1139420400,1485068256,345647856,114589154.9652
"Bourne supremacy",1139420400,1140129420,709020,114589154.9652
"Bourne supremacy",1139427660,1485068256,345640596,114589154.9652
"Bourne supremacy",1139427660,1139596860,169200,114589154.9652
"Bourne supremacy",1139435280,1485068256,345632976,114589154.9652
"Bourne supremacy",1139435280,1140661200,1225920,114589154.9652
"Bourne supremacy",1139435280,1140895680,1460400,114589154.9652
"Bourne supremacy",1139439000,1485068256,345629256,114589154.9652
"Bourne supremacy",1139454000,1485068256,345614256,114589154.9652
"Bourne supremacy",1139454000,1141081200,1627200,114589154.9652
"Bourne supremacy",1139455140,1485068256,345613116,114589154.9652
"Bourne supremacy",1139455140,1140037680,582540,114589154.9652
"Bourne supremacy",1139530920,1485068256,345537336,114589154.9652
"Bourne supremacy",1139531640,1485068256,345536616,114589154.9652
"Bourne supremacy",1139605320,1485068256,345462936,114589154.9652
"Bourne supremacy",1139616660,1485068256,345451596,114589154.9652
"Bourne supremacy",1139684700,1485068256,345383556,114589154.9652
"Bourne supremacy",1139684700,1139881440,196740,114589154.9652
"Bourne supremacy",1139699460,1485068256,345368796,114589154.9652
"Bourne supremacy",1139699460,1140212160,512700,114589154.9652
"Bourne supremacy",1139699460,1140561300,861840,114589154.9652
"Bourne supremacy",1139705940,1485068256,345362316,114589154.9652
"Bourne supremacy",1139705940,1141430820,1724880,114589154.9652
"Bourne supremacy",1139707140,1485068256,345361116,114589154.9652
"Bourne supremacy",1139707140,1141679760,1972620,114589154.9652
"Bourne supremacy",1139792400,1485068256,345275856,114589154.9652
"Bourne supremacy",1139792400,1141239720,1447320,114589154.9652
"Bourne supremacy",1139868060,1485068256,345200196,114589154.9652
"Bourne supremacy",1139868060,1141258800,1390740,114589154.9652
"Bourne supremacy",1139868840,1485068256,345199416,114589154.9652
"Bourne supremacy",1139868840,1142033460,2164620,114589154.9652
"Bourne supremacy",1139868840,1143094560,3225720,114589154.9652
"Bourne supremacy",1139868840,1143098820,3229980,114589154.9652
"Bourne supremacy",1139868840,1143169260,3300420,114589154.9652
"Bourne supremacy",1139877360,1485068256,345190896,114589154.9652
"Bourne supremacy",1139877360,1140309960,432600,114589154.9652
"Bourne supremacy",1139880000,1485068256,345188256,114589154.9652
"Bourne supremacy",1139880000,1140306480,426480,114589154.9652
"Bourne supremacy",1139880000,1140898800,1018800,114589154.9652
"Bourne supremacy",1139880240,1485068256,345188016,114589154.9652
"Bourne supremacy",1139880240,1141510620,1630380,114589154.9652
"Bourne supremacy",1139884320,1485068256,345183936,114589154.9652
"Bourne supremacy",1139884320,1141270380,1386060,114589154.9652
"Bourne supremacy",1139935140,1485068256,345133116,114589154.9652
"Bourne supremacy",1139935140,1142376720,2441580,114589154.9652
"Bourne supremacy",1139953260,1485068256,345114996,114589154.9652
"Bourne supremacy",1139955120,1485068256,345113136,114589154.9652
"Bourne supremacy",1139955120,1142025420,2070300,114589154.9652
"Bourne supremacy",1139957520,1485068256,345110736,114589154.9652
"Bourne supremacy",1139957520,1142449440,2491920,114589154.9652
"Bourne supremacy",1139959620,1485068256,345108636,114589154.9652
"Bourne supremacy",1139959620,1140199860,240240,114589154.9652
"Bourne supremacy",1139959620,1140568260,608640,114589154.9652
"Bourne supremacy",1139966880,1485068256,345101376,114589154.9652
"Bourne supremacy",1139966880,1141175820,1208940,114589154.9652
"Bourne supremacy",1139966880,1147205040,7238160,114589154.9652
"Bourne supremacy",1140051600,1485068256,345016656,114589154.9652
"Bourne supremacy",1140053220,1485068256,345015036,114589154.9652
"Bourne supremacy",1140118380,1485068256,344949876,114589154.9652
"Bourne supremacy",1140118380,1140721980,603600,114589154.9652
"Bourne supremacy",1140129420,1485068256,344938836,114589154.9652
"Bourne supremacy",1140129420,1142634000,2504580,114589154.9652
"Bourne supremacy",1140130740,1485068256,344937516,114589154.9652
"Bourne supremacy",1140130740,1141082280,951540,114589154.9652
"Bourne supremacy",1140223140,1485068256,344845116,114589154.9652
"Bourne supremacy",1140223140,1141703520,1480380,114589154.9652
"Bourne supremacy",1140227880,1485068256,344840376,114589154.9652
"Bourne supremacy",1140227880,1141781040,1553160,114589154.9652
"Bourne supremacy",1140301260,1485068256,344766996,114589154.9652
"Bourne supremacy",1140301260,1143583200,3281940,114589154.9652
"Bourne supremacy",1140557220,1485068256,344511036,114589154.9652
"Bourne supremacy",1140557220,1141676580,1119360,114589154.9652
"Bourne supremacy",1140629220,1485068256,344439036,114589154.9652
"Bourne supremacy",1140629220,1143073200,2443980,114589154.9652
"Bourne supremacy",1140632580,1485068256,344435676,114589154.9652
"Bourne supremacy",1140638520,1485068256,344429736,114589154.9652
"Bourne supremacy",1140638520,1141171320,532800,114589154.9652
"Bourne supremacy",1140640020,1485068256,344428236,114589154.9652
"Bourne supremacy",1140640020,1144776300,4136280,114589154.9652
"Bourne supremacy",1140641460,1485068256,344426796,114589154.9652
"Bourne supremacy",1140651540,1485068256,344416716,114589154.9652
"Bourne supremacy",1140660840,1485068256,344407416,114589154.9652
"Bourne supremacy",1140660840,1142909520,2248680,114589154.9652
"Bourne supremacy",1140665520,1485068256,344402736,114589154.9652
"Bourne supremacy",1140720300,1485068256,344347956,114589154.9652
"Bourne supremacy",1140720300,1141766640,1046340,114589154.9652
"Bourne supremacy",1140725640,1485068256,344342616,114589154.9652
"Bourne supremacy",1140725640,1142478960,1753320,114589154.9652
"Bourne supremacy",1140733320,1485068256,344334936,114589154.9652
"Bourne supremacy",1140733320,1141790220,1056900,114589154.9652
"Bourne supremacy",1140751080,1485068256,344317176,114589154.9652
"Bourne supremacy",1140751080,1142561940,1810860,114589154.9652
"Bourne supremacy",1140751080,1142974740,2223660,114589154.9652
"Bourne supremacy",1140804180,1485068256,344264076,114589154.9652
"Bourne supremacy",1140804180,1141429680,625500,114589154.9652
"Bourne supremacy",1140805080,1485068256,344263176,114589154.9652
"Bourne supremacy",1140805080,1141246080,441000,114589154.9652
"Bourne supremacy",1140805080,1141350600,545520,114589154.9652
"Bourne supremacy",1140811560,1485068256,344256696,114589154.9652
"Bourne supremacy",1140826320,1485068256,344241936,114589154.9652
"Bourne supremacy",1140826320,1141775700,949380,114589154.9652
"Bourne supremacy",1140830280,1485068256,344237976,114589154.9652
"Bourne supremacy",1140830280,1141348380,518100,114589154.9652
"Bourne supremacy",1140830280,1141618920,788640,114589154.9652
"Bourne supremacy",1140830280,1141688820,858540,114589154.9652
"Bourne supremacy",1140831480,1485068256,344236776,114589154.9652
"Bourne supremacy",1140895860,1485068256,344172396,114589154.9652
"Bourne supremacy",1140895860,1141507860,612000,114589154.9652
"Bourne supremacy",1140897360,1485068256,344170896,114589154.9652
"Bourne supremacy",1140900060,1485068256,344168196,114589154.9652
"Bourne supremacy",1140900060,1142283720,1383660,114589154.9652
"Bourne supremacy",1140902820,1485068256,344165436,114589154.9652
"Bourne supremacy",1141082820,1485068256,343985436,114589154.9652
"Bourne supremacy",1141082820,1141434420,351600,114589154.9652
"Bourne supremacy",1141087020,1485068256,343981236,114589154.9652
"Bourne supremacy",1141087020,1142468400,1381380,114589154.9652
"Bourne supremacy",1141087020,1143743160,2656140,114589154.9652
"Bourne supremacy",1141087020,1143822420,2735400,114589154.9652
"Bourne supremacy",1141088940,1485068256,343979316,114589154.9652
"Bourne supremacy",1141088940,1141499220,410280,114589154.9652
"Bourne supremacy",1141091340,1485068256,343976916,114589154.9652
"Bourne supremacy",1141091340,1141934520,843180,114589154.9652
"Bourne supremacy",1141094460,1485068256,343973796,114589154.9652
"Bourne supremacy",1141096680,1485068256,343971576,114589154.9652
"Bourne supremacy",1141097940,1485068256,343970316,114589154.9652
"Bourne supremacy",1141097940,1142393520,1295580,114589154.9652
"Bourne supremacy",1141161060,1485068256,343907196,114589154.9652
"Bourne supremacy",1141172640,1485068256,343895616,114589154.9652
"Bourne supremacy",1141172640,1143157620,1984980,114589154.9652
"Bourne supremacy",1141172700,1485068256,343895556,114589154.9652
"Bourne supremacy",1141172700,1142481900,1309200,114589154.9652
"Bourne supremacy",1141173180,1485068256,343895076,114589154.9652
"Bourne supremacy",1141173180,1141435020,261840,114589154.9652
"Bourne supremacy",1141182180,1485068256,343886076,114589154.9652
"Bourne supremacy",1141182180,1142387820,1205640,114589154.9652
"Bourne supremacy",1141266180,1485068256,343802076,114589154.9652
"Bourne supremacy",1141267980,1485068256,343800276,114589154.9652
"Bourne supremacy",1141267980,1142113680,845700,114589154.9652
"Bourne supremacy",1141267980,1142473800,1205820,114589154.9652
"Bourne supremacy",1141267980,1142541900,1273920,114589154.9652
"Bourne supremacy",1141270440,1485068256,343797816,114589154.9652
"Bourne supremacy",1141270440,1141504740,234300,114589154.9652
"Bourne supremacy",1141332720,1485068256,343735536,114589154.9652
"Bourne supremacy",1141332720,1141930680,597960,114589154.9652
"Bourne supremacy",1141343400,1485068256,343724856,114589154.9652
"Bourne supremacy",1141343400,1141772340,428940,114589154.9652
"Bourne supremacy",1141414140,1485068256,343654116,114589154.9652
"Bourne supremacy",1141414140,1143229320,1815180,114589154.9652
"Bourne supremacy",1141418940,1485068256,343649316,114589154.9652
"Bourne supremacy",1141418940,1142548680,1129740,114589154.9652
"Bourne supremacy",1141426380,1485068256,343641876,114589154.9652
"Bourne supremacy",1141434060,1485068256,343634196,114589154.9652
"Bourne supremacy",1141436820,1485068256,343631436,114589154.9652
"Bourne supremacy",1141436820,1142635740,1198920,114589154.9652
"Bourne supremacy",1141499640,1485068256,343568616,114589154.9652
"Bourne supremacy",1141499640,1142714340,1214700,114589154.9652
"Bourne supremacy",1141500480,1485068256,343567776,114589154.9652
"Bourne supremacy",1141500480,1141929960,429480,114589154.9652
"Bourne supremacy",1141506900,1485068256,343561356,114589154.9652
"Bourne supremacy",1141507380,1485068256,343560876,114589154.9652
"Bourne supremacy",1141507380,1141952760,445380,114589154.9652
"Bourne supremacy",1141507380,1142364420,857040,114589154.9652
"Bourne supremacy",1141513200,1485068256,343555056,114589154.9652
"Bourne supremacy",1141513200,1142456640,943440,114589154.9652
"Bourne supremacy",1141515420,1485068256,343552836,114589154.9652
"Bourne supremacy",1141515420,1141769700,254280,114589154.9652
"Bourne supremacy",1141516500,1485068256,343551756,114589154.9652
"Bourne supremacy",1141516500,1143334320,1817820,114589154.9652
"Bourne supremacy",1141519320,1485068256,343548936,114589154.9652
"Bourne supremacy",1141520880,1485068256,343547376,114589154.9652
"Bourne supremacy",1141523160,1485068256,343545096,114589154.9652
"Bourne supremacy",1141523160,1141771920,248760,114589154.9652
"Bourne supremacy",1141600140,1141600200,60,114589154.9652
"Bourne supremacy",1141600140,1142558520,958380,114589154.9652
"Bourne supremacy",1141679100,1485068256,343389156,114589154.9652
"Bourne supremacy",1141679100,1143514260,1835160,114589154.9652
"Bourne supremacy",1141690800,1485068256,343377456,114589154.9652
"Bourne supremacy",1141690800,1141771740,80940,114589154.9652
"Bourne supremacy",1141692540,1485068256,343375716,114589154.9652
"Bourne supremacy",1141692540,1142124780,432240,114589154.9652
"Bourne supremacy",1141697700,1485068256,343370556,114589154.9652
"Bourne supremacy",1141697700,1142286240,588540,114589154.9652
"Bourne supremacy",1141766640,1485068256,343301616,114589154.9652
"Bourne supremacy",1141766640,1146772020,5005380,114589154.9652
"Bourne supremacy",1141776000,1485068256,343292256,114589154.9652
"Bourne supremacy",1141776000,1142554560,778560,114589154.9652
"Bourne supremacy",1141779960,1485068256,343288296,114589154.9652
"Bourne supremacy",1141783800,1485068256,343284456,114589154.9652
"Bourne supremacy",1141787280,1485068256,343280976,114589154.9652
"Bourne supremacy",1141787280,1142124900,337620,114589154.9652
"Bourne supremacy",1141787460,1485068256,343280796,114589154.9652
"Bourne supremacy",1141787460,1142039700,252240,114589154.9652
"Bourne supremacy",1141787460,1142391420,603960,114589154.9652
"Bourne supremacy",1141846740,1485068256,343221516,114589154.9652
"Bourne supremacy",1141846740,1143053160,1206420,114589154.9652
"Bourne supremacy",1141861260,1485068256,343206996,114589154.9652
"Bourne supremacy",1141862400,1485068256,343205856,114589154.9652
"Bourne supremacy",1141862400,1143331440,1469040,114589154.9652
"Bourne supremacy",1141864020,1485068256,343204236,114589154.9652
"Bourne supremacy",1141864020,1142480580,616560,114589154.9652
"Bourne supremacy",1141865580,1485068256,343202676,114589154.9652
"Bourne supremacy",1141865580,1143839100,1973520,114589154.9652
"Bourne supremacy",1141866840,1485068256,343201416,114589154.9652
"Bourne supremacy",1141873740,1485068256,343194516,114589154.9652
"Bourne supremacy",1141939440,1485068256,343128816,114589154.9652
"Bourne supremacy",1141939440,1142108100,168660,114589154.9652
"Bourne supremacy",1141939560,1485068256,343128696,114589154.9652
"Bourne supremacy",1141939560,1142372220,432660,114589154.9652
"Bourne supremacy",1141940940,1485068256,343127316,114589154.9652
"Bourne supremacy",1141946040,1485068256,343122216,114589154.9652
"Bourne supremacy",1141946040,1143324000,1377960,114589154.9652
"Bourne supremacy",1141948440,1485068256,343119816,114589154.9652
"Bourne supremacy",1141948920,1485068256,343119336,114589154.9652
"Bourne supremacy",1141951200,1485068256,343117056,114589154.9652
"Bourne supremacy",1141951200,1143601140,1649940,114589154.9652
"Bourne supremacy",1141951620,1485068256,343116636,114589154.9652
"Bourne supremacy",1141951620,1143854940,1903320,114589154.9652
"Bourne supremacy",1141951620,1144132740,2181120,114589154.9652
"Bourne supremacy",1141951620,1144163700,2212080,114589154.9652
"Bourne supremacy",1142023800,1485068256,343044456,114589154.9652
"Bourne supremacy",1142023800,1142544360,520560,114589154.9652
"Bourne supremacy",1142024280,1485068256,343043976,114589154.9652
"Bourne supremacy",1142026500,1485068256,343041756,114589154.9652
"Bourne supremacy",1142026500,1142637000,610500,114589154.9652
"Bourne supremacy",1142037600,1485068256,343030656,114589154.9652
"Bourne supremacy",1142100660,1485068256,342967596,114589154.9652
"Bourne supremacy",1142100660,1143831420,1730760,114589154.9652
"Bourne supremacy",1142111160,1485068256,342957096,114589154.9652
"Bourne supremacy",1142111160,1142627880,516720,114589154.9652
"Bourne supremacy",1142124540,1485068256,342943716,114589154.9652
"Bourne supremacy",1142124540,1143843180,1718640,114589154.9652
"Bourne supremacy",1142203560,1485068256,342864696,114589154.9652
"Bourne supremacy",1142370840,1485068256,342697416,114589154.9652
"Bourne supremacy",1142370840,1144351740,1980900,114589154.9652
"Bourne supremacy",1142380500,1143154860,774360,114589154.9652
"Bourne supremacy",1142380500,1143561960,1181460,114589154.9652
"Bourne supremacy",1142392260,1485068256,342675996,114589154.9652
"Bourne supremacy",1142392980,1485068256,342675276,114589154.9652
"Bourne supremacy",1142392980,1142729220,336240,114589154.9652
"Bourne supremacy",1142395020,1485068256,342673236,114589154.9652
"Bourne supremacy",1142395020,1144884780,2489760,114589154.9652
"Bourne supremacy",1142457240,1485068256,342611016,114589154.9652
"Bourne supremacy",1142457240,1143583380,1126140,114589154.9652
"Bourne supremacy",1142459400,1485068256,342608856,114589154.9652
"Bourne supremacy",1142459400,1143930720,1471320,114589154.9652
"Bourne supremacy",1142469840,1485068256,342598416,114589154.9652
"Bourne supremacy",1142479800,1485068256,342588456,114589154.9652
"Bourne supremacy",1142480760,1485068256,342587496,114589154.9652
"Bourne supremacy",1142480760,1144290120,1809360,114589154.9652
"Bourne supremacy",1142481120,1485068256,342587136,114589154.9652
"Bourne supremacy",1142481120,1143149100,667980,114589154.9652
"Bourne supremacy",1142481120,1143577260,1096140,114589154.9652
"Bourne supremacy",1142536860,1485068256,342531396,114589154.9652
"Bourne supremacy",1142536860,1143583800,1046940,114589154.9652
"Bourne supremacy",1142538300,1485068256,342529956,114589154.9652
"Bourne supremacy",1142538300,1143247500,709200,114589154.9652
"Bourne supremacy",1142548980,1485068256,342519276,114589154.9652
"Bourne supremacy",1142552460,1485068256,342515796,114589154.9652
"Bourne supremacy",1142555520,1485068256,342512736,114589154.9652
"Bourne supremacy",1142555520,1144437180,1881660,114589154.9652
"Bourne supremacy",1142558640,1485068256,342509616,114589154.9652
"Bourne supremacy",1142558640,1144202580,1643940,114589154.9652
"Bourne supremacy",1142559900,1485068256,342508356,114589154.9652
"Bourne supremacy",1142623260,1485068256,342444996,114589154.9652
"Bourne supremacy",1142631600,1485068256,342436656,114589154.9652
"Bourne supremacy",1142638740,1485068256,342429516,114589154.9652
"Bourne supremacy",1142642880,1485068256,342425376,114589154.9652
"Bourne supremacy",1142642880,1143156420,513540,114589154.9652
"Bourne supremacy",1142643360,1485068256,342424896,114589154.9652
"Bourne supremacy",1142643360,1144368060,1724700,114589154.9652
"Bourne supremacy",1142706000,1485068256,342362256,114589154.9652
"Bourne supremacy",1142706000,1144525560,1819560,114589154.9652
"Bourne supremacy",1142709540,1485068256,342358716,114589154.9652
"Bourne supremacy",1142709540,1143514140,804600,114589154.9652
"Bourne supremacy",1142712720,1485068256,342355536,114589154.9652
"Bourne supremacy",1142721720,1485068256,342346536,114589154.9652
"Bourne supremacy",1142721720,1142988060,266340,114589154.9652
"Bourne supremacy",1142732580,1485068256,342335676,114589154.9652
"Bourne supremacy",1142732580,1143250500,517920,114589154.9652
"Bourne supremacy",1142809740,1485068256,342258516,114589154.9652
"Bourne supremacy",1142886360,1485068256,342181896,114589154.9652
"Bourne supremacy",1142886360,1143578520,692160,114589154.9652
"Bourne supremacy",1142888940,1485068256,342179316,114589154.9652
"Bourne supremacy",1142888940,1142980860,91920,114589154.9652
"Bourne supremacy",1142905620,1485068256,342162636,114589154.9652
"Bourne supremacy",1142905620,1145131080,2225460,114589154.9652
"Bourne supremacy",1142906640,1485068256,342161616,114589154.9652
"Bourne supremacy",1142906640,1143516300,609660,114589154.9652
"Bourne supremacy",1142985480,1485068256,342082776,114589154.9652
"Bourne supremacy",1142985480,1143850740,865260,114589154.9652
"Bourne supremacy",1142989680,1485068256,342078576,114589154.9652
"Bourne supremacy",1142989680,1144711980,1722300,114589154.9652
"Bourne supremacy",1143059700,1485068256,342008556,114589154.9652
"Bourne supremacy",1143059700,1143143820,84120,114589154.9652
"Bourne supremacy",1143060180,1485068256,342008076,114589154.9652
"Bourne supremacy",1143060180,1143226020,165840,114589154.9652
"Bourne supremacy",1143062880,1485068256,342005376,114589154.9652
"Bourne supremacy",1143062880,1143320760,257880,114589154.9652
"Bourne supremacy",1143075720,1485068256,341992536,114589154.9652
"Bourne supremacy",1143137700,1485068256,341930556,114589154.9652
"Bourne supremacy",1143155880,1485068256,341912376,114589154.9652
"Bourne supremacy",1143155880,1143759480,603600,114589154.9652
"Bourne supremacy",1143160920,1485068256,341907336,114589154.9652
"Bourne supremacy",1143225480,1485068256,341842776,114589154.9652
"Bourne supremacy",1143225660,1485068256,341842596,114589154.9652
"Bourne supremacy",1143225660,1143504480,278820,114589154.9652
"Bourne supremacy",1143231900,1485068256,341836356,114589154.9652
"Bourne supremacy",1143231900,1143512040,280140,114589154.9652
"Bourne supremacy",1143239940,1485068256,341828316,114589154.9652
"Bourne supremacy",1143242160,1485068256,341826096,114589154.9652
"Bourne supremacy",1143244680,1485068256,341823576,114589154.9652
"Bourne supremacy",1143246240,1485068256,341822016,114589154.9652
"Bourne supremacy",1143246240,1143572700,326460,114589154.9652
"Bourne supremacy",1143246240,1143661860,415620,114589154.9652
"Bourne supremacy",1143246240,1143859620,613380,114589154.9652
"Bourne supremacy",1143246240,1144094880,848640,114589154.9652
"Bourne supremacy",1143250860,1485068256,341817396,114589154.9652
"Bourne supremacy",1143250860,1145146680,1895820,114589154.9652
"Bourne supremacy",1143251880,1485068256,341816376,114589154.9652
"Bourne supremacy",1143251880,1143334500,82620,114589154.9652
"Bourne supremacy",1143312900,1485068256,341755356,114589154.9652
"Bourne supremacy",1143324780,1485068256,341743476,114589154.9652
"Bourne supremacy",1143324780,1149198180,5873400,114589154.9652
"Bourne supremacy",1143324780,1149273360,5948580,114589154.9652
"Bourne supremacy",1143334380,1485068256,341733876,114589154.9652
"Bourne supremacy",1143337440,1485068256,341730816,114589154.9652
"Bourne supremacy",1143404880,1485068256,341663376,114589154.9652
"Bourne supremacy",1143408480,1485068256,341659776,114589154.9652
"Bourne supremacy",1143415740,1485068256,341652516,114589154.9652
"Bourne supremacy",1143415740,1144527300,1111560,114589154.9652
"Bourne supremacy",1143417060,1485068256,341651196,114589154.9652
"Bourne supremacy",1143494040,1485068256,341574216,114589154.9652
"Bourne supremacy",1143498360,1485068256,341569896,114589154.9652
"Bourne supremacy",1143499680,1485068256,341568576,114589154.9652
"Bourne supremacy",1143499680,1144702500,1202820,114589154.9652
"Bourne supremacy",1143502560,1485068256,341565696,114589154.9652
"Bourne supremacy",1143502560,1144803180,1300620,114589154.9652
"Bourne supremacy",1143505860,1485068256,341562396,114589154.9652
"Bourne supremacy",1143505860,1145057880,1552020,114589154.9652
"Bourne supremacy",1143568320,1485068256,341499936,114589154.9652
"Bourne supremacy",1143568320,1145031720,1463400,114589154.9652
"Bourne supremacy",1143580260,1485068256,341487996,114589154.9652
"Bourne supremacy",1143581400,1485068256,341486856,114589154.9652
"Bourne supremacy",1143584220,1485068256,341484036,114589154.9652
"Bourne supremacy",1143584220,1145833260,2249040,114589154.9652
"Bourne supremacy",1143584760,1485068256,341483496,114589154.9652
"Bourne supremacy",1143585840,1485068256,341482416,114589154.9652
"Bourne supremacy",1143585840,1144098720,512880,114589154.9652
"Bourne supremacy",1143587640,1485068256,341480616,114589154.9652
"Bourne supremacy",1143587640,1143748260,160620,114589154.9652
"Bourne supremacy",1143591120,1485068256,341477136,114589154.9652
"Bourne supremacy",1143657660,1143657780,120,114589154.9652
"Bourne supremacy",1143657780,1485068256,341410476,114589154.9652
"Bourne supremacy",1143657780,1146617640,2959860,114589154.9652
"Bourne supremacy",1143658560,1485068256,341409696,114589154.9652
"Bourne supremacy",1143666600,1485068256,341401656,114589154.9652
"Bourne supremacy",1143667860,1485068256,341400396,114589154.9652
"Bourne supremacy",1143682320,1485068256,341385936,114589154.9652
"Bourne supremacy",1143682320,1144020360,338040,114589154.9652
"Bourne supremacy",1143688560,1485068256,341379696,114589154.9652
"Bourne supremacy",1143688560,1143703440,14880,114589154.9652
"Bourne supremacy",1143742020,1485068256,341326236,114589154.9652
"Bourne supremacy",1143747540,1485068256,341320716,114589154.9652
"Bourne supremacy",1143747540,1144435800,688260,114589154.9652
"Bourne supremacy",1143752280,1485068256,341315976,114589154.9652
"Bourne supremacy",1143752280,1144439820,687540,114589154.9652
"Bourne supremacy",1143767100,1485068256,341301156,114589154.9652
"Bourne supremacy",1143771120,1485068256,341297136,114589154.9652
"Bourne supremacy",1143771120,1144114260,343140,114589154.9652
"Bourne supremacy",1143832800,1485068256,341235456,114589154.9652
"Bourne supremacy",1143842100,1485068256,341226156,114589154.9652
"Bourne supremacy",1143842100,1144441560,599460,114589154.9652
"Bourne supremacy",1143847800,1485068256,341220456,114589154.9652
"Bourne supremacy",1143847800,1167423600,23575800,114589154.9652
"Bourne supremacy",1143847800,1167873240,24025440,114589154.9652
"Bourne supremacy",1143847800,1167950460,24102660,114589154.9652
"Bourne supremacy",1143852000,1485068256,341216256,114589154.9652
"Bourne supremacy",1143856740,1485068256,341211516,114589154.9652
"Bourne supremacy",1143925680,1485068256,341142576,114589154.9652
"Bourne supremacy",1143930840,1485068256,341137416,114589154.9652
"Bourne supremacy",1144105800,1485068256,340962456,114589154.9652
"Bourne supremacy",1144105860,1485068256,340962396,114589154.9652
"Bourne supremacy",1144105860,1144707660,601800,114589154.9652
"Bourne supremacy",1144110000,1485068256,340958256,114589154.9652
"Bourne supremacy",1144110000,1144452420,342420,114589154.9652
"Bourne supremacy",1144112400,1485068256,340955856,114589154.9652
"Bourne supremacy",1144112400,1144197900,85500,114589154.9652
"Bourne supremacy",1144118460,1485068256,340949796,114589154.9652
"Bourne supremacy",1144186500,1485068256,340881756,114589154.9652
"Bourne supremacy",1144186500,1144975140,788640,114589154.9652
"Bourne supremacy",1144191060,1485068256,340877196,114589154.9652
"Bourne supremacy",1144195980,1485068256,340872276,114589154.9652
"Bourne supremacy",1144199580,1485068256,340868676,114589154.9652
"Bourne supremacy",1144204140,1485068256,340864116,114589154.9652
"Bourne supremacy",1144204140,1144378440,174300,114589154.9652
"Bourne supremacy",1144204200,1485068256,340864056,114589154.9652
"Bourne supremacy",1144269420,1144874160,604740,114589154.9652
"Bourne supremacy",1144273800,1144364820,91020,114589154.9652
"Bourne supremacy",1144282320,1485068256,340785936,114589154.9652
"Bourne supremacy",1144282320,1144717140,434820,114589154.9652
"Bourne supremacy",1144361340,1144706100,344760,114589154.9652
"Bourne supremacy",1144364400,1145044860,680460,114589154.9652
"Bourne supremacy",1144435200,1485068256,340633056,114589154.9652
"Bourne supremacy",1144435200,1145055360,620160,114589154.9652
"Bourne supremacy",1144435980,1485068256,340632276,114589154.9652
"Bourne supremacy",1144435980,1145060640,624660,114589154.9652
"Bourne supremacy",1144437180,1485068256,340631076,114589154.9652
"Bourne supremacy",1144437180,1145037900,600720,114589154.9652
"Bourne supremacy",1144444500,1485068256,340623756,114589154.9652
"Bourne supremacy",1144445880,1485068256,340622376,114589154.9652
"Bourne supremacy",1144445880,1144788360,342480,114589154.9652
"Bourne supremacy",1144446480,1485068256,340621776,114589154.9652
"Bourne supremacy",1144446480,1145057880,611400,114589154.9652
"Bourne supremacy",1144457760,1485068256,340610496,114589154.9652
"Bourne supremacy",1144457760,1145126520,668760,114589154.9652
"Bourne supremacy",1144525800,1485068256,340542456,114589154.9652
"Bourne supremacy",1144525800,1146010500,1484700,114589154.9652
"Bourne supremacy",1144529820,1485068256,340538436,114589154.9652
"Bourne supremacy",1144530000,1485068256,340538256,114589154.9652
"Bourne supremacy",1144535040,1485068256,340533216,114589154.9652
"Bourne supremacy",1144539120,1485068256,340529136,114589154.9652
"Bourne supremacy",1144539240,1485068256,340529016,114589154.9652
"Bourne supremacy",1144539240,1145144520,605280,114589154.9652
"Bourne supremacy",1144615740,1485068256,340452516,114589154.9652
"Bourne supremacy",1144615740,1145823120,1207380,114589154.9652
"Bourne supremacy",1144710780,1485068256,340357476,114589154.9652
"Bourne supremacy",1144711380,1485068256,340356876,114589154.9652
"Bourne supremacy",1144712100,1485068256,340356156,114589154.9652
"Bourne supremacy",1144712760,1485068256,340355496,114589154.9652
"Bourne supremacy",1144712760,1145042400,329640,114589154.9652
"Bourne supremacy",1144714500,1485068256,340353756,114589154.9652
"Bourne supremacy",1144714500,1145145420,430920,114589154.9652
"Bourne supremacy",1144715460,1485068256,340352796,114589154.9652
"Bourne supremacy",1144724100,1485068256,340344156,114589154.9652
"Bourne supremacy",1144787580,1485068256,340280676,114589154.9652
"Bourne supremacy",1144789200,1485068256,340279056,114589154.9652
"Bourne supremacy",1144789200,1146001140,1211940,114589154.9652
"Bourne supremacy",1144790340,1485068256,340277916,114589154.9652
"Bourne supremacy",1144790340,1144957860,167520,114589154.9652
"Bourne supremacy",1144790400,1485068256,340277856,114589154.9652
"Bourne supremacy",1144792380,1485068256,340275876,114589154.9652
"Bourne supremacy",1144792380,1145135820,343440,114589154.9652
"Bourne supremacy",1144792440,1485068256,340275816,114589154.9652
"Bourne supremacy",1144792440,1145653320,860880,114589154.9652
"Bourne supremacy",1144805340,1485068256,340262916,114589154.9652
"Bourne supremacy",1144808220,1485068256,340260036,114589154.9652
"Bourne supremacy",1144809180,1485068256,340259076,114589154.9652
"Bourne supremacy",1144809180,1144809180,0,114589154.9652
"Bourne supremacy",1144809240,1485068256,340259016,114589154.9652
"Bourne supremacy",1144858980,1485068256,340209276,114589154.9652
"Bourne supremacy",1144858980,1150301400,5442420,114589154.9652
"Bourne supremacy",1144867680,1485068256,340200576,114589154.9652
"Bourne supremacy",1144873680,1485068256,340194576,114589154.9652
"Bourne supremacy",1144883400,1485068256,340184856,114589154.9652
"Bourne supremacy",1144883400,1146078240,1194840,114589154.9652
"Bourne supremacy",1144884120,1485068256,340184136,114589154.9652
"Bourne supremacy",1144893360,1485068256,340174896,114589154.9652
"Bourne supremacy",1144893360,1145834580,941220,114589154.9652
"Bourne supremacy",1144896120,1485068256,340172136,114589154.9652
"Bourne supremacy",1144896120,1146245340,1349220,114589154.9652
"Bourne supremacy",1144953120,1485068256,340115136,114589154.9652
"Bourne supremacy",1144953120,1145061000,107880,114589154.9652
"Bourne supremacy",1144960800,1485068256,340107456,114589154.9652
"Bourne supremacy",1144961460,1485068256,340106796,114589154.9652
"Bourne supremacy",1145031720,1485068256,340036536,114589154.9652
"Bourne supremacy",1145031720,1149809460,4777740,114589154.9652
"Bourne supremacy",1145050980,1485068256,340017276,114589154.9652
"Bourne supremacy",1145050980,1146173700,1122720,114589154.9652
"Bourne supremacy",1145125500,1485068256,339942756,114589154.9652
"Bourne supremacy",1145128080,1485068256,339940176,114589154.9652
"Bourne supremacy",1145128080,1145746380,618300,114589154.9652
"Bourne supremacy",1145129340,1485068256,339938916,114589154.9652
"Bourne supremacy",1145135460,1485068256,339932796,114589154.9652
"Bourne supremacy",1145140200,1485068256,339928056,114589154.9652
"Bourne supremacy",1145306160,1485068256,339762096,114589154.9652
"Bourne supremacy",1145306160,1146184740,878580,114589154.9652
"Bourne supremacy",1145306700,1485068256,339761556,114589154.9652
"Bourne supremacy",1145306700,1145640000,333300,114589154.9652
"Bourne supremacy",1145308620,1485068256,339759636,114589154.9652
"Bourne supremacy",1145308620,1146178020,869400,114589154.9652
"Bourne supremacy",1145308800,1485068256,339759456,114589154.9652
"Bourne supremacy",1145310600,1485068256,339757656,114589154.9652
"Bourne supremacy",1145311320,1145919300,607980,114589154.9652
"Bourne supremacy",1145321520,1145579100,257580,114589154.9652
"Bourne supremacy",1145393640,1145998320,604680,114589154.9652
"Bourne supremacy",1145395860,1146098220,702360,114589154.9652
"Bourne supremacy",1145407200,1146190800,783600,114589154.9652
"Bourne supremacy",1145408700,1146262320,853620,114589154.9652
"Bourne supremacy",1145476320,1146007500,531180,114589154.9652
"Bourne supremacy",1145477880,1146015180,537300,114589154.9652
"Bourne supremacy",1145478720,1146159540,680820,114589154.9652
"Bourne supremacy",1145480520,1146004980,524460,114589154.9652
"Bourne supremacy",1145484180,1146705480,1221300,114589154.9652
"Bourne supremacy",1145487900,1156817580,11329680,114589154.9652
"Bourne supremacy",1145496000,1145933340,437340,114589154.9652
"Bourne supremacy",1145554620,1145908920,354300,114589154.9652
"Bourne supremacy",1145584440,1485068256,339483816,114589154.9652
"Bourne supremacy",1145584920,1485068256,339483336,114589154.9652
"Bourne supremacy",1145584920,1145898780,313860,114589154.9652
"Bourne supremacy",1145585520,1485068256,339482736,114589154.9652
"Bourne supremacy",1145586240,1485068256,339482016,114589154.9652
"Bourne supremacy",1145586240,1146192780,606540,114589154.9652
"Bourne supremacy",1145646780,1485068256,339421476,114589154.9652
"Bourne supremacy",1145646780,1146079980,433200,114589154.9652
"Bourne supremacy",1145655720,1485068256,339412536,114589154.9652
"Bourne supremacy",1145655720,1146259080,603360,114589154.9652
"Bourne supremacy",1145660640,1485068256,339407616,114589154.9652
"Bourne supremacy",1145660640,1146252480,591840,114589154.9652
"Bourne supremacy",1145662320,1485068256,339405936,114589154.9652
"Bourne supremacy",1145662320,1145725980,63660,114589154.9652
"Bourne supremacy",1145730540,1485068256,339337716,114589154.9652
"Bourne supremacy",1145730540,1146266160,535620,114589154.9652
"Bourne supremacy",1145734920,1485068256,339333336,114589154.9652
"Bourne supremacy",1145736360,1485068256,339331896,114589154.9652
"Bourne supremacy",1145750520,1485068256,339317736,114589154.9652
"Bourne supremacy",1145750520,1146621180,870660,114589154.9652
"Bourne supremacy",1145750520,1146701700,951180,114589154.9652
"Bourne supremacy",1145822160,1485068256,339246096,114589154.9652
"Bourne supremacy",1145825820,1485068256,339242436,114589154.9652
"Bourne supremacy",1145909460,1485068256,339158796,114589154.9652
"Bourne supremacy",1145915220,1485068256,339153036,114589154.9652
"Bourne supremacy",1145919720,1485068256,339148536,114589154.9652
"Bourne supremacy",1145920020,1485068256,339148236,114589154.9652
"Bourne supremacy",1145920020,1146269400,349380,114589154.9652
"Bourne supremacy",1145920140,1485068256,339148116,114589154.9652
"Bourne supremacy",1145920140,1147218840,1298700,114589154.9652
"Bourne supremacy",1145924700,1485068256,339143556,114589154.9652
"Bourne supremacy",1145924700,1146693480,768780,114589154.9652
"Bourne supremacy",1145928720,1485068256,339139536,114589154.9652
"Bourne supremacy",1145928720,1146709500,780780,114589154.9652
"Bourne supremacy",1145930880,1485068256,339137376,114589154.9652
"Bourne supremacy",1145931180,1485068256,339137076,114589154.9652
"Bourne supremacy",1145931180,1146876600,945420,114589154.9652
"Bourne supremacy",1145933160,1485068256,339135096,114589154.9652
"Bourne supremacy",1145998200,1485068256,339070056,114589154.9652
"Bourne supremacy",1145998200,1146622860,624660,114589154.9652
"Bourne supremacy",1145999820,1485068256,339068436,114589154.9652
"Bourne supremacy",1145999820,1146176580,176760,114589154.9652
"Bourne supremacy",1146001440,1485068256,339066816,114589154.9652
"Bourne supremacy",1146001440,1146082680,81240,114589154.9652
"Bourne supremacy",1146005700,1485068256,339062556,114589154.9652
"Bourne supremacy",1146005700,1146609660,603960,114589154.9652
"Bourne supremacy",1146010740,1485068256,339057516,114589154.9652
"Bourne supremacy",1146010740,1146608820,598080,114589154.9652
"Bourne supremacy",1146012180,1485068256,339056076,114589154.9652
"Bourne supremacy",1146081540,1485068256,338986716,114589154.9652
"Bourne supremacy",1146081540,1146257340,175800,114589154.9652
"Bourne supremacy",1146088860,1485068256,338979396,114589154.9652
"Bourne supremacy",1146094440,1485068256,338973816,114589154.9652
"Bourne supremacy",1146094440,1146609480,515040,114589154.9652
"Bourne supremacy",1146183360,1485068256,338884896,114589154.9652
"Bourne supremacy",1146186480,1485068256,338881776,114589154.9652
"Bourne supremacy",1146186480,1146780540,594060,114589154.9652
"Bourne supremacy",1146188040,1485068256,338880216,114589154.9652
"Bourne supremacy",1146188040,1146330000,141960,114589154.9652
"Bourne supremacy",1146188460,1485068256,338879796,114589154.9652
"Bourne supremacy",1146189900,1485068256,338878356,114589154.9652
"Bourne supremacy",1146189900,1146436440,246540,114589154.9652
"Bourne supremacy",1146253860,1485068256,338814396,114589154.9652
"Bourne supremacy",1146258780,1485068256,338809476,114589154.9652
"Bourne supremacy",1146258780,1146699720,440940,114589154.9652
"Bourne supremacy",1146260220,1485068256,338808036,114589154.9652
"Bourne supremacy",1146260220,1146782940,522720,114589154.9652
"Bourne supremacy",1146264120,1485068256,338804136,114589154.9652
"Bourne supremacy",1146270300,1485068256,338797956,114589154.9652
"Bourne supremacy",1146270540,1485068256,338797716,114589154.9652
"Bourne supremacy",1146270540,1146431580,161040,114589154.9652
"Bourne supremacy",1146272040,1485068256,338796216,114589154.9652
"Bourne supremacy",1146272040,1146955380,683340,114589154.9652
"Bourne supremacy",1146332700,1485068256,338735556,114589154.9652
"Bourne supremacy",1146332700,1148238960,1906260,114589154.9652
"Bourne supremacy",1146336180,1485068256,338732076,114589154.9652
"Bourne supremacy",1146336180,1146941280,605100,114589154.9652
"Bourne supremacy",1146336780,1485068256,338731476,114589154.9652
"Bourne supremacy",1146336780,1146794700,457920,114589154.9652
"Bourne supremacy",1146341460,1485068256,338726796,114589154.9652
"Bourne supremacy",1146344280,1485068256,338723976,114589154.9652
"Bourne supremacy",1146344280,1146945720,601440,114589154.9652
"Bourne supremacy",1146346320,1485068256,338721936,114589154.9652
"Bourne supremacy",1146346320,1146962400,616080,114589154.9652
"Bourne supremacy",1146357000,1485068256,338711256,114589154.9652
"Bourne supremacy",1146357900,1485068256,338710356,114589154.9652
"Bourne supremacy",1146358500,1485068256,338709756,114589154.9652
"Bourne supremacy",1146425160,1485068256,338643096,114589154.9652
"Bourne supremacy",1146425160,1153156920,6731760,114589154.9652
"Bourne supremacy",1146441300,1485068256,338626956,114589154.9652
"Bourne supremacy",1146441300,1147042620,601320,114589154.9652
"Bourne supremacy",1146520560,1146769320,248760,114589154.9652
"Bourne supremacy",1146520860,1146767700,246840,114589154.9652
"Bourne supremacy",1146528120,1146962700,434580,114589154.9652
"Bourne supremacy",1146532080,1146866460,334380,114589154.9652
"Bourne supremacy",1146603600,1485068256,338464656,114589154.9652
"Bourne supremacy",1146611160,1485068256,338457096,114589154.9652
"Bourne supremacy",1146611160,1148426340,1815180,114589154.9652
"Bourne supremacy",1146612000,1485068256,338456256,114589154.9652
"Bourne supremacy",1146612000,1146946440,334440,114589154.9652
"Bourne supremacy",1146616920,1485068256,338451336,114589154.9652
"Bourne supremacy",1146616920,1147208040,591120,114589154.9652
"Bourne supremacy",1146617280,1485068256,338450976,114589154.9652
"Bourne supremacy",1146617280,1146702300,85020,114589154.9652
"Bourne supremacy",1146617340,1485068256,338450916,114589154.9652
"Bourne supremacy",1146618360,1485068256,338449896,114589154.9652
"Bourne supremacy",1146618360,1146688920,70560,114589154.9652
"Bourne supremacy",1146624180,1485068256,338444076,114589154.9652
"Bourne supremacy",1146684660,1485068256,338383596,114589154.9652
"Bourne supremacy",1146684660,1147208760,524100,114589154.9652
"Bourne supremacy",1146693840,1485068256,338374416,114589154.9652
"Bourne supremacy",1146697560,1485068256,338370696,114589154.9652
"Bourne supremacy",1146697560,1147206660,509100,114589154.9652
"Bourne supremacy",1146698280,1485068256,338369976,114589154.9652
"Bourne supremacy",1146700680,1485068256,338367576,114589154.9652
"Bourne supremacy",1146702000,1485068256,338366256,114589154.9652
"Bourne supremacy",1146702000,1146941580,239580,114589154.9652
"Bourne supremacy",1146704940,1485068256,338363316,114589154.9652
"Bourne supremacy",1146704940,1146869100,164160,114589154.9652
"Bourne supremacy",1146708540,1485068256,338359716,114589154.9652
"Bourne supremacy",1146710100,1485068256,338358156,114589154.9652
"Bourne supremacy",1146763920,1485068256,338304336,114589154.9652
"Bourne supremacy",1146763920,1147028520,264600,114589154.9652
"Bourne supremacy",1146768360,1485068256,338299896,114589154.9652
"Bourne supremacy",1146768360,1146954780,186420,114589154.9652
"Bourne supremacy",1146770880,1485068256,338297376,114589154.9652
"Bourne supremacy",1146770880,1147128600,357720,114589154.9652
"Bourne supremacy",1146772320,1485068256,338295936,114589154.9652
"Bourne supremacy",1146772320,1147140840,368520,114589154.9652
"Bourne supremacy",1146776340,1485068256,338291916,114589154.9652
"Bourne supremacy",1146777900,1485068256,338290356,114589154.9652
"Bourne supremacy",1146779100,1485068256,338289156,114589154.9652
"Bourne supremacy",1146780000,1485068256,338288256,114589154.9652
"Bourne supremacy",1146788580,1485068256,338279676,114589154.9652
"Bourne supremacy",1146863820,1485068256,338204436,114589154.9652
"Bourne supremacy",1146873360,1485068256,338194896,114589154.9652
"Bourne supremacy",1146873960,1485068256,338194296,114589154.9652
"Bourne supremacy",1146873960,1147131000,257040,114589154.9652
"Bourne supremacy",1146876060,1485068256,338192196,114589154.9652
"Bourne supremacy",1146876060,1147126800,250740,114589154.9652
"Bourne supremacy",1146876660,1485068256,338191596,114589154.9652
"Bourne supremacy",1146935580,1485068256,338132676,114589154.9652
"Bourne supremacy",1146942660,1485068256,338125596,114589154.9652
"Bourne supremacy",1146942840,1485068256,338125416,114589154.9652
"Bourne supremacy",1146942840,1147033380,90540,114589154.9652
"Bourne supremacy",1146945060,1485068256,338123196,114589154.9652
"Bourne supremacy",1146958500,1485068256,338109756,114589154.9652
"Bourne supremacy",1146958500,1147133160,174660,114589154.9652
"Bourne supremacy",1146958620,1485068256,338109636,114589154.9652
"Bourne supremacy",1146959640,1485068256,338108616,114589154.9652
"Bourne supremacy",1147030500,1485068256,338037756,114589154.9652
"Bourne supremacy",1147030500,1148674080,1643580,114589154.9652
"Bourne supremacy",1147032960,1485068256,338035296,114589154.9652
"Bourne supremacy",1147032960,1147227240,194280,114589154.9652
"Bourne supremacy",1147034940,1485068256,338033316,114589154.9652
"Bourne supremacy",1147035180,1485068256,338033076,114589154.9652
"Bourne supremacy",1147118760,1485068256,337949496,114589154.9652
"Bourne supremacy",1147120440,1485068256,337947816,114589154.9652
"Bourne supremacy",1147130160,1485068256,337938096,114589154.9652
"Bourne supremacy",1147132320,1485068256,337935936,114589154.9652
"Bourne supremacy",1147138680,1485068256,337929576,114589154.9652
"Bourne supremacy",1147208460,1485068256,337859796,114589154.9652
"Bourne supremacy",1147208460,1148509740,1301280,114589154.9652
"Bourne supremacy",1147211100,1485068256,337857156,114589154.9652
"Bourne supremacy",1147211580,1485068256,337856676,114589154.9652
"Bourne supremacy",1147218540,1485068256,337849716,114589154.9652
"Bourne supremacy",1147392480,1148430060,1037580,114589154.9652
"Bourne supremacy",1147480320,1149358560,1878240,114589154.9652
"Bourne supremacy",1147546020,1148748180,1202160,114589154.9652
"Bourne supremacy",1147559460,1148168640,609180,114589154.9652
"Bourne supremacy",1147559940,1148318640,758700,114589154.9652
"Bourne supremacy",1147736400,1148344320,607920,114589154.9652
"Bourne supremacy",1147736640,1148331060,594420,114589154.9652
"Bourne supremacy",1147739700,1148328180,588480,114589154.9652
"Bourne supremacy",1147828440,1148436540,608100,114589154.9652
"Bourne supremacy",1147898400,1149978120,2079720,114589154.9652
"Bourne supremacy",1147910160,1148515920,605760,114589154.9652
"Bourne supremacy",1147914120,1148426040,511920,114589154.9652
"Bourne supremacy",1147918320,1148166060,247740,114589154.9652
"Bourne supremacy",1147987440,1148336460,349020,114589154.9652
"Bourne supremacy",1147994460,1148681280,686820,114589154.9652
"Bourne supremacy",1147996440,1148344920,348480,114589154.9652
"Bourne supremacy",1148060400,1148415180,354780,114589154.9652
"Bourne supremacy",1148070900,1148515740,444840,114589154.9652
"Bourne supremacy",1148077080,1148588520,511440,114589154.9652
"Bourne supremacy",1148085480,1148609460,523980,114589154.9652
"Bourne supremacy",1148085960,1148495760,409800,114589154.9652
"Bourne supremacy",1148147280,1148765940,618660,114589154.9652
"Bourne supremacy",1148153460,1148760780,607320,114589154.9652
"Bourne supremacy",1148154060,1148512680,358620,114589154.9652
"Bourne supremacy",1148161200,1148511540,350340,114589154.9652
"Bourne supremacy",1148162100,1148757240,595140,114589154.9652
"Bourne supremacy",1148163180,1148335200,172020,114589154.9652
"Bourne supremacy",1148163780,1149216420,1052640,114589154.9652
"Bourne supremacy",1148167260,1485068256,336900996,114589154.9652
"Bourne supremacy",1148168940,1485068256,336899316,114589154.9652
"Bourne supremacy",1148168940,1148683680,514740,114589154.9652
"Bourne supremacy",1148172720,1485068256,336895536,114589154.9652
"Bourne supremacy",1148172720,1148762820,590100,114589154.9652
"Bourne supremacy",1148254320,1485068256,336813936,114589154.9652
"Bourne supremacy",1148254320,1148427720,173400,114589154.9652
"Bourne supremacy",1148329500,1485068256,336738756,114589154.9652
"Bourne supremacy",1148333520,1485068256,336734736,114589154.9652
"Bourne supremacy",1148348100,1485068256,336720156,114589154.9652
"Bourne supremacy",1148418240,1485068256,336650016,114589154.9652
"Bourne supremacy",1148418240,1149215940,797700,114589154.9652
"Bourne supremacy",1148429580,1485068256,336638676,114589154.9652
"Bourne supremacy",1148429880,1485068256,336638376,114589154.9652
"Bourne supremacy",1148429880,1149635100,1205220,114589154.9652
"Bourne supremacy",1148433600,1485068256,336634656,114589154.9652
"Bourne supremacy",1148433600,1149371580,937980,114589154.9652
"Bourne supremacy",1148435160,1485068256,336633096,114589154.9652
"Bourne supremacy",1148435160,1149032280,597120,114589154.9652
"Bourne supremacy",1148436240,1485068256,336632016,114589154.9652
"Bourne supremacy",1148436240,1148504700,68460,114589154.9652
"Bourne supremacy",1148436900,1485068256,336631356,114589154.9652
"Bourne supremacy",1148436900,1149648720,1211820,114589154.9652
"Bourne supremacy",1148437080,1485068256,336631176,114589154.9652
"Bourne supremacy",1148437080,1149358980,921900,114589154.9652
"Bourne supremacy",1148492040,1485068256,336576216,114589154.9652
"Bourne supremacy",1148492460,1485068256,336575796,114589154.9652
"Bourne supremacy",1148492460,1149112260,619800,114589154.9652
"Bourne supremacy",1148495220,1485068256,336573036,114589154.9652
"Bourne supremacy",1148498100,1485068256,336570156,114589154.9652
"Bourne supremacy",1148498100,1148593740,95640,114589154.9652
"Bourne supremacy",1148504940,1485068256,336563316,114589154.9652
"Bourne supremacy",1148504940,1149027660,522720,114589154.9652
"Bourne supremacy",1148506980,1485068256,336561276,114589154.9652
"Bourne supremacy",1148506980,1148676300,169320,114589154.9652
"Bourne supremacy",1148518440,1485068256,336549816,114589154.9652
"Bourne supremacy",1148518560,1485068256,336549696,114589154.9652
"Bourne supremacy",1148518560,1148850780,332220,114589154.9652
"Bourne supremacy",1148520420,1485068256,336547836,114589154.9652
"Bourne supremacy",1148520660,1485068256,336547596,114589154.9652
"Bourne supremacy",1148520660,1149121140,600480,114589154.9652
"Bourne supremacy",1148523420,1485068256,336544836,114589154.9652
"Bourne supremacy",1148584560,1485068256,336483696,114589154.9652
"Bourne supremacy",1148587200,1485068256,336481056,114589154.9652
"Bourne supremacy",1148587200,1149024600,437400,114589154.9652
"Bourne supremacy",1148588040,1485068256,336480216,114589154.9652
"Bourne supremacy",1148590860,1485068256,336477396,114589154.9652
"Bourne supremacy",1148590860,1485068256,336477396,114589154.9652
"Bourne supremacy",1148590860,1149022500,431640,114589154.9652
"Bourne supremacy",1148590860,1149032040,441180,114589154.9652
"Bourne supremacy",1148594460,1485068256,336473796,114589154.9652
"Bourne supremacy",1148594460,1148682180,87720,114589154.9652
"Bourne supremacy",1148595540,1485068256,336472716,114589154.9652
"Bourne supremacy",1148595900,1485068256,336472356,114589154.9652
"Bourne supremacy",1148595900,1149191700,595800,114589154.9652
"Bourne supremacy",1148598840,1485068256,336469416,114589154.9652
"Bourne supremacy",1148598840,1149120060,521220,114589154.9652
"Bourne supremacy",1148599080,1485068256,336469176,114589154.9652
"Bourne supremacy",1148599080,1149215100,616020,114589154.9652
"Bourne supremacy",1148607180,1485068256,336461076,114589154.9652
"Bourne supremacy",1148609940,1485068256,336458316,114589154.9652
"Bourne supremacy",1148609940,1148690700,80760,114589154.9652
"Bourne supremacy",1148677500,1485068256,336390756,114589154.9652
"Bourne supremacy",1148684220,1485068256,336384036,114589154.9652
"Bourne supremacy",1148684220,1485068256,336384036,114589154.9652
"Bourne supremacy",1148684220,1149111420,427200,114589154.9652
"Bourne supremacy",1148687820,1485068256,336380436,114589154.9652
"Bourne supremacy",1148687820,1149040020,352200,114589154.9652
"Bourne supremacy",1148750520,1485068256,336317736,114589154.9652
"Bourne supremacy",1148752200,1485068256,336316056,114589154.9652
"Bourne supremacy",1148753820,1485068256,336314436,114589154.9652
"Bourne supremacy",1148753820,1149367080,613260,114589154.9652
"Bourne supremacy",1148755020,1485068256,336313236,114589154.9652
"Bourne supremacy",1148755020,1149210300,455280,114589154.9652
"Bourne supremacy",1148758560,1485068256,336309696,114589154.9652
"Bourne supremacy",1148758560,1149369120,610560,114589154.9652
"Bourne supremacy",1148764500,1485068256,336303756,114589154.9652
"Bourne supremacy",1148764500,1149043680,279180,114589154.9652
"Bourne supremacy",1148857020,1485068256,336211236,114589154.9652
"Bourne supremacy",1148857020,1149192480,335460,114589154.9652
"Bourne supremacy",1149027900,1485068256,336040356,114589154.9652
"Bourne supremacy",1149027900,1149638280,610380,114589154.9652
"Bourne supremacy",1149031320,1485068256,336036936,114589154.9652
"Bourne supremacy",1149031320,1149214920,183600,114589154.9652
"Bourne supremacy",1149032340,1485068256,336035916,114589154.9652
"Bourne supremacy",1149032400,1485068256,336035856,114589154.9652
"Bourne supremacy",1149032400,1150418700,1386300,114589154.9652
"Bourne supremacy",1149033000,1485068256,336035256,114589154.9652
"Bourne supremacy",1149036300,1485068256,336031956,114589154.9652
"Bourne supremacy",1149036300,1149451800,415500,114589154.9652
"Bourne supremacy",1149036420,1485068256,336031836,114589154.9652
"Bourne supremacy",1149036420,1149642600,606180,114589154.9652
"Bourne supremacy",1149097380,1485068256,335970876,114589154.9652
"Bourne supremacy",1149097380,1149182220,84840,114589154.9652
"Bourne supremacy",1149102780,1485068256,335965476,114589154.9652
"Bourne supremacy",1149102780,1149363240,260460,114589154.9652
"Bourne supremacy",1149109560,1485068256,335958696,114589154.9652
"Bourne supremacy",1149109560,1150493460,1383900,114589154.9652
"Bourne supremacy",1149113280,1485068256,335954976,114589154.9652
"Bourne supremacy",1149113280,1149558840,445560,114589154.9652
"Bourne supremacy",1149113280,1150238280,1125000,114589154.9652
"Bourne supremacy",1149113280,1150240200,1126920,114589154.9652
"Bourne supremacy",1149123180,1485068256,335945076,114589154.9652
"Bourne supremacy",1149123180,1149973380,850200,114589154.9652
"Bourne supremacy",1149129780,1485068256,335938476,114589154.9652
"Bourne supremacy",1149129780,1149803340,673560,114589154.9652
"Bourne supremacy",1149129900,1485068256,335938356,114589154.9652
"Bourne supremacy",1149191160,1485068256,335877096,114589154.9652
"Bourne supremacy",1149191160,1149293460,102300,114589154.9652
"Bourne supremacy",1149196740,1485068256,335871516,114589154.9652
"Bourne supremacy",1149196740,1149808440,611700,114589154.9652
"Bourne supremacy",1149200520,1485068256,335867736,114589154.9652
"Bourne supremacy",1149201840,1485068256,335866416,114589154.9652
"Bourne supremacy",1149201840,1149362340,160500,114589154.9652
"Bourne supremacy",1149203820,1485068256,335864436,114589154.9652
"Bourne supremacy",1149203820,1150253700,1049880,114589154.9652
"Bourne supremacy",1149208200,1485068256,335860056,114589154.9652
"Bourne supremacy",1149208200,1149814320,606120,114589154.9652
"Bourne supremacy",1149208980,1485068256,335859276,114589154.9652
"Bourne supremacy",1149208980,1149533940,324960,114589154.9652
"Bourne supremacy",1149209100,1485068256,335859156,114589154.9652
"Bourne supremacy",1149270720,1485068256,335797536,114589154.9652
"Bourne supremacy",1149271980,1485068256,335796276,114589154.9652
"Bourne supremacy",1149282420,1485068256,335785836,114589154.9652
"Bourne supremacy",1149282420,1152217920,2935500,114589154.9652
"Bourne supremacy",1149289080,1485068256,335779176,114589154.9652
"Bourne supremacy",1149289080,1149710400,421320,114589154.9652
"Bourne supremacy",1149290160,1485068256,335778096,114589154.9652
"Bourne supremacy",1149290160,1149889020,598860,114589154.9652
"Bourne supremacy",1149291360,1149291960,600,114589154.9652
"Bourne supremacy",1149296220,1485068256,335772036,114589154.9652
"Bourne supremacy",1149296220,1149900240,604020,114589154.9652
"Bourne supremacy",1149358860,1485068256,335709396,114589154.9652
"Bourne supremacy",1149358860,1150332780,973920,114589154.9652
"Bourne supremacy",1149367860,1485068256,335700396,114589154.9652
"Bourne supremacy",1149367860,1150421040,1053180,114589154.9652
"Bourne supremacy",1149367980,1485068256,335700276,114589154.9652
"Bourne supremacy",1149367980,1149731100,363120,114589154.9652
"Bourne supremacy",1149379320,1485068256,335688936,114589154.9652
"Bourne supremacy",1149379320,1149987120,607800,114589154.9652
"Bourne supremacy",1149454380,1485068256,335613876,114589154.9652
"Bourne supremacy",1149454380,1149897000,442620,114589154.9652
"Bourne supremacy",1149458700,1485068256,335609556,114589154.9652
"Bourne supremacy",1149458700,1149715320,256620,114589154.9652
"Bourne supremacy",1149464820,1485068256,335603436,114589154.9652
"Bourne supremacy",1149465180,1485068256,335603076,114589154.9652
"Bourne supremacy",1149465180,1149630660,165480,114589154.9652
"Bourne supremacy",1149540780,1485068256,335527476,114589154.9652
"Bourne supremacy",1149540780,1150322460,781680,114589154.9652
"Bourne supremacy",1149541620,1485068256,335526636,114589154.9652
"Bourne supremacy",1149541620,1150061460,519840,114589154.9652
"Bourne supremacy",1149541620,1150145400,603780,114589154.9652
"Bourne supremacy",1149545160,1485068256,335523096,114589154.9652
"Bourne supremacy",1149545160,1149873600,328440,114589154.9652
"Bourne supremacy",1149547860,1485068256,335520396,114589154.9652
"Bourne supremacy",1149555420,1485068256,335512836,114589154.9652
"Bourne supremacy",1149555900,1485068256,335512356,114589154.9652
"Bourne supremacy",1149555900,1149898620,342720,114589154.9652
"Bourne supremacy",1149626040,1485068256,335442216,114589154.9652
"Bourne supremacy",1149626040,1150586160,960120,114589154.9652
"Bourne supremacy",1149626280,1485068256,335441976,114589154.9652
"Bourne supremacy",1149626280,1149805920,179640,114589154.9652
"Bourne supremacy",1149628500,1485068256,335439756,114589154.9652
"Bourne supremacy",1149628500,1150057740,429240,114589154.9652
"Bourne supremacy",1149630840,1485068256,335437416,114589154.9652
"Bourne supremacy",1149633360,1485068256,335434896,114589154.9652
"Bourne supremacy",1149633360,1150330200,696840,114589154.9652
"Bourne supremacy",1149641700,1485068256,335426556,114589154.9652
"Bourne supremacy",1149641700,1149816600,174900,114589154.9652
"Bourne supremacy",1149642360,1485068256,335425896,114589154.9652
"Bourne supremacy",1149719880,1485068256,335348376,114589154.9652
"Bourne supremacy",1149719880,1150331940,612060,114589154.9652
"Bourne supremacy",1149721680,1485068256,335346576,114589154.9652
"Bourne supremacy",1149721680,1150502520,780840,114589154.9652
"Bourne supremacy",1149730500,1485068256,335337756,114589154.9652
"Bourne supremacy",1149730500,1152819120,3088620,114589154.9652
"Bourne supremacy",1149730500,1153691040,3960540,114589154.9652
"Bourne supremacy",1149733920,1485068256,335334336,114589154.9652
"Bourne supremacy",1149733920,1151959320,2225400,114589154.9652
"Bourne supremacy",1149794640,1485068256,335273616,114589154.9652
"Bourne supremacy",1149794640,1149969900,175260,114589154.9652
"Bourne supremacy",1149798300,1485068256,335269956,114589154.9652
"Bourne supremacy",1149798300,1150236960,438660,114589154.9652
"Bourne supremacy",1149811260,1485068256,335256996,114589154.9652
"Bourne supremacy",1149811260,1150143960,332700,114589154.9652
"Bourne supremacy",1149813420,1485068256,335254836,114589154.9652
"Bourne supremacy",1149816360,1485068256,335251896,114589154.9652
"Bourne supremacy",1149817440,1485068256,335250816,114589154.9652
"Bourne supremacy",1149884520,1485068256,335183736,114589154.9652
"Bourne supremacy",1149884520,1150498080,613560,114589154.9652
"Bourne supremacy",1149885300,1485068256,335182956,114589154.9652
"Bourne supremacy",1149885300,1150069740,184440,114589154.9652
"Bourne supremacy",1149886380,1485068256,335181876,114589154.9652
"Bourne supremacy",1149886380,1150851420,965040,114589154.9652
"Bourne supremacy",1149888180,1485068256,335180076,114589154.9652
"Bourne supremacy",1149888180,1150239900,351720,114589154.9652
"Bourne supremacy",1149889080,1485068256,335179176,114589154.9652
"Bourne supremacy",1149889080,1150480740,591660,114589154.9652
"Bourne supremacy",1149890280,1485068256,335177976,114589154.9652
"Bourne supremacy",1149894840,1485068256,335173416,114589154.9652
"Bourne supremacy",1149894840,1150664880,770040,114589154.9652
"Bourne supremacy",1149896460,1485068256,335171796,114589154.9652
"Bourne supremacy",1149896460,1150326000,429540,114589154.9652
"Bourne supremacy",1149898020,1485068256,335170236,114589154.9652
"Bourne supremacy",1149898020,1151019540,1121520,114589154.9652
"Bourne supremacy",1149899160,1485068256,335169096,114589154.9652
"Bourne supremacy",1149901200,1485068256,335167056,114589154.9652
"Bourne supremacy",1149963420,1485068256,335104836,114589154.9652
"Bourne supremacy",1149963420,1150425900,462480,114589154.9652
"Bourne supremacy",1149969960,1485068256,335098296,114589154.9652
"Bourne supremacy",1149969960,1150324080,354120,114589154.9652
"Bourne supremacy",1149975000,1485068256,335093256,114589154.9652
"Bourne supremacy",1149975000,1151713560,1738560,114589154.9652
"Bourne supremacy",1149975540,1485068256,335092716,114589154.9652
"Bourne supremacy",1149975540,1150671480,695940,114589154.9652
"Bourne supremacy",1149978480,1485068256,335089776,114589154.9652
"Bourne supremacy",1149978480,1150934280,955800,114589154.9652
"Bourne supremacy",1149981180,1485068256,335087076,114589154.9652
"Bourne supremacy",1149981180,1151789880,1808700,114589154.9652
"Bourne supremacy",1149987480,1485068256,335080776,114589154.9652
"Bourne supremacy",1150060140,1485068256,335008116,114589154.9652
"Bourne supremacy",1150060140,1150333020,272880,114589154.9652
"Bourne supremacy",1150148280,1485068256,334919976,114589154.9652
"Bourne supremacy",1150148280,1150752240,603960,114589154.9652
"Bourne supremacy",1150148280,1151002140,853860,114589154.9652
"Bourne supremacy",1150149720,1485068256,334918536,114589154.9652
"Bourne supremacy",1150154220,1485068256,334914036,114589154.9652
"Bourne supremacy",1150154220,1150840560,686340,114589154.9652
"Bourne supremacy",1150154220,1151001720,847500,114589154.9652
"Bourne supremacy",1150154940,1485068256,334913316,114589154.9652
"Bourne supremacy",1150154940,1150668720,513780,114589154.9652
"Bourne supremacy",1150155540,1485068256,334912716,114589154.9652
"Bourne supremacy",1150156500,1485068256,334911756,114589154.9652
"Bourne supremacy",1150156500,1150764540,608040,114589154.9652
"Bourne supremacy",1150159920,1485068256,334908336,114589154.9652
"Bourne supremacy",1150159920,1150234980,75060,114589154.9652
"Bourne supremacy",1150159920,1150321980,162060,114589154.9652
"Bourne supremacy",1150167000,1485068256,334901256,114589154.9652
"Bourne supremacy",1150167000,1151372220,1205220,114589154.9652
"Bourne supremacy",1150167240,1485068256,334901016,114589154.9652
"Bourne supremacy",1150233240,1485068256,334835016,114589154.9652
"Bourne supremacy",1150233960,1485068256,334834296,114589154.9652
"Bourne supremacy",1150233960,1150754460,520500,114589154.9652
"Bourne supremacy",1150237380,1485068256,334830876,114589154.9652
"Bourne supremacy",1150237380,1150755300,517920,114589154.9652
"Bourne supremacy",1150240740,1485068256,334827516,114589154.9652
"Bourne supremacy",1150240740,1150584300,343560,114589154.9652
"Bourne supremacy",1150241400,1485068256,334826856,114589154.9652
"Bourne supremacy",1150323660,1485068256,334744596,114589154.9652
"Bourne supremacy",1150323660,1150928760,605100,114589154.9652
"Bourne supremacy",1150324080,1485068256,334744176,114589154.9652
"Bourne supremacy",1150324080,1150486080,162000,114589154.9652
"Bourne supremacy",1150331280,1485068256,334736976,114589154.9652
"Bourne supremacy",1150331280,1150851300,520020,114589154.9652
"Bourne supremacy",1150331280,1150915560,584280,114589154.9652
"Bourne supremacy",1150334160,1485068256,334734096,114589154.9652
"Bourne supremacy",1150334160,1150933440,599280,114589154.9652
"Bourne supremacy",1150340040,1485068256,334728216,114589154.9652
"Bourne supremacy",1150340040,1150584600,244560,114589154.9652
"Bourne supremacy",1150400940,1485068256,334667316,114589154.9652
"Bourne supremacy",1150404840,1485068256,334663416,114589154.9652
"Bourne supremacy",1150422960,1485068256,334645296,114589154.9652
"Bourne supremacy",1150422960,1150842480,419520,114589154.9652
"Bourne supremacy",1150483020,1485068256,334585236,114589154.9652
"Bourne supremacy",1150483800,1485068256,334584456,114589154.9652
"Bourne supremacy",1150483800,1150927200,443400,114589154.9652
"Bourne supremacy",1150483800,1151890020,1406220,114589154.9652
"Bourne supremacy",1150483800,1151943600,1459800,114589154.9652
"Bourne supremacy",1150484400,1485068256,334583856,114589154.9652
"Bourne supremacy",1150489080,1485068256,334579176,114589154.9652
"Bourne supremacy",1150489080,1485068256,334579176,114589154.9652
"Bourne supremacy",1150489080,1152729660,2240580,114589154.9652
"Bourne supremacy",1150505160,1485068256,334563096,114589154.9652
"Bourne supremacy",1150505160,1150847100,341940,114589154.9652
"Bourne supremacy",1150505760,1485068256,334562496,114589154.9652
"Bourne supremacy",1150572360,1485068256,334495896,114589154.9652
"Bourne supremacy",1150572360,1151700720,1128360,114589154.9652
"Bourne supremacy",1150580220,1485068256,334488036,114589154.9652
"Bourne supremacy",1150580220,1151194740,614520,114589154.9652
"Bourne supremacy",1150586700,1485068256,334481556,114589154.9652
"Bourne supremacy",1150586700,1151114580,527880,114589154.9652
"Bourne supremacy",1150590960,1150591020,60,114589154.9652
"Bourne supremacy",1150591020,1485068256,334477236,114589154.9652
"Bourne supremacy",1150591020,1150758060,167040,114589154.9652
"Bourne supremacy",1150661580,1485068256,334406676,114589154.9652
"Bourne supremacy",1150661580,1150840620,179040,114589154.9652
"Bourne supremacy",1150663620,1485068256,334404636,114589154.9652
"Bourne supremacy",1150663620,1152148200,1484580,114589154.9652
"Bourne supremacy",1150665060,1485068256,334403196,114589154.9652
"Bourne supremacy",1150673400,1485068256,334394856,114589154.9652
"Bourne supremacy",1150748040,1485068256,334320216,114589154.9652
"Bourne supremacy",1150758480,1485068256,334309776,114589154.9652
"Bourne supremacy",1150758480,1151196180,437700,114589154.9652
"Bourne supremacy",1150760640,1485068256,334307616,114589154.9652
"Bourne supremacy",1150760640,1151366040,605400,114589154.9652
"Bourne supremacy",1150762860,1485068256,334305396,114589154.9652
"Bourne supremacy",1150762860,1151369340,606480,114589154.9652
"Bourne supremacy",1150762860,1152725880,1963020,114589154.9652
"Bourne supremacy",1150764420,1485068256,334303836,114589154.9652
"Bourne supremacy",1150764420,1151175720,411300,114589154.9652
"Bourne supremacy",1150771980,1485068256,334296276,114589154.9652
"Bourne supremacy",1150771980,1163641980,12870000,114589154.9652
"Bourne supremacy",1150837200,1485068256,334231056,114589154.9652
"Bourne supremacy",1150837200,1151005680,168480,114589154.9652
"Bourne supremacy",1150839960,1485068256,334228296,114589154.9652
"Bourne supremacy",1150839960,1151193240,353280,114589154.9652
"Bourne supremacy",1150846860,1485068256,334221396,114589154.9652
"Bourne supremacy",1150846860,1151461260,614400,114589154.9652
"Bourne supremacy",1150846860,1151514720,667860,114589154.9652
"Bourne supremacy",1150847520,1485068256,334220736,114589154.9652
"Bourne supremacy",1150849260,1485068256,334218996,114589154.9652
"Bourne supremacy",1150849260,1151882100,1032840,114589154.9652
"Bourne supremacy",1150854360,1485068256,334213896,114589154.9652
"Bourne supremacy",1150854600,1485068256,334213656,114589154.9652
"Bourne supremacy",1150854600,1151368200,513600,114589154.9652
"Bourne supremacy",1150854600,1151442240,587640,114589154.9652
"Bourne supremacy",1150857600,1485068256,334210656,114589154.9652
"Bourne supremacy",1150857600,1151447640,590040,114589154.9652
"Bourne supremacy",1150919460,1485068256,334148796,114589154.9652
"Bourne supremacy",1150919460,1151444820,525360,114589154.9652
"Bourne supremacy",1150919640,1485068256,334148616,114589154.9652
"Bourne supremacy",1150919640,1151194380,274740,114589154.9652
"Bourne supremacy",1150926120,1485068256,334142136,114589154.9652
"Bourne supremacy",1150926120,1151104980,178860,114589154.9652
"Bourne supremacy",1150926120,1151107800,181680,114589154.9652
"Bourne supremacy",1150933080,1485068256,334135176,114589154.9652
"Bourne supremacy",1150933080,1151452260,519180,114589154.9652
"Bourne supremacy",1150942440,1485068256,334125816,114589154.9652
"Bourne supremacy",1151008800,1485068256,334059456,114589154.9652
"Bourne supremacy",1151008800,1151106600,97800,114589154.9652
"Bourne supremacy",1151008920,1485068256,334059336,114589154.9652
"Bourne supremacy",1151009940,1485068256,334058316,114589154.9652
"Bourne supremacy",1151009940,1151463240,453300,114589154.9652
"Bourne supremacy",1151012640,1485068256,334055616,114589154.9652
"Bourne supremacy",1151012640,1151611860,599220,114589154.9652
"Bourne supremacy",1151014740,1485068256,334053516,114589154.9652
"Bourne supremacy",1151014980,1485068256,334053276,114589154.9652
"Bourne supremacy",1151015460,1485068256,334052796,114589154.9652
"Bourne supremacy",1151015460,1152579240,1563780,114589154.9652
"Bourne supremacy",1151018160,1485068256,334050096,114589154.9652
"Bourne supremacy",1151018160,1152130260,1112100,114589154.9652
"Bourne supremacy",1151027160,1485068256,334041096,114589154.9652
"Bourne supremacy",1151027160,1151626020,598860,114589154.9652
"Bourne supremacy",1151027220,1485068256,334041036,114589154.9652
"Bourne supremacy",1151087520,1485068256,333980736,114589154.9652
"Bourne supremacy",1151087520,1151965860,878340,114589154.9652
"Bourne supremacy",1151096880,1485068256,333971376,114589154.9652
"Bourne supremacy",1151097360,1485068256,333970896,114589154.9652
"Bourne supremacy",1151097360,1151709660,612300,114589154.9652
"Bourne supremacy",1151102340,1485068256,333965916,114589154.9652
"Bourne supremacy",1151102340,1152318180,1215840,114589154.9652
"Bourne supremacy",1151103600,1485068256,333964656,114589154.9652
"Bourne supremacy",1151190180,1485068256,333878076,114589154.9652
"Bourne supremacy",1151191380,1485068256,333876876,114589154.9652
"Bourne supremacy",1151191380,1152154620,963240,114589154.9652
"Bourne supremacy",1151192580,1485068256,333875676,114589154.9652
"Bourne supremacy",1151192580,1151621100,428520,114589154.9652
"Bourne supremacy",1151353800,1485068256,333714456,114589154.9652
"Bourne supremacy",1151353800,1151779980,426180,114589154.9652
"Bourne supremacy",1151362440,1485068256,333705816,114589154.9652
"Bourne supremacy",1151362440,1152671580,1309140,114589154.9652
"Bourne supremacy",1151362920,1485068256,333705336,114589154.9652
"Bourne supremacy",1151367660,1485068256,333700596,114589154.9652
"Bourne supremacy",1151367660,1151981760,614100,114589154.9652
"Bourne supremacy",1151373420,1485068256,333694836,114589154.9652
"Bourne supremacy",1151457420,1485068256,333610836,114589154.9652
"Bourne supremacy",1151458500,1485068256,333609756,114589154.9652
"Bourne supremacy",1151458500,1151792700,334200,114589154.9652
"Bourne supremacy",1151518740,1485068256,333549516,114589154.9652
"Bourne supremacy",1151518740,1151626080,107340,114589154.9652
"Bourne supremacy",1151519220,1485068256,333549036,114589154.9652
"Bourne supremacy",1151519220,1151604780,85560,114589154.9652
"Bourne supremacy",1151519760,1485068256,333548496,114589154.9652
"Bourne supremacy",1151519760,1151620920,101160,114589154.9652
"Bourne supremacy",1151531280,1485068256,333536976,114589154.9652
"Bourne supremacy",1151533140,1485068256,333535116,114589154.9652
"Bourne supremacy",1151538900,1485068256,333529356,114589154.9652
"Bourne supremacy",1151538900,1152143040,604140,114589154.9652
"Bourne supremacy",1151538900,1152214380,675480,114589154.9652
"Bourne supremacy",1151539740,1485068256,333528516,114589154.9652
"Bourne supremacy",1151541900,1485068256,333526356,114589154.9652
"Bourne supremacy",1151601900,1485068256,333466356,114589154.9652
"Bourne supremacy",1151601900,1152145500,543600,114589154.9652
"Bourne supremacy",1151621460,1485068256,333446796,114589154.9652
"Bourne supremacy",1151621460,1151774760,153300,114589154.9652
"Bourne supremacy",1151622240,1485068256,333446016,114589154.9652
"Bourne supremacy",1151622240,1151970840,348600,114589154.9652
"Bourne supremacy",1151625420,1485068256,333442836,114589154.9652
"Bourne supremacy",1151627280,1485068256,333440976,114589154.9652
"Bourne supremacy",1151627280,1152152940,525660,114589154.9652
"Bourne supremacy",1151627760,1485068256,333440496,114589154.9652
"Bourne supremacy",1151627760,1151787000,159240,114589154.9652
"Bourne supremacy",1151629440,1485068256,333438816,114589154.9652
"Bourne supremacy",1151629500,1485068256,333438756,114589154.9652
"Bourne supremacy",1151629500,1151975460,345960,114589154.9652
"Bourne supremacy",1151633880,1485068256,333434376,114589154.9652
"Bourne supremacy",1151633880,1152238200,604320,114589154.9652
"Bourne supremacy",1151633880,1153076040,1442160,114589154.9652
"Bourne supremacy",1151633880,1153249500,1615620,114589154.9652
"Bourne supremacy",1151693700,1485068256,333374556,114589154.9652
"Bourne supremacy",1151698800,1485068256,333369456,114589154.9652
"Bourne supremacy",1151698860,1485068256,333369396,114589154.9652
"Bourne supremacy",1151698860,1152585720,886860,114589154.9652
"Bourne supremacy",1151705160,1485068256,333363096,114589154.9652
"Bourne supremacy",1151705160,1152125220,420060,114589154.9652
"Bourne supremacy",1151707980,1485068256,333360276,114589154.9652
"Bourne supremacy",1151707980,1152222060,514080,114589154.9652
"Bourne supremacy",1151710200,1485068256,333358056,114589154.9652
"Bourne supremacy",1151710200,1152224640,514440,114589154.9652
"Bourne supremacy",1151714400,1485068256,333353856,114589154.9652
"Bourne supremacy",1151776020,1485068256,333292236,114589154.9652
"Bourne supremacy",1151776020,1152314280,538260,114589154.9652
"Bourne supremacy",1151785800,1485068256,333282456,114589154.9652
"Bourne supremacy",1151790660,1485068256,333277596,114589154.9652
"Bourne supremacy",1151790660,1152400020,609360,114589154.9652
"Bourne supremacy",1151792880,1485068256,333275376,114589154.9652
"Bourne supremacy",1151792880,1152233280,440400,114589154.9652
"Bourne supremacy",1151801220,1485068256,333267036,114589154.9652
"Bourne supremacy",1151801220,1152120600,319380,114589154.9652
"Bourne supremacy",1151801640,1485068256,333266616,114589154.9652
"Bourne supremacy",1151801640,1485068256,333266616,114589154.9652
"Bourne supremacy",1151801640,1152727020,925380,114589154.9652
"Bourne supremacy",1151964960,1485068256,333103296,114589154.9652
"Bourne supremacy",1151964960,1151971200,6240,114589154.9652
"Bourne supremacy",1151967060,1485068256,333101196,114589154.9652
"Bourne supremacy",1151967060,1152397740,430680,114589154.9652
"Bourne supremacy",1151967960,1485068256,333100296,114589154.9652
"Bourne supremacy",1151967960,1152567780,599820,114589154.9652
"Bourne supremacy",1151968500,1485068256,333099756,114589154.9652
"Bourne supremacy",1151968500,1152394500,426000,114589154.9652
"Bourne supremacy",1151971800,1485068256,333096456,114589154.9652
"Bourne supremacy",1151971800,1152583080,611280,114589154.9652
"Bourne supremacy",1151981400,1485068256,333086856,114589154.9652
"Bourne supremacy",1151981400,1152573000,591600,114589154.9652
"Bourne supremacy",1152124860,1485068256,332943396,114589154.9652
"Bourne supremacy",1152124860,1153784520,1659660,114589154.9652
"Bourne supremacy",1152125760,1152758160,632400,114589154.9652
"Bourne supremacy",1152127200,1485068256,332941056,114589154.9652
"Bourne supremacy",1152137040,1485068256,332931216,114589154.9652
"Bourne supremacy",1152138840,1485068256,332929416,114589154.9652
"Bourne supremacy",1152138840,1152672120,533280,114589154.9652
"Bourne supremacy",1152138840,1152742260,603420,114589154.9652
"Bourne supremacy",1152138900,1485068256,332929356,114589154.9652
"Bourne supremacy",1152138900,1152223860,84960,114589154.9652
"Bourne supremacy",1152141660,1485068256,332926596,114589154.9652
"Bourne supremacy",1152141660,1153956360,1814700,114589154.9652
"Bourne supremacy",1152150180,1485068256,332918076,114589154.9652
"Bourne supremacy",1152150180,1154540880,2390700,114589154.9652
"Bourne supremacy",1152150300,1485068256,332917956,114589154.9652
"Bourne supremacy",1152151380,1485068256,332916876,114589154.9652
"Bourne supremacy",1152151380,1152483360,331980,114589154.9652
"Bourne supremacy",1152206040,1485068256,332862216,114589154.9652
"Bourne supremacy",1152209280,1485068256,332858976,114589154.9652
"Bourne supremacy",1152209280,1152723960,514680,114589154.9652
"Bourne supremacy",1152210000,1485068256,332858256,114589154.9652
"Bourne supremacy",1152217920,1485068256,332850336,114589154.9652
"Bourne supremacy",1152217920,1154636460,2418540,114589154.9652
"Bourne supremacy",1152221760,1485068256,332846496,114589154.9652
"Bourne supremacy",1152221760,1152825660,603900,114589154.9652
"Bourne supremacy",1152221760,1152899280,677520,114589154.9652
"Bourne supremacy",1152225780,1485068256,332842476,114589154.9652
"Bourne supremacy",1152225780,1152583080,357300,114589154.9652
"Bourne supremacy",1152236880,1485068256,332831376,114589154.9652
"Bourne supremacy",1152293940,1485068256,332774316,114589154.9652
"Bourne supremacy",1152293940,1153340880,1046940,114589154.9652
"Bourne supremacy",1152306840,1485068256,332761416,114589154.9652
"Bourne supremacy",1152306840,1153418220,1111380,114589154.9652
"Bourne supremacy",1152309780,1485068256,332758476,114589154.9652
"Bourne supremacy",1152309780,1152578580,268800,114589154.9652
"Bourne supremacy",1152312240,1485068256,332756016,114589154.9652
"Bourne supremacy",1152312240,1152920520,608280,114589154.9652
"Bourne supremacy",1152313680,1485068256,332754576,114589154.9652
"Bourne supremacy",1152313680,1152666300,352620,114589154.9652
"Bourne supremacy",1152313920,1485068256,332754336,114589154.9652
"Bourne supremacy",1152313920,1152901380,587460,114589154.9652
"Bourne supremacy",1152315000,1485068256,332753256,114589154.9652
"Bourne supremacy",1152319440,1485068256,332748816,114589154.9652
"Bourne supremacy",1152319440,1153007400,687960,114589154.9652
"Bourne supremacy",1152394140,1485068256,332674116,114589154.9652
"Bourne supremacy",1152394260,1485068256,332673996,114589154.9652
"Bourne supremacy",1152394260,1153363860,969600,114589154.9652
"Bourne supremacy",1152398760,1485068256,332669496,114589154.9652
"Bourne supremacy",1152577860,1485068256,332490396,114589154.9652
"Bourne supremacy",1152577860,1152659100,81240,114589154.9652
"Bourne supremacy",1152579780,1485068256,332488476,114589154.9652
"Bourne supremacy",1152582420,1485068256,332485836,114589154.9652
"Bourne supremacy",1152583980,1485068256,332484276,114589154.9652
"Bourne supremacy",1152649680,1485068256,332418576,114589154.9652
"Bourne supremacy",1152649680,1153340700,691020,114589154.9652
"Bourne supremacy",1152652560,1485068256,332415696,114589154.9652
"Bourne supremacy",1152652560,1153864200,1211640,114589154.9652
"Bourne supremacy",1152661800,1485068256,332406456,114589154.9652
"Bourne supremacy",1152661800,1152816120,154320,114589154.9652
"Bourne supremacy",1152662340,1485068256,332405916,114589154.9652
"Bourne supremacy",1152662340,1153183020,520680,114589154.9652
"Bourne supremacy",1152662460,1485068256,332405796,114589154.9652
"Bourne supremacy",1152662460,1153776720,1114260,114589154.9652
"Bourne supremacy",1152664020,1485068256,332404236,114589154.9652
"Bourne supremacy",1152664020,1153268760,604740,114589154.9652
"Bourne supremacy",1152664020,1153439160,775140,114589154.9652
"Bourne supremacy",1152664080,1485068256,332404176,114589154.9652
"Bourne supremacy",1152732420,1485068256,332335836,114589154.9652
"Bourne supremacy",1152733800,1485068256,332334456,114589154.9652
"Bourne supremacy",1152733800,1154302800,1569000,114589154.9652
"Bourne supremacy",1152735300,1485068256,332332956,114589154.9652
"Bourne supremacy",1152735300,1152914700,179400,114589154.9652
"Bourne supremacy",1152738900,1485068256,332329356,114589154.9652
"Bourne supremacy",1152738900,1153077960,339060,114589154.9652
"Bourne supremacy",1152741240,1485068256,332327016,114589154.9652
"Bourne supremacy",1152741240,1153363620,622380,114589154.9652
"Bourne supremacy",1152742380,1485068256,332325876,114589154.9652
"Bourne supremacy",1152742380,1153359540,617160,114589154.9652
"Bourne supremacy",1152748920,1485068256,332319336,114589154.9652
"Bourne supremacy",1152748920,1153337940,589020,114589154.9652
"Bourne supremacy",1152752400,1485068256,332315856,114589154.9652
"Bourne supremacy",1152752400,1153276200,523800,114589154.9652
"Bourne supremacy",1152755220,1485068256,332313036,114589154.9652
"Bourne supremacy",1152755220,1153355760,600540,114589154.9652
"Bourne supremacy",1152756480,1485068256,332311776,114589154.9652
"Bourne supremacy",1152756480,1153350360,593880,114589154.9652
"Bourne supremacy",1152756480,1153797720,1041240,114589154.9652
"Bourne supremacy",1152756480,1153859100,1102620,114589154.9652
"Bourne supremacy",1152813360,1485068256,332254896,114589154.9652
"Bourne supremacy",1152813360,1152994260,180900,114589154.9652
"Bourne supremacy",1152836640,1485068256,332231616,114589154.9652
"Bourne supremacy",1152836880,1485068256,332231376,114589154.9652
"Bourne supremacy",1152837660,1485068256,332230596,114589154.9652
"Bourne supremacy",1152837660,1153179780,342120,114589154.9652
"Bourne supremacy",1152837660,1153262940,425280,114589154.9652
"Bourne supremacy",1152843840,1485068256,332224416,114589154.9652
"Bourne supremacy",1152912420,1485068256,332155836,114589154.9652
"Bourne supremacy",1152915420,1485068256,332152836,114589154.9652
"Bourne supremacy",1152919740,1485068256,332148516,114589154.9652
"Bourne supremacy",1152922260,1485068256,332145996,114589154.9652
"Bourne supremacy",1152922260,1153966800,1044540,114589154.9652
"Bourne supremacy",1152922800,1485068256,332145456,114589154.9652
"Bourne supremacy",1152922800,1153183980,261180,114589154.9652
"Bourne supremacy",1152924300,1485068256,332143956,114589154.9652
"Bourne supremacy",1152924300,1153526160,601860,114589154.9652
"Bourne supremacy",1152990540,1485068256,332077716,114589154.9652
"Bourne supremacy",1152990540,1153448220,457680,114589154.9652
"Bourne supremacy",1152995400,1485068256,332072856,114589154.9652
"Bourne supremacy",1152995400,1154200380,1204980,114589154.9652
"Bourne supremacy",1152996000,1485068256,332072256,114589154.9652
"Bourne supremacy",1152996000,1153263120,267120,114589154.9652
"Bourne supremacy",1153002960,1485068256,332065296,114589154.9652
"Bourne supremacy",1153011000,1485068256,332057256,114589154.9652
"Bourne supremacy",1153011000,1153343460,332460,114589154.9652
"Bourne supremacy",1153079820,1485068256,331988436,114589154.9652
"Bourne supremacy",1153079820,1153418220,338400,114589154.9652
"Bourne supremacy",1153085640,1485068256,331982616,114589154.9652
"Bourne supremacy",1153085700,1485068256,331982556,114589154.9652
"Bourne supremacy",1153085700,1153594200,508500,114589154.9652
"Bourne supremacy",1153092060,1485068256,331976196,114589154.9652
"Bourne supremacy",1153172220,1485068256,331896036,114589154.9652
"Bourne supremacy",1153172220,1157221680,4049460,114589154.9652
"Bourne supremacy",1153180320,1485068256,331887936,114589154.9652
"Bourne supremacy",1153180320,1154117160,936840,114589154.9652
"Bourne supremacy",1153184580,1485068256,331883676,114589154.9652
"Bourne supremacy",1153256640,1485068256,331811616,114589154.9652
"Bourne supremacy",1153256640,1153511340,254700,114589154.9652
"Bourne supremacy",1153260780,1485068256,331807476,114589154.9652
"Bourne supremacy",1153260780,1153863480,602700,114589154.9652
"Bourne supremacy",1153267620,1485068256,331800636,114589154.9652
"Bourne supremacy",1153267620,1153785420,517800,114589154.9652
"Bourne supremacy",1153267740,1485068256,331800516,114589154.9652
"Bourne supremacy",1153267740,1153961100,693360,114589154.9652
"Bourne supremacy",1153267740,1154045940,778200,114589154.9652
"Bourne supremacy",1153274880,1485068256,331793376,114589154.9652
"Bourne supremacy",1153274880,1153356300,81420,114589154.9652
"Bourne supremacy",1153277880,1485068256,331790376,114589154.9652
"Bourne supremacy",1153339680,1485068256,331728576,114589154.9652
"Bourne supremacy",1153346580,1485068256,331721676,114589154.9652
"Bourne supremacy",1153348800,1485068256,331719456,114589154.9652
"Bourne supremacy",1153348800,1153605600,256800,114589154.9652
"Bourne supremacy",1153348800,1153960800,612000,114589154.9652
"Bourne supremacy",1153351680,1485068256,331716576,114589154.9652
"Bourne supremacy",1153351680,1153792680,441000,114589154.9652
"Bourne supremacy",1153355040,1485068256,331713216,114589154.9652
"Bourne supremacy",1153357440,1485068256,331710816,114589154.9652
"Bourne supremacy",1153357440,1154481120,1123680,114589154.9652
"Bourne supremacy",1153419420,1485068256,331648836,114589154.9652
"Bourne supremacy",1153419420,1153694220,274800,114589154.9652
"Bourne supremacy",1153419960,1485068256,331648296,114589154.9652
"Bourne supremacy",1153419960,1153872540,452580,114589154.9652
"Bourne supremacy",1153432560,1485068256,331635696,114589154.9652
"Bourne supremacy",1153435740,1485068256,331632516,114589154.9652
"Bourne supremacy",1153435740,1154473020,1037280,114589154.9652
"Bourne supremacy",1153436460,1485068256,331631796,114589154.9652
"Bourne supremacy",1153436460,1153595760,159300,114589154.9652
"Bourne supremacy",1153436700,1485068256,331631556,114589154.9652
"Bourne supremacy",1153436700,1153859280,422580,114589154.9652
"Bourne supremacy",1153439100,1485068256,331629156,114589154.9652
"Bourne supremacy",1153439100,1154046000,606900,114589154.9652
"Bourne supremacy",1153442820,1485068256,331625436,114589154.9652
"Bourne supremacy",1153442820,1154365140,922320,114589154.9652
"Bourne supremacy",1153513920,1485068256,331554336,114589154.9652
"Bourne supremacy",1153513920,1153882260,368340,114589154.9652
"Bourne supremacy",1153515720,1485068256,331552536,114589154.9652
"Bourne supremacy",1153515720,1153594380,78660,114589154.9652
"Bourne supremacy",1153517160,1485068256,331551096,114589154.9652
"Bourne supremacy",1153517160,1154195160,678000,114589154.9652
"Bourne supremacy",1153517160,1154538420,1021260,114589154.9652
"Bourne supremacy",1153528080,1485068256,331540176,114589154.9652
"Bourne supremacy",1153528080,1153775640,247560,114589154.9652
"Bourne supremacy",1153592820,1485068256,331475436,114589154.9652
"Bourne supremacy",1153592820,1154054820,462000,114589154.9652
"Bourne supremacy",1153593540,1153593600,60,114589154.9652
"Bourne supremacy",1153593660,1485068256,331474596,114589154.9652
"Bourne supremacy",1153595220,1485068256,331473036,114589154.9652
"Bourne supremacy",1153602720,1485068256,331465536,114589154.9652
"Bourne supremacy",1153602720,1154210520,607800,114589154.9652
"Bourne supremacy",1153604340,1485068256,331463916,114589154.9652
"Bourne supremacy",1153604340,1154133480,529140,114589154.9652
"Bourne supremacy",1153605420,1485068256,331462836,114589154.9652
"Bourne supremacy",1153605420,1154657100,1051680,114589154.9652
"Bourne supremacy",1153616580,1485068256,331451676,114589154.9652
"Bourne supremacy",1153682100,1485068256,331386156,114589154.9652
"Bourne supremacy",1153682100,1154112420,430320,114589154.9652
"Bourne supremacy",1153686000,1485068256,331382256,114589154.9652
"Bourne supremacy",1153773840,1485068256,331294416,114589154.9652
"Bourne supremacy",1153773840,1154397360,623520,114589154.9652
"Bourne supremacy",1153773840,1154548080,774240,114589154.9652
"Bourne supremacy",1153774800,1485068256,331293456,114589154.9652
"Bourne supremacy",1153774800,1153856520,81720,114589154.9652
"Bourne supremacy",1153782540,1485068256,331285716,114589154.9652
"Bourne supremacy",1153792440,1485068256,331275816,114589154.9652
"Bourne supremacy",1153796040,1485068256,331272216,114589154.9652
"Bourne supremacy",1153859400,1485068256,331208856,114589154.9652
"Bourne supremacy",1153859400,1153948440,89040,114589154.9652
"Bourne supremacy",1153860060,1485068256,331208196,114589154.9652
"Bourne supremacy",1153866540,1485068256,331201716,114589154.9652
"Bourne supremacy",1153866540,1154557140,690600,114589154.9652
"Bourne supremacy",1153872660,1485068256,331195596,114589154.9652
"Bourne supremacy",1153872660,1154301000,428340,114589154.9652
"Bourne supremacy",1153874820,1485068256,331193436,114589154.9652
"Bourne supremacy",1153874820,1154210280,335460,114589154.9652
"Bourne supremacy",1153875960,1485068256,331192296,114589154.9652
"Bourne supremacy",1153875960,1154216580,340620,114589154.9652
"Bourne supremacy",1153878540,1485068256,331189716,114589154.9652
"Bourne supremacy",1153878540,1154114580,236040,114589154.9652
"Bourne supremacy",1153878720,1485068256,331189536,114589154.9652
"Bourne supremacy",1153882200,1485068256,331186056,114589154.9652
"Bourne supremacy",1153882200,1154659620,777420,114589154.9652
"Bourne supremacy",1153942140,1157584860,3642720,114589154.9652
"Bourne supremacy",1153948500,1485068256,331119756,114589154.9652
"Bourne supremacy",1153948500,1154048820,100320,114589154.9652
"Bourne supremacy",1153951080,1485068256,331117176,114589154.9652
"Bourne supremacy",1153952940,1485068256,331115316,114589154.9652
"Bourne supremacy",1153953300,1485068256,331114956,114589154.9652
"Bourne supremacy",1153953300,1154465580,512280,114589154.9652
"Bourne supremacy",1153953840,1485068256,331114416,114589154.9652
"Bourne supremacy",1153953840,1154218800,264960,114589154.9652
"Bourne supremacy",1153956060,1485068256,331112196,114589154.9652
"Bourne supremacy",1153956060,1154219040,262980,114589154.9652
"Bourne supremacy",1153956360,1485068256,331111896,114589154.9652
"Bourne supremacy",1153956360,1156443540,2487180,114589154.9652
"Bourne supremacy",1153961760,1485068256,331106496,114589154.9652
"Bourne supremacy",1153961760,1154111700,149940,114589154.9652
"Bourne supremacy",1153963200,1485068256,331105056,114589154.9652
"Bourne supremacy",1153966020,1485068256,331102236,114589154.9652
"Bourne supremacy",1154014380,1485068256,331053876,114589154.9652
"Bourne supremacy",1154014380,1155249420,1235040,114589154.9652
"Bourne supremacy",1154031000,1485068256,331037256,114589154.9652
"Bourne supremacy",1154031780,1485068256,331036476,114589154.9652
"Bourne supremacy",1154031780,1154726940,695160,114589154.9652
"Bourne supremacy",1154039940,1485068256,331028316,114589154.9652
"Bourne supremacy",1154041680,1485068256,331026576,114589154.9652
"Bourne supremacy",1154041680,1154396460,354780,114589154.9652
"Bourne supremacy",1154118480,1485068256,330949776,114589154.9652
"Bourne supremacy",1154118480,1154561580,443100,114589154.9652
"Bourne supremacy",1154119500,1485068256,330948756,114589154.9652
"Bourne supremacy",1154119500,1154731380,611880,114589154.9652
"Bourne supremacy",1154119740,1485068256,330948516,114589154.9652
"Bourne supremacy",1154119740,1154799180,679440,114589154.9652
"Bourne supremacy",1154125140,1485068256,330943116,114589154.9652
"Bourne supremacy",1154125140,1154561400,436260,114589154.9652
"Bourne supremacy",1154125140,1154986560,861420,114589154.9652
"Bourne supremacy",1154131740,1485068256,330936516,114589154.9652
"Bourne supremacy",1154131740,1154906460,774720,114589154.9652
"Bourne supremacy",1154134200,1485068256,330934056,114589154.9652
"Bourne supremacy",1154205060,1485068256,330863196,114589154.9652
"Bourne supremacy",1154212920,1485068256,330855336,114589154.9652
"Bourne supremacy",1154212920,1154727840,514920,114589154.9652
"Bourne supremacy",1154215680,1485068256,330852576,114589154.9652
"Bourne supremacy",1154286600,1485068256,330781656,114589154.9652
"Bourne supremacy",1154291940,1485068256,330776316,114589154.9652
"Bourne supremacy",1154291940,1156549260,2257320,114589154.9652
"Bourne supremacy",1154292120,1485068256,330776136,114589154.9652
"Bourne supremacy",1154292120,1154547120,255000,114589154.9652
"Bourne supremacy",1154295060,1485068256,330773196,114589154.9652
"Bourne supremacy",1154303880,1485068256,330764376,114589154.9652
"Bourne supremacy",1154303880,1154550720,246840,114589154.9652
"Bourne supremacy",1154378940,1485068256,330689316,114589154.9652
"Bourne supremacy",1154378940,1154721780,342840,114589154.9652
"Bourne supremacy",1154382780,1485068256,330685476,114589154.9652
"Bourne supremacy",1154382780,1154988180,605400,114589154.9652
"Bourne supremacy",1154398320,1485068256,330669936,114589154.9652
"Bourne supremacy",1154398320,1155089760,691440,114589154.9652
"Bourne supremacy",1154399160,1485068256,330669096,114589154.9652
"Bourne supremacy",1154399160,1154985120,585960,114589154.9652
"Bourne supremacy",1154400420,1485068256,330667836,114589154.9652
"Bourne supremacy",1154469600,1485068256,330598656,114589154.9652
"Bourne supremacy",1154469600,1156205400,1735800,114589154.9652
"Bourne supremacy",1154470200,1485068256,330598056,114589154.9652
"Bourne supremacy",1154470200,1154720520,250320,114589154.9652
"Bourne supremacy",1154471520,1485068256,330596736,114589154.9652
"Bourne supremacy",1154471520,1155164040,692520,114589154.9652
"Bourne supremacy",1154474880,1485068256,330593376,114589154.9652
"Bourne supremacy",1154474880,1154904480,429600,114589154.9652
"Bourne supremacy",1154484120,1485068256,330584136,114589154.9652
"Bourne supremacy",1154484120,1154567640,83520,114589154.9652
"Bourne supremacy",1154547240,1485068256,330521016,114589154.9652
"Bourne supremacy",1154547240,1154989620,442380,114589154.9652
"Bourne supremacy",1154547900,1485068256,330520356,114589154.9652
"Bourne supremacy",1154547900,1154799840,251940,114589154.9652
"Bourne supremacy",1154552520,1485068256,330515736,114589154.9652
"Bourne supremacy",1154552520,1154728020,175500,114589154.9652
"Bourne supremacy",1154554620,1485068256,330513636,114589154.9652
"Bourne supremacy",1154557020,1485068256,330511236,114589154.9652
"Bourne supremacy",1154568300,1485068256,330499956,114589154.9652
"Bourne supremacy",1154568300,1155263100,694800,114589154.9652
"Bourne supremacy",1154568960,1485068256,330499296,114589154.9652
"Bourne supremacy",1154568960,1154987880,418920,114589154.9652
"Bourne supremacy",1154571300,1485068256,330496956,114589154.9652
"Bourne supremacy",1154626620,1485068256,330441636,114589154.9652
"Bourne supremacy",1154626620,1155231360,604740,114589154.9652
"Bourne supremacy",1154642040,1485068256,330426216,114589154.9652
"Bourne supremacy",1154642940,1485068256,330425316,114589154.9652
"Bourne supremacy",1154642940,1155948000,1305060,114589154.9652
"Bourne supremacy",1154644680,1485068256,330423576,114589154.9652
"Bourne supremacy",1154645940,1485068256,330422316,114589154.9652
"Bourne supremacy",1154645940,1155177660,531720,114589154.9652
"Bourne supremacy",1154650620,1485068256,330417636,114589154.9652
"Bourne supremacy",1154650620,1157231460,2580840,114589154.9652
"Bourne supremacy",1154656080,1485068256,330412176,114589154.9652
"Bourne supremacy",1154656080,1155160020,503940,114589154.9652
"Bourne supremacy",1154657760,1485068256,330410496,114589154.9652
"Bourne supremacy",1154713020,1485068256,330355236,114589154.9652
"Bourne supremacy",1154717640,1485068256,330350616,114589154.9652
"Bourne supremacy",1154717640,1156301040,1583400,114589154.9652
"Bourne supremacy",1154718840,1485068256,330349416,114589154.9652
"Bourne supremacy",1154718840,1155576240,857400,114589154.9652
"Bourne supremacy",1154723640,1485068256,330344616,114589154.9652
"Bourne supremacy",1154726040,1485068256,330342216,114589154.9652
"Bourne supremacy",1154726040,1154824860,98820,114589154.9652
"Bourne supremacy",1154727480,1485068256,330340776,114589154.9652
"Bourne supremacy",1154727480,1155608340,880860,114589154.9652
"Bourne supremacy",1154728680,1485068256,330339576,114589154.9652
"Bourne supremacy",1154728680,1154994780,266100,114589154.9652
"Bourne supremacy",1154736600,1485068256,330331656,114589154.9652
"Bourne supremacy",1154737860,1485068256,330330396,114589154.9652
"Bourne supremacy",1154737860,1155339240,601380,114589154.9652
"Bourne supremacy",1154738100,1485068256,330330156,114589154.9652
"Bourne supremacy",1154738100,1155335100,597000,114589154.9652
"Bourne supremacy",1154738280,1485068256,330329976,114589154.9652
"Bourne supremacy",1154738280,1154893440,155160,114589154.9652
"Bourne supremacy",1154738700,1485068256,330329556,114589154.9652
"Bourne supremacy",1154738700,1155332940,594240,114589154.9652
"Bourne supremacy",1154739240,1485068256,330329016,114589154.9652
"Bourne supremacy",1154800860,1485068256,330267396,114589154.9652
"Bourne supremacy",1154800860,1155239640,438780,114589154.9652
"Bourne supremacy",1154800860,1155334800,533940,114589154.9652
"Bourne supremacy",1154802960,1485068256,330265296,114589154.9652
"Bourne supremacy",1154802960,1154993520,190560,114589154.9652
"Bourne supremacy",1154812860,1485068256,330255396,114589154.9652
"Bourne supremacy",1154812860,1155091260,278400,114589154.9652
"Bourne supremacy",1154815440,1485068256,330252816,114589154.9652
"Bourne supremacy",1154815440,1155762720,947280,114589154.9652
"Bourne supremacy",1154819280,1485068256,330248976,114589154.9652
"Bourne supremacy",1154819280,1157146440,2327160,114589154.9652
"Bourne supremacy",1154820360,1485068256,330247896,114589154.9652
"Bourne supremacy",1154820360,1155421380,601020,114589154.9652
"Bourne supremacy",1154891760,1485068256,330176496,114589154.9652
"Bourne supremacy",1154891760,1154989980,98220,114589154.9652
"Bourne supremacy",1154895840,1485068256,330172416,114589154.9652
"Bourne supremacy",1154895840,1155005340,109500,114589154.9652
"Bourne supremacy",1154895840,1155069000,173160,114589154.9652
"Bourne supremacy",1154906520,1485068256,330161736,114589154.9652
"Bourne supremacy",1154982060,1485068256,330086196,114589154.9652
"Bourne supremacy",1154982060,1155594060,612000,114589154.9652
"Bourne supremacy",1154985540,1485068256,330082716,114589154.9652
"Bourne supremacy",1154985540,1156183800,1198260,114589154.9652
"Bourne supremacy",1154985540,1156259820,1274280,114589154.9652
"Bourne supremacy",1154987820,1485068256,330080436,114589154.9652
"Bourne supremacy",1154991000,1485068256,330077256,114589154.9652
"Bourne supremacy",1154994780,1485068256,330073476,114589154.9652
"Bourne supremacy",1154994780,1155338460,343680,114589154.9652
"Bourne supremacy",1154994840,1485068256,330073416,114589154.9652
"Bourne supremacy",1154996400,1485068256,330071856,114589154.9652
"Bourne supremacy",1154996400,1155669000,672600,114589154.9652
"Bourne supremacy",1155002940,1485068256,330065316,114589154.9652
"Bourne supremacy",1155002940,1155331800,328860,114589154.9652
"Bourne supremacy",1155003720,1485068256,330064536,114589154.9652
"Bourne supremacy",1155003720,1155337200,333480,114589154.9652
"Bourne supremacy",1155070680,1485068256,329997576,114589154.9652
"Bourne supremacy",1155070680,1156111500,1040820,114589154.9652
"Bourne supremacy",1155077100,1485068256,329991156,114589154.9652
"Bourne supremacy",1155077100,1155596280,519180,114589154.9652
"Bourne supremacy",1155084600,1485068256,329983656,114589154.9652
"Bourne supremacy",1155084600,1155325140,240540,114589154.9652
"Bourne supremacy",1155151080,1485068256,329917176,114589154.9652
"Bourne supremacy",1155151080,1155598500,447420,114589154.9652
"Bourne supremacy",1155151800,1485068256,329916456,114589154.9652
"Bourne supremacy",1155151800,1155169500,17700,114589154.9652
"Bourne supremacy",1155160380,1485068256,329907876,114589154.9652
"Bourne supremacy",1155160380,1155421740,261360,114589154.9652
"Bourne supremacy",1155161640,1485068256,329906616,114589154.9652
"Bourne supremacy",1155166260,1485068256,329901996,114589154.9652
"Bourne supremacy",1155166260,1155505080,338820,114589154.9652
"Bourne supremacy",1155173880,1485068256,329894376,114589154.9652
"Bourne supremacy",1155173880,1155598980,425100,114589154.9652
"Bourne supremacy",1155234300,1485068256,329833956,114589154.9652
"Bourne supremacy",1155234300,1155839700,605400,114589154.9652
"Bourne supremacy",1155255720,1485068256,329812536,114589154.9652
"Bourne supremacy",1155255720,1155429960,174240,114589154.9652
"Bourne supremacy",1155336840,1485068256,329731416,114589154.9652
"Bourne supremacy",1155336840,1155585720,248880,114589154.9652
"Bourne supremacy",1155340560,1485068256,329727696,114589154.9652
"Bourne supremacy",1155340560,1155944880,604320,114589154.9652
"Bourne supremacy",1155341040,1485068256,329727216,114589154.9652
"Bourne supremacy",1155342240,1485068256,329726016,114589154.9652
"Bourne supremacy",1155342240,1155860280,518040,114589154.9652
"Bourne supremacy",1155342900,1485068256,329725356,114589154.9652
"Bourne supremacy",1155342900,1155940740,597840,114589154.9652
"Bourne supremacy",1155342900,1156178280,835380,114589154.9652
"Bourne supremacy",1155343260,1485068256,329724996,114589154.9652
"Bourne supremacy",1155343260,1155774060,430800,114589154.9652
"Bourne supremacy",1155403740,1485068256,329664516,114589154.9652
"Bourne supremacy",1155403740,1155598260,194520,114589154.9652
"Bourne supremacy",1155412740,1485068256,329655516,114589154.9652
"Bourne supremacy",1155412740,1155853440,440700,114589154.9652
"Bourne supremacy",1155413100,1485068256,329655156,114589154.9652
"Bourne supremacy",1155418140,1485068256,329650116,114589154.9652
"Bourne supremacy",1155418140,1156016940,598800,114589154.9652
"Bourne supremacy",1155419520,1485068256,329648736,114589154.9652
"Bourne supremacy",1155419520,1156028460,608940,114589154.9652
"Bourne supremacy",1155420180,1485068256,329648076,114589154.9652
"Bourne supremacy",1155420180,1155835920,415740,114589154.9652
"Bourne supremacy",1155429480,1485068256,329638776,114589154.9652
"Bourne supremacy",1155429480,1155610440,180960,114589154.9652
"Bourne supremacy",1155430260,1485068256,329637996,114589154.9652
"Bourne supremacy",1155430260,1156014180,583920,114589154.9652
"Bourne supremacy",1155430260,1157495280,2065020,114589154.9652
"Bourne supremacy",1155511080,1485068256,329557176,114589154.9652
"Bourne supremacy",1155511080,1156023480,512400,114589154.9652
"Bourne supremacy",1155514320,1485068256,329553936,114589154.9652
"Bourne supremacy",1155514320,1155775920,261600,114589154.9652
"Bourne supremacy",1155581640,1485068256,329486616,114589154.9652
"Bourne supremacy",1155581640,1155762180,180540,114589154.9652
"Bourne supremacy",1155585780,1485068256,329482476,114589154.9652
"Bourne supremacy",1155585780,1156456500,870720,114589154.9652
"Bourne supremacy",1155586020,1485068256,329482236,114589154.9652
"Bourne supremacy",1155586020,1155766260,180240,114589154.9652
"Bourne supremacy",1155587940,1485068256,329480316,114589154.9652
"Bourne supremacy",1155587940,1155675240,87300,114589154.9652
"Bourne supremacy",1155588120,1485068256,329480136,114589154.9652
"Bourne supremacy",1155588120,1155928440,340320,114589154.9652
"Bourne supremacy",1155588900,1485068256,329479356,114589154.9652
"Bourne supremacy",1155588900,1155773400,184500,114589154.9652
"Bourne supremacy",1155596280,1485068256,329471976,114589154.9652
"Bourne supremacy",1155596280,1156204320,608040,114589154.9652
"Bourne supremacy",1155599400,1485068256,329468856,114589154.9652
"Bourne supremacy",1155599460,1485068256,329468796,114589154.9652
"Bourne supremacy",1155599460,1155780600,181140,114589154.9652
"Bourne supremacy",1155604140,1485068256,329464116,114589154.9652
"Bourne supremacy",1155604140,1156472880,868740,114589154.9652
"Bourne supremacy",1155604320,1485068256,329463936,114589154.9652
"Bourne supremacy",1155604320,1156286640,682320,114589154.9652
"Bourne supremacy",1155605760,1155605760,0,114589154.9652
"Bourne supremacy",1155605820,1485068256,329462436,114589154.9652
"Bourne supremacy",1155605820,1155946320,340500,114589154.9652
"Bourne supremacy",1155672960,1485068256,329395296,114589154.9652
"Bourne supremacy",1155674460,1485068256,329393796,114589154.9652
"Bourne supremacy",1155682380,1485068256,329385876,114589154.9652
"Bourne supremacy",1155682440,1485068256,329385816,114589154.9652
"Bourne supremacy",1155693300,1485068256,329374956,114589154.9652
"Bourne supremacy",1155693300,1156018560,325260,114589154.9652
"Bourne supremacy",1155748020,1485068256,329320236,114589154.9652
"Bourne supremacy",1155750420,1485068256,329317836,114589154.9652
"Bourne supremacy",1155750420,1158879240,3128820,114589154.9652
"Bourne supremacy",1155750420,1158962760,3212340,114589154.9652
"Bourne supremacy",1155750420,1159215540,3465120,114589154.9652
"Bourne supremacy",1155758520,1485068256,329309736,114589154.9652
"Bourne supremacy",1155762180,1485068256,329306076,114589154.9652
"Bourne supremacy",1155762180,1158786060,3023880,114589154.9652
"Bourne supremacy",1155767280,1485068256,329300976,114589154.9652
"Bourne supremacy",1155767280,1156882980,1115700,114589154.9652
"Bourne supremacy",1155775320,1485068256,329292936,114589154.9652
"Bourne supremacy",1155775320,1156461120,685800,114589154.9652
"Bourne supremacy",1155779700,1485068256,329288556,114589154.9652
"Bourne supremacy",1155779700,1156353060,573360,114589154.9652
"Bourne supremacy",1155781980,1485068256,329286276,114589154.9652
"Bourne supremacy",1155781980,1156206180,424200,114589154.9652
"Bourne supremacy",1155781980,1156382340,600360,114589154.9652
"Bourne supremacy",1155842220,1485068256,329226036,114589154.9652
"Bourne supremacy",1155842220,1156017060,174840,114589154.9652
"Bourne supremacy",1155844500,1485068256,329223756,114589154.9652
"Bourne supremacy",1155844500,1156298640,454140,114589154.9652
"Bourne supremacy",1155844560,1485068256,329223696,114589154.9652
"Bourne supremacy",1155850920,1485068256,329217336,114589154.9652
"Bourne supremacy",1155850920,1156026480,175560,114589154.9652
"Bourne supremacy",1155853740,1485068256,329214516,114589154.9652
"Bourne supremacy",1155863100,1485068256,329205156,114589154.9652
"Bourne supremacy",1155864840,1485068256,329203416,114589154.9652
"Bourne supremacy",1155864840,1156116120,251280,114589154.9652
"Bourne supremacy",1155866280,1485068256,329201976,114589154.9652
"Bourne supremacy",1155937260,1485068256,329130996,114589154.9652
"Bourne supremacy",1155937260,1156707000,769740,114589154.9652
"Bourne supremacy",1155947580,1485068256,329120676,114589154.9652
"Bourne supremacy",1155948840,1485068256,329119416,114589154.9652
"Bourne supremacy",1156010460,1485068256,329057796,114589154.9652
"Bourne supremacy",1156010460,1156536840,526380,114589154.9652
"Bourne supremacy",1156019880,1485068256,329048376,114589154.9652
"Bourne supremacy",1156019880,1156624620,604740,114589154.9652
"Bourne supremacy",1156024440,1485068256,329043816,114589154.9652
"Bourne supremacy",1156024440,1156798860,774420,114589154.9652
"Bourne supremacy",1156028940,1485068256,329039316,114589154.9652
"Bourne supremacy",1156028940,1156363080,334140,114589154.9652
"Bourne supremacy",1156029360,1485068256,329038896,114589154.9652
"Bourne supremacy",1156029360,1156191540,162180,114589154.9652
"Bourne supremacy",1156031160,1485068256,329037096,114589154.9652
"Bourne supremacy",1156031160,1156372740,341580,114589154.9652
"Bourne supremacy",1156101960,1485068256,328966296,114589154.9652
"Bourne supremacy",1156101960,1156705920,603960,114589154.9652
"Bourne supremacy",1156105680,1485068256,328962576,114589154.9652
"Bourne supremacy",1156115640,1485068256,328952616,114589154.9652
"Bourne supremacy",1156115640,1157221260,1105620,114589154.9652
"Bourne supremacy",1156191120,1485068256,328877136,114589154.9652
"Bourne supremacy",1156191120,1156363860,172740,114589154.9652
"Bourne supremacy",1156192860,1485068256,328875396,114589154.9652
"Bourne supremacy",1156192860,1156631700,438840,114589154.9652
"Bourne supremacy",1156193280,1485068256,328874976,114589154.9652
"Bourne supremacy",1156193280,1160850480,4657200,114589154.9652
"Bourne supremacy",1156196640,1485068256,328871616,114589154.9652
"Bourne supremacy",1156200840,1485068256,328867416,114589154.9652
"Bourne supremacy",1156200840,1157497260,1296420,114589154.9652
"Bourne supremacy",1156206060,1485068256,328862196,114589154.9652
"Bourne supremacy",1156206060,1156798980,592920,114589154.9652
"Bourne supremacy",1156206120,1485068256,328862136,114589154.9652
"Bourne supremacy",1156206120,1157136900,930780,114589154.9652
"Bourne supremacy",1156208400,1485068256,328859856,114589154.9652
"Bourne supremacy",1156208400,1156816860,608460,114589154.9652
"Bourne supremacy",1156208400,1158261420,2053020,114589154.9652
"Bourne supremacy",1156213440,1485068256,328854816,114589154.9652
"Bourne supremacy",1156214040,1485068256,328854216,114589154.9652
"Bourne supremacy",1156289340,1485068256,328778916,114589154.9652
"Bourne supremacy",1156295520,1485068256,328772736,114589154.9652
"Bourne supremacy",1156297620,1485068256,328770636,114589154.9652
"Bourne supremacy",1156300020,1485068256,328768236,114589154.9652
"Bourne supremacy",1156300020,1156357260,57240,114589154.9652
"Bourne supremacy",1156359000,1485068256,328709256,114589154.9652
"Bourne supremacy",1156360020,1485068256,328708236,114589154.9652
"Bourne supremacy",1156360020,1156810980,450960,114589154.9652
"Bourne supremacy",1156365060,1485068256,328703196,114589154.9652
"Bourne supremacy",1156365060,1156460520,95460,114589154.9652
"Bourne supremacy",1156371900,1485068256,328696356,114589154.9652
"Bourne supremacy",1156371900,1156447440,75540,114589154.9652
"Bourne supremacy",1156374420,1485068256,328693836,114589154.9652
"Bourne supremacy",1156381440,1485068256,328686816,114589154.9652
"Bourne supremacy",1156382820,1485068256,328685436,114589154.9652
"Bourne supremacy",1156382820,1156989840,607020,114589154.9652
"Bourne supremacy",1156382820,1157560380,1177560,114589154.9652
"Bourne supremacy",1156382820,1157649540,1266720,114589154.9652
"Bourne supremacy",1156383120,1485068256,328685136,114589154.9652
"Bourne supremacy",1156383120,1157506260,1123140,114589154.9652
"Bourne supremacy",1156385700,1485068256,328682556,114589154.9652
"Bourne supremacy",1156385700,1158197160,1811460,114589154.9652
"Bourne supremacy",1156439460,1485068256,328628796,114589154.9652
"Bourne supremacy",1156439460,1156816560,377100,114589154.9652
"Bourne supremacy",1156445520,1485068256,328622736,114589154.9652
"Bourne supremacy",1156450920,1485068256,328617336,114589154.9652
"Bourne supremacy",1156450920,1157078760,627840,114589154.9652
"Bourne supremacy",1156457640,1485068256,328610616,114589154.9652
"Bourne supremacy",1156457640,1159482300,3024660,114589154.9652
"Bourne supremacy",1156464120,1485068256,328604136,114589154.9652
"Bourne supremacy",1156464420,1485068256,328603836,114589154.9652
"Bourne supremacy",1156464420,1156895940,431520,114589154.9652
"Bourne supremacy",1156468980,1485068256,328599276,114589154.9652
"Bourne supremacy",1156468980,1156991760,522780,114589154.9652
"Bourne supremacy",1156471680,1485068256,328596576,114589154.9652
"Bourne supremacy",1156471680,1156541700,70020,114589154.9652
"Bourne supremacy",1156472880,1485068256,328595376,114589154.9652
"Bourne supremacy",1156472880,1156899960,427080,114589154.9652
"Bourne supremacy",1156527180,1485068256,328541076,114589154.9652
"Bourne supremacy",1156527180,1156889820,362640,114589154.9652
"Bourne supremacy",1156547040,1485068256,328521216,114589154.9652
"Bourne supremacy",1156547040,1157157900,610860,114589154.9652
"Bourne supremacy",1156547040,1157652420,1105380,114589154.9652
"Bourne supremacy",1156630080,1485068256,328438176,114589154.9652
"Bourne supremacy",1156631580,1485068256,328436676,114589154.9652
"Bourne supremacy",1156631580,1157322120,690540,114589154.9652
"Bourne supremacy",1156633080,1485068256,328435176,114589154.9652
"Bourne supremacy",1156633080,1157584620,951540,114589154.9652
"Bourne supremacy",1156634220,1485068256,328434036,114589154.9652
"Bourne supremacy",1156634220,1157216220,582000,114589154.9652
"Bourne supremacy",1156709820,1485068256,328358436,114589154.9652
"Bourne supremacy",1156709820,1156791600,81780,114589154.9652
"Bourne supremacy",1156718100,1485068256,328350156,114589154.9652
"Bourne supremacy",1156814580,1485068256,328253676,114589154.9652
"Bourne supremacy",1156814580,1157167560,352980,114589154.9652
"Bourne supremacy",1156816200,1485068256,328252056,114589154.9652
"Bourne supremacy",1156816200,1157575860,759660,114589154.9652
"Bourne supremacy",1156819080,1485068256,328249176,114589154.9652
"Bourne supremacy",1156819080,1156888740,69660,114589154.9652
"Bourne supremacy",1156886760,1485068256,328181496,114589154.9652
"Bourne supremacy",1156886760,1157496840,610080,114589154.9652
"Bourne supremacy",1156889520,1485068256,328178736,114589154.9652
"Bourne supremacy",1156892940,1485068256,328175316,114589154.9652
"Bourne supremacy",1156892940,1157055600,162660,114589154.9652
"Bourne supremacy",1156897440,1485068256,328170816,114589154.9652
"Bourne supremacy",1156897440,1157316420,418980,114589154.9652
"Bourne supremacy",1156902900,1485068256,328165356,114589154.9652
"Bourne supremacy",1156966560,1485068256,328101696,114589154.9652
"Bourne supremacy",1156971900,1485068256,328096356,114589154.9652
"Bourne supremacy",1156971900,1157500680,528780,114589154.9652
"Bourne supremacy",1156972620,1485068256,328095636,114589154.9652
"Bourne supremacy",1156972620,1157678400,705780,114589154.9652
"Bourne supremacy",1156982220,1485068256,328086036,114589154.9652
"Bourne supremacy",1156982220,1157610360,628140,114589154.9652
"Bourne supremacy",1157044020,1485068256,328024236,114589154.9652
"Bourne supremacy",1157044020,1160067300,3023280,114589154.9652
"Bourne supremacy",1157044020,1161279960,4235940,114589154.9652
"Bourne supremacy",1157044020,1161360000,4315980,114589154.9652
"Bourne supremacy",1157048880,1485068256,328019376,114589154.9652
"Bourne supremacy",1157048880,1157677320,628440,114589154.9652
"Bourne supremacy",1157051040,1485068256,328017216,114589154.9652
"Bourne supremacy",1157051040,1157510640,459600,114589154.9652
"Bourne supremacy",1157068200,1485068256,328000056,114589154.9652
"Bourne supremacy",1157068200,1157483760,415560,114589154.9652
"Bourne supremacy",1157077140,1485068256,327991116,114589154.9652
"Bourne supremacy",1157079060,1485068256,327989196,114589154.9652
"Bourne supremacy",1157130300,1485068256,327937956,114589154.9652
"Bourne supremacy",1157130300,1157133900,3600,114589154.9652
"Bourne supremacy",1157135040,1485068256,327933216,114589154.9652
"Bourne supremacy",1157135040,1158272640,1137600,114589154.9652
"Bourne supremacy",1157152560,1485068256,327915696,114589154.9652
"Bourne supremacy",1157152560,1157499000,346440,114589154.9652
"Bourne supremacy",1157154540,1485068256,327913716,114589154.9652
"Bourne supremacy",1157157720,1485068256,327910536,114589154.9652
"Bourne supremacy",1157157720,1158633180,1475460,114589154.9652
"Bourne supremacy",1157157720,1158698760,1541040,114589154.9652
"Bourne supremacy",1157221980,1485068256,327846276,114589154.9652
"Bourne supremacy",1157229480,1485068256,327838776,114589154.9652
"Bourne supremacy",1157240400,1485068256,327827856,114589154.9652
"Bourne supremacy",1157240400,1157648160,407760,114589154.9652
"Bourne supremacy",1157241060,1485068256,327827196,114589154.9652
"Bourne supremacy",1157490540,1485068256,327577716,114589154.9652
"Bourne supremacy",1157490540,1158287040,796500,114589154.9652
"Bourne supremacy",1157491200,1485068256,327577056,114589154.9652
"Bourne supremacy",1157501160,1485068256,327567096,114589154.9652
"Bourne supremacy",1157501580,1485068256,327566676,114589154.9652
"Bourne supremacy",1157504220,1485068256,327564036,114589154.9652
"Bourne supremacy",1157504220,1158103500,599280,114589154.9652
"Bourne supremacy",1157562900,1485068256,327505356,114589154.9652
"Bourne supremacy",1157568780,1485068256,327499476,114589154.9652
"Bourne supremacy",1157568780,1157657820,89040,114589154.9652
"Bourne supremacy",1157570820,1485068256,327497436,114589154.9652
"Bourne supremacy",1157575140,1485068256,327493116,114589154.9652
"Bourne supremacy",1157575140,1158113100,537960,114589154.9652
"Bourne supremacy",1157581380,1485068256,327486876,114589154.9652
"Bourne supremacy",1157587380,1485068256,327480876,114589154.9652
"Bourne supremacy",1157587380,1158180540,593160,114589154.9652
"Bourne supremacy",1157591100,1485068256,327477156,114589154.9652
"Bourne supremacy",1157591100,1158629280,1038180,114589154.9652
"Bourne supremacy",1157654160,1485068256,327414096,114589154.9652
"Bourne supremacy",1157660280,1485068256,327407976,114589154.9652
"Bourne supremacy",1157671440,1485068256,327396816,114589154.9652
"Bourne supremacy",1157675940,1485068256,327392316,114589154.9652
"Bourne supremacy",1157675940,1160003820,2327880,114589154.9652
"Bourne supremacy",1157676000,1485068256,327392256,114589154.9652
"Bourne supremacy",1157678400,1485068256,327389856,114589154.9652
"Bourne supremacy",1157682300,1485068256,327385956,114589154.9652
"Bourne supremacy",1157683500,1485068256,327384756,114589154.9652
"Bourne supremacy",1157683500,1158113280,429780,114589154.9652
"Bourne supremacy",1157742720,1158183120,440400,114589154.9652
"Bourne supremacy",1157755500,1158426840,671340,114589154.9652
"Bourne supremacy",1157755860,1158790500,1034640,114589154.9652
"Bourne supremacy",1157756820,1158261540,504720,114589154.9652
"Bourne supremacy",1157823960,1158283440,459480,114589154.9652
"Bourne supremacy",1157826600,1158109920,283320,114589154.9652
"Bourne supremacy",1157829900,1159057800,1227900,114589154.9652
"Bourne supremacy",1157832420,1158449280,616860,114589154.9652
"Bourne supremacy",1157833320,1158108960,275640,114589154.9652
"Bourne supremacy",1157835240,1158618060,782820,114589154.9652
"Bourne supremacy",1157840280,1158453900,613620,114589154.9652
"Bourne supremacy",1157841000,1158449580,608580,114589154.9652
"Bourne supremacy",1158009360,1158792480,783120,114589154.9652
"Bourne supremacy",1158010140,1158274800,264660,114589154.9652
"Bourne supremacy",1158011220,1158362700,351480,114589154.9652
"Bourne supremacy",1158024660,1158870780,846120,114589154.9652
"Bourne supremacy",1158094440,1158347940,253500,114589154.9652
"Bourne supremacy",1158105120,1485068256,326963136,114589154.9652
"Bourne supremacy",1158106140,1485068256,326962116,114589154.9652
"Bourne supremacy",1158106140,1158275160,169020,114589154.9652
"Bourne supremacy",1158169860,1485068256,326898396,114589154.9652
"Bourne supremacy",1158179580,1485068256,326888676,114589154.9652
"Bourne supremacy",1158179580,1158706260,526680,114589154.9652
"Bourne supremacy",1158181680,1485068256,326886576,114589154.9652
"Bourne supremacy",1158185280,1485068256,326882976,114589154.9652
"Bourne supremacy",1158185280,1158699300,514020,114589154.9652
"Bourne supremacy",1158187920,1485068256,326880336,114589154.9652
"Bourne supremacy",1158187920,1158778560,590640,114589154.9652
"Bourne supremacy",1158190080,1485068256,326878176,114589154.9652
"Bourne supremacy",1158190080,1158735180,545100,114589154.9652
"Bourne supremacy",1158190080,1158872760,682680,114589154.9652
"Bourne supremacy",1158196620,1485068256,326871636,114589154.9652
"Bourne supremacy",1158196620,1159843380,1646760,114589154.9652
"Bourne supremacy",1158201000,1485068256,326867256,114589154.9652
"Bourne supremacy",1158201000,1158879960,678960,114589154.9652
"Bourne supremacy",1158261300,1485068256,326806956,114589154.9652
"Bourne supremacy",1158261300,1158782760,521460,114589154.9652
"Bourne supremacy",1158262020,1485068256,326806236,114589154.9652
"Bourne supremacy",1158262020,1158526020,264000,114589154.9652
"Bourne supremacy",1158268320,1485068256,326799936,114589154.9652
"Bourne supremacy",1158280920,1485068256,326787336,114589154.9652
"Bourne supremacy",1158288960,1485068256,326779296,114589154.9652
"Bourne supremacy",1158288960,1158797100,508140,114589154.9652
"Bourne supremacy",1158348180,1485068256,326720076,114589154.9652
"Bourne supremacy",1158353160,1485068256,326715096,114589154.9652
"Bourne supremacy",1158364500,1485068256,326703756,114589154.9652
"Bourne supremacy",1158364500,1160176620,1812120,114589154.9652
"Bourne supremacy",1158427680,1485068256,326640576,114589154.9652
"Bourne supremacy",1158427680,1159042560,614880,114589154.9652
"Bourne supremacy",1158433380,1485068256,326634876,114589154.9652
"Bourne supremacy",1158433380,1158949320,515940,114589154.9652
"Bourne supremacy",1158433380,1159387500,954120,114589154.9652
"Bourne supremacy",1158433620,1485068256,326634636,114589154.9652
"Bourne supremacy",1158433980,1485068256,326634276,114589154.9652
"Bourne supremacy",1158433980,1159311180,877200,114589154.9652
"Bourne supremacy",1158610320,1485068256,326457936,114589154.9652
"Bourne supremacy",1158618060,1485068256,326450196,114589154.9652
"Bourne supremacy",1158618060,1158880920,262860,114589154.9652
"Bourne supremacy",1158624960,1485068256,326443296,114589154.9652
"Bourne supremacy",1158625980,1485068256,326442276,114589154.9652
"Bourne supremacy",1158625980,1159040280,414300,114589154.9652
"Bourne supremacy",1158626580,1485068256,326441676,114589154.9652
"Bourne supremacy",1158626580,1161658140,3031560,114589154.9652
"Bourne supremacy",1158634560,1485068256,326433696,114589154.9652
"Bourne supremacy",1158634560,1159238820,604260,114589154.9652
"Bourne supremacy",1158696840,1485068256,326371416,114589154.9652
"Bourne supremacy",1158696840,1159636860,940020,114589154.9652
"Bourne supremacy",1158696840,1166143980,7447140,114589154.9652
"Bourne supremacy",1158701700,1485068256,326366556,114589154.9652
"Bourne supremacy",1158701700,1159238700,537000,114589154.9652
"Bourne supremacy",1158704940,1485068256,326363316,114589154.9652
"Bourne supremacy",1158704940,1159491600,786660,114589154.9652
"Bourne supremacy",1158776580,1485068256,326291676,114589154.9652
"Bourne supremacy",1158776580,1159377540,600960,114589154.9652
"Bourne supremacy",1158783960,1485068256,326284296,114589154.9652
"Bourne supremacy",1158783960,1158967620,183660,114589154.9652
"Bourne supremacy",1158787380,1485068256,326280876,114589154.9652
"Bourne supremacy",1158788340,1485068256,326279916,114589154.9652
"Bourne supremacy",1158788340,1161299340,2511000,114589154.9652
"Bourne supremacy",1158789900,1485068256,326278356,114589154.9652
"Bourne supremacy",1158789900,1159562280,772380,114589154.9652
"Bourne supremacy",1158791460,1485068256,326276796,114589154.9652
"Bourne supremacy",1158791460,1159482780,691320,114589154.9652
"Bourne supremacy",1158791760,1485068256,326276496,114589154.9652
"Bourne supremacy",1158791760,1159314120,522360,114589154.9652
"Bourne supremacy",1158795240,1485068256,326273016,114589154.9652
"Bourne supremacy",1158795240,1159391760,596520,114589154.9652
"Bourne supremacy",1158796800,1485068256,326271456,114589154.9652
"Bourne supremacy",1158796800,1158882360,85560,114589154.9652
"Bourne supremacy",1158801240,1485068256,326267016,114589154.9652
"Bourne supremacy",1158801360,1485068256,326266896,114589154.9652
"Bourne supremacy",1158801360,1159230300,428940,114589154.9652
"Bourne supremacy",1158802680,1485068256,326265576,114589154.9652
"Bourne supremacy",1158802680,1159322640,519960,114589154.9652
"Bourne supremacy",1158802680,1159424580,621900,114589154.9652
"Bourne supremacy",1158802680,1159556880,754200,114589154.9652
"Bourne supremacy",1158807120,1485068256,326261136,114589154.9652
"Bourne supremacy",1158807120,1158971940,164820,114589154.9652
"Bourne supremacy",1158850620,1485068256,326217636,114589154.9652
"Bourne supremacy",1158850620,1159907340,1056720,114589154.9652
"Bourne supremacy",1158857340,1485068256,326210916,114589154.9652
"Bourne supremacy",1158857340,1161811680,2954340,114589154.9652
"Bourne supremacy",1158857340,1162421400,3564060,114589154.9652
"Bourne supremacy",1158876000,1485068256,326192256,114589154.9652
"Bourne supremacy",1158886380,1485068256,326181876,114589154.9652
"Bourne supremacy",1158886380,1159478700,592320,114589154.9652
"Bourne supremacy",1158892140,1485068256,326176116,114589154.9652
"Bourne supremacy",1158892140,1159492500,600360,114589154.9652
"Bourne supremacy",1158955980,1485068256,326112276,114589154.9652
"Bourne supremacy",1158955980,1160336400,1380420,114589154.9652
"Bourne supremacy",1158963060,1485068256,326105196,114589154.9652
"Bourne supremacy",1158963060,1160426280,1463220,114589154.9652
"Bourne supremacy",1158963600,1485068256,326104656,114589154.9652
"Bourne supremacy",1158971880,1485068256,326096376,114589154.9652
"Bourne supremacy",1158971880,1159322520,350640,114589154.9652
"Bourne supremacy",1159032360,1485068256,326035896,114589154.9652
"Bourne supremacy",1159032360,1159317120,284760,114589154.9652
"Bourne supremacy",1159035120,1485068256,326033136,114589154.9652
"Bourne supremacy",1159045380,1485068256,326022876,114589154.9652
"Bourne supremacy",1159045380,1159651260,605880,114589154.9652
"Bourne supremacy",1159051200,1485068256,326017056,114589154.9652
"Bourne supremacy",1159130580,1485068256,325937676,114589154.9652
"Bourne supremacy",1159130580,1160605140,1474560,114589154.9652
"Bourne supremacy",1159130580,1161025260,1894680,114589154.9652
"Bourne supremacy",1159142460,1485068256,325925796,114589154.9652
"Bourne supremacy",1159217940,1485068256,325850316,114589154.9652
"Bourne supremacy",1159217940,1159313580,95640,114589154.9652
"Bourne supremacy",1159219200,1485068256,325849056,114589154.9652
"Bourne supremacy",1159219200,1159655100,435900,114589154.9652
"Bourne supremacy",1159220940,1485068256,325847316,114589154.9652
"Bourne supremacy",1159220940,1160001060,780120,114589154.9652
"Bourne supremacy",1159221900,1485068256,325846356,114589154.9652
"Bourne supremacy",1159221900,1159387800,165900,114589154.9652
"Bourne supremacy",1159221900,1159975980,754080,114589154.9652
"Bourne supremacy",1159231080,1485068256,325837176,114589154.9652
"Bourne supremacy",1159231080,1162260120,3029040,114589154.9652
"Bourne supremacy",1159237080,1485068256,325831176,114589154.9652
"Bourne supremacy",1159237080,1160785020,1547940,114589154.9652
"Bourne supremacy",1159287780,1485068256,325780476,114589154.9652
"Bourne supremacy",1159287780,1161727020,2439240,114589154.9652
"Bourne supremacy",1159302120,1485068256,325766136,114589154.9652
"Bourne supremacy",1159302120,1159920840,618720,114589154.9652
"Bourne supremacy",1159306800,1485068256,325761456,114589154.9652
"Bourne supremacy",1159306800,1159826100,519300,114589154.9652
"Bourne supremacy",1159308300,1485068256,325759956,114589154.9652
"Bourne supremacy",1159308300,1159734840,426540,114589154.9652
"Bourne supremacy",1159308300,1160774460,1466160,114589154.9652
"Bourne supremacy",1159308900,1485068256,325759356,114589154.9652
"Bourne supremacy",1159308900,1159572960,264060,114589154.9652
"Bourne supremacy",1159314060,1485068256,325754196,114589154.9652
"Bourne supremacy",1159314060,1159401060,87000,114589154.9652
"Bourne supremacy",1159317720,1485068256,325750536,114589154.9652
"Bourne supremacy",1159317720,1162950960,3633240,114589154.9652
"Bourne supremacy",1159324920,1485068256,325743336,114589154.9652
"Bourne supremacy",1159324920,1160012400,687480,114589154.9652
"Bourne supremacy",1159386120,1485068256,325682136,114589154.9652
"Bourne supremacy",1159386120,1160160000,773880,114589154.9652
"Bourne supremacy",1159395600,1485068256,325672656,114589154.9652
"Bourne supremacy",1159401900,1485068256,325666356,114589154.9652
"Bourne supremacy",1159402920,1485068256,325665336,114589154.9652
"Bourne supremacy",1159402920,1159906620,503700,114589154.9652
"Bourne supremacy",1159473900,1485068256,325594356,114589154.9652
"Bourne supremacy",1159473900,1159924860,450960,114589154.9652
"Bourne supremacy",1159489320,1485068256,325578936,114589154.9652
"Bourne supremacy",1159489320,1159999440,510120,114589154.9652
"Bourne supremacy",1159489680,1485068256,325578576,114589154.9652
"Bourne supremacy",1159489680,1160015220,525540,114589154.9652
"Bourne supremacy",1159556100,1485068256,325512156,114589154.9652
"Bourne supremacy",1159556580,1485068256,325511676,114589154.9652
"Bourne supremacy",1159556580,1160782680,1226100,114589154.9652
"Bourne supremacy",1159564140,1485068256,325504116,114589154.9652
"Bourne supremacy",1159567200,1485068256,325501056,114589154.9652
"Bourne supremacy",1159567200,1159819320,252120,114589154.9652
"Bourne supremacy",1159568400,1485068256,325499856,114589154.9652
"Bourne supremacy",1159568400,1160011020,442620,114589154.9652
"Bourne supremacy",1159568700,1485068256,325499556,114589154.9652
"Bourne supremacy",1159568700,1160438940,870240,114589154.9652
"Bourne supremacy",1159572000,1485068256,325496256,114589154.9652
"Bourne supremacy",1159572000,1161798660,2226660,114589154.9652
"Bourne supremacy",1159648140,1485068256,325420116,114589154.9652
"Bourne supremacy",1159648140,1160434560,786420,114589154.9652
"Bourne supremacy",1159656060,1485068256,325412196,114589154.9652
"Bourne supremacy",1159663980,1485068256,325404276,114589154.9652
"Bourne supremacy",1159663980,1160180460,516480,114589154.9652
"Bourne supremacy",1159839360,1485068256,325228896,114589154.9652
"Bourne supremacy",1159839360,1160443500,604140,114589154.9652
"Bourne supremacy",1159907160,1485068256,325161096,114589154.9652
"Bourne supremacy",1159907340,1485068256,325160916,114589154.9652
"Bourne supremacy",1159907340,1162934880,3027540,114589154.9652
"Bourne supremacy",1159910760,1485068256,325157496,114589154.9652
"Bourne supremacy",1159910760,1160705400,794640,114589154.9652
"Bourne supremacy",1159911360,1485068256,325156896,114589154.9652
"Bourne supremacy",1159917600,1485068256,325150656,114589154.9652
"Bourne supremacy",1159919700,1485068256,325148556,114589154.9652
"Bourne supremacy",1159928100,1485068256,325140156,114589154.9652
"Bourne supremacy",1159930560,1485068256,325137696,114589154.9652
"Bourne supremacy",1159930560,1160527860,597300,114589154.9652
"Bourne supremacy",1159930620,1485068256,325137636,114589154.9652
"Bourne supremacy",1159992120,1485068256,325076136,114589154.9652
"Bourne supremacy",1159992120,1160439540,447420,114589154.9652
"Bourne supremacy",1160004300,1485068256,325063956,114589154.9652
"Bourne supremacy",1160004300,1160694240,689940,114589154.9652
"Bourne supremacy",1160005200,1485068256,325063056,114589154.9652
"Bourne supremacy",1160005200,1160082960,77760,114589154.9652
"Bourne supremacy",1160005320,1485068256,325062936,114589154.9652
"Bourne supremacy",1160005320,1160428920,423600,114589154.9652
"Bourne supremacy",1160005320,1164416640,4411320,114589154.9652
"Bourne supremacy",1160005980,1485068256,325062276,114589154.9652
"Bourne supremacy",1160005980,1160617620,611640,114589154.9652
"Bourne supremacy",1160010060,1485068256,325058196,114589154.9652
"Bourne supremacy",1160010060,1161043380,1033320,114589154.9652
"Bourne supremacy",1160013240,1485068256,325055016,114589154.9652
"Bourne supremacy",1160013240,1160603160,589920,114589154.9652
"Bourne supremacy",1160013240,1161021060,1007820,114589154.9652
"Bourne supremacy",1160013480,1485068256,325054776,114589154.9652
"Bourne supremacy",1160013480,1162433940,2420460,114589154.9652
"Bourne supremacy",1160014200,1485068256,325054056,114589154.9652
"Bourne supremacy",1160014200,1160864760,850560,114589154.9652
"Bourne supremacy",1160016000,1485068256,325052256,114589154.9652
"Bourne supremacy",1160016000,1160093640,77640,114589154.9652
"Bourne supremacy",1160016480,1485068256,325051776,114589154.9652
"Bourne supremacy",1160016480,1160616000,599520,114589154.9652
"Bourne supremacy",1160084280,1485068256,324983976,114589154.9652
"Bourne supremacy",1160093400,1485068256,324974856,114589154.9652
"Bourne supremacy",1160093400,1160780460,687060,114589154.9652
"Bourne supremacy",1160093640,1485068256,324974616,114589154.9652
"Bourne supremacy",1160093640,1161134100,1040460,114589154.9652
"Bourne supremacy",1160161620,1485068256,324906636,114589154.9652
"Bourne supremacy",1160161620,1160521560,359940,114589154.9652
"Bourne supremacy",1160172540,1485068256,324895716,114589154.9652
"Bourne supremacy",1160172540,1161702120,1529580,114589154.9652
"Bourne supremacy",1160174460,1485068256,324893796,114589154.9652
"Bourne supremacy",1160174460,1160611920,437460,114589154.9652
"Bourne supremacy",1160177520,1485068256,324890736,114589154.9652
"Bourne supremacy",1160177520,1160605800,428280,114589154.9652
"Bourne supremacy",1160334780,1485068256,324733476,114589154.9652
"Bourne supremacy",1160334780,1160871120,536340,114589154.9652
"Bourne supremacy",1160351520,1485068256,324716736,114589154.9652
"Bourne supremacy",1160436480,1485068256,324631776,114589154.9652
"Bourne supremacy",1160436480,1161046020,609540,114589154.9652
"Bourne supremacy",1160445420,1162064160,1618740,114589154.9652
"Bourne supremacy",1160445420,1162312980,1867560,114589154.9652
"Bourne supremacy",1160447640,1485068256,324620616,114589154.9652
"Bourne supremacy",1160511720,1485068256,324556536,114589154.9652
"Bourne supremacy",1160511720,1161134100,622380,114589154.9652
"Bourne supremacy",1160512440,1485068256,324555816,114589154.9652
"Bourne supremacy",1160514660,1485068256,324553596,114589154.9652
"Bourne supremacy",1160515080,1485068256,324553176,114589154.9652
"Bourne supremacy",1160517300,1485068256,324550956,114589154.9652
"Bourne supremacy",1160517300,1161277920,760620,114589154.9652
"Bourne supremacy",1160524380,1485068256,324543876,114589154.9652
"Bourne supremacy",1160529480,1485068256,324538776,114589154.9652
"Bourne supremacy",1160529480,1161048360,518880,114589154.9652
"Bourne supremacy",1160530380,1485068256,324537876,114589154.9652
"Bourne supremacy",1160530380,1485068256,324537876,114589154.9652
"Bourne supremacy",1160530380,1160774280,243900,114589154.9652
"Bourne supremacy",1160530380,1160949900,419520,114589154.9652
"Bourne supremacy",1160587980,1485068256,324480276,114589154.9652
"Bourne supremacy",1160598240,1485068256,324470016,114589154.9652
"Bourne supremacy",1160598240,1161810420,1212180,114589154.9652
"Bourne supremacy",1160598240,1161976980,1378740,114589154.9652
"Bourne supremacy",1160599080,1485068256,324469176,114589154.9652
"Bourne supremacy",1160599080,1162434000,1834920,114589154.9652
"Bourne supremacy",1160612340,1485068256,324455916,114589154.9652
"Bourne supremacy",1160612340,1161743040,1130700,114589154.9652
"Bourne supremacy",1160613780,1485068256,324454476,114589154.9652
"Bourne supremacy",1160613780,1160856780,243000,114589154.9652
"Bourne supremacy",1160683320,1485068256,324384936,114589154.9652
"Bourne supremacy",1160683320,1162414680,1731360,114589154.9652
"Bourne supremacy",1160684040,1485068256,324384216,114589154.9652
"Bourne supremacy",1160684040,1161633180,949140,114589154.9652
"Bourne supremacy",1160772060,1485068256,324296196,114589154.9652
"Bourne supremacy",1160772060,1161830040,1057980,114589154.9652
"Bourne supremacy",1160776980,1485068256,324291276,114589154.9652
"Bourne supremacy",1160776980,1161743280,966300,114589154.9652
"Bourne supremacy",1160778540,1485068256,324289716,114589154.9652
"Bourne supremacy",1160778540,1162597620,1819080,114589154.9652
"Bourne supremacy",1160778540,1164958020,4179480,114589154.9652
"Bourne supremacy",1160778540,1165267680,4489140,114589154.9652
"Bourne supremacy",1160782620,1485068256,324285636,114589154.9652
"Bourne supremacy",1160782620,1161039360,256740,114589154.9652
"Bourne supremacy",1160782620,1161193500,410880,114589154.9652
"Bourne supremacy",1160783220,1160783400,180,114589154.9652
"Bourne supremacy",1160783340,1485068256,324284916,114589154.9652
"Bourne supremacy",1160783520,1485068256,324284736,114589154.9652
"Bourne supremacy",1160783520,1161219600,436080,114589154.9652
"Bourne supremacy",1160784000,1485068256,324284256,114589154.9652
"Bourne supremacy",1160784000,1162838640,2054640,114589154.9652
"Bourne supremacy",1160849040,1485068256,324219216,114589154.9652
"Bourne supremacy",1160849040,1161130200,281160,114589154.9652
"Bourne supremacy",1160854740,1485068256,324213516,114589154.9652
"Bourne supremacy",1160854740,1162078080,1223340,114589154.9652
"Bourne supremacy",1160854740,1162427580,1572840,114589154.9652
"Bourne supremacy",1160860380,1485068256,324207876,114589154.9652
"Bourne supremacy",1160860380,1161475620,615240,114589154.9652
"Bourne supremacy",1160861580,1485068256,324206676,114589154.9652
"Bourne supremacy",1160869140,1485068256,324199116,114589154.9652
"Bourne supremacy",1160941080,1485068256,324127176,114589154.9652
"Bourne supremacy",1160941080,1163042220,2101140,114589154.9652
"Bourne supremacy",1160955480,1485068256,324112776,114589154.9652
"Bourne supremacy",1160955480,1161278160,322680,114589154.9652
"Bourne supremacy",1161034740,1485068256,324033516,114589154.9652
"Bourne supremacy",1161034740,1162424460,1389720,114589154.9652
"Bourne supremacy",1161038640,1485068256,324029616,114589154.9652
"Bourne supremacy",1161038640,1162576860,1538220,114589154.9652
"Bourne supremacy",1161044040,1485068256,324024216,114589154.9652
"Bourne supremacy",1161044040,1161652200,608160,114589154.9652
"Bourne supremacy",1161047040,1485068256,324021216,114589154.9652
"Bourne supremacy",1161047040,1161469260,422220,114589154.9652
"Bourne supremacy",1161051600,1485068256,324016656,114589154.9652
"Bourne supremacy",1161051600,1161649980,598380,114589154.9652
"Bourne supremacy",1161118860,1485068256,323949396,114589154.9652
"Bourne supremacy",1161118860,1162773120,1654260,114589154.9652
"Bourne supremacy",1161119580,1485068256,323948676,114589154.9652
"Bourne supremacy",1161119580,1161733500,613920,114589154.9652
"Bourne supremacy",1161126720,1485068256,323941536,114589154.9652
"Bourne supremacy",1161130980,1485068256,323937276,114589154.9652
"Bourne supremacy",1161130980,1161220020,89040,114589154.9652
"Bourne supremacy",1161198060,1485068256,323870196,114589154.9652
"Bourne supremacy",1161199560,1485068256,323868696,114589154.9652
"Bourne supremacy",1161199560,1161810960,611400,114589154.9652
"Bourne supremacy",1161199560,1161979620,780060,114589154.9652
"Bourne supremacy",1161207420,1485068256,323860836,114589154.9652
"Bourne supremacy",1161207420,1161558900,351480,114589154.9652
"Bourne supremacy",1161207420,1161725520,518100,114589154.9652
"Bourne supremacy",1161208980,1485068256,323859276,114589154.9652
"Bourne supremacy",1161208980,1161663960,454980,114589154.9652
"Bourne supremacy",1161212040,1485068256,323856216,114589154.9652
"Bourne supremacy",1161284100,1485068256,323784156,114589154.9652
"Bourne supremacy",1161288960,1485068256,323779296,114589154.9652
"Bourne supremacy",1161288960,1161980460,691500,114589154.9652
"Bourne supremacy",1161292860,1485068256,323775396,114589154.9652
"Bourne supremacy",1161293340,1485068256,323774916,114589154.9652
"Bourne supremacy",1161293340,1162061460,768120,114589154.9652
"Bourne supremacy",1161303480,1485068256,323764776,114589154.9652
"Bourne supremacy",1161360720,1485068256,323707536,114589154.9652
"Bourne supremacy",1161374400,1485068256,323693856,114589154.9652
"Bourne supremacy",1161374400,1161817440,443040,114589154.9652
"Bourne supremacy",1161374400,1162242360,867960,114589154.9652
"Bourne supremacy",1161380220,1485068256,323688036,114589154.9652
"Bourne supremacy",1161380220,1162066920,686700,114589154.9652
"Bourne supremacy",1161384300,1485068256,323683956,114589154.9652
"Bourne supremacy",1161467700,1485068256,323600556,114589154.9652
"Bourne supremacy",1161467700,1161734040,266340,114589154.9652
"Bourne supremacy",1161476700,1485068256,323591556,114589154.9652
"Bourne supremacy",1161476700,1161824040,347340,114589154.9652
"Bourne supremacy",1161478080,1485068256,323590176,114589154.9652
"Bourne supremacy",1161561180,1485068256,323507076,114589154.9652
"Bourne supremacy",1161561180,1162075140,513960,114589154.9652
"Bourne supremacy",1161627780,1485068256,323440476,114589154.9652
"Bourne supremacy",1161627780,1164648480,3020700,114589154.9652
"Bourne supremacy",1161638040,1164666240,3028200,114589154.9652
"Bourne supremacy",1161735360,1485068256,323332896,114589154.9652
"Bourne supremacy",1161735360,1162263600,528240,114589154.9652
"Bourne supremacy",1161739800,1485068256,323328456,114589154.9652
"Bourne supremacy",1161741240,1485068256,323327016,114589154.9652
"Bourne supremacy",1161791160,1485068256,323277096,114589154.9652
"Bourne supremacy",1161791160,1167264600,5473440,114589154.9652
"Bourne supremacy",1161803940,1485068256,323264316,114589154.9652
"Bourne supremacy",1161803940,1163461980,1658040,114589154.9652
"Bourne supremacy",1161811680,1485068256,323256576,114589154.9652
"Bourne supremacy",1161815220,1485068256,323253036,114589154.9652
"Bourne supremacy",1161815220,1164932520,3117300,114589154.9652
"Bourne supremacy",1161819240,1485068256,323249016,114589154.9652
"Bourne supremacy",1161819240,1161913200,93960,114589154.9652
"Bourne supremacy",1161819240,1162066440,247200,114589154.9652
"Bourne supremacy",1161819240,1162335480,516240,114589154.9652
"Bourne supremacy",1161822780,1485068256,323245476,114589154.9652
"Bourne supremacy",1161822780,1162578720,755940,114589154.9652
"Bourne supremacy",1161822780,1163106780,1284000,114589154.9652
"Bourne supremacy",1161822780,1163184840,1362060,114589154.9652
"Bourne supremacy",1161905820,1485068256,323162436,114589154.9652
"Bourne supremacy",1161910200,1485068256,323158056,114589154.9652
"Bourne supremacy",1161965520,1164404460,2438940,114589154.9652
"Bourne supremacy",1161979560,1485068256,323088696,114589154.9652
"Bourne supremacy",1161995520,1485068256,323072736,114589154.9652
"Bourne supremacy",1161995880,1485068256,323072376,114589154.9652
"Bourne supremacy",1162072260,1485068256,322995996,114589154.9652
"Bourne supremacy",1162072260,1162857960,785700,114589154.9652
"Bourne supremacy",1162072680,1485068256,322995576,114589154.9652
"Bourne supremacy",1162072680,1162855560,782880,114589154.9652
"Bourne supremacy",1162072680,1162932600,859920,114589154.9652
"Bourne supremacy",1162073640,1485068256,322994616,114589154.9652
"Bourne supremacy",1162073640,1162336800,263160,114589154.9652
"Bourne supremacy",1162156140,1485068256,322912116,114589154.9652
"Bourne supremacy",1162156140,1163101740,945600,114589154.9652
"Bourne supremacy",1162242900,1485068256,322825356,114589154.9652
"Bourne supremacy",1162242900,1162433220,190320,114589154.9652
"Bourne supremacy",1162247340,1485068256,322820916,114589154.9652
"Bourne supremacy",1162247340,1162666980,419640,114589154.9652
"Bourne supremacy",1162251540,1485068256,322816716,114589154.9652
"Bourne supremacy",1162251540,1163012580,761040,114589154.9652
"Bourne supremacy",1162255380,1485068256,322812876,114589154.9652
"Bourne supremacy",1162255380,1164165060,1909680,114589154.9652
"Bourne supremacy",1162257300,1485068256,322810956,114589154.9652
"Bourne supremacy",1162257300,1162865820,608520,114589154.9652
"Bourne supremacy",1162257660,1485068256,322810596,114589154.9652
"Bourne supremacy",1162257660,1165022520,2764860,114589154.9652
"Bourne supremacy",1162258200,1485068256,322810056,114589154.9652
"Bourne supremacy",1162258200,1163040840,782640,114589154.9652
"Bourne supremacy",1162261440,1485068256,322806816,114589154.9652
"Bourne supremacy",1162261440,1162423080,161640,114589154.9652
"Bourne supremacy",1162351080,1485068256,322717176,114589154.9652
"Bourne supremacy",1162352400,1485068256,322715856,114589154.9652
"Bourne supremacy",1162401780,1165458600,3056820,114589154.9652
"Bourne supremacy",1162406100,1485068256,322662156,114589154.9652
"Bourne supremacy",1162406100,1162861020,454920,114589154.9652
"Bourne supremacy",1162412820,1485068256,322655436,114589154.9652
"Bourne supremacy",1162412820,1162587660,174840,114589154.9652
"Bourne supremacy",1162414440,1485068256,322653816,114589154.9652
"Bourne supremacy",1162414440,1162586520,172080,114589154.9652
"Bourne supremacy",1162418700,1485068256,322649556,114589154.9652
"Bourne supremacy",1162418700,1163468880,1050180,114589154.9652
"Bourne supremacy",1162420740,1162420740,0,114589154.9652
"Bourne supremacy",1162423200,1485068256,322645056,114589154.9652
"Bourne supremacy",1162423200,1163634780,1211580,114589154.9652
"Bourne supremacy",1162427760,1485068256,322640496,114589154.9652
"Bourne supremacy",1162427760,1162860540,432780,114589154.9652
"Bourne supremacy",1162427820,1485068256,322640436,114589154.9652
"Bourne supremacy",1162427820,1164766740,2338920,114589154.9652
"Bourne supremacy",1162432860,1485068256,322635396,114589154.9652
"Bourne supremacy",1162432860,1163982360,1549500,114589154.9652
"Bourne supremacy",1162579860,1485068256,322488396,114589154.9652
"Bourne supremacy",1162592940,1485068256,322475316,114589154.9652
"Bourne supremacy",1162592940,1164241680,1648740,114589154.9652
"Bourne supremacy",1162605180,1485068256,322463076,114589154.9652
"Bourne supremacy",1162605180,1162953720,348540,114589154.9652
"Bourne supremacy",1162609080,1485068256,322459176,114589154.9652
"Bourne supremacy",1162609080,1165007880,2398800,114589154.9652
"Bourne supremacy",1162609080,1166120940,3511860,114589154.9652
"Bourne supremacy",1162673160,1485068256,322395096,114589154.9652
"Bourne supremacy",1162673160,1163202300,529140,114589154.9652
"Bourne supremacy",1162679220,1485068256,322389036,114589154.9652
"Bourne supremacy",1162683420,1485068256,322384836,114589154.9652
"Bourne supremacy",1162691700,1485068256,322376556,114589154.9652
"Bourne supremacy",1162762020,1485068256,322306236,114589154.9652
"Bourne supremacy",1162762020,1163465520,703500,114589154.9652
"Bourne supremacy",1162932480,1485068256,322135776,114589154.9652
"Bourne supremacy",1162932480,1163210640,278160,114589154.9652
"Bourne supremacy",1162932480,1163542560,610080,114589154.9652
"Bourne supremacy",1162932480,1163642100,709620,114589154.9652
"Bourne supremacy",1162934640,1485068256,322133616,114589154.9652
"Bourne supremacy",1162938540,1485068256,322129716,114589154.9652
"Bourne supremacy",1162942620,1485068256,322125636,114589154.9652
"Bourne supremacy",1162943280,1485068256,322124976,114589154.9652
"Bourne supremacy",1162944420,1485068256,322123836,114589154.9652
"Bourne supremacy",1162945260,1485068256,322122996,114589154.9652
"Bourne supremacy",1162949460,1485068256,322118796,114589154.9652
"Bourne supremacy",1162949460,1163204280,254820,114589154.9652
"Bourne supremacy",1163020740,1485068256,322047516,114589154.9652
"Bourne supremacy",1163020740,1163456160,435420,114589154.9652
"Bourne supremacy",1163027640,1485068256,322040616,114589154.9652
"Bourne supremacy",1163042760,1485068256,322025496,114589154.9652
"Bourne supremacy",1163043660,1485068256,322024596,114589154.9652
"Bourne supremacy",1163109540,1164662520,1552980,114589154.9652
"Bourne supremacy",1163109540,1165275300,2165760,114589154.9652
"Bourne supremacy",1163123940,1485068256,321944316,114589154.9652
"Bourne supremacy",1163128140,1485068256,321940116,114589154.9652
"Bourne supremacy",1163190720,1485068256,321877536,114589154.9652
"Bourne supremacy",1163190720,1163465160,274440,114589154.9652
"Bourne supremacy",1163190720,1163726100,535380,114589154.9652
"Bourne supremacy",1163194440,1485068256,321873816,114589154.9652
"Bourne supremacy",1163194440,1164403200,1208760,114589154.9652
"Bourne supremacy",1163363700,1485068256,321704556,114589154.9652
"Bourne supremacy",1163363700,1164396540,1032840,114589154.9652
"Bourne supremacy",1163366460,1485068256,321701796,114589154.9652
"Bourne supremacy",1163366460,1163895900,529440,114589154.9652
"Bourne supremacy",1163366460,1164437940,1071480,114589154.9652
"Bourne supremacy",1163366460,1164662820,1296360,114589154.9652
"Bourne supremacy",1163370780,1485068256,321697476,114589154.9652
"Bourne supremacy",1163370780,1163702880,332100,114589154.9652
"Bourne supremacy",1163371080,1485068256,321697176,114589154.9652
"Bourne supremacy",1163371080,1164404280,1033200,114589154.9652
"Bourne supremacy",1163371080,1164756600,1385520,114589154.9652
"Bourne supremacy",1163371080,1164832320,1461240,114589154.9652
"Bourne supremacy",1163371080,1165005900,1634820,114589154.9652
"Bourne supremacy",1163372280,1485068256,321695976,114589154.9652
"Bourne supremacy",1163372280,1164412080,1039800,114589154.9652
"Bourne supremacy",1163457300,1485068256,321610956,114589154.9652
"Bourne supremacy",1163457960,1485068256,321610296,114589154.9652
"Bourne supremacy",1163457960,1163713860,255900,114589154.9652
"Bourne supremacy",1163460360,1485068256,321607896,114589154.9652
"Bourne supremacy",1163460360,1165004520,1544160,114589154.9652
"Bourne supremacy",1163463540,1485068256,321604716,114589154.9652
"Bourne supremacy",1163463540,1164607440,1143900,114589154.9652
"Bourne supremacy",1163463840,1485068256,321604416,114589154.9652
"Bourne supremacy",1163463840,1164668520,1204680,114589154.9652
"Bourne supremacy",1163464320,1485068256,321603936,114589154.9652
"Bourne supremacy",1163464500,1485068256,321603756,114589154.9652
"Bourne supremacy",1163472000,1485068256,321596256,114589154.9652
"Bourne supremacy",1163527860,1485068256,321540396,114589154.9652
"Bourne supremacy",1163527860,1165968900,2441040,114589154.9652
"Bourne supremacy",1163542560,1485068256,321525696,114589154.9652
"Bourne supremacy",1163542560,1164154440,611880,114589154.9652
"Bourne supremacy",1163547660,1485068256,321520596,114589154.9652
"Bourne supremacy",1163549580,1485068256,321518676,114589154.9652
"Bourne supremacy",1163549580,1164151680,602100,114589154.9652
"Bourne supremacy",1163554440,1485068256,321513816,114589154.9652
"Bourne supremacy",1163554440,1165288200,1733760,114589154.9652
"Bourne supremacy",1163554920,1485068256,321513336,114589154.9652
"Bourne supremacy",1163554920,1164243720,688800,114589154.9652
"Bourne supremacy",1163560320,1485068256,321507936,114589154.9652
"Bourne supremacy",1163560320,1166122440,2562120,114589154.9652
"Bourne supremacy",1163617200,1485068256,321451056,114589154.9652
"Bourne supremacy",1163617200,1166745720,3128520,114589154.9652
"Bourne supremacy",1163623740,1485068256,321444516,114589154.9652
"Bourne supremacy",1163623740,1163795880,172140,114589154.9652
"Bourne supremacy",1163632140,1485068256,321436116,114589154.9652
"Bourne supremacy",1163646540,1485068256,321421716,114589154.9652
"Bourne supremacy",1163646540,1164070980,424440,114589154.9652
"Bourne supremacy",1163646540,1164156360,509820,114589154.9652
"Bourne supremacy",1163646540,1164234000,587460,114589154.9652
"Bourne supremacy",1163711640,1485068256,321356616,114589154.9652
"Bourne supremacy",1163717820,1485068256,321350436,114589154.9652
"Bourne supremacy",1163717820,1163879400,161580,114589154.9652
"Bourne supremacy",1163734800,1485068256,321333456,114589154.9652
"Bourne supremacy",1163734800,1164250200,515400,114589154.9652
"Bourne supremacy",1163788680,1485068256,321279576,114589154.9652
"Bourne supremacy",1163790060,1485068256,321278196,114589154.9652
"Bourne supremacy",1163790060,1166215320,2425260,114589154.9652
"Bourne supremacy",1163790060,1166488620,2698560,114589154.9652
"Bourne supremacy",1163799840,1485068256,321268416,114589154.9652
"Bourne supremacy",1163880300,1485068256,321187956,114589154.9652
"Bourne supremacy",1163880300,1164918360,1038060,114589154.9652
"Bourne supremacy",1163880300,1165211760,1331460,114589154.9652
"Bourne supremacy",1163880300,1165260960,1380660,114589154.9652
"Bourne supremacy",1163883180,1485068256,321185076,114589154.9652
"Bourne supremacy",1163885760,1485068256,321182496,114589154.9652
"Bourne supremacy",1163885760,1165375500,1489740,114589154.9652
"Bourne supremacy",1163889720,1485068256,321178536,114589154.9652
"Bourne supremacy",1163889720,1165091640,1201920,114589154.9652
"Bourne supremacy",1163891100,1485068256,321177156,114589154.9652
"Bourne supremacy",1163891100,1164680520,789420,114589154.9652
"Bourne supremacy",1164038520,1485068256,321029736,114589154.9652
"Bourne supremacy",1164038520,1166480040,2441520,114589154.9652
"Bourne supremacy",1164057720,1485068256,321010536,114589154.9652
"Bourne supremacy",1164067920,1485068256,321000336,114589154.9652
"Bourne supremacy",1164067920,1164406320,338400,114589154.9652
"Bourne supremacy",1164073920,1485068256,320994336,114589154.9652
"Bourne supremacy",1164073920,1164418980,345060,114589154.9652
"Bourne supremacy",1164080100,1485068256,320988156,114589154.9652
"Bourne supremacy",1164152940,1485068256,320915316,114589154.9652
"Bourne supremacy",1164152940,1165375740,1222800,114589154.9652
"Bourne supremacy",1164166140,1485068256,320902116,114589154.9652
"Bourne supremacy",1164166140,1166122620,1956480,114589154.9652
"Bourne supremacy",1164222540,1485068256,320845716,114589154.9652
"Bourne supremacy",1164238380,1485068256,320829876,114589154.9652
"Bourne supremacy",1164238380,1164397500,159120,114589154.9652
"Bourne supremacy",1164241140,1485068256,320827116,114589154.9652
"Bourne supremacy",1164251520,1485068256,320816736,114589154.9652
"Bourne supremacy",1164251520,1164826560,575040,114589154.9652
"Bourne supremacy",1164394560,1485068256,320673696,114589154.9652
"Bourne supremacy",1164402900,1485068256,320665356,114589154.9652
"Bourne supremacy",1164409200,1485068256,320659056,114589154.9652
"Bourne supremacy",1164409200,1165003560,594360,114589154.9652
"Bourne supremacy",1164477420,1485068256,320590836,114589154.9652
"Bourne supremacy",1164477420,1165969560,1492140,114589154.9652
"Bourne supremacy",1164485460,1485068256,320582796,114589154.9652
"Bourne supremacy",1164488460,1485068256,320579796,114589154.9652
"Bourne supremacy",1164488460,1169193600,4705140,114589154.9652
"Bourne supremacy",1164492480,1485068256,320575776,114589154.9652
"Bourne supremacy",1164492480,1168306200,3813720,114589154.9652
"Bourne supremacy",1164573600,1485068256,320494656,114589154.9652
"Bourne supremacy",1164574080,1485068256,320494176,114589154.9652
"Bourne supremacy",1164588420,1164588480,60,114589154.9652
"Bourne supremacy",1164671400,1485068256,320396856,114589154.9652
"Bourne supremacy",1164747960,1485068256,320320296,114589154.9652
"Bourne supremacy",1164747960,1167266040,2518080,114589154.9652
"Bourne supremacy",1164747960,1167340380,2592420,114589154.9652
"Bourne supremacy",1164749700,1485068256,320318556,114589154.9652
"Bourne supremacy",1164749700,1166127780,1378080,114589154.9652
"Bourne supremacy",1164749880,1485068256,320318376,114589154.9652
"Bourne supremacy",1164749880,1166571540,1821660,114589154.9652
"Bourne supremacy",1164765780,1485068256,320302476,114589154.9652
"Bourne supremacy",1164765780,1164939420,173640,114589154.9652
"Bourne supremacy",1164766320,1485068256,320301936,114589154.9652
"Bourne supremacy",1164766320,1165960140,1193820,114589154.9652
"Bourne supremacy",1164832740,1485068256,320235516,114589154.9652
"Bourne supremacy",1164832740,1165791960,959220,114589154.9652
"Bourne supremacy",1164840660,1485068256,320227596,114589154.9652
"Bourne supremacy",1164840660,1165627200,786540,114589154.9652
"Bourne supremacy",1164909900,1485068256,320158356,114589154.9652
"Bourne supremacy",1164909900,1166139360,1229460,114589154.9652
"Bourne supremacy",1164928200,1485068256,320140056,114589154.9652
"Bourne supremacy",1164928200,1167341820,2413620,114589154.9652
"Bourne supremacy",1164928200,1168201980,3273780,114589154.9652
"Bourne supremacy",1164928200,1168301700,3373500,114589154.9652
"Bourne supremacy",1164936540,1485068256,320131716,114589154.9652
"Bourne supremacy",1164936540,1166151960,1215420,114589154.9652
"Bourne supremacy",1165013340,1485068256,320054916,114589154.9652
"Bourne supremacy",1165013340,1166835720,1822380,114589154.9652
"Bourne supremacy",1165017240,1485068256,320051016,114589154.9652
"Bourne supremacy",1165017240,1166128080,1110840,114589154.9652
"Bourne supremacy",1165019400,1485068256,320048856,114589154.9652
"Bourne supremacy",1165021920,1485068256,320046336,114589154.9652
"Bourne supremacy",1165021920,1165967580,945660,114589154.9652
"Bourne supremacy",1165022820,1485068256,320045436,114589154.9652
"Bourne supremacy",1165022820,1165612320,589500,114589154.9652
"Bourne supremacy",1165086480,1485068256,319981776,114589154.9652
"Bourne supremacy",1165086480,1165368840,282360,114589154.9652
"Bourne supremacy",1165086480,1165605960,519480,114589154.9652
"Bourne supremacy",1165089720,1485068256,319978536,114589154.9652
"Bourne supremacy",1165089720,1165373220,283500,114589154.9652
"Bourne supremacy",1165093620,1485068256,319974636,114589154.9652
"Bourne supremacy",1165259220,1485068256,319809036,114589154.9652
"Bourne supremacy",1165272000,1485068256,319796256,114589154.9652
"Bourne supremacy",1165280160,1485068256,319788096,114589154.9652
"Bourne supremacy",1165280160,1165518660,238500,114589154.9652
"Bourne supremacy",1165288920,1485068256,319779336,114589154.9652
"Bourne supremacy",1165353540,1485068256,319714716,114589154.9652
"Bourne supremacy",1165353540,1165959660,606120,114589154.9652
"Bourne supremacy",1165353540,1166142360,788820,114589154.9652
"Bourne supremacy",1165365600,1485068256,319702656,114589154.9652
"Bourne supremacy",1165365600,1165798020,432420,114589154.9652
"Bourne supremacy",1165439640,1485068256,319628616,114589154.9652
"Bourne supremacy",1165446780,1485068256,319621476,114589154.9652
"Bourne supremacy",1165446780,1166152860,706080,114589154.9652
"Bourne supremacy",1165452540,1485068256,319615716,114589154.9652
"Bourne supremacy",1165452540,1166145420,692880,114589154.9652
"Bourne supremacy",1165452540,1166413140,960600,114589154.9652
"Bourne supremacy",1165452540,1166559300,1106760,114589154.9652
"Bourne supremacy",1165513980,1485068256,319554276,114589154.9652
"Bourne supremacy",1165517040,1485068256,319551216,114589154.9652
"Bourne supremacy",1165518420,1167934020,2415600,114589154.9652
"Bourne supremacy",1165533780,1485068256,319534476,114589154.9652
"Bourne supremacy",1165533780,1166664000,1130220,114589154.9652
"Bourne supremacy",1165538280,1485068256,319529976,114589154.9652
"Bourne supremacy",1165538280,1165884960,346680,114589154.9652
"Bourne supremacy",1165547340,1485068256,319520916,114589154.9652
"Bourne supremacy",1165547340,1166835360,1288020,114589154.9652
"Bourne supremacy",1165608240,1485068256,319460016,114589154.9652
"Bourne supremacy",1165608240,1167171000,1562760,114589154.9652
"Bourne supremacy",1165608240,1167378600,1770360,114589154.9652
"Bourne supremacy",1165608240,1167440700,1832460,114589154.9652
"Bourne supremacy",1165608240,1173217560,7609320,114589154.9652
"Bourne supremacy",1165608240,1173297900,7689660,114589154.9652
"Bourne supremacy",1165616400,1485068256,319451856,114589154.9652
"Bourne supremacy",1165616400,1166493060,876660,114589154.9652
"Bourne supremacy",1165616400,1166579880,963480,114589154.9652
"Bourne supremacy",1165617240,1485068256,319451016,114589154.9652
"Bourne supremacy",1165617240,1166758920,1141680,114589154.9652
"Bourne supremacy",1165621080,1485068256,319447176,114589154.9652
"Bourne supremacy",1165621080,1166125800,504720,114589154.9652
"Bourne supremacy",1165621080,1166222280,601200,114589154.9652
"Bourne supremacy",1165621560,1485068256,319446696,114589154.9652
"Bourne supremacy",1165621560,1167347160,1725600,114589154.9652
"Bourne supremacy",1165693680,1485068256,319374576,114589154.9652
"Bourne supremacy",1165693680,1166489520,795840,114589154.9652
"Bourne supremacy",1165693680,1166820180,1126500,114589154.9652
"Bourne supremacy",1165693680,1167176100,1482420,114589154.9652
"Bourne supremacy",1165874940,1485068256,319193316,114589154.9652
"Bourne supremacy",1165875240,1485068256,319193016,114589154.9652
"Bourne supremacy",1165880040,1485068256,319188216,114589154.9652
"Bourne supremacy",1165880040,1168215060,2335020,114589154.9652
"Bourne supremacy",1166138460,1485068256,318929796,114589154.9652
"Bourne supremacy",1166138460,1168041780,1903320,114589154.9652
"Bourne supremacy",1166140380,1485068256,318927876,114589154.9652
"Bourne supremacy",1166140380,1167357780,1217400,114589154.9652
"Bourne supremacy",1166168040,1485068256,318900216,114589154.9652
"Bourne supremacy",1166168040,1166741280,573240,114589154.9652
"Bourne supremacy",1166232420,1167439080,1206660,114589154.9652
"Bourne supremacy",1166232420,1169186460,2954040,114589154.9652
"Bourne supremacy",1166232420,1169240400,3007980,114589154.9652
"Bourne supremacy",1166303580,1175714100,9410520,114589154.9652
"Bourne supremacy",1166398680,1485068256,318669576,114589154.9652
"Bourne supremacy",1166398680,1166911380,512700,114589154.9652
"Bourne supremacy",1166473440,1485068256,318594816,114589154.9652
"Bourne supremacy",1166473440,1167425100,951660,114589154.9652
"Bourne supremacy",1166476380,1485068256,318591876,114589154.9652
"Bourne supremacy",1166478060,1485068256,318590196,114589154.9652
"Bourne supremacy",1166478360,1485068256,318589896,114589154.9652
"Bourne supremacy",1166479020,1167249180,770160,114589154.9652
"Bourne supremacy",1166567100,1485068256,318501156,114589154.9652
"Bourne supremacy",1166567100,1168987320,2420220,114589154.9652
"Bourne supremacy",1166567880,1485068256,318500376,114589154.9652
"Bourne supremacy",1166567880,1167178500,610620,114589154.9652
"Bourne supremacy",1166583060,1485068256,318485196,114589154.9652
"Bourne supremacy",1166583060,1166813160,230100,114589154.9652
"Bourne supremacy",1166587080,1485068256,318481176,114589154.9652
"Bourne supremacy",1166639760,1485068256,318428496,114589154.9652
"Bourne supremacy",1166645400,1485068256,318422856,114589154.9652
"Bourne supremacy",1166656740,1485068256,318411516,114589154.9652
"Bourne supremacy",1166656860,1485068256,318411396,114589154.9652
"Bourne supremacy",1166656860,1167860040,1203180,114589154.9652
"Bourne supremacy",1166666040,1485068256,318402216,114589154.9652
"Bourne supremacy",1166667960,1485068256,318400296,114589154.9652
"Bourne supremacy",1166667960,1167611220,943260,114589154.9652
"Bourne supremacy",1166669100,1485068256,318399156,114589154.9652
"Bourne supremacy",1166734920,1485068256,318333336,114589154.9652
"Bourne supremacy",1166734920,1167938460,1203540,114589154.9652
"Bourne supremacy",1166742840,1485068256,318325416,114589154.9652
"Bourne supremacy",1166756280,1485068256,318311976,114589154.9652
"Bourne supremacy",1166826060,1485068256,318242196,114589154.9652
"Bourne supremacy",1166826060,1167610380,784320,114589154.9652
"Bourne supremacy",1166828400,1485068256,318239856,114589154.9652
"Bourne supremacy",1166828400,1167794820,966420,114589154.9652
"Bourne supremacy",1166833980,1485068256,318234276,114589154.9652
"Bourne supremacy",1166838720,1485068256,318229536,114589154.9652
"Bourne supremacy",1166897520,1485068256,318170736,114589154.9652
"Bourne supremacy",1166913900,1485068256,318154356,114589154.9652
"Bourne supremacy",1166920620,1485068256,318147636,114589154.9652
"Bourne supremacy",1166924100,1485068256,318144156,114589154.9652
"Bourne supremacy",1166925060,1485068256,318143196,114589154.9652
"Bourne supremacy",1167169800,1485068256,317898456,114589154.9652
"Bourne supremacy",1167169800,1171405980,4236180,114589154.9652
"Bourne supremacy",1167177960,1485068256,317890296,114589154.9652
"Bourne supremacy",1167177960,1167442380,264420,114589154.9652
"Bourne supremacy",1167265140,1485068256,317803116,114589154.9652
"Bourne supremacy",1167267420,1485068256,317800836,114589154.9652
"Bourne supremacy",1167333300,1485068256,317734956,114589154.9652
"Bourne supremacy",1167338340,1485068256,317729916,114589154.9652
"Bourne supremacy",1167338340,1167937680,599340,114589154.9652
"Bourne supremacy",1167338880,1485068256,317729376,114589154.9652
"Bourne supremacy",1167342780,1485068256,317725476,114589154.9652
"Bourne supremacy",1167342780,1168021800,679020,114589154.9652
"Bourne supremacy",1167343860,1485068256,317724396,114589154.9652
"Bourne supremacy",1167357900,1485068256,317710356,114589154.9652
"Bourne supremacy",1167357900,1167958680,600780,114589154.9652
"Bourne supremacy",1167358800,1485068256,317709456,114589154.9652
"Bourne supremacy",1167358920,1485068256,317709336,114589154.9652
"Bourne supremacy",1167424980,1485068256,317643276,114589154.9652
"Bourne supremacy",1167440160,1485068256,317628096,114589154.9652
"Bourne supremacy",1167442980,1485068256,317625276,114589154.9652
"Bourne supremacy",1167521040,1485068256,317547216,114589154.9652
"Bourne supremacy",1167521040,1168562160,1041120,114589154.9652
"Bourne supremacy",1167611640,1485068256,317456616,114589154.9652
"Bourne supremacy",1167611640,1168301460,689820,114589154.9652
"Bourne supremacy",1167772260,1485068256,317295996,114589154.9652
"Bourne supremacy",1167774600,1485068256,317293656,114589154.9652
"Bourne supremacy",1167774600,1169157600,1383000,114589154.9652
"Bourne supremacy",1167786600,1485068256,317281656,114589154.9652
"Bourne supremacy",1167786600,1168647300,860700,114589154.9652
"Bourne supremacy",1167786960,1485068256,317281296,114589154.9652
"Bourne supremacy",1167786960,1169082120,1295160,114589154.9652
"Bourne supremacy",1167794220,1485068256,317274036,114589154.9652
"Bourne supremacy",1167794220,1169175960,1381740,114589154.9652
"Bourne supremacy",1167794220,1169238120,1443900,114589154.9652
"Bourne supremacy",1167862500,1485068256,317205756,114589154.9652
"Bourne supremacy",1167862500,1169086080,1223580,114589154.9652
"Bourne supremacy",1167938820,1485068256,317129436,114589154.9652
"Bourne supremacy",1167938820,1168114680,175860,114589154.9652
"Bourne supremacy",1167954000,1485068256,317114256,114589154.9652
"Bourne supremacy",1167954000,1168987080,1033080,114589154.9652
"Bourne supremacy",1167954420,1485068256,317113836,114589154.9652
"Bourne supremacy",1167954420,1168472700,518280,114589154.9652
"Bourne supremacy",1167960420,1485068256,317107836,114589154.9652
"Bourne supremacy",1167960420,1168114740,154320,114589154.9652
"Bourne supremacy",1167963180,1485068256,317105076,114589154.9652
"Bourne supremacy",1168038600,1168038720,120,114589154.9652
"Bourne supremacy",1168038720,1485068256,317029536,114589154.9652
"Bourne supremacy",1168040100,1485068256,317028156,114589154.9652
"Bourne supremacy",1168048920,1485068256,317019336,114589154.9652
"Bourne supremacy",1168119420,1485068256,316948836,114589154.9652
"Bourne supremacy",1168122360,1485068256,316945896,114589154.9652
"Bourne supremacy",1168122720,1485068256,316945536,114589154.9652
"Bourne supremacy",1168122720,1168366560,243840,114589154.9652
"Bourne supremacy",1168122720,1168384620,261900,114589154.9652
"Bourne supremacy",1168129200,1485068256,316939056,114589154.9652
"Bourne supremacy",1168277280,1485068256,316790976,114589154.9652
"Bourne supremacy",1168302840,1485068256,316765416,114589154.9652
"Bourne supremacy",1168302840,1168471680,168840,114589154.9652
"Bourne supremacy",1168309620,1485068256,316758636,114589154.9652
"Bourne supremacy",1168309620,1168482060,172440,114589154.9652
"Bourne supremacy",1168377900,1169241540,863640,114589154.9652
"Bourne supremacy",1168385760,1485068256,316682496,114589154.9652
"Bourne supremacy",1168469160,1168643520,174360,114589154.9652
"Bourne supremacy",1168478220,1485068256,316590036,114589154.9652
"Bourne supremacy",1168480020,1485068256,316588236,114589154.9652
"Bourne supremacy",1168556520,1485068256,316511736,114589154.9652
"Bourne supremacy",1168556520,1169057580,501060,114589154.9652
"Bourne supremacy",1168645620,1168819500,173880,114589154.9652
"Bourne supremacy",1168722780,1485068256,316345476,114589154.9652
"Bourne supremacy",1168722780,1169065020,342240,114589154.9652
"Bourne supremacy",1168728300,1169420460,692160,114589154.9652
"Bourne supremacy",1168820040,1485068256,316248216,114589154.9652
"Bourne supremacy",1168820040,1168885080,65040,114589154.9652
"Bourne supremacy",1168985280,1485068256,316082976,114589154.9652
"Bourne supremacy",1168987440,1485068256,316080816,114589154.9652
"Bourne supremacy",1168987440,1169255040,267600,114589154.9652
"Bourne supremacy",1169071380,1485068256,315996876,114589154.9652
"Bourne supremacy",1169088720,1169841600,752880,114589154.9652
"Bourne supremacy",1169155440,1485068256,315912816,114589154.9652
"Bourne supremacy",1169165880,1485068256,315902376,114589154.9652
"Bourne supremacy",1169241000,1485068256,315827256,114589154.9652
"Bourne supremacy",1169323200,1485068256,315745056,114589154.9652
"Bourne supremacy",1169341200,1485068256,315727056,114589154.9652
"Bourne supremacy",1169341680,1485068256,315726576,114589154.9652
"Bourne supremacy",1170121080,1171581840,1460760,114589154.9652
"Bourne supremacy",1170201720,1172353560,2151840,114589154.9652
"Bourne supremacy",1170275460,1171511400,1235940,114589154.9652
"Bourne supremacy",1170367800,1173648060,3280260,114589154.9652
"Bourne supremacy",1170367800,1173894900,3527100,114589154.9652
"Bourne supremacy",1170376200,1171500780,1124580,114589154.9652
"Bourne supremacy",1170446340,1171488840,1042500,114589154.9652
"Bourne supremacy",1170529080,1171837200,1308120,114589154.9652
"Bourne supremacy",1170529080,1171837380,1308300,114589154.9652
"Bourne supremacy",1170544440,1173150780,2606340,114589154.9652
"Bourne supremacy",1170710940,1172546520,1835580,114589154.9652
"Bourne supremacy",1170726240,1177449480,6723240,114589154.9652
"Bourne supremacy",1170806700,1171738320,931620,114589154.9652
"Bourne supremacy",1170890700,1171423860,533160,114589154.9652
"Bourne supremacy",1170893100,1174617840,3724740,114589154.9652
"Bourne supremacy",1170899520,1172111160,1211640,114589154.9652
"Bourne supremacy",1171057140,1172807040,1749900,114589154.9652
"Bourne supremacy",1171142340,1172005620,863280,114589154.9652
"Bourne supremacy",1171146780,1171840020,693240,114589154.9652
"Bourne supremacy",1171151280,1171746960,595680,114589154.9652
"Bourne supremacy",1171158060,1172172720,1014660,114589154.9652
"Bourne supremacy",1171315440,1171664880,349440,114589154.9652
"Bourne supremacy",1171315440,1172178780,863340,114589154.9652
"Bourne supremacy",1171318080,1171659420,341340,114589154.9652
"Bourne supremacy",1171399200,1171498380,99180,114589154.9652
"Bourne supremacy",1171407660,1485068256,313660596,114589154.9652
"Bourne supremacy",1171411440,1485068256,313656816,114589154.9652
"Bourne supremacy",1171411440,1171669860,258420,114589154.9652
"Bourne supremacy",1171411800,1485068256,313656456,114589154.9652
"Bourne supremacy",1171414080,1485068256,313654176,114589154.9652
"Bourne supremacy",1171492680,1485068256,313575576,114589154.9652
"Bourne supremacy",1171492680,1172452140,959460,114589154.9652
"Bourne supremacy",1171492680,1172514060,1021380,114589154.9652
"Bourne supremacy",1171493520,1485068256,313574736,114589154.9652
"Bourne supremacy",1171507140,1485068256,313561116,114589154.9652
"Bourne supremacy",1171507140,1172021760,514620,114589154.9652
"Bourne supremacy",1171579560,1485068256,313488696,114589154.9652
"Bourne supremacy",1171579560,1172192280,612720,114589154.9652
"Bourne supremacy",1171587360,1485068256,313480896,114589154.9652
"Bourne supremacy",1171587660,1485068256,313480596,114589154.9652
"Bourne supremacy",1171587660,1171841580,253920,114589154.9652
"Bourne supremacy",1171593120,1485068256,313475136,114589154.9652
"Bourne supremacy",1171664820,1485068256,313403436,114589154.9652
"Bourne supremacy",1171664820,1172029080,364260,114589154.9652
"Bourne supremacy",1171671720,1485068256,313396536,114589154.9652
"Bourne supremacy",1171671720,1172019060,347340,114589154.9652
"Bourne supremacy",1171746180,1485068256,313322076,114589154.9652
"Bourne supremacy",1171746180,1172957760,1211580,114589154.9652
"Bourne supremacy",1171762200,1485068256,313306056,114589154.9652
"Bourne supremacy",1171843140,1485068256,313225116,114589154.9652
"Bourne supremacy",1171843140,1172713020,869880,114589154.9652
"Bourne supremacy",1171844580,1485068256,313223676,114589154.9652
"Bourne supremacy",1171844580,1172105460,260880,114589154.9652
"Bourne supremacy",1172010060,1485068256,313058196,114589154.9652
"Bourne supremacy",1172010060,1172626200,616140,114589154.9652
"Bourne supremacy",1172010060,1172780880,770820,114589154.9652
"Bourne supremacy",1172010060,1172873520,863460,114589154.9652
"Bourne supremacy",1172015460,1485068256,313052796,114589154.9652
"Bourne supremacy",1172015460,1172608260,592800,114589154.9652
"Bourne supremacy",1172017620,1485068256,313050636,114589154.9652
"Bourne supremacy",1172017620,1172348520,330900,114589154.9652
"Bourne supremacy",1172019480,1485068256,313048776,114589154.9652
"Bourne supremacy",1172019480,1174262100,2242620,114589154.9652
"Bourne supremacy",1172019480,1174591680,2572200,114589154.9652
"Bourne supremacy",1172023020,1485068256,313045236,114589154.9652
"Bourne supremacy",1172023020,1172612100,589080,114589154.9652
"Bourne supremacy",1172024220,1485068256,313044036,114589154.9652
"Bourne supremacy",1172024220,1172781720,757500,114589154.9652
"Bourne supremacy",1172025780,1485068256,313042476,114589154.9652
"Bourne supremacy",1172025780,1176427920,4402140,114589154.9652
"Bourne supremacy",1172084040,1485068256,312984216,114589154.9652
"Bourne supremacy",1172084040,1172177100,93060,114589154.9652
"Bourne supremacy",1172095080,1485068256,312973176,114589154.9652
"Bourne supremacy",1172095080,1173303660,1208580,114589154.9652
"Bourne supremacy",1172098860,1485068256,312969396,114589154.9652
"Bourne supremacy",1172100120,1485068256,312968136,114589154.9652
"Bourne supremacy",1172100120,1172632740,532620,114589154.9652
"Bourne supremacy",1172100120,1172772780,672660,114589154.9652
"Bourne supremacy",1172100720,1485068256,312967536,114589154.9652
"Bourne supremacy",1172100720,1172969820,869100,114589154.9652
"Bourne supremacy",1172100720,1173388860,1288140,114589154.9652
"Bourne supremacy",1172106840,1485068256,312961416,114589154.9652
"Bourne supremacy",1172106840,1175134920,3028080,114589154.9652
"Bourne supremacy",1172111340,1485068256,312956916,114589154.9652
"Bourne supremacy",1172111340,1172624820,513480,114589154.9652
"Bourne supremacy",1172173380,1485068256,312894876,114589154.9652
"Bourne supremacy",1172173380,1173722220,1548840,114589154.9652
"Bourne supremacy",1172177940,1485068256,312890316,114589154.9652
"Bourne supremacy",1172177940,1172612400,434460,114589154.9652
"Bourne supremacy",1172183040,1485068256,312885216,114589154.9652
"Bourne supremacy",1172183040,1173404340,1221300,114589154.9652
"Bourne supremacy",1172194200,1485068256,312874056,114589154.9652
"Bourne supremacy",1172194200,1172711340,517140,114589154.9652
"Bourne supremacy",1172202360,1485068256,312865896,114589154.9652
"Bourne supremacy",1172202360,1172884920,682560,114589154.9652
"Bourne supremacy",1172258520,1485068256,312809736,114589154.9652
"Bourne supremacy",1172258520,1172868960,610440,114589154.9652
"Bourne supremacy",1172341380,1485068256,312726876,114589154.9652
"Bourne supremacy",1172341380,1172529300,187920,114589154.9652
"Bourne supremacy",1172357580,1485068256,312710676,114589154.9652
"Bourne supremacy",1172367960,1485068256,312700296,114589154.9652
"Bourne supremacy",1172367960,1173899340,1531380,114589154.9652
"Bourne supremacy",1172367960,1173993900,1625940,114589154.9652
"Bourne supremacy",1172367960,1174066740,1698780,114589154.9652
"Bourne supremacy",1172436660,1485068256,312631596,114589154.9652
"Bourne supremacy",1172436660,1173318780,882120,114589154.9652
"Bourne supremacy",1172524980,1485068256,312543276,114589154.9652
"Bourne supremacy",1172546400,1485068256,312521856,114589154.9652
"Bourne supremacy",1172610360,1485068256,312457896,114589154.9652
"Bourne supremacy",1172610360,1172798580,188220,114589154.9652
"Bourne supremacy",1172611140,1485068256,312457116,114589154.9652
"Bourne supremacy",1172611140,1173313020,701880,114589154.9652
"Bourne supremacy",1172615820,1485068256,312452436,114589154.9652
"Bourne supremacy",1172615820,1172792760,176940,114589154.9652
"Bourne supremacy",1172619900,1485068256,312448356,114589154.9652
"Bourne supremacy",1172619900,1173485580,865680,114589154.9652
"Bourne supremacy",1172619900,1173733800,1113900,114589154.9652
"Bourne supremacy",1172623200,1485068256,312445056,114589154.9652
"Bourne supremacy",1172690640,1485068256,312377616,114589154.9652
"Bourne supremacy",1172690640,1173232320,541680,114589154.9652
"Bourne supremacy",1172697780,1485068256,312370476,114589154.9652
"Bourne supremacy",1172697780,1173294060,596280,114589154.9652
"Bourne supremacy",1172707380,1485068256,312360876,114589154.9652
"Bourne supremacy",1172707380,1172886240,178860,114589154.9652
"Bourne supremacy",1172707380,1173226920,519540,114589154.9652
"Bourne supremacy",1172708160,1485068256,312360096,114589154.9652
"Bourne supremacy",1172708160,1173567600,859440,114589154.9652
"Bourne supremacy",1172718900,1485068256,312349356,114589154.9652
"Bourne supremacy",1172776860,1485068256,312291396,114589154.9652
"Bourne supremacy",1172776860,1173986820,1209960,114589154.9652
"Bourne supremacy",1172787300,1485068256,312280956,114589154.9652
"Bourne supremacy",1172787300,1175797440,3010140,114589154.9652
"Bourne supremacy",1172802960,1485068256,312265296,114589154.9652
"Bourne supremacy",1172802960,1173575580,772620,114589154.9652
"Bourne supremacy",1172802960,1173738780,935820,114589154.9652
"Bourne supremacy",1172802960,1173818160,1015200,114589154.9652
"Bourne supremacy",1172875140,1485068256,312193116,114589154.9652
"Bourne supremacy",1172885400,1485068256,312182856,114589154.9652
"Bourne supremacy",1172949900,1485068256,312118356,114589154.9652
"Bourne supremacy",1172949900,1173052500,102600,114589154.9652
"Bourne supremacy",1172949900,1173141900,192000,114589154.9652
"Bourne supremacy",1172965260,1485068256,312102996,114589154.9652
"Bourne supremacy",1172966820,1485068256,312101436,114589154.9652
"Bourne supremacy",1172966820,1173559140,592320,114589154.9652
"Bourne supremacy",1172966820,1176517860,3551040,114589154.9652
"Bourne supremacy",1172966820,1176834360,3867540,114589154.9652
"Bourne supremacy",1173237600,1485068256,311830656,114589154.9652
"Bourne supremacy",1173237600,1173902280,664680,114589154.9652
"Bourne supremacy",1173298920,1485068256,311769336,114589154.9652
"Bourne supremacy",1173298920,1174357920,1059000,114589154.9652
"Bourne supremacy",1173299820,1485068256,311768436,114589154.9652
"Bourne supremacy",1173299820,1174250460,950640,114589154.9652
"Bourne supremacy",1173299820,1175706180,2406360,114589154.9652
"Bourne supremacy",1173299820,1175893560,2593740,114589154.9652
"Bourne supremacy",1173299820,1485068256,311768436,114589154.9652
"Bourne supremacy",1173299820,1173906420,606600,114589154.9652
"Bourne supremacy",1173299820,1182806640,9506820,114589154.9652
"Bourne supremacy",1173299820,1189793280,16493460,114589154.9652
"Bourne supremacy",1173306060,1485068256,311762196,114589154.9652
"Bourne supremacy",1173306060,1173412320,106260,114589154.9652
"Bourne supremacy",1173322260,1485068256,311745996,114589154.9652
"Bourne supremacy",1173322260,1174525980,1203720,114589154.9652
"Bourne supremacy",1173323160,1485068256,311745096,114589154.9652
"Bourne supremacy",1173323160,1173922560,599400,114589154.9652
"Bourne supremacy",1173325560,1485068256,311742696,114589154.9652
"Bourne supremacy",1173325560,1174531380,1205820,114589154.9652
"Bourne supremacy",1173326160,1485068256,311742096,114589154.9652
"Bourne supremacy",1173326160,1174527900,1201740,114589154.9652
"Bourne supremacy",1173326340,1485068256,311741916,114589154.9652
"Bourne supremacy",1173388380,1485068256,311679876,114589154.9652
"Bourne supremacy",1173389220,1485068256,311679036,114589154.9652
"Bourne supremacy",1173389220,1174591980,1202760,114589154.9652
"Bourne supremacy",1173479820,1485068256,311588436,114589154.9652
"Bourne supremacy",1173479820,1176158760,2678940,114589154.9652
"Bourne supremacy",1173485460,1485068256,311582796,114589154.9652
"Bourne supremacy",1173485460,1174250640,765180,114589154.9652
"Bourne supremacy",1173485460,1174422060,936600,114589154.9652
"Bourne supremacy",1173558540,1485068256,311509716,114589154.9652
"Bourne supremacy",1173566460,1485068256,311501796,114589154.9652
"Bourne supremacy",1173566460,1174088760,522300,114589154.9652
"Bourne supremacy",1173566820,1485068256,311501436,114589154.9652
"Bourne supremacy",1173730380,1485068256,311337876,114589154.9652
"Bourne supremacy",1173739140,1485068256,311329116,114589154.9652
"Bourne supremacy",1173739140,1174438980,699840,114589154.9652
"Bourne supremacy",1173751620,1485068256,311316636,114589154.9652
"Bourne supremacy",1173899880,1485068256,311168376,114589154.9652
"Bourne supremacy",1173899880,1174077000,177120,114589154.9652
"Bourne supremacy",1173902700,1485068256,311165556,114589154.9652
"Bourne supremacy",1173902700,1174437480,534780,114589154.9652
"Bourne supremacy",1173919080,1485068256,311149176,114589154.9652
"Bourne supremacy",1173919080,1175127720,1208640,114589154.9652
"Bourne supremacy",1173919080,1177392480,3473400,114589154.9652
"Bourne supremacy",1173919080,1177541940,3622860,114589154.9652
"Bourne supremacy",1173921180,1485068256,311147076,114589154.9652
"Bourne supremacy",1173922680,1485068256,311145576,114589154.9652
"Bourne supremacy",1173922680,1174069740,147060,114589154.9652
"Bourne supremacy",1173979020,1485068256,311089236,114589154.9652
"Bourne supremacy",1173979020,1175221620,1242600,114589154.9652
"Bourne supremacy",1173988320,1485068256,311079936,114589154.9652
"Bourne supremacy",1173988320,1175201580,1213260,114589154.9652
"Bourne supremacy",1174072920,1485068256,310995336,114589154.9652
"Bourne supremacy",1174072920,1174356480,283560,114589154.9652
"Bourne supremacy",1174076460,1485068256,310991796,114589154.9652
"Bourne supremacy",1174156800,1485068256,310911456,114589154.9652
"Bourne supremacy",1174156800,1174759020,602220,114589154.9652
"Bourne supremacy",1174156800,1175109000,952200,114589154.9652
"Bourne supremacy",1174158600,1485068256,310909656,114589154.9652
"Bourne supremacy",1174158600,1175293860,1135260,114589154.9652
"Bourne supremacy",1174163220,1485068256,310905036,114589154.9652
"Bourne supremacy",1174163220,1174353060,189840,114589154.9652
"Bourne supremacy",1174164000,1485068256,310904256,114589154.9652
"Bourne supremacy",1174164000,1174858920,694920,114589154.9652
"Bourne supremacy",1174166220,1485068256,310902036,114589154.9652
"Bourne supremacy",1174166220,1174782000,615780,114589154.9652
"Bourne supremacy",1174254300,1485068256,310813956,114589154.9652
"Bourne supremacy",1174254300,1174783080,528780,114589154.9652
"Bourne supremacy",1174261560,1485068256,310806696,114589154.9652
"Bourne supremacy",1174323960,1485068256,310744296,114589154.9652
"Bourne supremacy",1174323960,1175128500,804540,114589154.9652
"Bourne supremacy",1174344120,1485068256,310724136,114589154.9652
"Bourne supremacy",1174348140,1485068256,310720116,114589154.9652
"Bourne supremacy",1174348140,1178953200,4605060,114589154.9652
"Bourne supremacy",1174348140,1179428400,5080260,114589154.9652
"Bourne supremacy",1174350000,1485068256,310718256,114589154.9652
"Bourne supremacy",1174357980,1485068256,310710276,114589154.9652
"Bourne supremacy",1174359120,1485068256,310709136,114589154.9652
"Bourne supremacy",1174359120,1175213760,854640,114589154.9652
"Bourne supremacy",1174359420,1485068256,310708836,114589154.9652
"Bourne supremacy",1174359420,1174598040,238620,114589154.9652
"Bourne supremacy",1174423860,1485068256,310644396,114589154.9652
"Bourne supremacy",1174425840,1485068256,310642416,114589154.9652
"Bourne supremacy",1174445220,1485068256,310623036,114589154.9652
"Bourne supremacy",1174515660,1485068256,310552596,114589154.9652
"Bourne supremacy",1174515660,1174852680,337020,114589154.9652
"Bourne supremacy",1174588920,1485068256,310479336,114589154.9652
"Bourne supremacy",1174588920,1175123280,534360,114589154.9652
"Bourne supremacy",1174601880,1485068256,310466376,114589154.9652
"Bourne supremacy",1174612980,1485068256,310455276,114589154.9652
"Bourne supremacy",1174614900,1485068256,310453356,114589154.9652
"Bourne supremacy",1174614900,1175208720,593820,114589154.9652
"Bourne supremacy",1174667040,1174667100,60,114589154.9652
"Bourne supremacy",1174671240,1485068256,310397016,114589154.9652
"Bourne supremacy",1174671840,1485068256,310396416,114589154.9652
"Bourne supremacy",1174671840,1174783740,111900,114589154.9652
"Bourne supremacy",1174687200,1485068256,310381056,114589154.9652
"Bourne supremacy",1174687200,1175115060,427860,114589154.9652
"Bourne supremacy",1174758720,1485068256,310309536,114589154.9652
"Bourne supremacy",1174758720,1177110480,2351760,114589154.9652
"Bourne supremacy",1174758720,1177694340,2935620,114589154.9652
"Bourne supremacy",1174759680,1485068256,310308576,114589154.9652
"Bourne supremacy",1174765200,1485068256,310303056,114589154.9652
"Bourne supremacy",1174765200,1175983800,1218600,114589154.9652
"Bourne supremacy",1174770060,1485068256,310298196,114589154.9652
"Bourne supremacy",1174943760,1175202300,258540,114589154.9652
"Bourne supremacy",1174961160,1175642400,681240,114589154.9652
"Bourne supremacy",1175028120,1175213700,185580,114589154.9652
"Bourne supremacy",1175033520,1175280900,247380,114589154.9652
"Bourne supremacy",1175043840,1175133600,89760,114589154.9652
"Bourne supremacy",1175045400,1175459220,413820,114589154.9652
"Bourne supremacy",1175103660,1485068256,309964596,114589154.9652
"Bourne supremacy",1175103660,1485068256,309964596,114589154.9652
"Bourne supremacy",1175103660,1175889300,785640,114589154.9652
"Bourne supremacy",1175118300,1485068256,309949956,114589154.9652
"Bourne supremacy",1175118300,1175810280,691980,114589154.9652
"Bourne supremacy",1175123700,1485068256,309944556,114589154.9652
"Bourne supremacy",1175123700,1175388780,265080,114589154.9652
"Bourne supremacy",1175193600,1485068256,309874656,114589154.9652
"Bourne supremacy",1175204220,1485068256,309864036,114589154.9652
"Bourne supremacy",1175204220,1176253680,1049460,114589154.9652
"Bourne supremacy",1175209920,1485068256,309858336,114589154.9652
"Bourne supremacy",1175209920,1175732160,522240,114589154.9652
"Bourne supremacy",1175211660,1485068256,309856596,114589154.9652
"Bourne supremacy",1175211660,1175631900,420240,114589154.9652
"Bourne supremacy",1175213940,1485068256,309854316,114589154.9652
"Bourne supremacy",1175213940,1175647320,433380,114589154.9652
"Bourne supremacy",1175216460,1485068256,309851796,114589154.9652
"Bourne supremacy",1175223000,1485068256,309845256,114589154.9652
"Bourne supremacy",1175281560,1485068256,309786696,114589154.9652
"Bourne supremacy",1175281560,1176408060,1126500,114589154.9652
"Bourne supremacy",1175297040,1485068256,309771216,114589154.9652
"Bourne supremacy",1175297040,1175991720,694680,114589154.9652
"Bourne supremacy",1175300100,1485068256,309768156,114589154.9652
"Bourne supremacy",1175300100,1175983980,683880,114589154.9652
"Bourne supremacy",1175301720,1485068256,309766536,114589154.9652
"Bourne supremacy",1175373540,1485068256,309694716,114589154.9652
"Bourne supremacy",1175373540,1176771420,1397880,114589154.9652
"Bourne supremacy",1175454900,1485068256,309613356,114589154.9652
"Bourne supremacy",1175454900,1176166020,711120,114589154.9652
"Bourne supremacy",1175462220,1485068256,309606036,114589154.9652
"Bourne supremacy",1175462220,1175984940,522720,114589154.9652
"Bourne supremacy",1175544180,1485068256,309524076,114589154.9652
"Bourne supremacy",1175544180,1175641920,97740,114589154.9652
"Bourne supremacy",1175563980,1485068256,309504276,114589154.9652
"Bourne supremacy",1175644380,1485068256,309423876,114589154.9652
"Bourne supremacy",1175644380,1176584340,939960,114589154.9652
"Bourne supremacy",1175646120,1485068256,309422136,114589154.9652
"Bourne supremacy",1175646120,1176934500,1288380,114589154.9652
"Bourne supremacy",1175646180,1485068256,309422076,114589154.9652
"Bourne supremacy",1175646180,1176940740,1294560,114589154.9652
"Bourne supremacy",1175655180,1485068256,309413076,114589154.9652
"Bourne supremacy",1175714220,1485068256,309354036,114589154.9652
"Bourne supremacy",1175714220,1176237180,522960,114589154.9652
"Bourne supremacy",1175714940,1485068256,309353316,114589154.9652
"Bourne supremacy",1175740140,1485068256,309328116,114589154.9652
"Bourne supremacy",1175806920,1485068256,309261336,114589154.9652
"Bourne supremacy",1175806920,1175881920,75000,114589154.9652
"Bourne supremacy",1175811060,1485068256,309257196,114589154.9652
"Bourne supremacy",1175811060,1176155760,344700,114589154.9652
"Bourne supremacy",1175814300,1485068256,309253956,114589154.9652
"Bourne supremacy",1175814300,1176158400,344100,114589154.9652
"Bourne supremacy",1175882640,1485068256,309185616,114589154.9652
"Bourne supremacy",1175882640,1176774840,892200,114589154.9652
"Bourne supremacy",1175892660,1485068256,309175596,114589154.9652
"Bourne supremacy",1175892660,1176259320,366660,114589154.9652
"Bourne supremacy",1175892660,1177101720,1209060,114589154.9652
"Bourne supremacy",1175892660,1177523100,1630440,114589154.9652
"Bourne supremacy",1175896680,1485068256,309171576,114589154.9652
"Bourne supremacy",1175896680,1176499860,603180,114589154.9652
"Bourne supremacy",1175900880,1485068256,309167376,114589154.9652
"Bourne supremacy",1175900880,1176247080,346200,114589154.9652
"Bourne supremacy",1175907300,1485068256,309160956,114589154.9652
"Bourne supremacy",1175968680,1485068256,309099576,114589154.9652
"Bourne supremacy",1175969880,1485068256,309098376,114589154.9652
"Bourne supremacy",1175969880,1177284120,1314240,114589154.9652
"Bourne supremacy",1175975100,1485068256,309093156,114589154.9652
"Bourne supremacy",1175975100,1177202520,1227420,114589154.9652
"Bourne supremacy",1175986860,1485068256,309081396,114589154.9652
"Bourne supremacy",1175986860,1176853500,866640,114589154.9652
"Bourne supremacy",1175987760,1485068256,309080496,114589154.9652
"Bourne supremacy",1175987760,1176930120,942360,114589154.9652
"Bourne supremacy",1175988240,1485068256,309080016,114589154.9652
"Bourne supremacy",1175988240,1177199580,1211340,114589154.9652
"Bourne supremacy",1175990820,1485068256,309077436,114589154.9652
"Bourne supremacy",1175990820,1177278180,1287360,114589154.9652
"Bourne supremacy",1176162480,1485068256,308905776,114589154.9652
"Bourne supremacy",1176163680,1485068256,308904576,114589154.9652
"Bourne supremacy",1176163680,1177978200,1814520,114589154.9652
"Bourne supremacy",1176163680,1178053620,1889940,114589154.9652
"Bourne supremacy",1176164880,1485068256,308903376,114589154.9652
"Bourne supremacy",1176164880,1176420000,255120,114589154.9652
"Bourne supremacy",1176165900,1485068256,308902356,114589154.9652
"Bourne supremacy",1176165900,1176259860,93960,114589154.9652
"Bourne supremacy",1176169020,1485068256,308899236,114589154.9652
"Bourne supremacy",1176169020,1178002260,1833240,114589154.9652
"Bourne supremacy",1176169020,1178051700,1882680,114589154.9652
"Bourne supremacy",1176171180,1485068256,308897076,114589154.9652
"Bourne supremacy",1176171180,1177382580,1211400,114589154.9652
"Bourne supremacy",1176236280,1485068256,308831976,114589154.9652
"Bourne supremacy",1176236280,1176505440,269160,114589154.9652
"Bourne supremacy",1176241200,1485068256,308827056,114589154.9652
"Bourne supremacy",1176245760,1485068256,308822496,114589154.9652
"Bourne supremacy",1176245760,1176594660,348900,114589154.9652
"Bourne supremacy",1176247080,1485068256,308821176,114589154.9652
"Bourne supremacy",1176247080,1177200780,953700,114589154.9652
"Bourne supremacy",1176250920,1485068256,308817336,114589154.9652
"Bourne supremacy",1176315660,1485068256,308752596,114589154.9652
"Bourne supremacy",1176315660,1177027560,711900,114589154.9652
"Bourne supremacy",1176319560,1485068256,308748696,114589154.9652
"Bourne supremacy",1176319560,1177442460,1122900,114589154.9652
"Bourne supremacy",1176323760,1485068256,308744496,114589154.9652
"Bourne supremacy",1176323760,1176425880,102120,114589154.9652
"Bourne supremacy",1176323880,1485068256,308744376,114589154.9652
"Bourne supremacy",1176323880,1177193220,869340,114589154.9652
"Bourne supremacy",1176323880,1177532280,1208400,114589154.9652
"Bourne supremacy",1176323880,1177974420,1650540,114589154.9652
"Bourne supremacy",1176340020,1485068256,308728236,114589154.9652
"Bourne supremacy",1176340020,1177539180,1199160,114589154.9652
"Bourne supremacy",1176416940,1485068256,308651316,114589154.9652
"Bourne supremacy",1176423900,1485068256,308644356,114589154.9652
"Bourne supremacy",1176423900,1176962580,538680,114589154.9652
"Bourne supremacy",1176423900,1177005120,581220,114589154.9652
"Bourne supremacy",1176425100,1485068256,308643156,114589154.9652
"Bourne supremacy",1176431280,1485068256,308636976,114589154.9652
"Bourne supremacy",1176487500,1485068256,308580756,114589154.9652
"Bourne supremacy",1176487500,1177371180,883680,114589154.9652
"Bourne supremacy",1176491640,1485068256,308576616,114589154.9652
"Bourne supremacy",1176491640,1176846960,355320,114589154.9652
"Bourne supremacy",1176508860,1485068256,308559396,114589154.9652
"Bourne supremacy",1176508860,1176576900,68040,114589154.9652
"Bourne supremacy",1176508860,1176757020,248160,114589154.9652
"Bourne supremacy",1176591420,1485068256,308476836,114589154.9652
"Bourne supremacy",1176598620,1485068256,308469636,114589154.9652
"Bourne supremacy",1176598620,1177620240,1021620,114589154.9652
"Bourne supremacy",1176598620,1177786500,1187880,114589154.9652
"Bourne supremacy",1176770100,1485068256,308298156,114589154.9652
"Bourne supremacy",1176770100,1177283700,513600,114589154.9652
"Bourne supremacy",1176846720,1485068256,308221536,114589154.9652
"Bourne supremacy",1176846720,1177458540,611820,114589154.9652
"Bourne supremacy",1176848160,1485068256,308220096,114589154.9652
"Bourne supremacy",1176854580,1485068256,308213676,114589154.9652
"Bourne supremacy",1176854580,1178906040,2051460,114589154.9652
"Bourne supremacy",1176862920,1485068256,308205336,114589154.9652
"Bourne supremacy",1176862920,1177802400,939480,114589154.9652
"Bourne supremacy",1176934380,1485068256,308133876,114589154.9652
"Bourne supremacy",1176934380,1178148120,1213740,114589154.9652
"Bourne supremacy",1176938820,1485068256,308129436,114589154.9652
"Bourne supremacy",1176938820,1177022100,83280,114589154.9652
"Bourne supremacy",1176941220,1485068256,308127036,114589154.9652
"Bourne supremacy",1176941220,1177546920,605700,114589154.9652
"Bourne supremacy",1176941220,1177653780,712560,114589154.9652
"Bourne supremacy",1176941400,1485068256,308126856,114589154.9652
"Bourne supremacy",1176941400,1177720260,778860,114589154.9652
"Bourne supremacy",1176942180,1485068256,308126076,114589154.9652
"Bourne supremacy",1176942180,1177549920,607740,114589154.9652
"Bourne supremacy",1176946800,1485068256,308121456,114589154.9652
"Bourne supremacy",1176946800,1177982880,1036080,114589154.9652
"Bourne supremacy",1176946800,1178051100,1104300,114589154.9652
"Bourne supremacy",1177017660,1485068256,308050596,114589154.9652
"Bourne supremacy",1177022160,1485068256,308046096,114589154.9652
"Bourne supremacy",1177022160,1177282020,259860,114589154.9652
"Bourne supremacy",1177035300,1485068256,308032956,114589154.9652
"Bourne supremacy",1177091940,1485068256,307976316,114589154.9652
"Bourne supremacy",1177099200,1485068256,307969056,114589154.9652
"Bourne supremacy",1177099200,1177629780,530580,114589154.9652
"Bourne supremacy",1177112940,1485068256,307955316,114589154.9652
"Bourne supremacy",1177112940,1177545360,432420,114589154.9652
"Bourne supremacy",1177112940,1177618680,505740,114589154.9652
"Bourne supremacy",1177183440,1485068256,307884816,114589154.9652
"Bourne supremacy",1177183440,1177278360,94920,114589154.9652
"Bourne supremacy",1177272840,1485068256,307795416,114589154.9652
"Bourne supremacy",1177272840,1178075280,802440,114589154.9652
"Bourne supremacy",1177272840,1178125020,852180,114589154.9652
"Bourne supremacy",1177279980,1485068256,307788276,114589154.9652
"Bourne supremacy",1177348980,1485068256,307719276,114589154.9652
"Bourne supremacy",1177348980,1179940680,2591700,114589154.9652
"Bourne supremacy",1177358820,1180294740,2935920,114589154.9652
"Bourne supremacy",1177363140,1485068256,307705116,114589154.9652
"Bourne supremacy",1177363140,1177978740,615600,114589154.9652
"Bourne supremacy",1177363920,1485068256,307704336,114589154.9652
"Bourne supremacy",1177363920,1177718580,354660,114589154.9652
"Bourne supremacy",1177364100,1485068256,307704156,114589154.9652
"Bourne supremacy",1177364100,1177794000,429900,114589154.9652
"Bourne supremacy",1177369560,1485068256,307698696,114589154.9652
"Bourne supremacy",1177369560,1177880700,511140,114589154.9652
"Bourne supremacy",1177439100,1485068256,307629156,114589154.9652
"Bourne supremacy",1177439100,1178040060,600960,114589154.9652
"Bourne supremacy",1177439100,1178143500,704400,114589154.9652
"Bourne supremacy",1177439100,1178321940,882840,114589154.9652
"Bourne supremacy",1177452720,1485068256,307615536,114589154.9652
"Bourne supremacy",1177463820,1485068256,307604436,114589154.9652
"Bourne supremacy",1177463820,1177797540,333720,114589154.9652
"Bourne supremacy",1177469880,1485068256,307598376,114589154.9652
"Bourne supremacy",1177469880,1178921460,1451580,114589154.9652
"Bourne supremacy",1177539600,1485068256,307528656,114589154.9652
"Bourne supremacy",1177547220,1485068256,307521036,114589154.9652
"Bourne supremacy",1177547220,1179947640,2400420,114589154.9652
"Bourne supremacy",1177550520,1485068256,307517736,114589154.9652
"Bourne supremacy",1177550520,1177711260,160740,114589154.9652
"Bourne supremacy",1177554780,1485068256,307513476,114589154.9652
"Bourne supremacy",1177554780,1179015720,1460940,114589154.9652
"Bourne supremacy",1177622280,1485068256,307445976,114589154.9652
"Bourne supremacy",1177622280,1178482260,859980,114589154.9652
"Bourne supremacy",1177623780,1485068256,307444476,114589154.9652
"Bourne supremacy",1177623780,1178220660,596880,114589154.9652
"Bourne supremacy",1177629720,1485068256,307438536,114589154.9652
"Bourne supremacy",1177629720,1177981800,352080,114589154.9652
"Bourne supremacy",1177633080,1485068256,307435176,114589154.9652
"Bourne supremacy",1177633080,1178846580,1213500,114589154.9652
"Bourne supremacy",1177695420,1485068256,307372836,114589154.9652
"Bourne supremacy",1177695420,1178306520,611100,114589154.9652
"Bourne supremacy",1177703160,1485068256,307365096,114589154.9652
"Bourne supremacy",1177781280,1485068256,307286976,114589154.9652
"Bourne supremacy",1177781280,1179014040,1232760,114589154.9652
"Bourne supremacy",1177786500,1485068256,307281756,114589154.9652
"Bourne supremacy",1177786500,1178862660,1076160,114589154.9652
"Bourne supremacy",1177786500,1179187080,1400580,114589154.9652
"Bourne supremacy",1177792440,1485068256,307275816,114589154.9652
"Bourne supremacy",1177792440,1178920740,1128300,114589154.9652
"Bourne supremacy",1177889220,1485068256,307179036,114589154.9652
"Bourne supremacy",1177967340,1485068256,307100916,114589154.9652
"Bourne supremacy",1177967340,1179875820,1908480,114589154.9652
"Bourne supremacy",1177967340,1180466400,2499060,114589154.9652
"Bourne supremacy",1177981920,1485068256,307086336,114589154.9652
"Bourne supremacy",1177988100,1485068256,307080156,114589154.9652
"Bourne supremacy",1177988100,1178405400,417300,114589154.9652
"Bourne supremacy",1178050980,1485068256,307017276,114589154.9652
"Bourne supremacy",1178050980,1178146920,95940,114589154.9652
"Bourne supremacy",1178052960,1485068256,307015296,114589154.9652
"Bourne supremacy",1178066100,1485068256,307002156,114589154.9652
"Bourne supremacy",1178128740,1485068256,306939516,114589154.9652
"Bourne supremacy",1178128740,1178666280,537540,114589154.9652
"Bourne supremacy",1178152860,1485068256,306915396,114589154.9652
"Bourne supremacy",1178152860,1485068256,306915396,114589154.9652
"Bourne supremacy",1178152860,1179190620,1037760,114589154.9652
"Bourne supremacy",1178224260,1485068256,306843996,114589154.9652
"Bourne supremacy",1178224680,1485068256,306843576,114589154.9652
"Bourne supremacy",1178224680,1178485260,260580,114589154.9652
"Bourne supremacy",1178224680,1178563440,338760,114589154.9652
"Bourne supremacy",1178231460,1485068256,306836796,114589154.9652
"Bourne supremacy",1178234700,1485068256,306833556,114589154.9652
"Bourne supremacy",1178234700,1179434340,1199640,114589154.9652
"Bourne supremacy",1178240880,1485068256,306827376,114589154.9652
"Bourne supremacy",1178245260,1485068256,306822996,114589154.9652
"Bourne supremacy",1178303340,1485068256,306764916,114589154.9652
"Bourne supremacy",1178303340,1179279840,976500,114589154.9652
"Bourne supremacy",1178315220,1485068256,306753036,114589154.9652
"Bourne supremacy",1178315520,1485068256,306752736,114589154.9652
"Bourne supremacy",1178315520,1179368700,1053180,114589154.9652
"Bourne supremacy",1178394360,1485068256,306673896,114589154.9652
"Bourne supremacy",1178394360,1179349860,955500,114589154.9652
"Bourne supremacy",1178394900,1485068256,306673356,114589154.9652
"Bourne supremacy",1178394900,1179600360,1205460,114589154.9652
"Bourne supremacy",1178394900,1179789060,1394160,114589154.9652
"Bourne supremacy",1178398860,1485068256,306669396,114589154.9652
"Bourne supremacy",1178398860,1178585820,186960,114589154.9652
"Bourne supremacy",1178407020,1485068256,306661236,114589154.9652
"Bourne supremacy",1178407020,1179088920,681900,114589154.9652
"Bourne supremacy",1178408220,1485068256,306660036,114589154.9652
"Bourne supremacy",1178408220,1179532020,1123800,114589154.9652
"Bourne supremacy",1178579820,1485068256,306488436,114589154.9652
"Bourne supremacy",1178583420,1485068256,306484836,114589154.9652
"Bourne supremacy",1178583420,1179875280,1291860,114589154.9652
"Bourne supremacy",1178660700,1178660820,120,114589154.9652
"Bourne supremacy",1178660700,1179177360,516660,114589154.9652
"Bourne supremacy",1178741940,1179433980,692040,114589154.9652
"Bourne supremacy",1178744700,1179192900,448200,114589154.9652
"Bourne supremacy",1178823480,1179431940,608460,114589154.9652
"Bourne supremacy",1178829660,1179349380,519720,114589154.9652
"Bourne supremacy",1178840040,1485068256,306228216,114589154.9652
"Bourne supremacy",1178840040,1178919900,79860,114589154.9652
"Bourne supremacy",1178840040,1179269160,429120,114589154.9652
"Bourne supremacy",1178910120,1485068256,306158136,114589154.9652
"Bourne supremacy",1178910120,1485068256,306158136,114589154.9652
"Bourne supremacy",1178910120,1178998080,87960,114589154.9652
"Bourne supremacy",1178910120,1179957720,1047600,114589154.9652
"Bourne supremacy",1178910120,1179984600,1074480,114589154.9652
"Bourne supremacy",1178915400,1485068256,306152856,114589154.9652
"Bourne supremacy",1178915400,1181341920,2426520,114589154.9652
"Bourne supremacy",1178915400,1182449220,3533820,114589154.9652
"Bourne supremacy",1178918100,1485068256,306150156,114589154.9652
"Bourne supremacy",1178918100,1179455760,537660,114589154.9652
"Bourne supremacy",1178919120,1485068256,306149136,114589154.9652
"Bourne supremacy",1178919120,1179957540,1038420,114589154.9652
"Bourne supremacy",1178924700,1485068256,306143556,114589154.9652
"Bourne supremacy",1178924700,1179361320,436620,114589154.9652
"Bourne supremacy",1178927700,1485068256,306140556,114589154.9652
"Bourne supremacy",1178927700,1179600960,673260,114589154.9652
"Bourne supremacy",1178927700,1179939240,1011540,114589154.9652
"Bourne supremacy",1178929440,1485068256,306138816,114589154.9652
"Bourne supremacy",1178929440,1179268440,339000,114589154.9652
"Bourne supremacy",1179016980,1485068256,306051276,114589154.9652
"Bourne supremacy",1179090780,1485068256,305977476,114589154.9652
"Bourne supremacy",1179099300,1485068256,305968956,114589154.9652
"Bourne supremacy",1179099300,1180200420,1101120,114589154.9652
"Bourne supremacy",1179161100,1179161160,60,114589154.9652
"Bourne supremacy",1179161100,1179776520,615420,114589154.9652
"Bourne supremacy",1179161160,1179161160,0,114589154.9652
"Bourne supremacy",1179174600,1485068256,305893656,114589154.9652
"Bourne supremacy",1179174600,1179864180,689580,114589154.9652
"Bourne supremacy",1179179700,1485068256,305888556,114589154.9652
"Bourne supremacy",1179179700,1184223600,5043900,114589154.9652
"Bourne supremacy",1179179700,1189203480,10023780,114589154.9652
"Bourne supremacy",1179179700,1189722120,10542420,114589154.9652
"Bourne supremacy",1179179700,1189799880,10620180,114589154.9652
"Bourne supremacy",1179186900,1485068256,305881356,114589154.9652
"Bourne supremacy",1179186900,1180219140,1032240,114589154.9652
"Bourne supremacy",1179197760,1485068256,305870496,114589154.9652
"Bourne supremacy",1179197760,1179799200,601440,114589154.9652
"Bourne supremacy",1179258060,1485068256,305810196,114589154.9652
"Bourne supremacy",1179258060,1180477800,1219740,114589154.9652
"Bourne supremacy",1179258180,1485068256,305810076,114589154.9652
"Bourne supremacy",1179270120,1485068256,305798136,114589154.9652
"Bourne supremacy",1179270120,1181506740,2236620,114589154.9652
"Bourne supremacy",1179271860,1485068256,305796396,114589154.9652
"Bourne supremacy",1179271860,1181513100,2241240,114589154.9652
"Bourne supremacy",1179273240,1485068256,305795016,114589154.9652
"Bourne supremacy",1179273240,1179797040,523800,114589154.9652
"Bourne supremacy",1179280380,1485068256,305787876,114589154.9652
"Bourne supremacy",1179280380,1179787560,507180,114589154.9652
"Bourne supremacy",1179282420,1485068256,305785836,114589154.9652
"Bourne supremacy",1179282420,1179694440,412020,114589154.9652
"Bourne supremacy",1179349380,1485068256,305718876,114589154.9652
"Bourne supremacy",1179349380,1182375540,3026160,114589154.9652
"Bourne supremacy",1179362940,1485068256,305705316,114589154.9652
"Bourne supremacy",1179423540,1485068256,305644716,114589154.9652
"Bourne supremacy",1179423540,1181324880,1901340,114589154.9652
"Bourne supremacy",1179439680,1485068256,305628576,114589154.9652
"Bourne supremacy",1179440100,1485068256,305628156,114589154.9652
"Bourne supremacy",1179440100,1179619200,179100,114589154.9652
"Bourne supremacy",1179440100,1179783060,342960,114589154.9652
"Bourne supremacy",1179449160,1485068256,305619096,114589154.9652
"Bourne supremacy",1179449160,1179973920,524760,114589154.9652
"Bourne supremacy",1179449340,1485068256,305618916,114589154.9652
"Bourne supremacy",1179457080,1485068256,305611176,114589154.9652
"Bourne supremacy",1179518280,1485068256,305549976,114589154.9652
"Bourne supremacy",1179518280,1179802680,284400,114589154.9652
"Bourne supremacy",1179525120,1485068256,305543136,114589154.9652
"Bourne supremacy",1179525120,1182469200,2944080,114589154.9652
"Bourne supremacy",1179525120,1184003040,4477920,114589154.9652
"Bourne supremacy",1179525120,1184873460,5348340,114589154.9652
"Bourne supremacy",1179525120,1184959620,5434500,114589154.9652
"Bourne supremacy",1179526440,1485068256,305541816,114589154.9652
"Bourne supremacy",1179526440,1180131960,605520,114589154.9652
"Bourne supremacy",1179598980,1485068256,305469276,114589154.9652
"Bourne supremacy",1179602400,1485068256,305465856,114589154.9652
"Bourne supremacy",1179602400,1180207680,605280,114589154.9652
"Bourne supremacy",1179793800,1485068256,305274456,114589154.9652
"Bourne supremacy",1179801480,1485068256,305266776,114589154.9652
"Bourne supremacy",1179801900,1485068256,305266356,114589154.9652
"Bourne supremacy",1179801900,1179945060,143160,114589154.9652
"Bourne supremacy",1179864600,1485068256,305203656,114589154.9652
"Bourne supremacy",1179864600,1180491480,626880,114589154.9652
"Bourne supremacy",1179873480,1485068256,305194776,114589154.9652
"Bourne supremacy",1179873480,1181419620,1546140,114589154.9652
"Bourne supremacy",1179876060,1485068256,305192196,114589154.9652
"Bourne supremacy",1179881640,1485068256,305186616,114589154.9652
"Bourne supremacy",1179882000,1485068256,305186256,114589154.9652
"Bourne supremacy",1179949980,1485068256,305118276,114589154.9652
"Bourne supremacy",1179957120,1485068256,305111136,114589154.9652
"Bourne supremacy",1179957120,1179967980,10860,114589154.9652
"Bourne supremacy",1179957120,1180381500,424380,114589154.9652
"Bourne supremacy",1179969480,1485068256,305098776,114589154.9652
"Bourne supremacy",1179973740,1485068256,305094516,114589154.9652
"Bourne supremacy",1179973740,1180221120,247380,114589154.9652
"Bourne supremacy",1179973740,1181266920,1293180,114589154.9652
"Bourne supremacy",1179973740,1181344560,1370820,114589154.9652
"Bourne supremacy",1179974340,1485068256,305093916,114589154.9652
"Bourne supremacy",1180041480,1485068256,305026776,114589154.9652
"Bourne supremacy",1180041480,1183421820,3380340,114589154.9652
"Bourne supremacy",1180041480,1183774560,3733080,114589154.9652
"Bourne supremacy",1180041480,1184010240,3968760,114589154.9652
"Bourne supremacy",1180044300,1485068256,305023956,114589154.9652
"Bourne supremacy",1180044300,1180489020,444720,114589154.9652
"Bourne supremacy",1180053300,1485068256,305014956,114589154.9652
"Bourne supremacy",1180053300,1181774460,1721160,114589154.9652
"Bourne supremacy",1180053300,1181934420,1881120,114589154.9652
"Bourne supremacy",1180053300,1182201840,2148540,114589154.9652
"Bourne supremacy",1180054140,1485068256,305014116,114589154.9652
"Bourne supremacy",1180112940,1485068256,304955316,114589154.9652
"Bourne supremacy",1180206960,1485068256,304861296,114589154.9652
"Bourne supremacy",1180294920,1485068256,304773336,114589154.9652
"Bourne supremacy",1180294920,1181434440,1139520,114589154.9652
"Bourne supremacy",1180308360,1485068256,304759896,114589154.9652
"Bourne supremacy",1180308360,1182808980,2500620,114589154.9652
"Bourne supremacy",1180309740,1485068256,304758516,114589154.9652
"Bourne supremacy",1180469040,1485068256,304599216,114589154.9652
"Bourne supremacy",1180469040,1185433200,4964160,114589154.9652
"Bourne supremacy",1180469040,1186518540,6049500,114589154.9652
"Bourne supremacy",1180469040,1187371500,6902460,114589154.9652
"Bourne supremacy",1180469040,1187909460,7440420,114589154.9652
"Bourne supremacy",1180476780,1485068256,304591476,114589154.9652
"Bourne supremacy",1180476780,1181685120,1208340,114589154.9652
"Bourne supremacy",1180481760,1485068256,304586496,114589154.9652
"Bourne supremacy",1180488840,1485068256,304579416,114589154.9652
"Bourne supremacy",1180492500,1485068256,304575756,114589154.9652
"Bourne supremacy",1180492620,1485068256,304575636,114589154.9652
"Bourne supremacy",1180492620,1182664800,2172180,114589154.9652
"Bourne supremacy",1180492620,1182904620,2412000,114589154.9652
"Bourne supremacy",1180492620,1184276880,3784260,114589154.9652
"Bourne supremacy",1180494180,1485068256,304574076,114589154.9652
"Bourne supremacy",1180494180,1181694120,1199940,114589154.9652
"Bourne supremacy",1180642320,1181258880,616560,114589154.9652
"Bourne supremacy",1180652280,1181866200,1213920,114589154.9652
"Bourne supremacy",1180739160,1181435040,695880,114589154.9652
"Bourne supremacy",1180741680,1181845980,1104300,114589154.9652
"Bourne supremacy",1180741680,1181943240,1201560,114589154.9652
"Bourne supremacy",1180807920,1181600220,792300,114589154.9652
"Bourne supremacy",1180987740,1181594580,606840,114589154.9652
"Bourne supremacy",1180987740,1182369600,1381860,114589154.9652
"Bourne supremacy",1180989420,1181510280,520860,114589154.9652
"Bourne supremacy",1180990200,1181420640,430440,114589154.9652
"Bourne supremacy",1180999980,1181605560,605580,114589154.9652
"Bourne supremacy",1181001480,1181683260,681780,114589154.9652
"Bourne supremacy",1181004540,1181778240,773700,114589154.9652
"Bourne supremacy",1181011620,1182465120,1453500,114589154.9652
"Bourne supremacy",1181158920,1181323860,164940,114589154.9652
"Bourne supremacy",1181242260,1182720120,1477860,114589154.9652
"Bourne supremacy",1181244120,1181419140,175020,114589154.9652
"Bourne supremacy",1181251560,1485068256,303816696,114589154.9652
"Bourne supremacy",1181327520,1485068256,303740736,114589154.9652
"Bourne supremacy",1181327520,1181602440,274920,114589154.9652
"Bourne supremacy",1181329620,1485068256,303738636,114589154.9652
"Bourne supremacy",1181329620,1182220080,890460,114589154.9652
"Bourne supremacy",1181418660,1485068256,303649596,114589154.9652
"Bourne supremacy",1181424180,1485068256,303644076,114589154.9652
"Bourne supremacy",1181424180,1182205500,781320,114589154.9652
"Bourne supremacy",1181424180,1182408120,983940,114589154.9652
"Bourne supremacy",1181436840,1485068256,303631416,114589154.9652
"Bourne supremacy",1181436840,1181518800,81960,114589154.9652
"Bourne supremacy",1181506560,1485068256,303561696,114589154.9652
"Bourne supremacy",1181506560,1182480120,973560,114589154.9652
"Bourne supremacy",1181516640,1485068256,303551616,114589154.9652
"Bourne supremacy",1181516640,1182641520,1124880,114589154.9652
"Bourne supremacy",1181517840,1485068256,303550416,114589154.9652
"Bourne supremacy",1181517840,1181598420,80580,114589154.9652
"Bourne supremacy",1181595900,1485068256,303472356,114589154.9652
"Bourne supremacy",1181595900,1181862600,266700,114589154.9652
"Bourne supremacy",1181600160,1485068256,303468096,114589154.9652
"Bourne supremacy",1181614620,1485068256,303453636,114589154.9652
"Bourne supremacy",1181615340,1485068256,303452916,114589154.9652
"Bourne supremacy",1181615340,1181783880,168540,114589154.9652
"Bourne supremacy",1181685240,1485068256,303383016,114589154.9652
"Bourne supremacy",1181685240,1182210420,525180,114589154.9652
"Bourne supremacy",1181698140,1485068256,303370116,114589154.9652
"Bourne supremacy",1181698140,1182636900,938760,114589154.9652
"Bourne supremacy",1181771400,1485068256,303296856,114589154.9652
"Bourne supremacy",1181771400,1182297960,526560,114589154.9652
"Bourne supremacy",1181789700,1485068256,303278556,114589154.9652
"Bourne supremacy",1181859660,1485068256,303208596,114589154.9652
"Bourne supremacy",1181859660,1183151280,1291620,114589154.9652
"Bourne supremacy",1181859660,1183656540,1796880,114589154.9652
"Bourne supremacy",1181872980,1485068256,303195276,114589154.9652
"Bourne supremacy",1181872980,1182110100,237120,114589154.9652
"Bourne supremacy",1181954280,1485068256,303113976,114589154.9652
"Bourne supremacy",1181954280,1182801900,847620,114589154.9652
"Bourne supremacy",1181955060,1485068256,303113196,114589154.9652
"Bourne supremacy",1181955060,1182641820,686760,114589154.9652
"Bourne supremacy",1182022380,1485068256,303045876,114589154.9652
"Bourne supremacy",1182025500,1485068256,303042756,114589154.9652
"Bourne supremacy",1182025500,1183330920,1305420,114589154.9652
"Bourne supremacy",1182186480,1485068256,302881776,114589154.9652
"Bourne supremacy",1182186480,1182359280,172800,114589154.9652
"Bourne supremacy",1182186480,1182362640,176160,114589154.9652
"Bourne supremacy",1182186480,1182451200,264720,114589154.9652
"Bourne supremacy",1182204540,1485068256,302863716,114589154.9652
"Bourne supremacy",1182204540,1183334040,1129500,114589154.9652
"Bourne supremacy",1182219660,1485068256,302848596,114589154.9652
"Bourne supremacy",1182219660,1182996900,777240,114589154.9652
"Bourne supremacy",1182220860,1485068256,302847396,114589154.9652
"Bourne supremacy",1182220860,1182387180,166320,114589154.9652
"Bourne supremacy",1182281640,1485068256,302786616,114589154.9652
"Bourne supremacy",1182281640,1182802620,520980,114589154.9652
"Bourne supremacy",1182297540,1485068256,302770716,114589154.9652
"Bourne supremacy",1182297540,1183070340,772800,114589154.9652
"Bourne supremacy",1182297540,1183495260,1197720,114589154.9652
"Bourne supremacy",1182299760,1485068256,302768496,114589154.9652
"Bourne supremacy",1182368880,1485068256,302699376,114589154.9652
"Bourne supremacy",1182368880,1183685520,1316640,114589154.9652
"Bourne supremacy",1182371040,1485068256,302697216,114589154.9652
"Bourne supremacy",1182371040,1184432580,2061540,114589154.9652
"Bourne supremacy",1182371040,1184792580,2421540,114589154.9652
"Bourne supremacy",1182371040,1185827280,3456240,114589154.9652
"Bourne supremacy",1182371040,1185916080,3545040,114589154.9652
"Bourne supremacy",1182379200,1485068256,302689056,114589154.9652
"Bourne supremacy",1182379200,1184797200,2418000,114589154.9652
"Bourne supremacy",1182390360,1485068256,302677896,114589154.9652
"Bourne supremacy",1182390360,1184027040,1636680,114589154.9652
"Bourne supremacy",1182390360,1184351280,1960920,114589154.9652
"Bourne supremacy",1182462300,1485068256,302605956,114589154.9652
"Bourne supremacy",1182462300,1183416840,954540,114589154.9652
"Bourne supremacy",1182462300,1183767780,1305480,114589154.9652
"Bourne supremacy",1182466260,1485068256,302601996,114589154.9652
"Bourne supremacy",1182466260,1182825720,359460,114589154.9652
"Bourne supremacy",1182466260,1183145700,679440,114589154.9652
"Bourne supremacy",1182474060,1485068256,302594196,114589154.9652
"Bourne supremacy",1182474060,1182908940,434880,114589154.9652
"Bourne supremacy",1182532800,1485068256,302535456,114589154.9652
"Bourne supremacy",1182532800,1184369340,1836540,114589154.9652
"Bourne supremacy",1182532800,1184810880,2278080,114589154.9652
"Bourne supremacy",1182558900,1485068256,302509356,114589154.9652
"Bourne supremacy",1182558900,1182900540,341640,114589154.9652
"Bourne supremacy",1182623880,1485068256,302444376,114589154.9652
"Bourne supremacy",1182623880,1183509060,885180,114589154.9652
"Bourne supremacy",1182629220,1485068256,302439036,114589154.9652
"Bourne supremacy",1182629220,1183084080,454860,114589154.9652
"Bourne supremacy",1182632580,1485068256,302435676,114589154.9652
"Bourne supremacy",1182632580,1184725980,2093400,114589154.9652
"Bourne supremacy",1182646380,1485068256,302421876,114589154.9652
"Bourne supremacy",1182646380,1184877300,2230920,114589154.9652
"Bourne supremacy",1182796440,1485068256,302271816,114589154.9652
"Bourne supremacy",1182796440,1185214740,2418300,114589154.9652
"Bourne supremacy",1182796440,1185505320,2708880,114589154.9652
"Bourne supremacy",1182796440,1186094340,3297900,114589154.9652
"Bourne supremacy",1182796440,1186163040,3366600,114589154.9652
"Bourne supremacy",1182807120,1485068256,302261136,114589154.9652
"Bourne supremacy",1182820020,1485068256,302248236,114589154.9652
"Bourne supremacy",1182820020,1185221760,2401740,114589154.9652
"Bourne supremacy",1182820020,1185575820,2755800,114589154.9652
"Bourne supremacy",1182889560,1485068256,302178696,114589154.9652
"Bourne supremacy",1182889560,1184276220,1386660,114589154.9652
"Bourne supremacy",1182889560,1184561460,1671900,114589154.9652
"Bourne supremacy",1182893100,1485068256,302175156,114589154.9652
"Bourne supremacy",1182893100,1184280420,1387320,114589154.9652
"Bourne supremacy",1182893100,1184618940,1725840,114589154.9652
"Bourne supremacy",1182893160,1485068256,302175096,114589154.9652
"Bourne supremacy",1182893160,1183495260,602100,114589154.9652
"Bourne supremacy",1182898020,1485068256,302170236,114589154.9652
"Bourne supremacy",1182898020,1184393820,1495800,114589154.9652
"Bourne supremacy",1182898020,1184626080,1728060,114589154.9652
"Bourne supremacy",1182898020,1186082040,3184020,114589154.9652
"Bourne supremacy",1182898020,1186767240,3869220,114589154.9652
"Bourne supremacy",1182900420,1485068256,302167836,114589154.9652
"Bourne supremacy",1182900420,1183084860,184440,114589154.9652
"Bourne supremacy",1182906060,1485068256,302162196,114589154.9652
"Bourne supremacy",1182906060,1183071600,165540,114589154.9652
"Bourne supremacy",1182906060,1183413600,507540,114589154.9652
"Bourne supremacy",1182906060,1183497780,591720,114589154.9652
"Bourne supremacy",1182970980,1485068256,302097276,114589154.9652
"Bourne supremacy",1182970980,1184028540,1057560,114589154.9652
"Bourne supremacy",1182980520,1485068256,302087736,114589154.9652
"Bourne supremacy",1182983280,1485068256,302084976,114589154.9652
"Bourne supremacy",1182983280,1183317480,334200,114589154.9652
"Bourne supremacy",1183057380,1485068256,302010876,114589154.9652
"Bourne supremacy",1183057380,1183327980,270600,114589154.9652
"Bourne supremacy",1183061280,1485068256,302006976,114589154.9652
"Bourne supremacy",1183061280,1183428720,367440,114589154.9652
"Bourne supremacy",1183067220,1485068256,302001036,114589154.9652
"Bourne supremacy",1183067220,1183509120,441900,114589154.9652
"Bourne supremacy",1183071720,1485068256,301996536,114589154.9652
"Bourne supremacy",1183071720,1184371560,1299840,114589154.9652
"Bourne supremacy",1183076880,1485068256,301991376,114589154.9652
"Bourne supremacy",1183078560,1485068256,301989696,114589154.9652
"Bourne supremacy",1183078560,1184292540,1213980,114589154.9652
"Bourne supremacy",1183155720,1485068256,301912536,114589154.9652
"Bourne supremacy",1183155720,1184204580,1048860,114589154.9652
"Bourne supremacy",1183161660,1485068256,301906596,114589154.9652
"Bourne supremacy",1183161660,1183746900,585240,114589154.9652
"Bourne supremacy",1183164960,1485068256,301903296,114589154.9652
"Bourne supremacy",1183164960,1187201820,4036860,114589154.9652
"Bourne supremacy",1183164960,1187306820,4141860,114589154.9652
"Bourne supremacy",1183223040,1485068256,301845216,114589154.9652
"Bourne supremacy",1183223040,1184009220,786180,114589154.9652
"Bourne supremacy",1183331700,1485068256,301736556,114589154.9652
"Bourne supremacy",1183331700,1183663620,331920,114589154.9652
"Bourne supremacy",1183408020,1485068256,301660236,114589154.9652
"Bourne supremacy",1183408020,1183676460,268440,114589154.9652
"Bourne supremacy",1183416180,1485068256,301652076,114589154.9652
"Bourne supremacy",1183416180,1184791080,1374900,114589154.9652
"Bourne supremacy",1183416180,1185212220,1796040,114589154.9652
"Bourne supremacy",1183510320,1485068256,301557936,114589154.9652
"Bourne supremacy",1183510320,1183754100,243780,114589154.9652
"Bourne supremacy",1183511760,1485068256,301556496,114589154.9652
"Bourne supremacy",1183511760,1184192640,680880,114589154.9652
"Bourne supremacy",1183511760,1184719980,1208220,114589154.9652
"Bourne supremacy",1183661520,1485068256,301406736,114589154.9652
"Bourne supremacy",1183661520,1184026620,365100,114589154.9652
"Bourne supremacy",1183661520,1184261220,599700,114589154.9652
"Bourne supremacy",1183661520,1184618280,956760,114589154.9652
"Bourne supremacy",1183672320,1485068256,301395936,114589154.9652
"Bourne supremacy",1183672320,1184541720,869400,114589154.9652
"Bourne supremacy",1183678620,1485068256,301389636,114589154.9652
"Bourne supremacy",1183679040,1485068256,301389216,114589154.9652
"Bourne supremacy",1183679040,1184435040,756000,114589154.9652
"Bourne supremacy",1183679040,1184709600,1030560,114589154.9652
"Bourne supremacy",1183679040,1184786820,1107780,114589154.9652
"Bourne supremacy",1183682100,1485068256,301386156,114589154.9652
"Bourne supremacy",1183682100,1184893500,1211400,114589154.9652
"Bourne supremacy",1183682100,1184985180,1303080,114589154.9652
"Bourne supremacy",1183744500,1485068256,301323756,114589154.9652
"Bourne supremacy",1183744500,1185227940,1483440,114589154.9652
"Bourne supremacy",1183747260,1485068256,301320996,114589154.9652
"Bourne supremacy",1183747260,1184364060,616800,114589154.9652
"Bourne supremacy",1183755180,1485068256,301313076,114589154.9652
"Bourne supremacy",1183755180,1186344780,2589600,114589154.9652
"Bourne supremacy",1183760700,1485068256,301307556,114589154.9652
"Bourne supremacy",1183760700,1184201880,441180,114589154.9652
"Bourne supremacy",1183760700,1184720880,960180,114589154.9652
"Bourne supremacy",1183760700,1184796120,1035420,114589154.9652
"Bourne supremacy",1183922400,1485068256,301145856,114589154.9652
"Bourne supremacy",1183922400,1185057000,1134600,114589154.9652
"Bourne supremacy",1183932000,1485068256,301136256,114589154.9652
"Bourne supremacy",1183939920,1485068256,301128336,114589154.9652
"Bourne supremacy",1183939920,1184199420,259500,114589154.9652
"Bourne supremacy",1183939920,1184268480,328560,114589154.9652
"Bourne supremacy",1184022180,1485068256,301046076,114589154.9652
"Bourne supremacy",1184022180,1184977080,954900,114589154.9652
"Bourne supremacy",1184028660,1485068256,301039596,114589154.9652
"Bourne supremacy",1184028660,1184452080,423420,114589154.9652
"Bourne supremacy",1184109600,1485068256,300958656,114589154.9652
"Bourne supremacy",1184109600,1185326640,1217040,114589154.9652
"Bourne supremacy",1184109600,1185587640,1478040,114589154.9652
"Bourne supremacy",1184109600,1185901740,1792140,114589154.9652
"Bourne supremacy",1184109600,1187128620,3019020,114589154.9652
"Bourne supremacy",1184109600,1187646780,3537180,114589154.9652
"Bourne supremacy",1184111160,1485068256,300957096,114589154.9652
"Bourne supremacy",1184111160,1186009800,1898640,114589154.9652
"Bourne supremacy",1184111160,1186085040,1973880,114589154.9652
"Bourne supremacy",1184115000,1485068256,300953256,114589154.9652
"Bourne supremacy",1184179560,1485068256,300888696,114589154.9652
"Bourne supremacy",1184261340,1485068256,300806916,114589154.9652
"Bourne supremacy",1184261340,1184613360,352020,114589154.9652
"Bourne supremacy",1184261340,1184705520,444180,114589154.9652
"Bourne supremacy",1184276760,1485068256,300791496,114589154.9652
"Bourne supremacy",1184276760,1184635020,358260,114589154.9652
"Bourne supremacy",1184276760,1185419520,1142760,114589154.9652
"Bourne supremacy",1184276760,1185474240,1197480,114589154.9652
"Bourne supremacy",1184292600,1485068256,300775656,114589154.9652
"Bourne supremacy",1184292600,1185647160,1354560,114589154.9652
"Bourne supremacy",1184295360,1485068256,300772896,114589154.9652
"Bourne supremacy",1184295360,1185141780,846420,114589154.9652
"Bourne supremacy",1184366220,1485068256,300702036,114589154.9652
"Bourne supremacy",1184366220,1185487740,1121520,114589154.9652
"Bourne supremacy",1184366220,1185823740,1457520,114589154.9652
"Bourne supremacy",1184435520,1485068256,300632736,114589154.9652
"Bourne supremacy",1184435520,1184638260,202740,114589154.9652
"Bourne supremacy",1184443380,1485068256,300624876,114589154.9652
"Bourne supremacy",1184443380,1184970780,527400,114589154.9652
"Bourne supremacy",1184443380,1185561300,1117920,114589154.9652
"Bourne supremacy",1184443380,1185830820,1387440,114589154.9652
"Bourne supremacy",1184443380,1186859400,2416020,114589154.9652
"Bourne supremacy",1184443380,1187033460,2590080,114589154.9652
"Bourne supremacy",1184533680,1485068256,300534576,114589154.9652
"Bourne supremacy",1184533680,1185388260,854580,114589154.9652
"Bourne supremacy",1184626320,1485068256,300441936,114589154.9652
"Bourne supremacy",1184626320,1185389040,762720,114589154.9652
"Bourne supremacy",1184637780,1485068256,300430476,114589154.9652
"Bourne supremacy",1184637780,1186083900,1446120,114589154.9652
"Bourne supremacy",1184696880,1485068256,300371376,114589154.9652
"Bourne supremacy",1184696880,1185816240,1119360,114589154.9652
"Bourne supremacy",1184719380,1485068256,300348876,114589154.9652
"Bourne supremacy",1184719380,1186009560,1290180,114589154.9652
"Bourne supremacy",1184719380,1186456020,1736640,114589154.9652
"Bourne supremacy",1184719380,1186602720,1883340,114589154.9652
"Bourne supremacy",1184723520,1485068256,300344736,114589154.9652
"Bourne supremacy",1184723520,1185923160,1199640,114589154.9652
"Bourne supremacy",1184727120,1485068256,300341136,114589154.9652
"Bourne supremacy",1184727120,1186510080,1782960,114589154.9652
"Bourne supremacy",1184800020,1485068256,300268236,114589154.9652
"Bourne supremacy",1184800020,1186786320,1986300,114589154.9652
"Bourne supremacy",1184807400,1485068256,300260856,114589154.9652
"Bourne supremacy",1184807400,1185322380,514980,114589154.9652
"Bourne supremacy",1184807400,1185566700,759300,114589154.9652
"Bourne supremacy",1184807400,1186856220,2048820,114589154.9652
"Bourne supremacy",1184807400,1187125740,2318340,114589154.9652
"Bourne supremacy",1184809440,1485068256,300258816,114589154.9652
"Bourne supremacy",1184809440,1186591680,1782240,114589154.9652
"Bourne supremacy",1184809440,1187204820,2395380,114589154.9652
"Bourne supremacy",1184880180,1485068256,300188076,114589154.9652
"Bourne supremacy",1184880180,1185144060,263880,114589154.9652
"Bourne supremacy",1184972220,1485068256,300096036,114589154.9652
"Bourne supremacy",1184976180,1485068256,300092076,114589154.9652
"Bourne supremacy",1184979480,1485068256,300088776,114589154.9652
"Bourne supremacy",1184979480,1186092960,1113480,114589154.9652
"Bourne supremacy",1185061140,1485068256,300007116,114589154.9652
"Bourne supremacy",1185061140,1185559200,498060,114589154.9652
"Bourne supremacy",1185061140,1185823440,762300,114589154.9652
"Bourne supremacy",1185061980,1485068256,300006276,114589154.9652
"Bourne supremacy",1185061980,1185666060,604080,114589154.9652
"Bourne supremacy",1185065040,1485068256,300003216,114589154.9652
"Bourne supremacy",1185065040,1186265580,1200540,114589154.9652
"Bourne supremacy",1185132480,1485068256,299935776,114589154.9652
"Bourne supremacy",1185133200,1485068256,299935056,114589154.9652
"Bourne supremacy",1185224100,1485068256,299844156,114589154.9652
"Bourne supremacy",1185224100,1186952880,1728780,114589154.9652
"Bourne supremacy",1185224100,1187114940,1890840,114589154.9652
"Bourne supremacy",1185234120,1485068256,299834136,114589154.9652
"Bourne supremacy",1185234120,1187284320,2050200,114589154.9652
"Bourne supremacy",1185236160,1485068256,299832096,114589154.9652
"Bourne supremacy",1185236160,1187662440,2426280,114589154.9652
"Bourne supremacy",1185236160,1187806200,2570040,114589154.9652
"Bourne supremacy",1185236160,1187912820,2676660,114589154.9652
"Bourne supremacy",1185236160,1189101000,3864840,114589154.9652
"Bourne supremacy",1185236160,1189661940,4425780,114589154.9652
"Bourne supremacy",1185236160,1189704720,4468560,114589154.9652
"Bourne supremacy",1185316080,1485068256,299752176,114589154.9652
"Bourne supremacy",1185392880,1485068256,299675376,114589154.9652
"Bourne supremacy",1185392880,1186602360,1209480,114589154.9652
"Bourne supremacy",1185392880,1186681620,1288740,114589154.9652
"Bourne supremacy",1185413760,1485068256,299654496,114589154.9652
"Bourne supremacy",1185413760,1186713720,1299960,114589154.9652
"Bourne supremacy",1185413760,1187291760,1878000,114589154.9652
"Bourne supremacy",1185473700,1485068256,299594556,114589154.9652
"Bourne supremacy",1185473700,1186177500,703800,114589154.9652
"Bourne supremacy",1185504960,1485068256,299563296,114589154.9652
"Bourne supremacy",1185504960,1187128080,1623120,114589154.9652
"Bourne supremacy",1185504960,1187217060,1712100,114589154.9652
"Bourne supremacy",1185558360,1485068256,299509896,114589154.9652
"Bourne supremacy",1185558360,1186184400,626040,114589154.9652
"Bourne supremacy",1185559440,1485068256,299508816,114589154.9652
"Bourne supremacy",1185559440,1188321780,2762340,114589154.9652
"Bourne supremacy",1185645780,1485068256,299422476,114589154.9652
"Bourne supremacy",1185646620,1485068256,299421636,114589154.9652
"Bourne supremacy",1185646620,1185850500,203880,114589154.9652
"Bourne supremacy",1185646620,1186168800,522180,114589154.9652
"Bourne supremacy",1185831540,1485068256,299236716,114589154.9652
"Bourne supremacy",1185831540,1187222700,1391160,114589154.9652
"Bourne supremacy",1185831540,1187318520,1486980,114589154.9652
"Bourne supremacy",1185831540,1188165120,2333580,114589154.9652
"Bourne supremacy",1185831540,1188243840,2412300,114589154.9652
"Bourne supremacy",1185831540,1189210020,3378480,114589154.9652
"Bourne supremacy",1185834660,1485068256,299233596,114589154.9652
"Bourne supremacy",1185834660,1186608000,773340,114589154.9652
"Bourne supremacy",1185834660,1187071680,1237020,114589154.9652
"Bourne supremacy",1185834660,1187132940,1298280,114589154.9652
"Bourne supremacy",1185845520,1485068256,299222736,114589154.9652
"Bourne supremacy",1185845520,1187985300,2139780,114589154.9652
"Bourne supremacy",1185845520,1189135260,3289740,114589154.9652
"Bourne supremacy",1185845520,1189191720,3346200,114589154.9652
"Bourne supremacy",1185845520,1190586300,4740780,114589154.9652
"Bourne supremacy",1185929580,1485068256,299138676,114589154.9652
"Bourne supremacy",1185929580,1186622640,693060,114589154.9652
"Bourne supremacy",1185929580,1186687320,757740,114589154.9652
"Bourne supremacy",1185932100,1185932100,0,114589154.9652
"Bourne supremacy",1185932100,1186174500,242400,114589154.9652
"Bourne supremacy",1185933900,1485068256,299134356,114589154.9652
"Bourne supremacy",1185933900,1186352760,418860,114589154.9652
"Bourne supremacy",1185933900,1186680780,746880,114589154.9652
"Bourne supremacy",1185933900,1187632500,1698600,114589154.9652
"Bourne supremacy",1185933900,1187725680,1791780,114589154.9652
"Bourne supremacy",1185988680,1485068256,299079576,114589154.9652
"Bourne supremacy",1185988680,1186175940,187260,114589154.9652
"Bourne supremacy",1186021320,1485068256,299046936,114589154.9652
"Bourne supremacy",1186021320,1186261500,240180,114589154.9652
"Bourne supremacy",1186094760,1485068256,298973496,114589154.9652
"Bourne supremacy",1186094760,1186876560,781800,114589154.9652
"Bourne supremacy",1186094760,1187115480,1020720,114589154.9652
"Bourne supremacy",1186099260,1485068256,298968996,114589154.9652
"Bourne supremacy",1186099260,1186445520,346260,114589154.9652
"Bourne supremacy",1186104180,1485068256,298964076,114589154.9652
"Bourne supremacy",1186104180,1187202660,1098480,114589154.9652
"Bourne supremacy",1186188660,1485068256,298879596,114589154.9652
"Bourne supremacy",1186188660,1186425420,236760,114589154.9652
"Bourne supremacy",1186251300,1485068256,298816956,114589154.9652
"Bourne supremacy",1186251300,1186861620,610320,114589154.9652
"Bourne supremacy",1186267380,1485068256,298800876,114589154.9652
"Bourne supremacy",1186342740,1485068256,298725516,114589154.9652
"Bourne supremacy",1186342740,1186521960,179220,114589154.9652
"Bourne supremacy",1186342740,1187031180,688440,114589154.9652
"Bourne supremacy",1186434900,1485068256,298633356,114589154.9652
"Bourne supremacy",1186434900,1187726760,1291860,114589154.9652
"Bourne supremacy",1186434900,1187814780,1379880,114589154.9652
"Bourne supremacy",1186447380,1485068256,298620876,114589154.9652
"Bourne supremacy",1186447380,1186712820,265440,114589154.9652
"Bourne supremacy",1186455060,1485068256,298613196,114589154.9652
"Bourne supremacy",1186455060,1187230740,775680,114589154.9652
"Bourne supremacy",1186455060,1187307180,852120,114589154.9652
"Bourne supremacy",1186627140,1485068256,298441116,114589154.9652
"Bourne supremacy",1186683360,1485068256,298384896,114589154.9652
"Bourne supremacy",1186683360,1188089280,1405920,114589154.9652
"Bourne supremacy",1186692540,1186692540,0,114589154.9652
"Bourne supremacy",1186692540,1187307600,615060,114589154.9652
"Bourne supremacy",1186698000,1485068256,298370256,114589154.9652
"Bourne supremacy",1186698000,1187821920,1123920,114589154.9652
"Bourne supremacy",1186698000,1187914080,1216080,114589154.9652
"Bourne supremacy",1186704960,1485068256,298363296,114589154.9652
"Bourne supremacy",1186704960,1187917800,1212840,114589154.9652
"Bourne supremacy",1186704960,1188105120,1400160,114589154.9652
"Bourne supremacy",1186704960,1188250380,1545420,114589154.9652
"Bourne supremacy",1186705380,1485068256,298362876,114589154.9652
"Bourne supremacy",1186705380,1187831940,1126560,114589154.9652
"Bourne supremacy",1186705380,1187896020,1190640,114589154.9652
"Bourne supremacy",1186707360,1485068256,298360896,114589154.9652
"Bourne supremacy",1186707360,1187727120,1019760,114589154.9652
"Bourne supremacy",1186712820,1485068256,298355436,114589154.9652
"Bourne supremacy",1186712820,1188075840,1363020,114589154.9652
"Bourne supremacy",1186713180,1485068256,298355076,114589154.9652
"Bourne supremacy",1186713180,1189017420,2304240,114589154.9652
"Bourne supremacy",1186713180,1189101120,2387940,114589154.9652
"Bourne supremacy",1186793280,1485068256,298274976,114589154.9652
"Bourne supremacy",1186793280,1188502740,1709460,114589154.9652
"Bourne supremacy",1186858500,1485068256,298209756,114589154.9652
"Bourne supremacy",1186861680,1485068256,298206576,114589154.9652
"Bourne supremacy",1186861680,1188085860,1224180,114589154.9652
"Bourne supremacy",1186861680,1188497220,1635540,114589154.9652
"Bourne supremacy",1186863240,1485068256,298205016,114589154.9652
"Bourne supremacy",1186863240,1187556180,692940,114589154.9652
"Bourne supremacy",1186863240,1187735280,872040,114589154.9652
"Bourne supremacy",1186873560,1485068256,298194696,114589154.9652
"Bourne supremacy",1186962060,1485068256,298106196,114589154.9652
"Bourne supremacy",1186962060,1187991060,1029000,114589154.9652
"Bourne supremacy",1186962060,1188267360,1305300,114589154.9652
"Bourne supremacy",1186962060,1188329640,1367580,114589154.9652
"Bourne supremacy",1187051340,1485068256,298016916,114589154.9652
"Bourne supremacy",1187051340,1187653140,601800,114589154.9652
"Bourne supremacy",1187057700,1485068256,298010556,114589154.9652
"Bourne supremacy",1187057700,1188516360,1458660,114589154.9652
"Bourne supremacy",1187133780,1485068256,297934476,114589154.9652
"Bourne supremacy",1187133780,1187652600,518820,114589154.9652
"Bourne supremacy",1187145060,1187145060,0,114589154.9652
"Bourne supremacy",1187217060,1188514440,1297380,114589154.9652
"Bourne supremacy",1187217060,1188929640,1712580,114589154.9652
"Bourne supremacy",1187230980,1485068256,297837276,114589154.9652
"Bourne supremacy",1187231880,1187232000,120,114589154.9652
"Bourne supremacy",1187232120,1485068256,297836136,114589154.9652
"Bourne supremacy",1187232120,1187460060,227940,114589154.9652
"Bourne supremacy",1187232600,1485068256,297835656,114589154.9652
"Bourne supremacy",1187232600,1187921640,689040,114589154.9652
"Bourne supremacy",1187232900,1485068256,297835356,114589154.9652
"Bourne supremacy",1187232900,1188694200,1461300,114589154.9652
"Bourne supremacy",1187232900,1188767460,1534560,114589154.9652
"Bourne supremacy",1187232900,1189105920,1873020,114589154.9652
"Bourne supremacy",1187232900,1189389540,2156640,114589154.9652
"Bourne supremacy",1187297460,1485068256,297770796,114589154.9652
"Bourne supremacy",1187297460,1188265500,968040,114589154.9652
"Bourne supremacy",1187306760,1485068256,297761496,114589154.9652
"Bourne supremacy",1187306760,1187385840,79080,114589154.9652
"Bourne supremacy",1187306760,1187821920,515160,114589154.9652
"Bourne supremacy",1187314200,1485068256,297754056,114589154.9652
"Bourne supremacy",1187314200,1187483340,169140,114589154.9652
"Bourne supremacy",1187388660,1485068256,297679596,114589154.9652
"Bourne supremacy",1187388660,1189132560,1743900,114589154.9652
"Bourne supremacy",1187393760,1485068256,297674496,114589154.9652
"Bourne supremacy",1187393760,1188340320,946560,114589154.9652
"Bourne supremacy",1187393760,1188582720,1188960,114589154.9652
"Bourne supremacy",1187557320,1485068256,297510936,114589154.9652
"Bourne supremacy",1187642160,1485068256,297426096,114589154.9652
"Bourne supremacy",1187642160,1188085320,443160,114589154.9652
"Bourne supremacy",1187642160,1188499440,857280,114589154.9652
"Bourne supremacy",1187651760,1485068256,297416496,114589154.9652
"Bourne supremacy",1187656380,1485068256,297411876,114589154.9652
"Bourne supremacy",1187656380,1187750160,93780,114589154.9652
"Bourne supremacy",1187656380,1188005580,349200,114589154.9652
"Bourne supremacy",1187656380,1188252660,596280,114589154.9652
"Bourne supremacy",1187656440,1485068256,297411816,114589154.9652
"Bourne supremacy",1187656440,1188258240,601800,114589154.9652
"Bourne supremacy",1187656440,1188332220,675780,114589154.9652
"Bourne supremacy",1187727720,1485068256,297340536,114589154.9652
"Bourne supremacy",1187727720,1188430320,702600,114589154.9652
"Bourne supremacy",1187727720,1188583140,855420,114589154.9652
"Bourne supremacy",1187727720,1188945000,1217280,114589154.9652
"Bourne supremacy",1187739960,1485068256,297328296,114589154.9652
"Bourne supremacy",1187739960,1189194720,1454760,114589154.9652
"Bourne supremacy",1187750160,1485068256,297318096,114589154.9652
"Bourne supremacy",1187750160,1189121940,1371780,114589154.9652
"Bourne supremacy",1187750160,1189465920,1715760,114589154.9652
"Bourne supremacy",1187828160,1485068256,297240096,114589154.9652
"Bourne supremacy",1187828160,1187912760,84600,114589154.9652
"Bourne supremacy",1187828160,1188333180,505020,114589154.9652
"Bourne supremacy",1187901900,1485068256,297166356,114589154.9652
"Bourne supremacy",1187901900,1188524640,622740,114589154.9652
"Bourne supremacy",1187901900,1188940080,1038180,114589154.9652
"Bourne supremacy",1187901900,1189017480,1115580,114589154.9652
"Bourne supremacy",1187901900,1190760840,2858940,114589154.9652
"Bourne supremacy",1187901900,1190921460,3019560,114589154.9652
"Bourne supremacy",1187921520,1485068256,297146736,114589154.9652
"Bourne supremacy",1187921520,1188951540,1030020,114589154.9652
"Bourne supremacy",1187921520,1189106280,1184760,114589154.9652
"Bourne supremacy",1187985540,1485068256,297082716,114589154.9652
"Bourne supremacy",1187985540,1188929940,944400,114589154.9652
"Bourne supremacy",1187985540,1189056900,1071360,114589154.9652
"Bourne supremacy",1187985540,1189100760,1115220,114589154.9652
"Bourne supremacy",1188000540,1485068256,297067716,114589154.9652
"Bourne supremacy",1188001500,1485068256,297066756,114589154.9652
"Bourne supremacy",1188001500,1189271160,1269660,114589154.9652
"Bourne supremacy",1188064560,1485068256,297003696,114589154.9652
"Bourne supremacy",1188064560,1188935700,871140,114589154.9652
"Bourne supremacy",1188166200,1485068256,296902056,114589154.9652
"Bourne supremacy",1188243600,1485068256,296824656,114589154.9652
"Bourne supremacy",1188243600,1191260580,3016980,114589154.9652
"Bourne supremacy",1188347700,1485068256,296720556,114589154.9652
"Bourne supremacy",1188347700,1189639620,1291920,114589154.9652
"Bourne supremacy",1188347700,1190857440,2509740,114589154.9652
"Bourne supremacy",1188347700,1190923740,2576040,114589154.9652
"Bourne supremacy",1188354060,1485068256,296714196,114589154.9652
"Bourne supremacy",1188354060,1189046340,692280,114589154.9652
"Bourne supremacy",1188427020,1485068256,296641236,114589154.9652
"Bourne supremacy",1188427020,1189795140,1368120,114589154.9652
"Bourne supremacy",1188434640,1485068256,296633616,114589154.9652
"Bourne supremacy",1188434640,1189273800,839160,114589154.9652
"Bourne supremacy",1188436500,1485068256,296631756,114589154.9652
"Bourne supremacy",1188436500,1189297020,860520,114589154.9652
"Bourne supremacy",1188442380,1485068256,296625876,114589154.9652
"Bourne supremacy",1188494460,1485068256,296573796,114589154.9652
"Bourne supremacy",1188494460,1190059860,1565400,114589154.9652
"Bourne supremacy",1188494460,1190147640,1653180,114589154.9652
"Bourne supremacy",1188516120,1485068256,296552136,114589154.9652
"Bourne supremacy",1188516120,1189631700,1115580,114589154.9652
"Bourne supremacy",1188516120,1189750080,1233960,114589154.9652
"Bourne supremacy",1188517980,1485068256,296550276,114589154.9652
"Bourne supremacy",1188517980,1190056380,1538400,114589154.9652
"Bourne supremacy",1188521220,1485068256,296547036,114589154.9652
"Bourne supremacy",1188521220,1189648200,1126980,114589154.9652
"Bourne supremacy",1188521220,1190059560,1538340,114589154.9652
"Bourne supremacy",1188522420,1485068256,296545836,114589154.9652
"Bourne supremacy",1188522420,1189818360,1295940,114589154.9652
"Bourne supremacy",1188522420,1190060520,1538100,114589154.9652
"Bourne supremacy",1188527280,1485068256,296540976,114589154.9652
"Bourne supremacy",1188527280,1189978320,1451040,114589154.9652
"Bourne supremacy",1188583500,1485068256,296484756,114589154.9652
"Bourne supremacy",1188583500,1190683320,2099820,114589154.9652
"Bourne supremacy",1188590520,1485068256,296477736,114589154.9652
"Bourne supremacy",1188590520,1189815120,1224600,114589154.9652
"Bourne supremacy",1188590520,1190062200,1471680,114589154.9652
"Bourne supremacy",1188590520,1190146200,1555680,114589154.9652
"Bourne supremacy",1188601740,1189190280,588540,114589154.9652
"Bourne supremacy",1188604320,1189900680,1296360,114589154.9652
"Bourne supremacy",1188607980,1190151420,1543440,114589154.9652
"Bourne supremacy",1188607980,1190241120,1633140,114589154.9652
"Bourne supremacy",1188953220,1485068256,296115036,114589154.9652
"Bourne supremacy",1188953220,1190075820,1122600,114589154.9652
"Bourne supremacy",1188961140,1485068256,296107116,114589154.9652
"Bourne supremacy",1188961140,1189738740,777600,114589154.9652
"Bourne supremacy",1189020900,1485068256,296047356,114589154.9652
"Bourne supremacy",1189020900,1485068256,296047356,114589154.9652
"Bourne supremacy",1189020900,1189451460,430560,114589154.9652
"Bourne supremacy",1189020900,1189466640,445740,114589154.9652
"Bourne supremacy",1189020900,1189546440,525540,114589154.9652
"Bourne supremacy",1189034880,1485068256,296033376,114589154.9652
"Bourne supremacy",1189034880,1190661000,1626120,114589154.9652
"Bourne supremacy",1189106580,1485068256,295961676,114589154.9652
"Bourne supremacy",1189106580,1189896360,789780,114589154.9652
"Bourne supremacy",1189124340,1485068256,295943916,114589154.9652
"Bourne supremacy",1189124340,1189293840,169500,114589154.9652
"Bourne supremacy",1189124340,1189880940,756600,114589154.9652
"Bourne supremacy",1189124340,1190092680,968340,114589154.9652
"Bourne supremacy",1189124340,1190142780,1018440,114589154.9652
"Bourne supremacy",1189185240,1485068256,295883016,114589154.9652
"Bourne supremacy",1189185240,1189795620,610380,114589154.9652
"Bourne supremacy",1189185240,1190226720,1041480,114589154.9652
"Bourne supremacy",1189185240,1190399400,1214160,114589154.9652
"Bourne supremacy",1189185240,1190771880,1586640,114589154.9652
"Bourne supremacy",1189185240,1190836740,1651500,114589154.9652
"Bourne supremacy",1189185240,1189185660,420,114589154.9652
"Bourne supremacy",1189185240,1189451280,266040,114589154.9652
"Bourne supremacy",1189209960,1485068256,295858296,114589154.9652
"Bourne supremacy",1189209960,1190416020,1206060,114589154.9652
"Bourne supremacy",1189209960,1190841480,1631520,114589154.9652
"Bourne supremacy",1189271700,1485068256,295796556,114589154.9652
"Bourne supremacy",1189271700,1189893360,621660,114589154.9652
"Bourne supremacy",1189271700,1190242080,970380,114589154.9652
"Bourne supremacy",1189271700,1190310660,1038960,114589154.9652
"Bourne supremacy",1189294860,1485068256,295773396,114589154.9652
"Bourne supremacy",1189294860,1190943360,1648500,114589154.9652
"Bourne supremacy",1189294860,1191264420,1969560,114589154.9652
"Bourne supremacy",1189294860,1191372660,2077800,114589154.9652
"Bourne supremacy",1189298160,1485068256,295770096,114589154.9652
"Bourne supremacy",1189298160,1190080140,781980,114589154.9652
"Bourne supremacy",1189298160,1190660040,1361880,114589154.9652
"Bourne supremacy",1189455240,1485068256,295613016,114589154.9652
"Bourne supremacy",1189455240,1190153520,698280,114589154.9652
"Bourne supremacy",1189455240,1190409900,954660,114589154.9652
"Bourne supremacy",1189470900,1485068256,295597356,114589154.9652
"Bourne supremacy",1189470900,1191015540,1544640,114589154.9652
"Bourne supremacy",1189553460,1485068256,295514796,114589154.9652
"Bourne supremacy",1189560540,1485068256,295507716,114589154.9652
"Bourne supremacy",1189560540,1190419020,858480,114589154.9652
"Bourne supremacy",1189560540,1190757000,1196460,114589154.9652
"Bourne supremacy",1189560540,1190921340,1360800,114589154.9652
"Bourne supremacy",1189561020,1485068256,295507236,114589154.9652
"Bourne supremacy",1189561020,1190336700,775680,114589154.9652
"Bourne supremacy",1189561020,1190769300,1208280,114589154.9652
"Bourne supremacy",1189561020,1190848140,1287120,114589154.9652
"Bourne supremacy",1189633020,1485068256,295435236,114589154.9652
"Bourne supremacy",1189633020,1190754720,1121700,114589154.9652
"Bourne supremacy",1189633500,1485068256,295434756,114589154.9652
"Bourne supremacy",1189633500,1190941680,1308180,114589154.9652
"Bourne supremacy",1189633500,1191103920,1470420,114589154.9652
"Bourne supremacy",1189633500,1191265920,1632420,114589154.9652
"Bourne supremacy",1189636620,1485068256,295431636,114589154.9652
"Bourne supremacy",1189636620,1190394840,758220,114589154.9652
"Bourne supremacy",1189636620,1191266700,1630080,114589154.9652
"Bourne supremacy",1189636620,1191473400,1836780,114589154.9652
"Bourne supremacy",1189636620,1191519240,1882620,114589154.9652
"Bourne supremacy",1189705740,1485068256,295362516,114589154.9652
"Bourne supremacy",1189705740,1192208760,2503020,114589154.9652
"Bourne supremacy",1189719540,1485068256,295348716,114589154.9652
"Bourne supremacy",1189719540,1189794660,75120,114589154.9652
"Bourne supremacy",1189733040,1485068256,295335216,114589154.9652
"Bourne supremacy",1189733040,1191106380,1373340,114589154.9652
"Bourne supremacy",1189733580,1485068256,295334676,114589154.9652
"Bourne supremacy",1189733580,1192070640,2337060,114589154.9652
"Bourne supremacy",1189737000,1189737120,120,114589154.9652
"Bourne supremacy",1189737000,1190070600,333600,114589154.9652
"Bourne supremacy",1189737000,1190136780,399780,114589154.9652
"Bourne supremacy",1189737000,1191358260,1621260,114589154.9652
"Bourne supremacy",1189737000,1191436560,1699560,114589154.9652
"Bourne supremacy",1189801860,1485068256,295266396,114589154.9652
"Bourne supremacy",1189801860,1191444840,1642980,114589154.9652
"Bourne supremacy",1189816980,1485068256,295251276,114589154.9652
"Bourne supremacy",1189816980,1191022860,1205880,114589154.9652
"Bourne supremacy",1189889100,1485068256,295179156,114589154.9652
"Bourne supremacy",1189889100,1193709300,3820200,114589154.9652
"Bourne supremacy",1189890540,1485068256,295177716,114589154.9652
"Bourne supremacy",1189904280,1485068256,295163976,114589154.9652
"Bourne supremacy",1189904280,1190940840,1036560,114589154.9652
"Bourne supremacy",1189904280,1191199320,1295040,114589154.9652
"Bourne supremacy",1189904280,1191358920,1454640,114589154.9652
"Bourne supremacy",1190045100,1485068256,295023156,114589154.9652
"Bourne supremacy",1190045100,1190217000,171900,114589154.9652
"Bourne supremacy",1190059620,1485068256,295008636,114589154.9652
"Bourne supremacy",1190059620,1190668140,608520,114589154.9652
"Bourne supremacy",1190070420,1485068256,294997836,114589154.9652
"Bourne supremacy",1190070420,1190934720,864300,114589154.9652
"Bourne supremacy",1190070420,1191006960,936540,114589154.9652
"Bourne supremacy",1190074920,1485068256,294993336,114589154.9652
"Bourne supremacy",1190074920,1190341740,266820,114589154.9652
"Bourne supremacy",1190074920,1190658480,583560,114589154.9652
"Bourne supremacy",1190075880,1485068256,294992376,114589154.9652
"Bourne supremacy",1190075880,1191521820,1445940,114589154.9652
"Bourne supremacy",1190075880,1191609420,1533540,114589154.9652
"Bourne supremacy",1190137380,1485068256,294930876,114589154.9652
"Bourne supremacy",1190137380,1190397180,259800,114589154.9652
"Bourne supremacy",1190151720,1485068256,294916536,114589154.9652
"Bourne supremacy",1190160480,1485068256,294907776,114589154.9652
"Bourne supremacy",1190160480,1191368100,1207620,114589154.9652
"Bourne supremacy",1190160480,1191961140,1800660,114589154.9652
"Bourne supremacy",1190160480,1192042920,1882440,114589154.9652
"Bourne supremacy",1190169540,1485068256,294898716,114589154.9652
"Bourne supremacy",1190169540,1191023400,853860,114589154.9652
"Bourne supremacy",1190169540,1191294960,1125420,114589154.9652
"Bourne supremacy",1190169540,1191435780,1266240,114589154.9652
"Bourne supremacy",1190221620,1485068256,294846636,114589154.9652
"Bourne supremacy",1190221620,1191267780,1046160,114589154.9652
"Bourne supremacy",1190221620,1191348420,1126800,114589154.9652
"Bourne supremacy",1190221980,1485068256,294846276,114589154.9652
"Bourne supremacy",1190249820,1485068256,294818436,114589154.9652
"Bourne supremacy",1190334180,1485068256,294734076,114589154.9652
"Bourne supremacy",1190334180,1191024900,690720,114589154.9652
"Bourne supremacy",1190334180,1191435600,1101420,114589154.9652
"Bourne supremacy",1190334180,1192296660,1962480,114589154.9652
"Bourne supremacy",1190336220,1485068256,294732036,114589154.9652
"Bourne supremacy",1190336220,1193966280,3630060,114589154.9652
"Bourne supremacy",1190336220,1194375000,4038780,114589154.9652
"Bourne supremacy",1190398800,1485068256,294669456,114589154.9652
"Bourne supremacy",1190398800,1192037460,1638660,114589154.9652
"Bourne supremacy",1190398800,1192134300,1735500,114589154.9652
"Bourne supremacy",1190404860,1485068256,294663396,114589154.9652
"Bourne supremacy",1190404860,1190492820,87960,114589154.9652
"Bourne supremacy",1190409720,1485068256,294658536,114589154.9652
"Bourne supremacy",1190409720,1191617040,1207320,114589154.9652
"Bourne supremacy",1190409720,1191952380,1542660,114589154.9652
"Bourne supremacy",1190409720,1192045800,1636080,114589154.9652
"Bourne supremacy",1190421240,1485068256,294647016,114589154.9652
"Bourne supremacy",1190421240,1195699740,5278500,114589154.9652
"Bourne supremacy",1190421240,1196194620,5773380,114589154.9652
"Bourne supremacy",1190482440,1485068256,294585816,114589154.9652
"Bourne supremacy",1190482440,1191107820,625380,114589154.9652
"Bourne supremacy",1190586360,1485068256,294481896,114589154.9652
"Bourne supremacy",1190586360,1190654340,67980,114589154.9652
"Bourne supremacy",1190661840,1485068256,294406416,114589154.9652
"Bourne supremacy",1190661840,1191371160,709320,114589154.9652
"Bourne supremacy",1190661840,1191444660,782820,114589154.9652
"Bourne supremacy",1190744880,1190745720,840,114589154.9652
"Bourne supremacy",1190744880,1190834580,89700,114589154.9652
"Bourne supremacy",1190746560,1485068256,294321696,114589154.9652
"Bourne supremacy",1190746560,1191258900,512340,114589154.9652
"Bourne supremacy",1190746560,1191262320,515760,114589154.9652
"Bourne supremacy",1190746560,1191347580,601020,114589154.9652
"Bourne supremacy",1190758800,1485068256,294309456,114589154.9652
"Bourne supremacy",1190758800,1191608700,849900,114589154.9652
"Bourne supremacy",1190759160,1485068256,294309096,114589154.9652
"Bourne supremacy",1190759160,1191882600,1123440,114589154.9652
"Bourne supremacy",1190766300,1485068256,294301956,114589154.9652
"Bourne supremacy",1190766300,1191783000,1016700,114589154.9652
"Bourne supremacy",1190766780,1485068256,294301476,114589154.9652
"Bourne supremacy",1190766780,1192653240,1886460,114589154.9652
"Bourne supremacy",1190849340,1485068256,294218916,114589154.9652
"Bourne supremacy",1190849340,1191281220,431880,114589154.9652
"Bourne supremacy",1190912580,1485068256,294155676,114589154.9652
"Bourne supremacy",1190936760,1485068256,294131496,114589154.9652
"Bourne supremacy",1190936760,1191980460,1043700,114589154.9652
"Bourne supremacy",1190938140,1485068256,294130116,114589154.9652
"Bourne supremacy",1190938140,1194490500,3552360,114589154.9652
"Bourne supremacy",1190938140,1195060500,4122360,114589154.9652
"Bourne supremacy",1190939880,1485068256,294128376,114589154.9652
"Bourne supremacy",1190939880,1190943420,3540,114589154.9652
"Bourne supremacy",1190939880,1191647040,707160,114589154.9652
"Bourne supremacy",1190939880,1191687960,748080,114589154.9652
"Bourne supremacy",1190939880,1192735260,1795380,114589154.9652
"Bourne supremacy",1190941680,1485068256,294126576,114589154.9652
"Bourne supremacy",1190941680,1191615360,673680,114589154.9652
"Bourne supremacy",1190943960,1485068256,294124296,114589154.9652
"Bourne supremacy",1190943960,1196376540,5432580,114589154.9652
"Bourne supremacy",1190944260,1485068256,294123996,114589154.9652
"Bourne supremacy",1190947380,1485068256,294120876,114589154.9652
"Bourne supremacy",1190947380,1192762140,1814760,114589154.9652
"Bourne supremacy",1191010920,1485068256,294057336,114589154.9652
"Bourne supremacy",1191010920,1192559520,1548600,114589154.9652
"Bourne supremacy",1191024540,1485068256,294043716,114589154.9652
"Bourne supremacy",1191024540,1192577280,1552740,114589154.9652
"Bourne supremacy",1191024540,1192653180,1628640,114589154.9652
"Bourne supremacy",1191088200,1485068256,293980056,114589154.9652
"Bourne supremacy",1191088200,1191704580,616380,114589154.9652
"Bourne supremacy",1191088200,1192051140,962940,114589154.9652
"Bourne supremacy",1191094080,1485068256,293974176,114589154.9652
"Bourne supremacy",1191097500,1485068256,293970756,114589154.9652
"Bourne supremacy",1191097500,1196462340,5364840,114589154.9652
"Bourne supremacy",1191098940,1485068256,293969316,114589154.9652
"Bourne supremacy",1191098940,1191789180,690240,114589154.9652
"Bourne supremacy",1191098940,1191906360,807420,114589154.9652
"Bourne supremacy",1191098940,1192052220,953280,114589154.9652
"Bourne supremacy",1191101820,1485068256,293966436,114589154.9652
"Bourne supremacy",1191101820,1192757400,1655580,114589154.9652
"Bourne supremacy",1191102840,1485068256,293965416,114589154.9652
"Bourne supremacy",1191102840,1191891900,789060,114589154.9652
"Bourne supremacy",1191107640,1485068256,293960616,114589154.9652
"Bourne supremacy",1191107640,1192476900,1369260,114589154.9652
"Bourne supremacy",1191107640,1192555680,1448040,114589154.9652
"Bourne supremacy",1191182760,1485068256,293885496,114589154.9652
"Bourne supremacy",1191187740,1191188880,1140,114589154.9652
"Bourne supremacy",1191187740,1191261900,74160,114589154.9652
"Bourne supremacy",1191268800,1485068256,293799456,114589154.9652
"Bourne supremacy",1191268800,1192474860,1206060,114589154.9652
"Bourne supremacy",1191285180,1485068256,293783076,114589154.9652
"Bourne supremacy",1191285180,1192734480,1449300,114589154.9652
"Bourne supremacy",1191366060,1485068256,293702196,114589154.9652
"Bourne supremacy",1191366060,1191800880,434820,114589154.9652
"Bourne supremacy",1191366060,1192058940,692880,114589154.9652
"Bourne supremacy",1191366720,1485068256,293701536,114589154.9652
"Bourne supremacy",1191369900,1485068256,293698356,114589154.9652
"Bourne supremacy",1191369900,1192584240,1214340,114589154.9652
"Bourne supremacy",1191372120,1485068256,293696136,114589154.9652
"Bourne supremacy",1191372120,1191461700,89580,114589154.9652
"Bourne supremacy",1191458760,1485068256,293609496,114589154.9652
"Bourne supremacy",1191458760,1195693320,4234560,114589154.9652
"Bourne supremacy",1191462300,1485068256,293605956,114589154.9652
"Bourne supremacy",1191517320,1485068256,293550936,114589154.9652
"Bourne supremacy",1191517440,1485068256,293550816,114589154.9652
"Bourne supremacy",1191517440,1192517880,1000440,114589154.9652
"Bourne supremacy",1191517440,1192565580,1048140,114589154.9652
"Bourne supremacy",1191536520,1485068256,293531736,114589154.9652
"Bourne supremacy",1191536520,1191542520,6000,114589154.9652
"Bourne supremacy",1191536520,1192133880,597360,114589154.9652
"Bourne supremacy",1191536520,1194045720,2509200,114589154.9652
"Bourne supremacy",1191536520,1194405360,2868840,114589154.9652
"Bourne supremacy",1191536520,1194462360,2925840,114589154.9652
"Bourne supremacy",1191541380,1485068256,293526876,114589154.9652
"Bourne supremacy",1191541380,1192479720,938340,114589154.9652
"Bourne supremacy",1191541380,1192603200,1061820,114589154.9652
"Bourne supremacy",1191541380,1192635900,1094520,114589154.9652
"Bourne supremacy",1191604140,1485068256,293464116,114589154.9652
"Bourne supremacy",1191604140,1191613920,9780,114589154.9652
"Bourne supremacy",1191604140,1192048380,444240,114589154.9652
"Bourne supremacy",1191613620,1485068256,293454636,114589154.9652
"Bourne supremacy",1191627060,1485068256,293441196,114589154.9652
"Bourne supremacy",1191631620,1485068256,293436636,114589154.9652
"Bourne supremacy",1191698580,1485068256,293369676,114589154.9652
"Bourne supremacy",1191701580,1485068256,293366676,114589154.9652
"Bourne supremacy",1191701580,1197668400,5966820,114589154.9652
"Bourne supremacy",1191701580,1249324320,57622740,114589154.9652
"Bourne supremacy",1191715980,1485068256,293352276,114589154.9652
"Bourne supremacy",1191715980,1192321380,605400,114589154.9652
"Bourne supremacy",1191793140,1485068256,293275116,114589154.9652
"Bourne supremacy",1191801360,1485068256,293266896,114589154.9652
"Bourne supremacy",1191879900,1485068256,293188356,114589154.9652
"Bourne supremacy",1191879900,1192652940,773040,114589154.9652
"Bourne supremacy",1191879900,1195067220,3187320,114589154.9652
"Bourne supremacy",1191956760,1485068256,293111496,114589154.9652
"Bourne supremacy",1191965400,1485068256,293102856,114589154.9652
"Bourne supremacy",1191966180,1485068256,293102076,114589154.9652
"Bourne supremacy",1191966180,1192396020,429840,114589154.9652
"Bourne supremacy",1191969480,1485068256,293098776,114589154.9652
"Bourne supremacy",1191975000,1485068256,293093256,114589154.9652
"Bourne supremacy",1191975060,1485068256,293093196,114589154.9652
"Bourne supremacy",1191975060,1193690100,1715040,114589154.9652
"Bourne supremacy",1191975060,1194652920,2677860,114589154.9652
"Bourne supremacy",1191975060,1194908820,2933760,114589154.9652
"Bourne supremacy",1191975480,1485068256,293092776,114589154.9652
"Bourne supremacy",1192053480,1485068256,293014776,114589154.9652
"Bourne supremacy",1192053480,1192756020,702540,114589154.9652
"Bourne supremacy",1192053480,1195248840,3195360,114589154.9652
"Bourne supremacy",1192053480,1195509120,3455640,114589154.9652
"Bourne supremacy",1192119540,1485068256,292948716,114589154.9652
"Bourne supremacy",1192119540,1192472520,352980,114589154.9652
"Bourne supremacy",1192145760,1192145880,120,114589154.9652
"Bourne supremacy",1192145880,1485068256,292922376,114589154.9652
"Bourne supremacy",1192145880,1192227900,82020,114589154.9652
"Bourne supremacy",1192145940,1485068256,292922316,114589154.9652
"Bourne supremacy",1192145940,1192472460,326520,114589154.9652
"Bourne supremacy",1192230480,1485068256,292837776,114589154.9652
"Bourne supremacy",1192236900,1199300640,7063740,114589154.9652
"Bourne supremacy",1192236900,1201724520,9487620,114589154.9652
"Bourne supremacy",1192236900,1202417280,10180380,114589154.9652
"Bourne supremacy",1192296180,1485068256,292772076,114589154.9652
"Bourne supremacy",1192298340,1485068256,292769916,114589154.9652
"Bourne supremacy",1192304100,1485068256,292764156,114589154.9652
"Bourne supremacy",1192305480,1485068256,292762776,114589154.9652
"Bourne supremacy",1192305480,1195152780,2847300,114589154.9652
"Bourne supremacy",1192480680,1485068256,292587576,114589154.9652
"Bourne supremacy",1192480680,1192997160,516480,114589154.9652
"Bourne supremacy",1192487220,1485068256,292581036,114589154.9652
"Bourne supremacy",1192487220,1194308400,1821180,114589154.9652
"Bourne supremacy",1192568880,1485068256,292499376,114589154.9652
"Bourne supremacy",1192580580,1485068256,292487676,114589154.9652
"Bourne supremacy",1192580580,1193952960,1372380,114589154.9652
"Bourne supremacy",1192580580,1194026820,1446240,114589154.9652
"Bourne supremacy",1192584240,1485068256,292484016,114589154.9652
"Bourne supremacy",1192648380,1485068256,292419876,114589154.9652
"Bourne supremacy",1192656060,1485068256,292412196,114589154.9652
"Bourne supremacy",1192745700,1485068256,292322556,114589154.9652
"Bourne supremacy",1192754460,1194300780,1546320,114589154.9652
"Bourne supremacy",1192754460,1194635340,1880880,114589154.9652
"Bourne supremacy",1192754460,1194993780,2239320,114589154.9652
"Bourne supremacy",1192757460,1195519800,2762340,114589154.9652
"Bourne supremacy",1192757460,1195934280,3176820,114589154.9652
"Bourne supremacy",1192816800,1485068256,292251456,114589154.9652
"Bourne supremacy",1192816800,1193969040,1152240,114589154.9652
"Bourne supremacy",1192816800,1196816460,3999660,114589154.9652
"Bourne supremacy",1192816800,1196878980,4062180,114589154.9652
"Bourne supremacy",1192819500,1195506360,2686860,114589154.9652
"Bourne supremacy",1192903500,1485068256,292164756,114589154.9652
"Bourne supremacy",1192903500,1192910820,7320,114589154.9652
"Bourne supremacy",1192912380,1195008960,2096580,114589154.9652
"Bourne supremacy",1192926660,1193606280,679620,114589154.9652
"Bourne supremacy",1192926660,1193691840,765180,114589154.9652
"Bourne supremacy",1193103120,1194719640,1616520,114589154.9652
"Bourne supremacy",1193103120,1194920700,1817580,114589154.9652
"Bourne supremacy",1193103120,1195076280,1973160,114589154.9652
"Bourne supremacy",1193106060,1193970180,864120,114589154.9652
"Bourne supremacy",1193106060,1194302100,1196040,114589154.9652
"Bourne supremacy",1193106060,1194632460,1526400,114589154.9652
"Bourne supremacy",1193106060,1194905820,1799760,114589154.9652
"Bourne supremacy",1193192040,1194312420,1120380,114589154.9652
"Bourne supremacy",1193256900,1194471840,1214940,114589154.9652
"Bourne supremacy",1193256900,1194895140,1638240,114589154.9652
"Bourne supremacy",1193351580,1198797300,5445720,114589154.9652
"Bourne supremacy",1193351580,1199385240,6033660,114589154.9652
"Bourne supremacy",1193365800,1201630620,8264820,114589154.9652
"Bourne supremacy",1193423340,1195241160,1817820,114589154.9652
"Bourne supremacy",1193424960,1194122940,697980,114589154.9652
"Bourne supremacy",1193433780,1193960040,526260,114589154.9652
"Bourne supremacy",1193437800,1194036360,598560,114589154.9652
"Bourne supremacy",1193441640,1193700660,259020,114589154.9652
"Bourne supremacy",1193441640,1193948760,507120,114589154.9652
"Bourne supremacy",1193441640,1194027900,586260,114589154.9652
"Bourne supremacy",1193446440,1194639780,1193340,114589154.9652
"Bourne supremacy",1193506200,1194731040,1224840,114589154.9652
"Bourne supremacy",1193506200,1194938520,1432320,114589154.9652
"Bourne supremacy",1193506200,1194984660,1478460,114589154.9652
"Bourne supremacy",1193516940,1194032400,515460,114589154.9652
"Bourne supremacy",1193522940,1194727260,1204320,114589154.9652
"Bourne supremacy",1193522940,1194918840,1395900,114589154.9652
"Bourne supremacy",1193522940,1194987360,1464420,114589154.9652
"Bourne supremacy",1193612100,1485068256,291456156,114589154.9652
"Bourne supremacy",1193612100,1194913980,1301880,114589154.9652
"Bourne supremacy",1193612100,1195098180,1486080,114589154.9652
"Bourne supremacy",1193612100,1195174500,1562400,114589154.9652
"Bourne supremacy",1193697180,1485068256,291371076,114589154.9652
"Bourne supremacy",1193697180,1195093140,1395960,114589154.9652
"Bourne supremacy",1193697180,1195260780,1563600,114589154.9652
"Bourne supremacy",1193700780,1485068256,291367476,114589154.9652
"Bourne supremacy",1193711580,1195006080,1294500,114589154.9652
"Bourne supremacy",1193711580,1195083060,1371480,114589154.9652
"Bourne supremacy",1193711580,1195501740,1790160,114589154.9652
"Bourne supremacy",1193863860,1195161960,1298100,114589154.9652
"Bourne supremacy",1193885220,1194038040,152820,114589154.9652
"Bourne supremacy",1193885220,1194459540,574320,114589154.9652
"Bourne supremacy",1193885220,1195670760,1785540,114589154.9652
"Bourne supremacy",1193885220,1196725140,2839920,114589154.9652
"Bourne supremacy",1193885220,1196799300,2914080,114589154.9652
"Bourne supremacy",1193938980,1485068256,291129276,114589154.9652
"Bourne supremacy",1193938980,1195512660,1573680,114589154.9652
"Bourne supremacy",1193943360,1485068256,291124896,114589154.9652
"Bourne supremacy",1193943360,1194569160,625800,114589154.9652
"Bourne supremacy",1193943360,1194727500,784140,114589154.9652
"Bourne supremacy",1193943360,1194991440,1048080,114589154.9652
"Bourne supremacy",1193949840,1485068256,291118416,114589154.9652
"Bourne supremacy",1194037260,1485068256,291030996,114589154.9652
"Bourne supremacy",1194037260,1194132840,95580,114589154.9652
"Bourne supremacy",1194044460,1485068256,291023796,114589154.9652
"Bourne supremacy",1194044460,1196297760,2253300,114589154.9652
"Bourne supremacy",1194044460,1196458260,2413800,114589154.9652
"Bourne supremacy",1194046980,1485068256,291021276,114589154.9652
"Bourne supremacy",1194046980,1194914760,867780,114589154.9652
"Bourne supremacy",1194046980,1194990660,943680,114589154.9652
"Bourne supremacy",1194047460,1485068256,291020796,114589154.9652
"Bourne supremacy",1194047460,1194211320,163860,114589154.9652
"Bourne supremacy",1194050940,1485068256,291017316,114589154.9652
"Bourne supremacy",1194050940,1201663860,7612920,114589154.9652
"Bourne supremacy",1194050940,1201731540,7680600,114589154.9652
"Bourne supremacy",1194113700,1485068256,290954556,114589154.9652
"Bourne supremacy",1194113700,1196402640,2288940,114589154.9652
"Bourne supremacy",1194113700,1196739660,2625960,114589154.9652
"Bourne supremacy",1194137160,1485068256,290931096,114589154.9652
"Bourne supremacy",1194137160,1195007700,870540,114589154.9652
"Bourne supremacy",1194137160,1195096560,959400,114589154.9652
"Bourne supremacy",1194137160,1195160820,1023660,114589154.9652
"Bourne supremacy",1194220620,1485068256,290847636,114589154.9652
"Bourne supremacy",1194220620,1195415520,1194900,114589154.9652
"Bourne supremacy",1194220620,1195692960,1472340,114589154.9652
"Bourne supremacy",1194220620,1196124480,1903860,114589154.9652
"Bourne supremacy",1194298140,1485068256,290770116,114589154.9652
"Bourne supremacy",1194298140,1194472560,174420,114589154.9652
"Bourne supremacy",1194298140,1194587940,289800,114589154.9652
"Bourne supremacy",1194298140,1194897780,599640,114589154.9652
"Bourne supremacy",1194311040,1485068256,290757216,114589154.9652
"Bourne supremacy",1194312480,1485068256,290755776,114589154.9652
"Bourne supremacy",1194394860,1485068256,290673396,114589154.9652
"Bourne supremacy",1194394860,1195097220,702360,114589154.9652
"Bourne supremacy",1194394860,1195673220,1278360,114589154.9652
"Bourne supremacy",1194463380,1485068256,290604876,114589154.9652
"Bourne supremacy",1194463380,1195683840,1220460,114589154.9652
"Bourne supremacy",1194463380,1196111220,1647840,114589154.9652
"Bourne supremacy",1194484620,1485068256,290583636,114589154.9652
"Bourne supremacy",1194555900,1485068256,290512356,114589154.9652
"Bourne supremacy",1194555900,1194996900,441000,114589154.9652
"Bourne supremacy",1194555900,1195084020,528120,114589154.9652
"Bourne supremacy",1194555900,1195086060,530160,114589154.9652
"Bourne supremacy",1194555900,1195682880,1126980,114589154.9652
"Bourne supremacy",1194555900,1196809800,2253900,114589154.9652
"Bourne supremacy",1194555900,1196891100,2335200,114589154.9652
"Bourne supremacy",1194577320,1485068256,290490936,114589154.9652
"Bourne supremacy",1194577320,1196181120,1603800,114589154.9652
"Bourne supremacy",1194635400,1485068256,290432856,114589154.9652
"Bourne supremacy",1194635400,1195432200,796800,114589154.9652
"Bourne supremacy",1194637500,1485068256,290430756,114589154.9652
"Bourne supremacy",1194637500,1194978120,340620,114589154.9652
"Bourne supremacy",1194637500,1195075920,438420,114589154.9652
"Bourne supremacy",1194735960,1485068256,290332296,114589154.9652
"Bourne supremacy",1194735960,1195327260,591300,114589154.9652
"Bourne supremacy",1194741660,1485068256,290326596,114589154.9652
"Bourne supremacy",1194741660,1195953300,1211640,114589154.9652
"Bourne supremacy",1194741660,1196110020,1368360,114589154.9652
"Bourne supremacy",1194741660,1196193420,1451760,114589154.9652
"Bourne supremacy",1194893340,1485068256,290174916,114589154.9652
"Bourne supremacy",1194893340,1196707080,1813740,114589154.9652
"Bourne supremacy",1194918420,1485068256,290149836,114589154.9652
"Bourne supremacy",1194922560,1485068256,290145696,114589154.9652
"Bourne supremacy",1194922560,1195491600,569040,114589154.9652
"Bourne supremacy",1194922560,1195508940,586380,114589154.9652
"Bourne supremacy",1194922560,1195676880,754320,114589154.9652
"Bourne supremacy",1194992340,1485068256,290075916,114589154.9652
"Bourne supremacy",1194992340,1197493980,2501640,114589154.9652
"Bourne supremacy",1194992340,1198305540,3313200,114589154.9652
"Bourne supremacy",1194992340,1198700100,3707760,114589154.9652
"Bourne supremacy",1195073580,1485068256,289994676,114589154.9652
"Bourne supremacy",1195073580,1199315280,4241700,114589154.9652
"Bourne supremacy",1195087140,1485068256,289981116,114589154.9652
"Bourne supremacy",1195087140,1205527320,10440180,114589154.9652
"Bourne supremacy",1195087140,1205774340,10687200,114589154.9652
"Bourne supremacy",1195088820,1485068256,289979436,114589154.9652
"Bourne supremacy",1195088820,1195679940,591120,114589154.9652
"Bourne supremacy",1195092060,1485068256,289976196,114589154.9652
"Bourne supremacy",1195092060,1195612500,520440,114589154.9652
"Bourne supremacy",1195092060,1196200680,1108620,114589154.9652
"Bourne supremacy",1195092060,1197052260,1960200,114589154.9652
"Bourne supremacy",1195092060,1197400620,2308560,114589154.9652
"Bourne supremacy",1195092060,1197491940,2399880,114589154.9652
"Bourne supremacy",1195098300,1485068256,289969956,114589154.9652
"Bourne supremacy",1195098300,1195932720,834420,114589154.9652
"Bourne supremacy",1195098720,1485068256,289969536,114589154.9652
"Bourne supremacy",1195098720,1196308380,1209660,114589154.9652
"Bourne supremacy",1195098720,1196556720,1458000,114589154.9652
"Bourne supremacy",1195098720,1196715000,1616280,114589154.9652
"Bourne supremacy",1195174680,1485068256,289893576,114589154.9652
"Bourne supremacy",1195174680,1196296740,1122060,114589154.9652
"Bourne supremacy",1195175100,1195679400,504300,114589154.9652
"Bourne supremacy",1195175100,1196116500,941400,114589154.9652
"Bourne supremacy",1195182060,1197340860,2158800,114589154.9652
"Bourne supremacy",1195182060,1197660360,2478300,114589154.9652
"Bourne supremacy",1195185240,1196473140,1287900,114589154.9652
"Bourne supremacy",1195185240,1196798460,1613220,114589154.9652
"Bourne supremacy",1195185240,1196911560,1726320,114589154.9652
"Bourne supremacy",1195233720,1485068256,289834536,114589154.9652
"Bourne supremacy",1195233720,1198274340,3040620,114589154.9652
"Bourne supremacy",1195244880,1485068256,289823376,114589154.9652
"Bourne supremacy",1195244880,1196123880,879000,114589154.9652
"Bourne supremacy",1195260780,1485068256,289807476,114589154.9652
"Bourne supremacy",1195260780,1196910720,1649940,114589154.9652
"Bourne supremacy",1195328100,1485068256,289740156,114589154.9652
"Bourne supremacy",1195328100,1196893020,1564920,114589154.9652
"Bourne supremacy",1195336140,1485068256,289732116,114589154.9652
"Bourne supremacy",1195336140,1196840220,1504080,114589154.9652
"Bourne supremacy",1195336140,1197096420,1760280,114589154.9652
"Bourne supremacy",1195336140,1197498120,2161980,114589154.9652
"Bourne supremacy",1195336140,1197572700,2236560,114589154.9652
"Bourne supremacy",1195336440,1485068256,289731816,114589154.9652
"Bourne supremacy",1195336440,1196026200,689760,114589154.9652
"Bourne supremacy",1195336440,1196288280,951840,114589154.9652
"Bourne supremacy",1195342200,1485068256,289726056,114589154.9652
"Bourne supremacy",1195342200,1196735100,1392900,114589154.9652
"Bourne supremacy",1195342200,1196886240,1544040,114589154.9652
"Bourne supremacy",1195426140,1485068256,289642116,114589154.9652
"Bourne supremacy",1195510500,1485068256,289557756,114589154.9652
"Bourne supremacy",1195510500,1201054740,5544240,114589154.9652
"Bourne supremacy",1195510500,1201634460,6123960,114589154.9652
"Bourne supremacy",1195518480,1485068256,289549776,114589154.9652
"Bourne supremacy",1195518480,1196289300,770820,114589154.9652
"Bourne supremacy",1195518480,1196386140,867660,114589154.9652
"Bourne supremacy",1195518480,1196547900,1029420,114589154.9652
"Bourne supremacy",1195594260,1485068256,289473996,114589154.9652
"Bourne supremacy",1195594260,1197063240,1468980,114589154.9652
"Bourne supremacy",1195609140,1485068256,289459116,114589154.9652
"Bourne supremacy",1195609140,1197683100,2073960,114589154.9652
"Bourne supremacy",1195612800,1485068256,289455456,114589154.9652
"Bourne supremacy",1195612800,1197341640,1728840,114589154.9652
"Bourne supremacy",1195674600,1485068256,289393656,114589154.9652
"Bourne supremacy",1195674600,1197668460,1993860,114589154.9652
"Bourne supremacy",1195674600,1197929040,2254440,114589154.9652
"Bourne supremacy",1195680180,1485068256,289388076,114589154.9652
"Bourne supremacy",1195680180,1196899260,1219080,114589154.9652
"Bourne supremacy",1195691700,1485068256,289376556,114589154.9652
"Bourne supremacy",1195691700,1196293920,602220,114589154.9652
"Bourne supremacy",1195691700,1196472540,780840,114589154.9652
"Bourne supremacy",1195691700,1196717460,1025760,114589154.9652
"Bourne supremacy",1195694160,1485068256,289374096,114589154.9652
"Bourne supremacy",1195694160,1197515940,1821780,114589154.9652
"Bourne supremacy",1195694160,1197664020,1969860,114589154.9652
"Bourne supremacy",1195696860,1485068256,289371396,114589154.9652
"Bourne supremacy",1195696860,1195941420,244560,114589154.9652
"Bourne supremacy",1195863240,1485068256,289205016,114589154.9652
"Bourne supremacy",1195863240,1485068256,289205016,114589154.9652
"Bourne supremacy",1195863240,1197483120,1619880,114589154.9652
"Bourne supremacy",1195863240,1198368420,2505180,114589154.9652
"Bourne supremacy",1195863240,1198795140,2931900,114589154.9652
"Bourne supremacy",1195864860,1485068256,289203396,114589154.9652
"Bourne supremacy",1195864860,1197589920,1725060,114589154.9652
"Bourne supremacy",1196128800,1197428640,1299840,114589154.9652
"Bourne supremacy",1196128800,1197592440,1463640,114589154.9652
"Bourne supremacy",1196192040,1485068256,288876216,114589154.9652
"Bourne supremacy",1196192040,1197504660,1312620,114589154.9652
"Bourne supremacy",1196211300,1485068256,288856956,114589154.9652
"Bourne supremacy",1196215200,1485068256,288853056,114589154.9652
"Bourne supremacy",1196215200,1196998320,783120,114589154.9652
"Bourne supremacy",1196220240,1485068256,288848016,114589154.9652
"Bourne supremacy",1196220240,1199322000,3101760,114589154.9652
"Bourne supremacy",1196220240,1202947320,6727080,114589154.9652
"Bourne supremacy",1196220240,1203021300,6801060,114589154.9652
"Bourne supremacy",1196277840,1485068256,288790416,114589154.9652
"Bourne supremacy",1196277840,1197321960,1044120,114589154.9652
"Bourne supremacy",1196277840,1197407880,1130040,114589154.9652
"Bourne supremacy",1196285820,1485068256,288782436,114589154.9652
"Bourne supremacy",1196285820,1197421080,1135260,114589154.9652
"Bourne supremacy",1196293980,1485068256,288774276,114589154.9652
"Bourne supremacy",1196293980,1197498180,1204200,114589154.9652
"Bourne supremacy",1196293980,1197580140,1286160,114589154.9652
"Bourne supremacy",1196300880,1485068256,288767376,114589154.9652
"Bourne supremacy",1196300880,1197427800,1126920,114589154.9652
"Bourne supremacy",1196300880,1197577620,1276740,114589154.9652
"Bourne supremacy",1196300880,1197933720,1632840,114589154.9652
"Bourne supremacy",1196301060,1196301420,360,114589154.9652
"Bourne supremacy",1196301060,1196898900,597840,114589154.9652
"Bourne supremacy",1196458560,1485068256,288609696,114589154.9652
"Bourne supremacy",1196458560,1197340800,882240,114589154.9652
"Bourne supremacy",1196538960,1485068256,288529296,114589154.9652
"Bourne supremacy",1196538960,1201372080,4833120,114589154.9652
"Bourne supremacy",1196538960,1203541920,7002960,114589154.9652
"Bourne supremacy",1196539380,1485068256,288528876,114589154.9652
"Bourne supremacy",1196541000,1485068256,288527256,114589154.9652
"Bourne supremacy",1196541000,1197751620,1210620,114589154.9652
"Bourne supremacy",1196546520,1485068256,288521736,114589154.9652
"Bourne supremacy",1196546520,1197336480,789960,114589154.9652
"Bourne supremacy",1196546520,1197570900,1024380,114589154.9652
"Bourne supremacy",1196546820,1485068256,288521436,114589154.9652
"Bourne supremacy",1196546820,1197499020,952200,114589154.9652
"Bourne supremacy",1196546820,1197609300,1062480,114589154.9652
"Bourne supremacy",1196631480,1485068256,288436776,114589154.9652
"Bourne supremacy",1196631480,1197163740,532260,114589154.9652
"Bourne supremacy",1196631480,1197500400,868920,114589154.9652
"Bourne supremacy",1196636280,1485068256,288431976,114589154.9652
"Bourne supremacy",1196636280,1197759960,1123680,114589154.9652
"Bourne supremacy",1196804760,1485068256,288263496,114589154.9652
"Bourne supremacy",1196804760,1198182540,1377780,114589154.9652
"Bourne supremacy",1196816160,1485068256,288252096,114589154.9652
"Bourne supremacy",1196816160,1197155700,339540,114589154.9652
"Bourne supremacy",1196826960,1485068256,288241296,114589154.9652
"Bourne supremacy",1196826960,1198035180,1208220,114589154.9652
"Bourne supremacy",1196826960,1198264560,1437600,114589154.9652
"Bourne supremacy",1196891820,1485068256,288176436,114589154.9652
"Bourne supremacy",1196907180,1485068256,288161076,114589154.9652
"Bourne supremacy",1196907180,1197427020,519840,114589154.9652
"Bourne supremacy",1196975760,1485068256,288092496,114589154.9652
"Bourne supremacy",1196975760,1197752580,776820,114589154.9652
"Bourne supremacy",1196975760,1197934860,959100,114589154.9652
"Bourne supremacy",1196975760,1198791300,1815540,114589154.9652
"Bourne supremacy",1196975760,1198871400,1895640,114589154.9652
"Bourne supremacy",1196975760,1200075660,3099900,114589154.9652
"Bourne supremacy",1196975760,1202271720,5295960,114589154.9652
"Bourne supremacy",1196975760,1202338920,5363160,114589154.9652
"Bourne supremacy",1196976000,1485068256,288092256,114589154.9652
"Bourne supremacy",1196976000,1198713360,1737360,114589154.9652
"Bourne supremacy",1196976000,1199340600,2364600,114589154.9652
"Bourne supremacy",1196976000,1199473200,2497200,114589154.9652
"Bourne supremacy",1196990640,1485068256,288077616,114589154.9652
"Bourne supremacy",1196990640,1197165360,174720,114589154.9652
"Bourne supremacy",1196992020,1485068256,288076236,114589154.9652
"Bourne supremacy",1196992020,1198022940,1030920,114589154.9652
"Bourne supremacy",1196995800,1485068256,288072456,114589154.9652
"Bourne supremacy",1196998260,1485068256,288069996,114589154.9652
"Bourne supremacy",1196998260,1197764460,766200,114589154.9652
"Bourne supremacy",1197149160,1485068256,287919096,114589154.9652
"Bourne supremacy",1197156120,1485068256,287912136,114589154.9652
"Bourne supremacy",1197159000,1485068256,287909256,114589154.9652
"Bourne supremacy",1197159000,1197763800,604800,114589154.9652
"Bourne supremacy",1197317520,1485068256,287750736,114589154.9652
"Bourne supremacy",1197317520,1198719240,1401720,114589154.9652
"Bourne supremacy",1197317520,1198784640,1467120,114589154.9652
"Bourne supremacy",1197326580,1485068256,287741676,114589154.9652
"Bourne supremacy",1197326580,1199049240,1722660,114589154.9652
"Bourne supremacy",1197345360,1485068256,287722896,114589154.9652
"Bourne supremacy",1197345360,1197938220,592860,114589154.9652
"Bourne supremacy",1197400740,1485068256,287667516,114589154.9652
"Bourne supremacy",1197400740,1197940500,539760,114589154.9652
"Bourne supremacy",1197410640,1485068256,287657616,114589154.9652
"Bourne supremacy",1197410640,1198714020,1303380,114589154.9652
"Bourne supremacy",1197410640,1199305860,1895220,114589154.9652
"Bourne supremacy",1197413880,1485068256,287654376,114589154.9652
"Bourne supremacy",1197413880,1197838800,424920,114589154.9652
"Bourne supremacy",1197413880,1198286520,872640,114589154.9652
"Bourne supremacy",1197413880,1198698840,1284960,114589154.9652
"Bourne supremacy",1197504660,1485068256,287563596,114589154.9652
"Bourne supremacy",1197504660,1200001500,2496840,114589154.9652
"Bourne supremacy",1197507840,1485068256,287560416,114589154.9652
"Bourne supremacy",1197507840,1199398920,1891080,114589154.9652
"Bourne supremacy",1197507840,1199484420,1976580,114589154.9652
"Bourne supremacy",1197508800,1485068256,287559456,114589154.9652
"Bourne supremacy",1197508800,1197667380,158580,114589154.9652
"Bourne supremacy",1197508800,1198098300,589500,114589154.9652
"Bourne supremacy",1197584220,1485068256,287484036,114589154.9652
"Bourne supremacy",1197584220,1198699860,1115640,114589154.9652
"Bourne supremacy",1197598800,1485068256,287469456,114589154.9652
"Bourne supremacy",1197665820,1485068256,287402436,114589154.9652
"Bourne supremacy",1197678420,1485068256,287389836,114589154.9652
"Bourne supremacy",1197678420,1199311500,1633080,114589154.9652
"Bourne supremacy",1197678420,1199837580,2159160,114589154.9652
"Bourne supremacy",1197678420,1199923440,2245020,114589154.9652
"Bourne supremacy",1197681720,1485068256,287386536,114589154.9652
"Bourne supremacy",1197681720,1198797720,1116000,114589154.9652
"Bourne supremacy",1197681720,1199062800,1381080,114589154.9652
"Bourne supremacy",1197681720,1199134620,1452900,114589154.9652
"Bourne supremacy",1197745440,1485068256,287322816,114589154.9652
"Bourne supremacy",1197745440,1198183800,438360,114589154.9652
"Bourne supremacy",1197760920,1485068256,287307336,114589154.9652
"Bourne supremacy",1197848580,1485068256,287219676,114589154.9652
"Bourne supremacy",1197848580,1198873260,1024680,114589154.9652
"Bourne supremacy",1197929160,1485068256,287139096,114589154.9652
"Bourne supremacy",1197929160,1198787760,858600,114589154.9652
"Bourne supremacy",1197941640,1485068256,287126616,114589154.9652
"Bourne supremacy",1197941640,1199330880,1389240,114589154.9652
"Bourne supremacy",1197941640,1200339540,2397900,114589154.9652
"Bourne supremacy",1197941640,1200679920,2738280,114589154.9652
"Bourne supremacy",1198002000,1485068256,287066256,114589154.9652
"Bourne supremacy",1198012920,1485068256,287055336,114589154.9652
"Bourne supremacy",1198012920,1200446220,2433300,114589154.9652
"Bourne supremacy",1198012920,1200693720,2680800,114589154.9652
"Bourne supremacy",1198018980,1485068256,287049276,114589154.9652
"Bourne supremacy",1198018980,1198798440,779460,114589154.9652
"Bourne supremacy",1198018980,1199055300,1036320,114589154.9652
"Bourne supremacy",1198018980,1199140620,1121640,114589154.9652
"Bourne supremacy",1198019880,1485068256,287048376,114589154.9652
"Bourne supremacy",1198019880,1200521040,2501160,114589154.9652
"Bourne supremacy",1198024920,1485068256,287043336,114589154.9652
"Bourne supremacy",1198024920,1198788960,764040,114589154.9652
"Bourne supremacy",1198024920,1199146680,1121760,114589154.9652
"Bourne supremacy",1198032360,1485068256,287035896,114589154.9652
"Bourne supremacy",1198032360,1198690380,658020,114589154.9652
"Bourne supremacy",1198038840,1485068256,287029416,114589154.9652
"Bourne supremacy",1198038840,1199135340,1096500,114589154.9652
"Bourne supremacy",1198117620,1485068256,286950636,114589154.9652
"Bourne supremacy",1198117620,1199330820,1213200,114589154.9652
"Bourne supremacy",1198121820,1198122240,420,114589154.9652
"Bourne supremacy",1198121820,1198280640,158820,114589154.9652
"Bourne supremacy",1198121820,1198701420,579600,114589154.9652
"Bourne supremacy",1198122060,1198122180,120,114589154.9652
"Bourne supremacy",1198122060,1198215660,93600,114589154.9652
"Bourne supremacy",1198122060,1198350300,228240,114589154.9652
"Bourne supremacy",1198176240,1485068256,286892016,114589154.9652
"Bourne supremacy",1198176240,1198885560,709320,114589154.9652
"Bourne supremacy",1198180440,1485068256,286887816,114589154.9652
"Bourne supremacy",1198190340,1485068256,286877916,114589154.9652
"Bourne supremacy",1198190340,1198878600,688260,114589154.9652
"Bourne supremacy",1198204020,1485068256,286864236,114589154.9652
"Bourne supremacy",1198204500,1485068256,286863756,114589154.9652
"Bourne supremacy",1198204500,1200368760,2164260,114589154.9652
"Bourne supremacy",1198204500,1200433500,2229000,114589154.9652
"Bourne supremacy",1198263900,1485068256,286804356,114589154.9652
"Bourne supremacy",1198263900,1198868280,604380,114589154.9652
"Bourne supremacy",1198273320,1485068256,286794936,114589154.9652
"Bourne supremacy",1198273320,1199128860,855540,114589154.9652
"Bourne supremacy",1198273320,1199298840,1025520,114589154.9652
"Bourne supremacy",1198282680,1485068256,286785576,114589154.9652
"Bourne supremacy",1198282680,1199391240,1108560,114589154.9652
"Bourne supremacy",1198287300,1485068256,286780956,114589154.9652
"Bourne supremacy",1198287300,1199323800,1036500,114589154.9652
"Bourne supremacy",1198287300,1199850180,1562880,114589154.9652
"Bourne supremacy",1198287300,1200530760,2243460,114589154.9652
"Bourne supremacy",1198355880,1485068256,286712376,114589154.9652
"Bourne supremacy",1198373280,1485068256,286694976,114589154.9652
"Bourne supremacy",1198373280,1199576520,1203240,114589154.9652
"Bourne supremacy",1198374240,1485068256,286694016,114589154.9652
"Bourne supremacy",1198374240,1198719780,345540,114589154.9652
"Bourne supremacy",1198374240,1198809240,435000,114589154.9652
"Bourne supremacy",1198374660,1485068256,286693596,114589154.9652
"Bourne supremacy",1198374660,1198956780,582120,114589154.9652
"Bourne supremacy",1198442760,1485068256,286625496,114589154.9652
"Bourne supremacy",1198442760,1198705800,263040,114589154.9652
"Bourne supremacy",1198445340,1485068256,286622916,114589154.9652
"Bourne supremacy",1198445580,1485068256,286622676,114589154.9652
"Bourne supremacy",1198445580,1199861460,1415880,114589154.9652
"Bourne supremacy",1198445580,1199901480,1455900,114589154.9652
"Bourne supremacy",1198702920,1485068256,286365336,114589154.9652
"Bourne supremacy",1198708440,1485068256,286359816,114589154.9652
"Bourne supremacy",1198716780,1485068256,286351476,114589154.9652
"Bourne supremacy",1198716780,1200445500,1728720,114589154.9652
"Bourne supremacy",1198716780,1200533940,1817160,114589154.9652
"Bourne supremacy",1198717260,1485068256,286350996,114589154.9652
"Bourne supremacy",1198794420,1485068256,286273836,114589154.9652
"Bourne supremacy",1198794420,1202165160,3370740,114589154.9652
"Bourne supremacy",1198801920,1485068256,286266336,114589154.9652
"Bourne supremacy",1198801920,1199998920,1197000,114589154.9652
"Bourne supremacy",1198801920,1200345480,1543560,114589154.9652
"Bourne supremacy",1198806360,1485068256,286261896,114589154.9652
"Bourne supremacy",1198806360,1199757480,951120,114589154.9652
"Bourne supremacy",1198806360,1199834100,1027740,114589154.9652
"Bourne supremacy",1198867980,1485068256,286200276,114589154.9652
"Bourne supremacy",1198867980,1199993280,1125300,114589154.9652
"Bourne supremacy",1198892400,1485068256,286175856,114589154.9652
"Bourne supremacy",1198892400,1199400180,507780,114589154.9652
"Bourne supremacy",1198892400,1199993280,1100880,114589154.9652
"Bourne supremacy",1198892400,1200074100,1181700,114589154.9652
"Bourne supremacy",1198972020,1485068256,286096236,114589154.9652
"Bourne supremacy",1198972020,1199405460,433440,114589154.9652
"Bourne supremacy",1198972020,1199724540,752520,114589154.9652
"Bourne supremacy",1198977900,1485068256,286090356,114589154.9652
"Bourne supremacy",1198977900,1199668740,690840,114589154.9652
"Bourne supremacy",1199060880,1485068256,286007376,114589154.9652
"Bourne supremacy",1199060880,1199386860,325980,114589154.9652
"Bourne supremacy",1199131980,1485068256,285936276,114589154.9652
"Bourne supremacy",1199131980,1201649400,2517420,114589154.9652
"Bourne supremacy",1199135100,1485068256,285933156,114589154.9652
"Bourne supremacy",1199135100,1200348000,1212900,114589154.9652
"Bourne supremacy",1199135100,1200439140,1304040,114589154.9652
"Bourne supremacy",1199142600,1485068256,285925656,114589154.9652
"Bourne supremacy",1199142600,1201290180,2147580,114589154.9652
"Bourne supremacy",1199142600,1201812360,2669760,114589154.9652
"Bourne supremacy",1199143740,1485068256,285924516,114589154.9652
"Bourne supremacy",1199143740,1199323620,179880,114589154.9652
"Bourne supremacy",1199143740,1199401260,257520,114589154.9652
"Bourne supremacy",1199143740,1199487240,343500,114589154.9652
"Bourne supremacy",1199312520,1485068256,285755736,114589154.9652
"Bourne supremacy",1199312520,1199395500,82980,114589154.9652
"Bourne supremacy",1199326080,1485068256,285742176,114589154.9652
"Bourne supremacy",1199326080,1200359700,1033620,114589154.9652
"Bourne supremacy",1199327460,1485068256,285740796,114589154.9652
"Bourne supremacy",1199327460,1199486100,158640,114589154.9652
"Bourne supremacy",1199327460,1199763360,435900,114589154.9652
"Bourne supremacy",1199327460,1199825640,498180,114589154.9652
"Bourne supremacy",1199331600,1485068256,285736656,114589154.9652
"Bourne supremacy",1199331600,1200095940,764340,114589154.9652
"Bourne supremacy",1199332800,1485068256,285735456,114589154.9652
"Bourne supremacy",1199332800,1200777600,1444800,114589154.9652
"Bourne supremacy",1199385240,1485068256,285683016,114589154.9652
"Bourne supremacy",1199385240,1199988240,603000,114589154.9652
"Bourne supremacy",1199478300,1485068256,285589956,114589154.9652
"Bourne supremacy",1199485920,1485068256,285582336,114589154.9652
"Bourne supremacy",1199485920,1199492700,6780,114589154.9652
"Bourne supremacy",1199495220,1485068256,285573036,114589154.9652
"Bourne supremacy",1199561400,1485068256,285506856,114589154.9652
"Bourne supremacy",1199561400,1200786840,1225440,114589154.9652
"Bourne supremacy",1199561760,1485068256,285506496,114589154.9652
"Bourne supremacy",1199561760,1200686160,1124400,114589154.9652
"Bourne supremacy",1199570100,1485068256,285498156,114589154.9652
"Bourne supremacy",1199570100,1200786480,1216380,114589154.9652
"Bourne supremacy",1199570100,1201026960,1456860,114589154.9652
"Bourne supremacy",1199570100,1201486200,1916100,114589154.9652
"Bourne supremacy",1199570100,1201556160,1986060,114589154.9652
"Bourne supremacy",1199581860,1485068256,285486396,114589154.9652
"Bourne supremacy",1199581860,1200790980,1209120,114589154.9652
"Bourne supremacy",1199667540,1485068256,285400716,114589154.9652
"Bourne supremacy",1199744520,1485068256,285323736,114589154.9652
"Bourne supremacy",1199744520,1200096480,351960,114589154.9652
"Bourne supremacy",1199744520,1200346860,602340,114589154.9652
"Bourne supremacy",1199754060,1485068256,285314196,114589154.9652
"Bourne supremacy",1199819520,1485068256,285248736,114589154.9652
"Bourne supremacy",1199819520,1200680220,860700,114589154.9652
"Bourne supremacy",1199819520,1201035960,1216440,114589154.9652
"Bourne supremacy",1199828520,1485068256,285239736,114589154.9652
"Bourne supremacy",1199828520,1200091500,262980,114589154.9652
"Bourne supremacy",1199828520,1200444840,616320,114589154.9652
"Bourne supremacy",1199828520,1200514260,685740,114589154.9652
"Bourne supremacy",1199838000,1485068256,285230256,114589154.9652
"Bourne supremacy",1199838000,1200358380,520380,114589154.9652
"Bourne supremacy",1199843880,1485068256,285224376,114589154.9652
"Bourne supremacy",1199843880,1201237680,1393800,114589154.9652
"Bourne supremacy",1199843880,1201293600,1449720,114589154.9652
"Bourne supremacy",1199850660,1485068256,285217596,114589154.9652
"Bourne supremacy",1199850660,1201060620,1209960,114589154.9652
"Bourne supremacy",1199850660,1201642440,1791780,114589154.9652
"Bourne supremacy",1199905920,1485068256,285162336,114589154.9652
"Bourne supremacy",1199905920,1200679620,773700,114589154.9652
"Bourne supremacy",1199908680,1485068256,285159576,114589154.9652
"Bourne supremacy",1199908680,1200793380,884700,114589154.9652
"Bourne supremacy",1199989980,1485068256,285078276,114589154.9652
"Bourne supremacy",1199989980,1201145940,1155960,114589154.9652
"Bourne supremacy",1199989980,1201555800,1565820,114589154.9652
"Bourne supremacy",1199995020,1485068256,285073236,114589154.9652
"Bourne supremacy",1199995020,1200792060,797040,114589154.9652
"Bourne supremacy",1199995020,1201046220,1051200,114589154.9652
"Bourne supremacy",1199995020,1201212900,1217880,114589154.9652
"Bourne supremacy",1199995020,1201300860,1305840,114589154.9652
"Bourne supremacy",1200012540,1485068256,285055716,114589154.9652
"Bourne supremacy",1200012540,1200413700,401160,114589154.9652
"Bourne supremacy",1200079680,1485068256,284988576,114589154.9652
"Bourne supremacy",1200079680,1200258840,179160,114589154.9652
"Bourne supremacy",1200087120,1485068256,284981136,114589154.9652
"Bourne supremacy",1200087120,1201896360,1809240,114589154.9652
"Bourne supremacy",1200087120,1202425080,2337960,114589154.9652
"Bourne supremacy",1200087120,1202932620,2845500,114589154.9652
"Bourne supremacy",1200096960,1485068256,284971296,114589154.9652
"Bourne supremacy",1200096960,1201662120,1565160,114589154.9652
"Bourne supremacy",1200096960,1201730520,1633560,114589154.9652
"Bourne supremacy",1200098400,1485068256,284969856,114589154.9652
"Bourne supremacy",1200102240,1485068256,284966016,114589154.9652
"Bourne supremacy",1200102240,1200791160,688920,114589154.9652
"Bourne supremacy",1200102240,1201803720,1701480,114589154.9652
"Bourne supremacy",1200163140,1485068256,284905116,114589154.9652
"Bourne supremacy",1200164820,1485068256,284903436,114589154.9652
"Bourne supremacy",1200164820,1201751340,1586520,114589154.9652
"Bourne supremacy",1200164820,1201894800,1729980,114589154.9652
"Bourne supremacy",1200164820,1202409360,2244540,114589154.9652
"Bourne supremacy",1200172680,1485068256,284895576,114589154.9652
"Bourne supremacy",1200172680,1200445560,272880,114589154.9652
"Bourne supremacy",1200183720,1485068256,284884536,114589154.9652
"Bourne supremacy",1200183720,1200442860,259140,114589154.9652
"Bourne supremacy",1200188220,1485068256,284880036,114589154.9652
"Bourne supremacy",1200188220,1200598740,410520,114589154.9652
"Bourne supremacy",1200261720,1485068256,284806536,114589154.9652
"Bourne supremacy",1200261720,1200634800,373080,114589154.9652
"Bourne supremacy",1200267120,1485068256,284801136,114589154.9652
"Bourne supremacy",1200267120,1200720000,452880,114589154.9652
"Bourne supremacy",1200267120,1201051620,784500,114589154.9652
"Bourne supremacy",1200268080,1485068256,284800176,114589154.9652
"Bourne supremacy",1200268080,1203990120,3722040,114589154.9652
"Bourne supremacy",1200271440,1485068256,284796816,114589154.9652
"Bourne supremacy",1200271440,1201590600,1319160,114589154.9652
"Bourne supremacy",1200271440,1201650000,1378560,114589154.9652
"Bourne supremacy",1200446880,1485068256,284621376,114589154.9652
"Bourne supremacy",1200453120,1485068256,284615136,114589154.9652
"Bourne supremacy",1200453120,1202001600,1548480,114589154.9652
"Bourne supremacy",1200453120,1202240580,1787460,114589154.9652
"Bourne supremacy",1200453120,1202326860,1873740,114589154.9652
"Bourne supremacy",1200537540,1200538740,1200,114589154.9652
"Bourne supremacy",1200537540,1201027740,490200,114589154.9652
"Bourne supremacy",1200537540,1201493640,956100,114589154.9652
"Bourne supremacy",1200537540,1201552920,1015380,114589154.9652
"Bourne supremacy",1200596100,1485068256,284472156,114589154.9652
"Bourne supremacy",1200603180,1485068256,284465076,114589154.9652
"Bourne supremacy",1200603180,1205099580,4496400,114589154.9652
"Bourne supremacy",1200603180,1205257140,4653960,114589154.9652
"Bourne supremacy",1200617460,1485068256,284450796,114589154.9652
"Bourne supremacy",1200617460,1201138140,520680,114589154.9652
"Bourne supremacy",1200679620,1485068256,284388636,114589154.9652
"Bourne supremacy",1200679620,1203113040,2433420,114589154.9652
"Bourne supremacy",1200687180,1485068256,284381076,114589154.9652
"Bourne supremacy",1200699540,1485068256,284368716,114589154.9652
"Bourne supremacy",1200699540,1201045200,345660,114589154.9652
"Bourne supremacy",1200699540,1201227300,527760,114589154.9652
"Bourne supremacy",1200701460,1485068256,284366796,114589154.9652
"Bourne supremacy",1200701460,1201564980,863520,114589154.9652
"Bourne supremacy",1200701460,1201630020,928560,114589154.9652
"Bourne supremacy",1200705720,1485068256,284362536,114589154.9652
"Bourne supremacy",1200705720,1203103980,2398260,114589154.9652
"Bourne supremacy",1200705720,1203471300,2765580,114589154.9652
"Bourne supremacy",1200705780,1485068256,284362476,114589154.9652
"Bourne supremacy",1200705780,1201200480,494700,114589154.9652
"Bourne supremacy",1200772200,1485068256,284296056,114589154.9652
"Bourne supremacy",1200772200,1201378920,606720,114589154.9652
"Bourne supremacy",1200772200,1201649160,876960,114589154.9652
"Bourne supremacy",1200772200,1201743060,970860,114589154.9652
"Bourne supremacy",1200790020,1485068256,284278236,114589154.9652
"Bourne supremacy",1200790020,1201558440,768420,114589154.9652
"Bourne supremacy",1200790020,1201809000,1018980,114589154.9652
"Bourne supremacy",1200790920,1485068256,284277336,114589154.9652
"Bourne supremacy",1200790920,1201478760,687840,114589154.9652
"Bourne supremacy",1200793800,1485068256,284274456,114589154.9652
"Bourne supremacy",1200866220,1485068256,284202036,114589154.9652
"Bourne supremacy",1200866220,1201294980,428760,114589154.9652
"Bourne supremacy",1200870600,1485068256,284197656,114589154.9652
"Bourne supremacy",1200870600,1201110360,239760,114589154.9652
"Bourne supremacy",1200870600,1201991880,1121280,114589154.9652
"Bourne supremacy",1200870600,1202248320,1377720,114589154.9652
"Bourne supremacy",1201038660,1485068256,284029596,114589154.9652
"Bourne supremacy",1201038660,1202164440,1125780,114589154.9652
"Bourne supremacy",1201038660,1202338800,1300140,114589154.9652
"Bourne supremacy",1201042920,1485068256,284025336,114589154.9652
"Bourne supremacy",1201127400,1485068256,283940856,114589154.9652
"Bourne supremacy",1201127400,1202856120,1728720,114589154.9652
"Bourne supremacy",1201127400,1203715860,2588460,114589154.9652
"Bourne supremacy",1201127400,1203969360,2841960,114589154.9652
"Bourne supremacy",1201146060,1485068256,283922196,114589154.9652
"Bourne supremacy",1201146060,1203467760,2321700,114589154.9652
"Bourne supremacy",1201214640,1485068256,283853616,114589154.9652
"Bourne supremacy",1201214640,1202002680,788040,114589154.9652
"Bourne supremacy",1201214640,1202239800,1025160,114589154.9652
"Bourne supremacy",1201214640,1202337120,1122480,114589154.9652
"Bourne supremacy",1201231860,1485068256,283836396,114589154.9652
"Bourne supremacy",1201231860,1202269680,1037820,114589154.9652
"Bourne supremacy",1201284180,1485068256,283784076,114589154.9652
"Bourne supremacy",1201284180,1202499180,1215000,114589154.9652
"Bourne supremacy",1201293000,1485068256,283775256,114589154.9652
"Bourne supremacy",1201293000,1201730760,437760,114589154.9652
"Bourne supremacy",1201293000,1202170140,877140,114589154.9652
"Bourne supremacy",1201296360,1485068256,283771896,114589154.9652
"Bourne supremacy",1201296360,1202250240,953880,114589154.9652
"Bourne supremacy",1201303080,1485068256,283765176,114589154.9652
"Bourne supremacy",1201303080,1202326200,1023120,114589154.9652
"Bourne supremacy",1201308180,1485068256,283760076,114589154.9652
"Bourne supremacy",1201308180,1201825980,517800,114589154.9652
"Bourne supremacy",1201312380,1485068256,283755876,114589154.9652
"Bourne supremacy",1201312380,1202354460,1042080,114589154.9652
"Bourne supremacy",1201379160,1485068256,283689096,114589154.9652
"Bourne supremacy",1201383720,1485068256,283684536,114589154.9652
"Bourne supremacy",1201383720,1204048980,2665260,114589154.9652
"Bourne supremacy",1201387740,1485068256,283680516,114589154.9652
"Bourne supremacy",1201387740,1201988160,600420,114589154.9652
"Bourne supremacy",1201387740,1202268000,880260,114589154.9652
"Bourne supremacy",1201387740,1202334480,946740,114589154.9652
"Bourne supremacy",1201390140,1485068256,283678116,114589154.9652
"Bourne supremacy",1201390140,1201993560,603420,114589154.9652
"Bourne supremacy",1201390140,1202173200,783060,114589154.9652
"Bourne supremacy",1201390140,1202247900,857760,114589154.9652
"Bourne supremacy",1201393200,1485068256,283675056,114589154.9652
"Bourne supremacy",1201393200,1201835040,441840,114589154.9652
"Bourne supremacy",1201393200,1202416320,1023120,114589154.9652
"Bourne supremacy",1201394400,1485068256,283673856,114589154.9652
"Bourne supremacy",1201395180,1485068256,283673076,114589154.9652
"Bourne supremacy",1201395180,1202686020,1290840,114589154.9652
"Bourne supremacy",1201395180,1202850960,1455780,114589154.9652
"Bourne supremacy",1201478760,1485068256,283589496,114589154.9652
"Bourne supremacy",1201478760,1201817940,339180,114589154.9652
"Bourne supremacy",1201559340,1485068256,283508916,114589154.9652
"Bourne supremacy",1201559340,1202605800,1046460,114589154.9652
"Bourne supremacy",1201568040,1485068256,283500216,114589154.9652
"Bourne supremacy",1201633560,1485068256,283434696,114589154.9652
"Bourne supremacy",1201633560,1201729080,95520,114589154.9652
"Bourne supremacy",1201634940,1485068256,283433316,114589154.9652
"Bourne supremacy",1201634940,1201729140,94200,114589154.9652
"Bourne supremacy",1201645800,1485068256,283422456,114589154.9652
"Bourne supremacy",1201645800,1207206000,5560200,114589154.9652
"Bourne supremacy",1201724580,1485068256,283343676,114589154.9652
"Bourne supremacy",1201724940,1485068256,283343316,114589154.9652
"Bourne supremacy",1201724940,1203641280,1916340,114589154.9652
"Bourne supremacy",1201726620,1485068256,283341636,114589154.9652
"Bourne supremacy",1201726620,1203649860,1923240,114589154.9652
"Bourne supremacy",1201726620,1204079460,2352840,114589154.9652
"Bourne supremacy",1201735620,1485068256,283332636,114589154.9652
"Bourne supremacy",1201735620,1201744920,9300,114589154.9652
"Bourne supremacy",1201735620,1202161980,426360,114589154.9652
"Bourne supremacy",1201739700,1485068256,283328556,114589154.9652
"Bourne supremacy",1201739700,1203621900,1882200,114589154.9652
"Bourne supremacy",1201739700,1203712920,1973220,114589154.9652
"Bourne supremacy",1201741200,1485068256,283327056,114589154.9652
"Bourne supremacy",1201741200,1201906140,164940,114589154.9652
"Bourne supremacy",1201742820,1485068256,283325436,114589154.9652
"Bourne supremacy",1201742820,1202682840,940020,114589154.9652
"Bourne supremacy",1201742820,1202854620,1111800,114589154.9652
"Bourne supremacy",1201742820,1203021540,1278720,114589154.9652
"Bourne supremacy",1201820160,1485068256,283248096,114589154.9652
"Bourne supremacy",1201820160,1203295080,1474920,114589154.9652
"Bourne supremacy",1201820160,1203471360,1651200,114589154.9652
"Bourne supremacy",1201827120,1485068256,283241136,114589154.9652
"Bourne supremacy",1201827120,1203207480,1380360,114589154.9652
"Bourne supremacy",1201828980,1485068256,283239276,114589154.9652
"Bourne supremacy",1201834800,1485068256,283233456,114589154.9652
"Bourne supremacy",1201834800,1202081040,246240,114589154.9652
"Bourne supremacy",1201914360,1485068256,283153896,114589154.9652
"Bourne supremacy",1201914360,1202797380,883020,114589154.9652
"Bourne supremacy",1201914360,1202848680,934320,114589154.9652
"Bourne supremacy",1201997280,1485068256,283070976,114589154.9652
"Bourne supremacy",1201997280,1203115440,1118160,114589154.9652
"Bourne supremacy",1202159520,1485068256,282908736,114589154.9652
"Bourne supremacy",1202159520,1204256580,2097060,114589154.9652
"Bourne supremacy",1202182620,1485068256,282885636,114589154.9652
"Bourne supremacy",1202182620,1203565920,1383300,114589154.9652
"Bourne supremacy",1202182620,1204139280,1956660,114589154.9652
"Bourne supremacy",1202182980,1485068256,282885276,114589154.9652
"Bourne supremacy",1202182980,1203465180,1282200,114589154.9652
"Bourne supremacy",1202248680,1485068256,282819576,114589154.9652
"Bourne supremacy",1202248680,1202777640,528960,114589154.9652
"Bourne supremacy",1202248680,1205258040,3009360,114589154.9652
"Bourne supremacy",1202248680,1207761780,5513100,114589154.9652
"Bourne supremacy",1202256420,1485068256,282811836,114589154.9652
"Bourne supremacy",1202256420,1204326540,2070120,114589154.9652
"Bourne supremacy",1202256420,1204926960,2670540,114589154.9652
"Bourne supremacy",1202256420,1205186220,2929800,114589154.9652
"Bourne supremacy",1202334180,1485068256,282734076,114589154.9652
"Bourne supremacy",1202339400,1485068256,282728856,114589154.9652
"Bourne supremacy",1202339400,1203121200,781800,114589154.9652
"Bourne supremacy",1202340420,1485068256,282727836,114589154.9652
"Bourne supremacy",1202340420,1202862240,521820,114589154.9652
"Bourne supremacy",1202346120,1202346120,0,114589154.9652
"Bourne supremacy",1202346120,1202440500,94380,114589154.9652
"Bourne supremacy",1202346120,1203116520,770400,114589154.9652
"Bourne supremacy",1202425680,1485068256,282642576,114589154.9652
"Bourne supremacy",1202426820,1485068256,282641436,114589154.9652
"Bourne supremacy",1202426820,1203809160,1382340,114589154.9652
"Bourne supremacy",1202434560,1485068256,282633696,114589154.9652
"Bourne supremacy",1202505900,1485068256,282562356,114589154.9652
"Bourne supremacy",1202505900,1204592280,2086380,114589154.9652
"Bourne supremacy",1202505900,1204838640,2332740,114589154.9652
"Bourne supremacy",1202505900,1204922160,2416260,114589154.9652
"Bourne supremacy",1202511840,1485068256,282556416,114589154.9652
"Bourne supremacy",1202511840,1203726060,1214220,114589154.9652
"Bourne supremacy",1202511840,1204145160,1633320,114589154.9652
"Bourne supremacy",1202519400,1485068256,282548856,114589154.9652
"Bourne supremacy",1202519400,1202933400,414000,114589154.9652
"Bourne supremacy",1202519400,1203030360,510960,114589154.9652
"Bourne supremacy",1202520600,1485068256,282547656,114589154.9652
"Bourne supremacy",1202520600,1202960280,439680,114589154.9652
"Bourne supremacy",1202520600,1203013920,493320,114589154.9652
"Bourne supremacy",1202521440,1485068256,282546816,114589154.9652
"Bourne supremacy",1202521440,1203556800,1035360,114589154.9652
"Bourne supremacy",1202522520,1485068256,282545736,114589154.9652
"Bourne supremacy",1202582040,1485068256,282486216,114589154.9652
"Bourne supremacy",1202582040,1203652260,1070220,114589154.9652
"Bourne supremacy",1202582040,1204614720,2032680,114589154.9652
"Bourne supremacy",1202598960,1485068256,282469296,114589154.9652
"Bourne supremacy",1202598960,1206066360,3467400,114589154.9652
"Bourne supremacy",1202598960,1207340040,4741080,114589154.9652
"Bourne supremacy",1202604420,1485068256,282463836,114589154.9652
"Bourne supremacy",1202607900,1485068256,282460356,114589154.9652
"Bourne supremacy",1202675460,1485068256,282392796,114589154.9652
"Bourne supremacy",1202675460,1203196980,521520,114589154.9652
"Bourne supremacy",1202778540,1485068256,282289716,114589154.9652
"Bourne supremacy",1202778540,1211612400,8833860,114589154.9652
"Bourne supremacy",1202788260,1485068256,282279996,114589154.9652
"Bourne supremacy",1202788260,1204084200,1295940,114589154.9652
"Bourne supremacy",1202788260,1204597500,1809240,114589154.9652
"Bourne supremacy",1202865600,1485068256,282202656,114589154.9652
"Bourne supremacy",1202865600,1209625200,6759600,114589154.9652
"Bourne supremacy",1202867940,1485068256,282200316,114589154.9652
"Bourne supremacy",1202867940,1204079880,1211940,114589154.9652
"Bourne supremacy",1202941320,1485068256,282126936,114589154.9652
"Bourne supremacy",1202941320,1206044700,3103380,114589154.9652
"Bourne supremacy",1202942880,1485068256,282125376,114589154.9652
"Bourne supremacy",1202942880,1204492620,1549740,114589154.9652
"Bourne supremacy",1202942880,1204647900,1705020,114589154.9652
"Bourne supremacy",1203014940,1485068256,282053316,114589154.9652
"Bourne supremacy",1203017100,1485068256,282051156,114589154.9652
"Bourne supremacy",1203017100,1203729360,712260,114589154.9652
"Bourne supremacy",1203017100,1203994740,977640,114589154.9652
"Bourne supremacy",1203017100,1205189040,2171940,114589154.9652
"Bourne supremacy",1203017100,1205521860,2504760,114589154.9652
"Bourne supremacy",1203030360,1485068256,282037896,114589154.9652
"Bourne supremacy",1203030360,1204254600,1224240,114589154.9652
"Bourne supremacy",1203030360,1204740720,1710360,114589154.9652
"Bourne supremacy",1203034440,1485068256,282033816,114589154.9652
"Bourne supremacy",1203122520,1485068256,281945736,114589154.9652
"Bourne supremacy",1203122520,1203552660,430140,114589154.9652
"Bourne supremacy",1203122520,1204665540,1543020,114589154.9652
"Bourne supremacy",1203124920,1485068256,281943336,114589154.9652
"Bourne supremacy",1203124920,1203472380,347460,114589154.9652
"Bourne supremacy",1203125880,1485068256,281942376,114589154.9652
"Bourne supremacy",1203125880,1204595040,1469160,114589154.9652
"Bourne supremacy",1203125880,1204776120,1650240,114589154.9652
"Bourne supremacy",1203125880,1204921140,1795260,114589154.9652
"Bourne supremacy",1203126720,1485068256,281941536,114589154.9652
"Bourne supremacy",1203192300,1485068256,281875956,114589154.9652
"Bourne supremacy",1203192300,1205433720,2241420,114589154.9652
"Bourne supremacy",1203195720,1485068256,281872536,114589154.9652
"Bourne supremacy",1203195720,1204411260,1215540,114589154.9652
"Bourne supremacy",1203195720,1205097240,1901520,114589154.9652
"Bourne supremacy",1203195720,1205179440,1983720,114589154.9652
"Bourne supremacy",1203201960,1485068256,281866296,114589154.9652
"Bourne supremacy",1203201960,1204915140,1713180,114589154.9652
"Bourne supremacy",1203201960,1205182020,1980060,114589154.9652
"Bourne supremacy",1203208260,1485068256,281859996,114589154.9652
"Bourne supremacy",1203208260,1203543720,335460,114589154.9652
"Bourne supremacy",1203291240,1485068256,281777016,114589154.9652
"Bourne supremacy",1203291240,1203294120,2880,114589154.9652
"Bourne supremacy",1203291240,1203458640,167400,114589154.9652
"Bourne supremacy",1203291240,1203549300,258060,114589154.9652
"Bourne supremacy",1203291780,1485068256,281776476,114589154.9652
"Bourne supremacy",1203291780,1208129700,4837920,114589154.9652
"Bourne supremacy",1203292800,1485068256,281775456,114589154.9652
"Bourne supremacy",1203292800,1204236780,943980,114589154.9652
"Bourne supremacy",1203461280,1485068256,281606976,114589154.9652
"Bourne supremacy",1203461280,1203894900,433620,114589154.9652
"Bourne supremacy",1203461280,1204059480,598200,114589154.9652
"Bourne supremacy",1203540960,1485068256,281527296,114589154.9652
"Bourne supremacy",1203540960,1204686240,1145280,114589154.9652
"Bourne supremacy",1203540960,1204860660,1319700,114589154.9652
"Bourne supremacy",1203540960,1204932540,1391580,114589154.9652
"Bourne supremacy",1203543300,1485068256,281524956,114589154.9652
"Bourne supremacy",1203543300,1204164960,621660,114589154.9652
"Bourne supremacy",1203644880,1485068256,281423376,114589154.9652
"Bourne supremacy",1203644880,1204147560,502680,114589154.9652
"Bourne supremacy",1203644880,1204235100,590220,114589154.9652
"Bourne supremacy",1203717840,1485068256,281350416,114589154.9652
"Bourne supremacy",1203717840,1204329420,611580,114589154.9652
"Bourne supremacy",1203717840,1204573740,855900,114589154.9652
"Bourne supremacy",1203717840,1204773240,1055400,114589154.9652
"Bourne supremacy",1203717840,1204916820,1198980,114589154.9652
"Bourne supremacy",1203789660,1485068256,281278596,114589154.9652
"Bourne supremacy",1203789660,1204586700,797040,114589154.9652
"Bourne supremacy",1203789660,1204835340,1045680,114589154.9652
"Bourne supremacy",1203789660,1206037440,2247780,114589154.9652
"Bourne supremacy",1203795900,1485068256,281272356,114589154.9652
"Bourne supremacy",1203795900,1204765620,969720,114589154.9652
"Bourne supremacy",1203808380,1485068256,281259876,114589154.9652
"Bourne supremacy",1203808380,1205213880,1405500,114589154.9652
"Bourne supremacy",1203808380,1205265120,1456740,114589154.9652
"Bourne supremacy",1203808740,1485068256,281259516,114589154.9652
"Bourne supremacy",1203900660,1485068256,281167596,114589154.9652
"Bourne supremacy",1203900660,1205024040,1123380,114589154.9652
"Bourne supremacy",1203900660,1205290860,1390200,114589154.9652
"Bourne supremacy",1203900660,1205364420,1463760,114589154.9652
"Bourne supremacy",1203985380,1205889900,1904520,114589154.9652
"Bourne supremacy",1203985380,1206125760,2140380,114589154.9652
"Bourne supremacy",1203991740,1485068256,281076516,114589154.9652
"Bourne supremacy",1203991740,1204770060,778320,114589154.9652
"Bourne supremacy",1203991740,1204927860,936120,114589154.9652
"Bourne supremacy",1203991740,1205182080,1190340,114589154.9652
"Bourne supremacy",1204069440,1485068256,280998816,114589154.9652
"Bourne supremacy",1204069440,1205367480,1298040,114589154.9652
"Bourne supremacy",1204074360,1485068256,280993896,114589154.9652
"Bourne supremacy",1204082460,1485068256,280985796,114589154.9652
"Bourne supremacy",1204082460,1205951700,1869240,114589154.9652
"Bourne supremacy",1204147920,1485068256,280920336,114589154.9652
"Bourne supremacy",1204147920,1205201280,1053360,114589154.9652
"Bourne supremacy",1204159200,1485068256,280909056,114589154.9652
"Bourne supremacy",1204159200,1205977860,1818660,114589154.9652
"Bourne supremacy",1204159200,1206480420,2321220,114589154.9652
"Bourne supremacy",1204228260,1485068256,280839996,114589154.9652
"Bourne supremacy",1204228260,1205531040,1302780,114589154.9652
"Bourne supremacy",1204232940,1485068256,280835316,114589154.9652
"Bourne supremacy",1204232940,1204600440,367500,114589154.9652
"Bourne supremacy",1204232940,1204917060,684120,114589154.9652
"Bourne supremacy",1204240380,1485068256,280827876,114589154.9652
"Bourne supremacy",1204240380,1205461140,1220760,114589154.9652
"Bourne supremacy",1204241100,1485068256,280827156,114589154.9652
"Bourne supremacy",1204241100,1208217540,3976440,114589154.9652
"Bourne supremacy",1204243920,1485068256,280824336,114589154.9652
"Bourne supremacy",1204243920,1204688100,444180,114589154.9652
"Bourne supremacy",1204243920,1204956420,712500,114589154.9652
"Bourne supremacy",1204243920,1205180880,936960,114589154.9652
"Bourne supremacy",1204251180,1485068256,280817076,114589154.9652
"Bourne supremacy",1204251180,1207260720,3009540,114589154.9652
"Bourne supremacy",1204322940,1485068256,280745316,114589154.9652
"Bourne supremacy",1204330620,1485068256,280737636,114589154.9652
"Bourne supremacy",1204330860,1485068256,280737396,114589154.9652
"Bourne supremacy",1204330860,1205198700,867840,114589154.9652
"Bourne supremacy",1204398300,1485068256,280669956,114589154.9652
"Bourne supremacy",1204398300,1206470760,2072460,114589154.9652
"Bourne supremacy",1204398300,1206557940,2159640,114589154.9652
"Bourne supremacy",1204401840,1485068256,280666416,114589154.9652
"Bourne supremacy",1204401840,1204772940,371100,114589154.9652
"Bourne supremacy",1204401840,1204849380,447540,114589154.9652
"Bourne supremacy",1204500000,1485068256,280568256,114589154.9652
"Bourne supremacy",1204500000,1204932720,432720,114589154.9652
"Bourne supremacy",1204500000,1205193840,693840,114589154.9652
"Bourne supremacy",1204598640,1485068256,280469616,114589154.9652
"Bourne supremacy",1204598640,1206138660,1540020,114589154.9652
"Bourne supremacy",1204752060,1485068256,280316196,114589154.9652
"Bourne supremacy",1204752360,1485068256,280315896,114589154.9652
"Bourne supremacy",1204752360,1205370840,618480,114589154.9652
"Bourne supremacy",1204752360,1205459160,706800,114589154.9652
"Bourne supremacy",1204756740,1485068256,280311516,114589154.9652
"Bourne supremacy",1204756740,1206241020,1484280,114589154.9652
"Bourne supremacy",1204759740,1485068256,280308516,114589154.9652
"Bourne supremacy",1204759740,1205367840,608100,114589154.9652
"Bourne supremacy",1204759740,1207081800,2322060,114589154.9652
"Bourne supremacy",1204763460,1485068256,280304796,114589154.9652
"Bourne supremacy",1204763460,1205956440,1192980,114589154.9652
"Bourne supremacy",1204765560,1485068256,280302696,114589154.9652
"Bourne supremacy",1204765560,1204938600,173040,114589154.9652
"Bourne supremacy",1204765560,1205175180,409620,114589154.9652
"Bourne supremacy",1204765560,1205264940,499380,114589154.9652
"Bourne supremacy",1204766760,1485068256,280301496,114589154.9652
"Bourne supremacy",1204766760,1205968500,1201740,114589154.9652
"Bourne supremacy",1204766760,1206120840,1354080,114589154.9652
"Bourne supremacy",1204772040,1485068256,280296216,114589154.9652
"Bourne supremacy",1204773060,1485068256,280295196,114589154.9652
"Bourne supremacy",1204773060,1206139860,1366800,114589154.9652
"Bourne supremacy",1204773720,1485068256,280294536,114589154.9652
"Bourne supremacy",1204773720,1205978100,1204380,114589154.9652
"Bourne supremacy",1204773720,1206160020,1386300,114589154.9652
"Bourne supremacy",1204773720,1206508020,1734300,114589154.9652
"Bourne supremacy",1204773720,1206558120,1784400,114589154.9652
"Bourne supremacy",1204841940,1485068256,280226316,114589154.9652
"Bourne supremacy",1204841940,1207257480,2415540,114589154.9652
"Bourne supremacy",1204841940,1208460540,3618600,114589154.9652
"Bourne supremacy",1204926540,1485068256,280141716,114589154.9652
"Bourne supremacy",1204926540,1206132060,1205520,114589154.9652
"Bourne supremacy",1204934220,1485068256,280134036,114589154.9652
"Bourne supremacy",1204934220,1205890920,956700,114589154.9652
"Bourne supremacy",1204934220,1205960520,1026300,114589154.9652
"Bourne supremacy",1204934220,1207078560,2144340,114589154.9652
"Bourne supremacy",1204937040,1485068256,280131216,114589154.9652
"Bourne supremacy",1204937280,1485068256,280130976,114589154.9652
"Bourne supremacy",1205004960,1485068256,280063296,114589154.9652
"Bourne supremacy",1205004960,1206055860,1050900,114589154.9652
"Bourne supremacy",1205004960,1206151020,1146060,114589154.9652
"Bourne supremacy",1205004960,1206389760,1384800,114589154.9652
"Bourne supremacy",1205014140,1485068256,280054116,114589154.9652
"Bourne supremacy",1205014380,1485068256,280053876,114589154.9652
"Bourne supremacy",1205014380,1205024280,9900,114589154.9652
"Bourne supremacy",1205014380,1205192280,177900,114589154.9652
"Bourne supremacy",1205014380,1205266260,251880,114589154.9652
"Bourne supremacy",1205022120,1485068256,280046136,114589154.9652
"Bourne supremacy",1205175120,1485068256,279893136,114589154.9652
"Bourne supremacy",1205175120,1206233460,1058340,114589154.9652
"Bourne supremacy",1205175120,1206487500,1312380,114589154.9652
"Bourne supremacy",1205193120,1485068256,279875136,114589154.9652
"Bourne supremacy",1205193120,1206563280,1370160,114589154.9652
"Bourne supremacy",1205193120,1206641880,1448760,114589154.9652
"Bourne supremacy",1205193720,1485068256,279874536,114589154.9652
"Bourne supremacy",1205193720,1207000740,1807020,114589154.9652
"Bourne supremacy",1205193720,1215463080,10269360,114589154.9652
"Bourne supremacy",1205195760,1485068256,279872496,114589154.9652
"Bourne supremacy",1205198760,1485068256,279869496,114589154.9652
"Bourne supremacy",1205272320,1485068256,279795936,114589154.9652
"Bourne supremacy",1205272320,1206040020,767700,114589154.9652
"Bourne supremacy",1205282520,1485068256,279785736,114589154.9652
"Bourne supremacy",1205282520,1205526300,243780,114589154.9652
"Bourne supremacy",1205282520,1205892720,610200,114589154.9652
"Bourne supremacy",1205282520,1205949600,667080,114589154.9652
"Bourne supremacy",1205284500,1485068256,279783756,114589154.9652
"Bourne supremacy",1205288460,1485068256,279779796,114589154.9652
"Bourne supremacy",1205288460,1206670260,1381800,114589154.9652
"Bourne supremacy",1205288460,1206827880,1539420,114589154.9652
"Bourne supremacy",1205288460,1206990060,1701600,114589154.9652
"Bourne supremacy",1205352480,1485068256,279715776,114589154.9652
"Bourne supremacy",1205352480,1208637540,3285060,114589154.9652
"Bourne supremacy",1205355060,1485068256,279713196,114589154.9652
"Bourne supremacy",1205355060,1207252020,1896960,114589154.9652
"Bourne supremacy",1205361660,1485068256,279706596,114589154.9652
"Bourne supremacy",1205361660,1205708400,346740,114589154.9652
"Bourne supremacy",1205377080,1485068256,279691176,114589154.9652
"Bourne supremacy",1205377080,1206231960,854880,114589154.9652
"Bourne supremacy",1205436960,1485068256,279631296,114589154.9652
"Bourne supremacy",1205436960,1206557880,1120920,114589154.9652
"Bourne supremacy",1205521680,1485068256,279546576,114589154.9652
"Bourne supremacy",1205521680,1206726960,1205280,114589154.9652
"Bourne supremacy",1205523120,1485068256,279545136,114589154.9652
"Bourne supremacy",1205523120,1207011660,1488540,114589154.9652
"Bourne supremacy",1205523120,1207330020,1806900,114589154.9652
"Bourne supremacy",1205529660,1485068256,279538596,114589154.9652
"Bourne supremacy",1205529660,1206132960,603300,114589154.9652
"Bourne supremacy",1205529660,1206138660,609000,114589154.9652
"Bourne supremacy",1205536320,1485068256,279531936,114589154.9652
"Bourne supremacy",1205536320,1207078380,1542060,114589154.9652
"Bourne supremacy",1205540580,1485068256,279527676,114589154.9652
"Bourne supremacy",1205540580,1206509220,968640,114589154.9652
"Bourne supremacy",1205540580,1206642480,1101900,114589154.9652
"Bourne supremacy",1205604900,1485068256,279463356,114589154.9652
"Bourne supremacy",1205604900,1206830280,1225380,114589154.9652
"Bourne supremacy",1205604900,1206995580,1390680,114589154.9652
"Bourne supremacy",1205623140,1485068256,279445116,114589154.9652
"Bourne supremacy",1205623140,1206136140,513000,114589154.9652
"Bourne supremacy",1205703600,1485068256,279364656,114589154.9652
"Bourne supremacy",1205794380,1485068256,279273876,114589154.9652
"Bourne supremacy",1205802360,1485068256,279265896,114589154.9652
"Bourne supremacy",1205889120,1485068256,279179136,114589154.9652
"Bourne supremacy",1205978340,1485068256,279089916,114589154.9652
"Bourne supremacy",1205978340,1207101240,1122900,114589154.9652
"Bourne supremacy",1205978340,1207102740,1124400,114589154.9652
"Bourne supremacy",1205978340,1207353120,1374780,114589154.9652
"Bourne supremacy",1205979420,1485068256,279088836,114589154.9652
"Bourne supremacy",1205979420,1207682520,1703100,114589154.9652
"Bourne supremacy",1206038160,1485068256,279030096,114589154.9652
"Bourne supremacy",1206047640,1485068256,279020616,114589154.9652
"Bourne supremacy",1206047640,1207613100,1565460,114589154.9652
"Bourne supremacy",1206059400,1485068256,279008856,114589154.9652
"Bourne supremacy",1206059400,1206413460,354060,114589154.9652
"Bourne supremacy",1206059400,1206644160,584760,114589154.9652
"Bourne supremacy",1206065220,1485068256,279003036,114589154.9652
"Bourne supremacy",1206065220,1206648720,583500,114589154.9652
"Bourne supremacy",1206145200,1485068256,278923056,114589154.9652
"Bourne supremacy",1206145200,1206836220,691020,114589154.9652
"Bourne supremacy",1206205860,1485068256,278862396,114589154.9652
"Bourne supremacy",1206211620,1485068256,278856636,114589154.9652
"Bourne supremacy",1206211620,1208907360,2695740,114589154.9652
"Bourne supremacy",1206216600,1485068256,278851656,114589154.9652
"Bourne supremacy",1206216600,1206652440,435840,114589154.9652
"Bourne supremacy",1206216600,1206834540,617940,114589154.9652
"Bourne supremacy",1206220920,1485068256,278847336,114589154.9652
"Bourne supremacy",1206220920,1206404640,183720,114589154.9652
"Bourne supremacy",1206220920,1206494700,273780,114589154.9652
"Bourne supremacy",1206220920,1206567360,346440,114589154.9652
"Bourne supremacy",1206222300,1485068256,278845956,114589154.9652
"Bourne supremacy",1206223980,1485068256,278844276,114589154.9652
"Bourne supremacy",1206223980,1207334760,1110780,114589154.9652
"Bourne supremacy",1206395760,1485068256,278672496,114589154.9652
"Bourne supremacy",1206395760,1206825900,430140,114589154.9652
"Bourne supremacy",1206407220,1485068256,278661036,114589154.9652
"Bourne supremacy",1206476460,1485068256,278591796,114589154.9652
"Bourne supremacy",1206484020,1485068256,278584236,114589154.9652
"Bourne supremacy",1206484020,1206663000,178980,114589154.9652
"Bourne supremacy",1206484020,1207000020,516000,114589154.9652
"Bourne supremacy",1206654000,1485068256,278414256,114589154.9652
"Bourne supremacy",1206654000,1207696020,1042020,114589154.9652
"Bourne supremacy",1206659820,1485068256,278408436,114589154.9652
"Bourne supremacy",1206672240,1485068256,278396016,114589154.9652
"Bourne supremacy",1206672240,1206825600,153360,114589154.9652
"Bourne supremacy",1206672240,1207068120,395880,114589154.9652
"Bourne supremacy",1206737400,1485068256,278330856,114589154.9652
"Bourne supremacy",1206737400,1207958400,1221000,114589154.9652
"Bourne supremacy",1206737400,1208288160,1550760,114589154.9652
"Bourne supremacy",1206738420,1485068256,278329836,114589154.9652
"Bourne supremacy",1206738420,1207354440,616020,114589154.9652
"Bourne supremacy",1206738420,1219459800,12721380,114589154.9652
"Bourne supremacy",1206738420,1219699380,12960960,114589154.9652
"Bourne supremacy",1206745860,1485068256,278322396,114589154.9652
"Bourne supremacy",1206748200,1485068256,278320056,114589154.9652
"Bourne supremacy",1206749880,1485068256,278318376,114589154.9652
"Bourne supremacy",1206814140,1485068256,278254116,114589154.9652
"Bourne supremacy",1206824580,1485068256,278243676,114589154.9652
"Bourne supremacy",1206824580,1208656200,1831620,114589154.9652
"Bourne supremacy",1206824580,1208810340,1985760,114589154.9652
"Bourne supremacy",1206825480,1485068256,278242776,114589154.9652
"Bourne supremacy",1206825480,1208313000,1487520,114589154.9652
"Bourne supremacy",1206835020,1485068256,278233236,114589154.9652
"Bourne supremacy",1206835020,1208830440,1995420,114589154.9652
"Bourne supremacy",1206835140,1485068256,278233116,114589154.9652
"Bourne supremacy",1206835140,1207802460,967320,114589154.9652
"Bourne supremacy",1206837420,1485068256,278230836,114589154.9652
"Bourne supremacy",1206837420,1208047200,1209780,114589154.9652
"Bourne supremacy",1206837420,1208295420,1458000,114589154.9652
"Bourne supremacy",1206910560,1485068256,278157696,114589154.9652
"Bourne supremacy",1206910560,1208397660,1487100,114589154.9652
"Bourne supremacy",1207012620,1485068256,278055636,114589154.9652
"Bourne supremacy",1207012620,1208912340,1899720,114589154.9652
"Bourne supremacy",1207091400,1485068256,277976856,114589154.9652
"Bourne supremacy",1207091400,1209067380,1975980,114589154.9652
"Bourne supremacy",1207091400,1209675600,2584200,114589154.9652
"Bourne supremacy",1207091400,1209749520,2658120,114589154.9652
"Bourne supremacy",1207095420,1485068256,277972836,114589154.9652
"Bourne supremacy",1207096320,1485068256,277971936,114589154.9652
"Bourne supremacy",1207104900,1485068256,277963356,114589154.9652
"Bourne supremacy",1207104900,1210729380,3624480,114589154.9652
"Bourne supremacy",1207104900,1210891020,3786120,114589154.9652
"Bourne supremacy",1207163220,1485068256,277905036,114589154.9652
"Bourne supremacy",1207173600,1485068256,277894656,114589154.9652
"Bourne supremacy",1207174200,1485068256,277894056,114589154.9652
"Bourne supremacy",1207174200,1210126680,2952480,114589154.9652
"Bourne supremacy",1207182780,1485068256,277885476,114589154.9652
"Bourne supremacy",1207184940,1485068256,277883316,114589154.9652
"Bourne supremacy",1207184940,1209519240,2334300,114589154.9652
"Bourne supremacy",1207186260,1207186860,600,114589154.9652
"Bourne supremacy",1207186260,1207437120,250860,114589154.9652
"Bourne supremacy",1207277220,1485068256,277791036,114589154.9652
"Bourne supremacy",1207351020,1485068256,277717236,114589154.9652
"Bourne supremacy",1207351020,1208453460,1102440,114589154.9652
"Bourne supremacy",1207353360,1485068256,277714896,114589154.9652
"Bourne supremacy",1207353360,1214448720,7095360,114589154.9652
"Bourne supremacy",1207353360,1214516400,7163040,114589154.9652
"Bourne supremacy",1207357260,1485068256,277710996,114589154.9652
"Bourne supremacy",1207419120,1485068256,277649136,114589154.9652
"Bourne supremacy",1207419120,1209072840,1653720,114589154.9652
"Bourne supremacy",1207420200,1485068256,277648056,114589154.9652
"Bourne supremacy",1207420200,1208480100,1059900,114589154.9652
"Bourne supremacy",1207509660,1485068256,277558596,114589154.9652
"Bourne supremacy",1207580400,1485068256,277487856,114589154.9652
"Bourne supremacy",1207605840,1485068256,277462416,114589154.9652
"Bourne supremacy",1207605840,1209666180,2060340,114589154.9652
"Bourne supremacy",1207685580,1485068256,277382676,114589154.9652
"Bourne supremacy",1207685580,1208911860,1226280,114589154.9652
"Bourne supremacy",1207695960,1485068256,277372296,114589154.9652
"Bourne supremacy",1207695960,1209339060,1643100,114589154.9652
"Bourne supremacy",1207700340,1207957380,257040,114589154.9652
"Bourne supremacy",1207775040,1485068256,277293216,114589154.9652
"Bourne supremacy",1207775220,1485068256,277293036,114589154.9652
"Bourne supremacy",1207775220,1208390220,615000,114589154.9652
"Bourne supremacy",1207775580,1485068256,277292676,114589154.9652
"Bourne supremacy",1207779420,1208987040,1207620,114589154.9652
"Bourne supremacy",1207783800,1208043120,259320,114589154.9652
"Bourne supremacy",1207787400,1208039280,251880,114589154.9652
"Bourne supremacy",1207863060,1210281360,2418300,114589154.9652
"Bourne supremacy",1207875360,1209079800,1204440,114589154.9652
"Bourne supremacy",1207878060,1208289060,411000,114589154.9652
"Bourne supremacy",1207881120,1208480580,599460,114589154.9652
"Bourne supremacy",1207881120,1208810460,929340,114589154.9652
"Bourne supremacy",1207952580,1485068256,277115676,114589154.9652
"Bourne supremacy",1207952580,1208719500,766920,114589154.9652
"Bourne supremacy",1207952580,1208888760,936180,114589154.9652
"Bourne supremacy",1207952580,1208978940,1026360,114589154.9652
"Bourne supremacy",1207955040,1485068256,277113216,114589154.9652
"Bourne supremacy",1207955040,1209150960,1195920,114589154.9652
"Bourne supremacy",1208023080,1485068256,277045176,114589154.9652
"Bourne supremacy",1208031840,1485068256,277036416,114589154.9652
"Bourne supremacy",1208031840,1208479380,447540,114589154.9652
"Bourne supremacy",1208116680,1485068256,276951576,114589154.9652
"Bourne supremacy",1208116680,1208306460,189780,114589154.9652
"Bourne supremacy",1208206260,1485068256,276861996,114589154.9652
"Bourne supremacy",1208206260,1209414660,1208400,114589154.9652
"Bourne supremacy",1208213520,1485068256,276854736,114589154.9652
"Bourne supremacy",1208284260,1485068256,276783996,114589154.9652
"Bourne supremacy",1208284260,1208804880,520620,114589154.9652
"Bourne supremacy",1208284260,1222646940,14362680,114589154.9652
"Bourne supremacy",1208303760,1485068256,276764496,114589154.9652
"Bourne supremacy",1208303760,1212026580,3722820,114589154.9652
"Bourne supremacy",1208303760,1212429000,4125240,114589154.9652
"Bourne supremacy",1208375940,1485068256,276692316,114589154.9652
"Bourne supremacy",1208375940,1209670200,1294260,114589154.9652
"Bourne supremacy",1208378220,1485068256,276690036,114589154.9652
"Bourne supremacy",1208378220,1208474160,95940,114589154.9652
"Bourne supremacy",1208388000,1485068256,276680256,114589154.9652
"Bourne supremacy",1208388000,1209233040,845040,114589154.9652
"Bourne supremacy",1208388000,1209491580,1103580,114589154.9652
"Bourne supremacy",1208388540,1485068256,276679716,114589154.9652
"Bourne supremacy",1208388540,1208994180,605640,114589154.9652
"Bourne supremacy",1208396040,1485068256,276672216,114589154.9652
"Bourne supremacy",1208396040,1209081660,685620,114589154.9652
"Bourne supremacy",1208469600,1485068256,276598656,114589154.9652
"Bourne supremacy",1208469960,1485068256,276598296,114589154.9652
"Bourne supremacy",1208469960,1208563740,93780,114589154.9652
"Bourne supremacy",1208469960,1208887260,417300,114589154.9652
"Bourne supremacy",1208472480,1485068256,276595776,114589154.9652
"Bourne supremacy",1208472480,1209155100,682620,114589154.9652
"Bourne supremacy",1208475360,1485068256,276592896,114589154.9652
"Bourne supremacy",1208475360,1209591540,1116180,114589154.9652
"Bourne supremacy",1208482020,1485068256,276586236,114589154.9652
"Bourne supremacy",1208482020,1210300860,1818840,114589154.9652
"Bourne supremacy",1208484240,1485068256,276584016,114589154.9652
"Bourne supremacy",1208556960,1485068256,276511296,114589154.9652
"Bourne supremacy",1208562000,1485068256,276506256,114589154.9652
"Bourne supremacy",1208649540,1485068256,276418716,114589154.9652
"Bourne supremacy",1208649540,1209169260,519720,114589154.9652
"Bourne supremacy",1208649540,1209419760,770220,114589154.9652
"Bourne supremacy",1208649540,1209671640,1022100,114589154.9652
"Bourne supremacy",1208806080,1485068256,276262176,114589154.9652
"Bourne supremacy",1208806080,1210102080,1296000,114589154.9652
"Bourne supremacy",1208806080,1210629360,1823280,114589154.9652
"Bourne supremacy",1208811900,1485068256,276256356,114589154.9652
"Bourne supremacy",1208827200,1485068256,276241056,114589154.9652
"Bourne supremacy",1208827200,1209157920,330720,114589154.9652
"Bourne supremacy",1208827200,1211063700,2236500,114589154.9652
"Bourne supremacy",1208827200,1211226780,2399580,114589154.9652
"Bourne supremacy",1208832300,1485068256,276235956,114589154.9652
"Bourne supremacy",1208878620,1485068256,276189636,114589154.9652
"Bourne supremacy",1208878620,1211929320,3050700,114589154.9652
"Bourne supremacy",1208878620,1212708780,3830160,114589154.9652
"Bourne supremacy",1208878620,1212784380,3905760,114589154.9652
"Bourne supremacy",1208910060,1485068256,276158196,114589154.9652
"Bourne supremacy",1208910060,1211240280,2330220,114589154.9652
"Bourne supremacy",1208910060,1211567100,2657040,114589154.9652
"Bourne supremacy",1208980200,1485068256,276088056,114589154.9652
"Bourne supremacy",1208980200,1209503220,523020,114589154.9652
"Bourne supremacy",1208994180,1485068256,276074076,114589154.9652
"Bourne supremacy",1208994180,1210024920,1030740,114589154.9652
"Bourne supremacy",1208995860,1485068256,276072396,114589154.9652
"Bourne supremacy",1208995860,1210031280,1035420,114589154.9652
"Bourne supremacy",1208996580,1485068256,276071676,114589154.9652
"Bourne supremacy",1208996580,1209598140,601560,114589154.9652
"Bourne supremacy",1208998260,1485068256,276069996,114589154.9652
"Bourne supremacy",1208998260,1210301100,1302840,114589154.9652
"Bourne supremacy",1209082320,1485068256,275985936,114589154.9652
"Bourne supremacy",1209150540,1485068256,275917716,114589154.9652
"Bourne supremacy",1209150540,1210641480,1490940,114589154.9652
"Bourne supremacy",1209157680,1485068256,275910576,114589154.9652
"Bourne supremacy",1209157680,1209506820,349140,114589154.9652
"Bourne supremacy",1209162900,1485068256,275905356,114589154.9652
"Bourne supremacy",1209162900,1212102540,2939640,114589154.9652
"Bourne supremacy",1209245820,1485068256,275822436,114589154.9652
"Bourne supremacy",1209245820,1210882980,1637160,114589154.9652
"Bourne supremacy",1209246720,1485068256,275821536,114589154.9652
"Bourne supremacy",1209256380,1485068256,275811876,114589154.9652
"Bourne supremacy",1209339960,1485068256,275728296,114589154.9652
"Bourne supremacy",1209420780,1485068256,275647476,114589154.9652
"Bourne supremacy",1209437100,1485068256,275631156,114589154.9652
"Bourne supremacy",1209437100,1210788660,1351560,114589154.9652
"Bourne supremacy",1209437100,1212029580,2592480,114589154.9652
"Bourne supremacy",1209437100,1212098700,2661600,114589154.9652
"Bourne supremacy",1209504240,1485068256,275564016,114589154.9652
"Bourne supremacy",1209504240,1209606240,102000,114589154.9652
"Bourne supremacy",1209518100,1485068256,275550156,114589154.9652
"Bourne supremacy",1209518100,1210974660,1456560,114589154.9652
"Bourne supremacy",1209596340,1485068256,275471916,114589154.9652
"Bourne supremacy",1209596340,1209839220,242880,114589154.9652
"Bourne supremacy",1209604560,1485068256,275463696,114589154.9652
"Bourne supremacy",1209604560,1210533360,928800,114589154.9652
"Bourne supremacy",1209609000,1485068256,275459256,114589154.9652
"Bourne supremacy",1209609000,1210817040,1208040,114589154.9652
"Bourne supremacy",1209672180,1485068256,275396076,114589154.9652
"Bourne supremacy",1209672180,1210193220,521040,114589154.9652
"Bourne supremacy",1209694860,1485068256,275373396,114589154.9652
"Bourne supremacy",1209694860,1210301220,606360,114589154.9652
"Bourne supremacy",1209694860,1210620180,925320,114589154.9652
"Bourne supremacy",1209754200,1485068256,275314056,114589154.9652
"Bourne supremacy",1209754200,1210732680,978480,114589154.9652
"Bourne supremacy",1209754200,1215900240,6146040,114589154.9652
"Bourne supremacy",1209754200,1216078080,6323880,114589154.9652
"Bourne supremacy",1209764280,1485068256,275303976,114589154.9652
"Bourne supremacy",1209765960,1485068256,275302296,114589154.9652
"Bourne supremacy",1209765960,1210807260,1041300,114589154.9652
"Bourne supremacy",1209765960,1211043240,1277280,114589154.9652
"Bourne supremacy",1209765960,1211264280,1498320,114589154.9652
"Bourne supremacy",1209765960,1211319660,1553700,114589154.9652
"Bourne supremacy",1209837000,1485068256,275231256,114589154.9652
"Bourne supremacy",1209847740,1485068256,275220516,114589154.9652
"Bourne supremacy",1209847740,1210281300,433560,114589154.9652
"Bourne supremacy",1209847740,1210392240,544500,114589154.9652
"Bourne supremacy",1209847740,1210626000,778260,114589154.9652
"Bourne supremacy",1210017840,1485068256,275050416,114589154.9652
"Bourne supremacy",1210017840,1212021960,2004120,114589154.9652
"Bourne supremacy",1210033200,1485068256,275035056,114589154.9652
"Bourne supremacy",1210033200,1211334600,1301400,114589154.9652
"Bourne supremacy",1210033200,1211400600,1367400,114589154.9652
"Bourne supremacy",1210033620,1485068256,275034636,114589154.9652
"Bourne supremacy",1210033620,1210547760,514140,114589154.9652
"Bourne supremacy",1210034820,1485068256,275033436,114589154.9652
"Bourne supremacy",1210034820,1216693980,6659160,114589154.9652
"Bourne supremacy",1210035240,1485068256,275033016,114589154.9652
"Bourne supremacy",1210035240,1210374360,339120,114589154.9652
"Bourne supremacy",1210122600,1485068256,274945656,114589154.9652
"Bourne supremacy",1210122600,1210818120,695520,114589154.9652
"Bourne supremacy",1210127640,1485068256,274940616,114589154.9652
"Bourne supremacy",1210127640,1210623420,495780,114589154.9652
"Bourne supremacy",1210183680,1485068256,274884576,114589154.9652
"Bourne supremacy",1210183680,1211929260,1745580,114589154.9652
"Bourne supremacy",1210196220,1485068256,274872036,114589154.9652
"Bourne supremacy",1210196220,1210791000,594780,114589154.9652
"Bourne supremacy",1210274580,1485068256,274793676,114589154.9652
"Bourne supremacy",1210282680,1485068256,274785576,114589154.9652
"Bourne supremacy",1210282680,1210289280,6600,114589154.9652
"Bourne supremacy",1210294680,1485068256,274773576,114589154.9652
"Bourne supremacy",1210294680,1211234640,939960,114589154.9652
"Bourne supremacy",1210294680,1211347200,1052520,114589154.9652
"Bourne supremacy",1210367460,1485068256,274700796,114589154.9652
"Bourne supremacy",1210367460,1211663700,1296240,114589154.9652
"Bourne supremacy",1210367460,1211998020,1630560,114589154.9652
"Bourne supremacy",1210379760,1485068256,274688496,114589154.9652
"Bourne supremacy",1210379760,1211235060,855300,114589154.9652
"Bourne supremacy",1210439520,1485068256,274628736,114589154.9652
"Bourne supremacy",1210439520,1211327940,888420,114589154.9652
"Bourne supremacy",1210541940,1485068256,274526316,114589154.9652
"Bourne supremacy",1210622220,1485068256,274446036,114589154.9652
"Bourne supremacy",1210622220,1211487720,865500,114589154.9652
"Bourne supremacy",1210638240,1485068256,274430016,114589154.9652
"Bourne supremacy",1210638240,1215673200,5034960,114589154.9652
"Bourne supremacy",1210706460,1485068256,274361796,114589154.9652
"Bourne supremacy",1210706460,1211403060,696600,114589154.9652
"Bourne supremacy",1210706460,1211656740,950280,114589154.9652
"Bourne supremacy",1210706460,1211942160,1235700,114589154.9652
"Bourne supremacy",1210794480,1485068256,274273776,114589154.9652
"Bourne supremacy",1210794480,1210975620,181140,114589154.9652
"Bourne supremacy",1210811820,1485068256,274256436,114589154.9652
"Bourne supremacy",1210811820,1212187200,1375380,114589154.9652
"Bourne supremacy",1210811820,1212546960,1735140,114589154.9652
"Bourne supremacy",1210811820,1212599460,1787640,114589154.9652
"Bourne supremacy",1210874940,1485068256,274193316,114589154.9652
"Bourne supremacy",1210874940,1212474420,1599480,114589154.9652
"Bourne supremacy",1210874940,1212521460,1646520,114589154.9652
"Bourne supremacy",1210877340,1485068256,274190916,114589154.9652
"Bourne supremacy",1210877340,1212086520,1209180,114589154.9652
"Bourne supremacy",1210879320,1485068256,274188936,114589154.9652
"Bourne supremacy",1210879320,1211932380,1053060,114589154.9652
"Bourne supremacy",1210886520,1485068256,274181736,114589154.9652
"Bourne supremacy",1210886520,1211940360,1053840,114589154.9652
"Bourne supremacy",1210886520,1212005760,1119240,114589154.9652
"Bourne supremacy",1210889580,1485068256,274178676,114589154.9652
"Bourne supremacy",1210889580,1211753940,864360,114589154.9652
"Bourne supremacy",1210891800,1485068256,274176456,114589154.9652
"Bourne supremacy",1210891800,1211417040,525240,114589154.9652
"Bourne supremacy",1210895580,1485068256,274172676,114589154.9652
"Bourne supremacy",1210895580,1212105120,1209540,114589154.9652
"Bourne supremacy",1210974480,1485068256,274093776,114589154.9652
"Bourne supremacy",1210974480,1211585100,610620,114589154.9652
"Bourne supremacy",1210975740,1485068256,274092516,114589154.9652
"Bourne supremacy",1210975740,1212784320,1808580,114589154.9652
"Bourne supremacy",1210976340,1485068256,274091916,114589154.9652
"Bourne supremacy",1210983840,1485068256,274084416,114589154.9652
"Bourne supremacy",1210983840,1212460920,1477080,114589154.9652
"Bourne supremacy",1210983840,1213049640,2065800,114589154.9652
"Bourne supremacy",1210983840,1213126800,2142960,114589154.9652
"Bourne supremacy",1211067540,1485068256,274000716,114589154.9652
"Bourne supremacy",1211067540,1211237400,169860,114589154.9652
"Bourne supremacy",1211242380,1485068256,273825876,114589154.9652
"Bourne supremacy",1211242380,1213302000,2059620,114589154.9652
"Bourne supremacy",1211244540,1485068256,273823716,114589154.9652
"Bourne supremacy",1211244540,1212459780,1215240,114589154.9652
"Bourne supremacy",1211244540,1212720720,1476180,114589154.9652
"Bourne supremacy",1211244540,1212773040,1528500,114589154.9652
"Bourne supremacy",1211249460,1485068256,273818796,114589154.9652
"Bourne supremacy",1211329020,1485068256,273739236,114589154.9652
"Bourne supremacy",1211329020,1213318800,1989780,114589154.9652
"Bourne supremacy",1211329020,1213421760,2092740,114589154.9652
"Bourne supremacy",1211329020,1213505940,2176920,114589154.9652
"Bourne supremacy",1211329020,1213835700,2506680,114589154.9652
"Bourne supremacy",1211406720,1485068256,273661536,114589154.9652
"Bourne supremacy",1211406720,1212692400,1285680,114589154.9652
"Bourne supremacy",1211487660,1485068256,273580596,114589154.9652
"Bourne supremacy",1211494680,1485068256,273573576,114589154.9652
"Bourne supremacy",1211494680,1211497740,3060,114589154.9652
"Bourne supremacy",1211505060,1485068256,273563196,114589154.9652
"Bourne supremacy",1211505060,1212171600,666540,114589154.9652
"Bourne supremacy",1211505480,1485068256,273562776,114589154.9652
"Bourne supremacy",1211505480,1212623340,1117860,114589154.9652
"Bourne supremacy",1211505480,1213040520,1535040,114589154.9652
"Bourne supremacy",1211655720,1485068256,273412536,114589154.9652
"Bourne supremacy",1211663340,1485068256,273404916,114589154.9652
"Bourne supremacy",1211663340,1212260040,596700,114589154.9652
"Bourne supremacy",1211663340,1212547980,884640,114589154.9652
"Bourne supremacy",1211663340,1212621960,958620,114589154.9652
"Bourne supremacy",1211935980,1485068256,273132276,114589154.9652
"Bourne supremacy",1211935980,1213150380,1214400,114589154.9652
"Bourne supremacy",1211935980,1214250720,2314740,114589154.9652
"Bourne supremacy",1212002280,1485068256,273065976,114589154.9652
"Bourne supremacy",1212002280,1212696480,694200,114589154.9652
"Bourne supremacy",1212008760,1485068256,273059496,114589154.9652
"Bourne supremacy",1212008760,1213235040,1226280,114589154.9652
"Bourne supremacy",1212016080,1485068256,273052176,114589154.9652
"Bourne supremacy",1212016080,1212102540,86460,114589154.9652
"Bourne supremacy",1212019080,1485068256,273049176,114589154.9652
"Bourne supremacy",1212019080,1213209600,1190520,114589154.9652
"Bourne supremacy",1212019620,1485068256,273048636,114589154.9652
"Bourne supremacy",1212091620,1485068256,272976636,114589154.9652
"Bourne supremacy",1212091620,1213404960,1313340,114589154.9652
"Bourne supremacy",1212094800,1485068256,272973456,114589154.9652
"Bourne supremacy",1212096960,1485068256,272971296,114589154.9652
"Bourne supremacy",1212096960,1214266080,2169120,114589154.9652
"Bourne supremacy",1212108900,1485068256,272959356,114589154.9652
"Bourne supremacy",1212108900,1212542220,433320,114589154.9652
"Bourne supremacy",1212115260,1485068256,272952996,114589154.9652
"Bourne supremacy",1212115260,1213231560,1116300,114589154.9652
"Bourne supremacy",1212116220,1485068256,272952036,114589154.9652
"Bourne supremacy",1212116220,1213666680,1550460,114589154.9652
"Bourne supremacy",1212167580,1485068256,272900676,114589154.9652
"Bourne supremacy",1212167580,1212773880,606300,114589154.9652
"Bourne supremacy",1212167580,1213055580,888000,114589154.9652
"Bourne supremacy",1212180060,1485068256,272888196,114589154.9652
"Bourne supremacy",1212180060,1212545760,365700,114589154.9652
"Bourne supremacy",1212187800,1485068256,272880456,114589154.9652
"Bourne supremacy",1212187800,1213212300,1024500,114589154.9652
"Bourne supremacy",1212187800,1213293600,1105800,114589154.9652
"Bourne supremacy",1212271500,1485068256,272796756,114589154.9652
"Bourne supremacy",1212271500,1213738260,1466760,114589154.9652
"Bourne supremacy",1212280200,1485068256,272788056,114589154.9652
"Bourne supremacy",1212280200,1213134960,854760,114589154.9652
"Bourne supremacy",1212280200,1213212060,931860,114589154.9652
"Bourne supremacy",1212350880,1485068256,272717376,114589154.9652
"Bourne supremacy",1212350880,1213400580,1049700,114589154.9652
"Bourne supremacy",1212350940,1485068256,272717316,114589154.9652
"Bourne supremacy",1212350940,1212714000,363060,114589154.9652
"Bourne supremacy",1212353940,1485068256,272714316,114589154.9652
"Bourne supremacy",1212353940,1212614940,261000,114589154.9652
"Bourne supremacy",1212442560,1485068256,272625696,114589154.9652
"Bourne supremacy",1212442560,1212798480,355920,114589154.9652
"Bourne supremacy",1212442560,1213197480,754920,114589154.9652
"Bourne supremacy",1212524820,1485068256,272543436,114589154.9652
"Bourne supremacy",1212524820,1216322700,3797880,114589154.9652
"Bourne supremacy",1212533700,1485068256,272534556,114589154.9652
"Bourne supremacy",1212533700,1213147860,614160,114589154.9652
"Bourne supremacy",1212533700,1213991340,1457640,114589154.9652
"Bourne supremacy",1212534900,1485068256,272533356,114589154.9652
"Bourne supremacy",1212534900,1212869340,334440,114589154.9652
"Bourne supremacy",1212687420,1485068256,272380836,114589154.9652
"Bourne supremacy",1212687420,1213737660,1050240,114589154.9652
"Bourne supremacy",1212688380,1485068256,272379876,114589154.9652
"Bourne supremacy",1212688380,1213300680,612300,114589154.9652
"Bourne supremacy",1212701940,1485068256,272366316,114589154.9652
"Bourne supremacy",1212702060,1485068256,272366196,114589154.9652
"Bourne supremacy",1212702060,1213665780,963720,114589154.9652
"Bourne supremacy",1212703440,1485068256,272364816,114589154.9652
"Bourne supremacy",1212705240,1485068256,272363016,114589154.9652
"Bourne supremacy",1212705240,1213233600,528360,114589154.9652
"Bourne supremacy",1212705480,1485068256,272362776,114589154.9652
"Bourne supremacy",1212705480,1212784920,79440,114589154.9652
"Bourne supremacy",1212792540,1485068256,272275716,114589154.9652
"Bourne supremacy",1212792540,1213566300,773760,114589154.9652
"Bourne supremacy",1212797160,1485068256,272271096,114589154.9652
"Bourne supremacy",1212797400,1485068256,272270856,114589154.9652
"Bourne supremacy",1212797400,1214003040,1205640,114589154.9652
"Bourne supremacy",1212797400,1214071440,1274040,114589154.9652
"Bourne supremacy",1212799980,1485068256,272268276,114589154.9652
"Bourne supremacy",1212799980,1214270040,1470060,114589154.9652
"Bourne supremacy",1212799980,1214858820,2058840,114589154.9652
"Bourne supremacy",1212799980,1215037500,2237520,114589154.9652
"Bourne supremacy",1212799980,1215115800,2315820,114589154.9652
"Bourne supremacy",1212881940,1485068256,272186316,114589154.9652
"Bourne supremacy",1212881940,1214091900,1209960,114589154.9652
"Bourne supremacy",1212958980,1485068256,272109276,114589154.9652
"Bourne supremacy",1212958980,1214948100,1989120,114589154.9652
"Bourne supremacy",1212958980,1215712020,2753040,114589154.9652
"Bourne supremacy",1213051860,1485068256,272016396,114589154.9652
"Bourne supremacy",1213051860,1213148760,96900,114589154.9652
"Bourne supremacy",1213055100,1485068256,272013156,114589154.9652
"Bourne supremacy",1213055100,1217020740,3965640,114589154.9652
"Bourne supremacy",1213057980,1485068256,272010276,114589154.9652
"Bourne supremacy",1213057980,1214266080,1208100,114589154.9652
"Bourne supremacy",1213058580,1485068256,272009676,114589154.9652
"Bourne supremacy",1213213920,1485068256,271854336,114589154.9652
"Bourne supremacy",1213213920,1213292460,78540,114589154.9652
"Bourne supremacy",1213213920,1213503240,289320,114589154.9652
"Bourne supremacy",1213213920,1213638840,424920,114589154.9652
"Bourne supremacy",1213220940,1485068256,271847316,114589154.9652
"Bourne supremacy",1213220940,1213823040,602100,114589154.9652
"Bourne supremacy",1213305060,1485068256,271763196,114589154.9652
"Bourne supremacy",1213305060,1213565100,260040,114589154.9652
"Bourne supremacy",1213311480,1485068256,271756776,114589154.9652
"Bourne supremacy",1213311480,1213667760,356280,114589154.9652
"Bourne supremacy",1213395120,1485068256,271673136,114589154.9652
"Bourne supremacy",1213395120,1214340120,945000,114589154.9652
"Bourne supremacy",1213395420,1485068256,271672836,114589154.9652
"Bourne supremacy",1213395420,1213756440,361020,114589154.9652
"Bourne supremacy",1213403640,1485068256,271664616,114589154.9652
"Bourne supremacy",1213403640,1214607180,1203540,114589154.9652
"Bourne supremacy",1213472760,1485068256,271595496,114589154.9652
"Bourne supremacy",1213472760,1215279660,1806900,114589154.9652
"Bourne supremacy",1213479720,1485068256,271588536,114589154.9652
"Bourne supremacy",1213574220,1485068256,271494036,114589154.9652
"Bourne supremacy",1213574220,1214687040,1112820,114589154.9652
"Bourne supremacy",1213649340,1485068256,271418916,114589154.9652
"Bourne supremacy",1213649340,1213819440,170100,114589154.9652
"Bourne supremacy",1213651560,1485068256,271416696,114589154.9652
"Bourne supremacy",1213668180,1485068256,271400076,114589154.9652
"Bourne supremacy",1213668600,1485068256,271399656,114589154.9652
"Bourne supremacy",1213668600,1214356740,688140,114589154.9652
"Bourne supremacy",1213669800,1485068256,271398456,114589154.9652
"Bourne supremacy",1213669800,1214431380,761580,114589154.9652
"Bourne supremacy",1213728180,1485068256,271340076,114589154.9652
"Bourne supremacy",1213728180,1213730040,1860,114589154.9652
"Bourne supremacy",1213728180,1214340900,612720,114589154.9652
"Bourne supremacy",1213736940,1485068256,271331316,114589154.9652
"Bourne supremacy",1213736940,1218155820,4418880,114589154.9652
"Bourne supremacy",1213743960,1485068256,271324296,114589154.9652
"Bourne supremacy",1213743960,1214945100,1201140,114589154.9652
"Bourne supremacy",1213743960,1215628680,1884720,114589154.9652
"Bourne supremacy",1213744140,1485068256,271324116,114589154.9652
"Bourne supremacy",1213744140,1214171340,427200,114589154.9652
"Bourne supremacy",1213744140,1214368920,624780,114589154.9652
"Bourne supremacy",1213744140,1214509980,765840,114589154.9652
"Bourne supremacy",1213747020,1485068256,271321236,114589154.9652
"Bourne supremacy",1213750680,1485068256,271317576,114589154.9652
"Bourne supremacy",1213750680,1213915440,164760,114589154.9652
"Bourne supremacy",1213750680,1213981980,231300,114589154.9652
"Bourne supremacy",1213755840,1485068256,271312416,114589154.9652
"Bourne supremacy",1213755840,1214533260,777420,114589154.9652
"Bourne supremacy",1213812120,1485068256,271256136,114589154.9652
"Bourne supremacy",1213812120,1215045960,1233840,114589154.9652
"Bourne supremacy",1213816080,1485068256,271252176,114589154.9652
"Bourne supremacy",1213816080,1215480120,1664040,114589154.9652
"Bourne supremacy",1213819140,1485068256,271249116,114589154.9652
"Bourne supremacy",1213819140,1214353260,534120,114589154.9652
"Bourne supremacy",1213819440,1485068256,271248816,114589154.9652
"Bourne supremacy",1213819440,1214934840,1115400,114589154.9652
"Bourne supremacy",1213819440,1215456240,1636800,114589154.9652
"Bourne supremacy",1213827180,1485068256,271241076,114589154.9652
"Bourne supremacy",1213827180,1214612940,785760,114589154.9652
"Bourne supremacy",1213831080,1485068256,271237176,114589154.9652
"Bourne supremacy",1213831080,1214269320,438240,114589154.9652
"Bourne supremacy",1213834920,1485068256,271233336,114589154.9652
"Bourne supremacy",1213834920,1214851320,1016400,114589154.9652
"Bourne supremacy",1213834920,1214926200,1091280,114589154.9652
"Bourne supremacy",1213842180,1485068256,271226076,114589154.9652
"Bourne supremacy",1213842180,1214879460,1037280,114589154.9652
"Bourne supremacy",1213842180,1215458340,1616160,114589154.9652
"Bourne supremacy",1213899600,1485068256,271168656,114589154.9652
"Bourne supremacy",1213899600,1215653820,1754220,114589154.9652
"Bourne supremacy",1213987320,1485068256,271080936,114589154.9652
"Bourne supremacy",1213987320,1214422500,435180,114589154.9652
"Bourne supremacy",1214080920,1485068256,270987336,114589154.9652
"Bourne supremacy",1214080920,1214612880,531960,114589154.9652
"Bourne supremacy",1214088840,1485068256,270979416,114589154.9652
"Bourne supremacy",1214088840,1218653700,4564860,114589154.9652
"Bourne supremacy",1214088840,1218827820,4738980,114589154.9652
"Bourne supremacy",1214088840,1218915360,4826520,114589154.9652
"Bourne supremacy",1214088840,1220938920,6850080,114589154.9652
"Bourne supremacy",1214088840,1220980500,6891660,114589154.9652
"Bourne supremacy",1214091420,1485068256,270976836,114589154.9652
"Bourne supremacy",1214091420,1214357820,266400,114589154.9652
"Bourne supremacy",1214251500,1485068256,270816756,114589154.9652
"Bourne supremacy",1214251500,1215804600,1553100,114589154.9652
"Bourne supremacy",1214254200,1485068256,270814056,114589154.9652
"Bourne supremacy",1214254200,1215113520,859320,114589154.9652
"Bourne supremacy",1214254200,1215446040,1191840,114589154.9652
"Bourne supremacy",1214256660,1485068256,270811596,114589154.9652
"Bourne supremacy",1214256660,1215905640,1648980,114589154.9652
"Bourne supremacy",1214256660,1216237140,1980480,114589154.9652
"Bourne supremacy",1214264940,1485068256,270803316,114589154.9652
"Bourne supremacy",1214340120,1485068256,270728136,114589154.9652
"Bourne supremacy",1214340120,1214692020,351900,114589154.9652
"Bourne supremacy",1214340660,1485068256,270727596,114589154.9652
"Bourne supremacy",1214340660,1214698860,358200,114589154.9652
"Bourne supremacy",1214349360,1485068256,270718896,114589154.9652
"Bourne supremacy",1214349360,1214966340,616980,114589154.9652
"Bourne supremacy",1214351580,1485068256,270716676,114589154.9652
"Bourne supremacy",1214351580,1216863000,2511420,114589154.9652
"Bourne supremacy",1214440800,1485068256,270627456,114589154.9652
"Bourne supremacy",1214440800,1215644280,1203480,114589154.9652
"Bourne supremacy",1214444220,1485068256,270624036,114589154.9652
"Bourne supremacy",1214444220,1214528820,84600,114589154.9652
"Bourne supremacy",1214598540,1485068256,270469716,114589154.9652
"Bourne supremacy",1214598540,1215814320,1215780,114589154.9652
"Bourne supremacy",1214598540,1216002480,1403940,114589154.9652
"Bourne supremacy",1214598540,1216148580,1550040,114589154.9652
"Bourne supremacy",1214673180,1485068256,270395076,114589154.9652
"Bourne supremacy",1214673180,1215286680,613500,114589154.9652
"Bourne supremacy",1214673180,1215635280,962100,114589154.9652
"Bourne supremacy",1214692680,1485068256,270375576,114589154.9652
"Bourne supremacy",1214692680,1215903000,1210320,114589154.9652
"Bourne supremacy",1214692680,1216239600,1546920,114589154.9652
"Bourne supremacy",1214772540,1485068256,270295716,114589154.9652
"Bourne supremacy",1214773920,1485068256,270294336,114589154.9652
"Bourne supremacy",1214773920,1216172460,1398540,114589154.9652
"Bourne supremacy",1214783820,1485068256,270284436,114589154.9652
"Bourne supremacy",1214869080,1485068256,270199176,114589154.9652
"Bourne supremacy",1214869080,1215124260,255180,114589154.9652
"Bourne supremacy",1214869080,1215463320,594240,114589154.9652
"Bourne supremacy",1214869080,1215630420,761340,114589154.9652
"Bourne supremacy",1214874780,1485068256,270193476,114589154.9652
"Bourne supremacy",1214874780,1215480060,605280,114589154.9652
"Bourne supremacy",1214945640,1485068256,270122616,114589154.9652
"Bourne supremacy",1214945640,1216939140,1993500,114589154.9652
"Bourne supremacy",1214952480,1485068256,270115776,114589154.9652
"Bourne supremacy",1214964060,1485068256,270104196,114589154.9652
"Bourne supremacy",1214964060,1216259280,1295220,114589154.9652
"Bourne supremacy",1214966940,1485068256,270101316,114589154.9652
"Bourne supremacy",1214966940,1219112520,4145580,114589154.9652
"Bourne supremacy",1215036060,1485068256,270032196,114589154.9652
"Bourne supremacy",1215036060,1215547200,511140,114589154.9652
"Bourne supremacy",1215036060,1215721680,685620,114589154.9652
"Bourne supremacy",1215037500,1485068256,270030756,114589154.9652
"Bourne supremacy",1215037500,1215471180,433680,114589154.9652
"Bourne supremacy",1215045180,1485068256,270023076,114589154.9652
"Bourne supremacy",1215045180,1215280080,234900,114589154.9652
"Bourne supremacy",1215124440,1485068256,269943816,114589154.9652
"Bourne supremacy",1215130200,1485068256,269938056,114589154.9652
"Bourne supremacy",1215130200,1216149600,1019400,114589154.9652
"Bourne supremacy",1215133980,1485068256,269934276,114589154.9652
"Bourne supremacy",1215133980,1218660780,3526800,114589154.9652
"Bourne supremacy",1215281820,1485068256,269786436,114589154.9652
"Bourne supremacy",1215281820,1215735600,453780,114589154.9652
"Bourne supremacy",1215281820,1215819180,537360,114589154.9652
"Bourne supremacy",1215283860,1485068256,269784396,114589154.9652
"Bourne supremacy",1215283860,1216512660,1228800,114589154.9652
"Bourne supremacy",1215376860,1485068256,269691396,114589154.9652
"Bourne supremacy",1215382320,1485068256,269685936,114589154.9652
"Bourne supremacy",1215382320,1216088100,705780,114589154.9652
"Bourne supremacy",1215464100,1485068256,269604156,114589154.9652
"Bourne supremacy",1215464100,1221165900,5701800,114589154.9652
"Bourne supremacy",1215464100,1221255600,5791500,114589154.9652
"Bourne supremacy",1215467460,1485068256,269600796,114589154.9652
"Bourne supremacy",1215467460,1216694460,1227000,114589154.9652
"Bourne supremacy",1215557100,1485068256,269511156,114589154.9652
"Bourne supremacy",1215639720,1485068256,269428536,114589154.9652
"Bourne supremacy",1215639720,1216419540,779820,114589154.9652
"Bourne supremacy",1215646740,1485068256,269421516,114589154.9652
"Bourne supremacy",1215646740,1216080600,433860,114589154.9652
"Bourne supremacy",1215658080,1485068256,269410176,114589154.9652
"Bourne supremacy",1215658080,1215886080,228000,114589154.9652
"Bourne supremacy",1215658080,1216097460,439380,114589154.9652
"Bourne supremacy",1215658080,1216151220,493140,114589154.9652
"Bourne supremacy",1215658080,1216766400,1108320,114589154.9652
"Bourne supremacy",1215716160,1485068256,269352096,114589154.9652
"Bourne supremacy",1215716160,1216944900,1228740,114589154.9652
"Bourne supremacy",1215716160,1217367900,1651740,114589154.9652
"Bourne supremacy",1215716160,1217552340,1836180,114589154.9652
"Bourne supremacy",1215729420,1485068256,269338836,114589154.9652
"Bourne supremacy",1215729420,1216509060,779640,114589154.9652
"Bourne supremacy",1215737220,1485068256,269331036,114589154.9652
"Bourne supremacy",1215737220,1217470440,1733220,114589154.9652
"Bourne supremacy",1215808740,1485068256,269259516,114589154.9652
"Bourne supremacy",1215808740,1216260600,451860,114589154.9652
"Bourne supremacy",1215812460,1485068256,269255796,114589154.9652
"Bourne supremacy",1215823560,1485068256,269244696,114589154.9652
"Bourne supremacy",1215823560,1218236280,2412720,114589154.9652
"Bourne supremacy",1215885540,1485068256,269182716,114589154.9652
"Bourne supremacy",1215885540,1218760620,2875080,114589154.9652
"Bourne supremacy",1215885540,1219013880,3128340,114589154.9652
"Bourne supremacy",1215885540,1219185840,3300300,114589154.9652
"Bourne supremacy",1215895740,1485068256,269172516,114589154.9652
"Bourne supremacy",1215895740,1217103720,1207980,114589154.9652
"Bourne supremacy",1215899460,1485068256,269168796,114589154.9652
"Bourne supremacy",1215899460,1216324740,425280,114589154.9652
"Bourne supremacy",1215899460,1216435440,535980,114589154.9652
"Bourne supremacy",1216050900,1485068256,269017356,114589154.9652
"Bourne supremacy",1216050900,1218496320,2445420,114589154.9652
"Bourne supremacy",1216050900,1218822300,2771400,114589154.9652
"Bourne supremacy",1216089120,1485068256,268979136,114589154.9652
"Bourne supremacy",1216089120,1217559060,1469940,114589154.9652
"Bourne supremacy",1216156920,1485068256,268911336,114589154.9652
"Bourne supremacy",1216156920,1217294100,1137180,114589154.9652
"Bourne supremacy",1216176540,1485068256,268891716,114589154.9652
"Bourne supremacy",1216176540,1217276400,1099860,114589154.9652
"Bourne supremacy",1216225860,1485068256,268842396,114589154.9652
"Bourne supremacy",1216225860,1216250940,25080,114589154.9652
"Bourne supremacy",1216237080,1485068256,268831176,114589154.9652
"Bourne supremacy",1216237080,1217351160,1114080,114589154.9652
"Bourne supremacy",1216241160,1485068256,268827096,114589154.9652
"Bourne supremacy",1216241160,1219016520,2775360,114589154.9652
"Bourne supremacy",1216257780,1485068256,268810476,114589154.9652
"Bourne supremacy",1216257780,1217900700,1642920,114589154.9652
"Bourne supremacy",1216312800,1485068256,268755456,114589154.9652
"Bourne supremacy",1216312800,1217345400,1032600,114589154.9652
"Bourne supremacy",1216333980,1485068256,268734276,114589154.9652
"Bourne supremacy",1216333980,1218223020,1889040,114589154.9652
"Bourne supremacy",1216335180,1485068256,268733076,114589154.9652
"Bourne supremacy",1216335780,1485068256,268732476,114589154.9652
"Bourne supremacy",1216335780,1216682100,346320,114589154.9652
"Bourne supremacy",1216338480,1485068256,268729776,114589154.9652
"Bourne supremacy",1216338480,1216774620,436140,114589154.9652
"Bourne supremacy",1216341420,1485068256,268726836,114589154.9652
"Bourne supremacy",1216349580,1485068256,268718676,114589154.9652
"Bourne supremacy",1216349580,1217196600,847020,114589154.9652
"Bourne supremacy",1216417860,1216418100,240,114589154.9652
"Bourne supremacy",1216424400,1485068256,268643856,114589154.9652
"Bourne supremacy",1216677240,1485068256,268391016,114589154.9652
"Bourne supremacy",1216677240,1218050460,1373220,114589154.9652
"Bourne supremacy",1216695060,1485068256,268373196,114589154.9652
"Bourne supremacy",1216695060,1218759300,2064240,114589154.9652
"Bourne supremacy",1216695060,1218930300,2235240,114589154.9652
"Bourne supremacy",1216695060,1219089120,2394060,114589154.9652
"Bourne supremacy",1216777500,1485068256,268290756,114589154.9652
"Bourne supremacy",1216846740,1485068256,268221516,114589154.9652
"Bourne supremacy",1216846740,1218153420,1306680,114589154.9652
"Bourne supremacy",1216859640,1485068256,268208616,114589154.9652
"Bourne supremacy",1216859640,1217202180,342540,114589154.9652
"Bourne supremacy",1216937220,1485068256,268131036,114589154.9652
"Bourne supremacy",1216937220,1217281260,344040,114589154.9652
"Bourne supremacy",1216951860,1485068256,268116396,114589154.9652
"Bourne supremacy",1217007480,1485068256,268060776,114589154.9652
"Bourne supremacy",1217007480,1217355540,348060,114589154.9652
"Bourne supremacy",1217007480,1217438460,430980,114589154.9652
"Bourne supremacy",1217092560,1485068256,267975696,114589154.9652
"Bourne supremacy",1217094240,1485068256,267974016,114589154.9652
"Bourne supremacy",1217094240,1217287380,193140,114589154.9652
"Bourne supremacy",1217094240,1217537100,442860,114589154.9652
"Bourne supremacy",1217094240,1217890080,795840,114589154.9652
"Bourne supremacy",1217106780,1485068256,267961476,114589154.9652
"Bourne supremacy",1217106780,1219012140,1905360,114589154.9652
"Bourne supremacy",1217106780,1219269960,2163180,114589154.9652
"Bourne supremacy",1217112420,1485068256,267955836,114589154.9652
"Bourne supremacy",1217112420,1217717400,604980,114589154.9652
"Bourne supremacy",1217112420,1217968620,856200,114589154.9652
"Bourne supremacy",1217114220,1485068256,267954036,114589154.9652
"Bourne supremacy",1217115360,1485068256,267952896,114589154.9652
"Bourne supremacy",1217115360,1217288880,173520,114589154.9652
"Bourne supremacy",1217115960,1485068256,267952296,114589154.9652
"Bourne supremacy",1217115960,1217795100,679140,114589154.9652
"Bourne supremacy",1217201280,1485068256,267866976,114589154.9652
"Bourne supremacy",1217201940,1485068256,267866316,114589154.9652
"Bourne supremacy",1217280240,1485068256,267788016,114589154.9652
"Bourne supremacy",1217280240,1217707620,427380,114589154.9652
"Bourne supremacy",1217284920,1485068256,267783336,114589154.9652
"Bourne supremacy",1217284920,1217627700,342780,114589154.9652
"Bourne supremacy",1217284920,1217875920,591000,114589154.9652
"Bourne supremacy",1217284920,1217970180,685260,114589154.9652
"Bourne supremacy",1217294580,1485068256,267773676,114589154.9652
"Bourne supremacy",1217294580,1217718840,424260,114589154.9652
"Bourne supremacy",1217297580,1485068256,267770676,114589154.9652
"Bourne supremacy",1217298000,1485068256,267770256,114589154.9652
"Bourne supremacy",1217298000,1218737640,1439640,114589154.9652
"Bourne supremacy",1217449680,1485068256,267618576,114589154.9652
"Bourne supremacy",1217449680,1217973960,524280,114589154.9652
"Bourne supremacy",1217555820,1485068256,267512436,114589154.9652
"Bourne supremacy",1217606820,1485068256,267461436,114589154.9652
"Bourne supremacy",1217606820,1220652900,3046080,114589154.9652
"Bourne supremacy",1217631300,1485068256,267436956,114589154.9652
"Bourne supremacy",1217631300,1217977440,346140,114589154.9652
"Bourne supremacy",1217638320,1485068256,267429936,114589154.9652
"Bourne supremacy",1217638320,1218076680,438360,114589154.9652
"Bourne supremacy",1217638320,1218575700,937380,114589154.9652
"Bourne supremacy",1217638320,1218654960,1016640,114589154.9652
"Bourne supremacy",1217701680,1485068256,267366576,114589154.9652
"Bourne supremacy",1217701680,1218916260,1214580,114589154.9652
"Bourne supremacy",1217711160,1485068256,267357096,114589154.9652
"Bourne supremacy",1217711160,1219521900,1810740,114589154.9652
"Bourne supremacy",1217717160,1485068256,267351096,114589154.9652
"Bourne supremacy",1217718960,1485068256,267349296,114589154.9652
"Bourne supremacy",1217718960,1219787520,2068560,114589154.9652
"Bourne supremacy",1217796060,1485068256,267272196,114589154.9652
"Bourne supremacy",1217796060,1218155760,359700,114589154.9652
"Bourne supremacy",1217799360,1485068256,267268896,114589154.9652
"Bourne supremacy",1217799360,1218145380,346020,114589154.9652
"Bourne supremacy",1217799480,1485068256,267268776,114589154.9652
"Bourne supremacy",1217801100,1485068256,267267156,114589154.9652
"Bourne supremacy",1217801100,1217981160,180060,114589154.9652
"Bourne supremacy",1217801100,1218216840,415740,114589154.9652
"Bourne supremacy",1217905260,1485068256,267162996,114589154.9652
"Bourne supremacy",1217905260,1219114200,1208940,114589154.9652
"Bourne supremacy",1217973240,1485068256,267095016,114589154.9652
"Bourne supremacy",1217973240,1218586620,613380,114589154.9652
"Bourne supremacy",1217981280,1485068256,267086976,114589154.9652
"Bourne supremacy",1217981280,1219286340,1305060,114589154.9652
"Bourne supremacy",1217981280,1219351020,1369740,114589154.9652
"Bourne supremacy",1217985120,1485068256,267083136,114589154.9652
"Bourne supremacy",1217985120,1218406560,421440,114589154.9652
"Bourne supremacy",1217985120,1218574140,589020,114589154.9652
"Bourne supremacy",1217985120,1218640140,655020,114589154.9652
"Bourne supremacy",1217990700,1485068256,267077556,114589154.9652
"Bourne supremacy",1217990700,1219277940,1287240,114589154.9652
"Bourne supremacy",1218074220,1485068256,266994036,114589154.9652
"Bourne supremacy",1218074220,1219099260,1025040,114589154.9652
"Bourne supremacy",1218074220,1219430340,1356120,114589154.9652
"Bourne supremacy",1218137700,1485068256,266930556,114589154.9652
"Bourne supremacy",1218137700,1219270140,1132440,114589154.9652
"Bourne supremacy",1218137760,1485068256,266930496,114589154.9652
"Bourne supremacy",1218137760,1219526640,1388880,114589154.9652
"Bourne supremacy",1218143880,1485068256,266924376,114589154.9652
"Bourne supremacy",1218143880,1219705680,1561800,114589154.9652
"Bourne supremacy",1218144720,1485068256,266923536,114589154.9652
"Bourne supremacy",1218144720,1219711380,1566660,114589154.9652
"Bourne supremacy",1218144720,1219794240,1649520,114589154.9652
"Bourne supremacy",1218144720,1219961100,1816380,114589154.9652
"Bourne supremacy",1218150660,1485068256,266917596,114589154.9652
"Bourne supremacy",1218216960,1485068256,266851296,114589154.9652
"Bourne supremacy",1218220980,1485068256,266847276,114589154.9652
"Bourne supremacy",1218220980,1219425180,1204200,114589154.9652
"Bourne supremacy",1218231480,1485068256,266836776,114589154.9652
"Bourne supremacy",1218231480,1218839100,607620,114589154.9652
"Bourne supremacy",1218236040,1485068256,266832216,114589154.9652
"Bourne supremacy",1218236040,1218754200,518160,114589154.9652
"Bourne supremacy",1218236040,1218910920,674880,114589154.9652
"Bourne supremacy",1218240420,1485068256,266827836,114589154.9652
"Bourne supremacy",1218240420,1218317880,77460,114589154.9652
"Bourne supremacy",1218242580,1485068256,266825676,114589154.9652
"Bourne supremacy",1218242580,1218926460,683880,114589154.9652
"Bourne supremacy",1218243180,1485068256,266825076,114589154.9652
"Bourne supremacy",1218312960,1485068256,266755296,114589154.9652
"Bourne supremacy",1218312960,1221700560,3387600,114589154.9652
"Bourne supremacy",1218312960,1222712460,4399500,114589154.9652
"Bourne supremacy",1218314640,1485068256,266753616,114589154.9652
"Bourne supremacy",1218314640,1221152820,2838180,114589154.9652
"Bourne supremacy",1218314640,1221600900,3286260,114589154.9652
"Bourne supremacy",1218316380,1485068256,266751876,114589154.9652
"Bourne supremacy",1218316380,1218500820,184440,114589154.9652
"Bourne supremacy",1218327000,1485068256,266741256,114589154.9652
"Bourne supremacy",1218327000,1218492720,165720,114589154.9652
"Bourne supremacy",1218403320,1485068256,266664936,114589154.9652
"Bourne supremacy",1218403320,1219611600,1208280,114589154.9652
"Bourne supremacy",1218504720,1485068256,266563536,114589154.9652
"Bourne supremacy",1218504720,1218665280,160560,114589154.9652
"Bourne supremacy",1218504720,1218748260,243540,114589154.9652
"Bourne supremacy",1218507480,1485068256,266560776,114589154.9652
"Bourne supremacy",1218507480,1219864620,1357140,114589154.9652
"Bourne supremacy",1218576000,1485068256,266492256,114589154.9652
"Bourne supremacy",1218576000,1218827520,251520,114589154.9652
"Bourne supremacy",1218679680,1485068256,266388576,114589154.9652
"Bourne supremacy",1218680340,1485068256,266387916,114589154.9652
"Bourne supremacy",1218680340,1219977180,1296840,114589154.9652
"Bourne supremacy",1218762300,1485068256,266305956,114589154.9652
"Bourne supremacy",1218762300,1220577660,1815360,114589154.9652
"Bourne supremacy",1218913680,1485068256,266154576,114589154.9652
"Bourne supremacy",1218913680,1220225940,1312260,114589154.9652
"Bourne supremacy",1218913800,1485068256,266154456,114589154.9652
"Bourne supremacy",1218914100,1485068256,266154156,114589154.9652
"Bourne supremacy",1218921720,1485068256,266146536,114589154.9652
"Bourne supremacy",1218921720,1219196160,274440,114589154.9652
"Bourne supremacy",1218933120,1485068256,266135136,114589154.9652
"Bourne supremacy",1218933120,1219195620,262500,114589154.9652
"Bourne supremacy",1219001100,1485068256,266067156,114589154.9652
"Bourne supremacy",1219001100,1219272960,271860,114589154.9652
"Bourne supremacy",1219002780,1485068256,266065476,114589154.9652
"Bourne supremacy",1219094520,1485068256,265973736,114589154.9652
"Bourne supremacy",1219105680,1485068256,265962576,114589154.9652
"Bourne supremacy",1219105680,1219361820,256140,114589154.9652
"Bourne supremacy",1219105680,1221069780,1964100,114589154.9652
"Bourne supremacy",1219186800,1485068256,265881456,114589154.9652
"Bourne supremacy",1219186800,1219781160,594360,114589154.9652
"Bourne supremacy",1219194900,1485068256,265873356,114589154.9652
"Bourne supremacy",1219194900,1219969620,774720,114589154.9652
"Bourne supremacy",1219255560,1485068256,265812696,114589154.9652
"Bourne supremacy",1219255560,1221693120,2437560,114589154.9652
"Bourne supremacy",1219277880,1485068256,265790376,114589154.9652
"Bourne supremacy",1219284480,1485068256,265783776,114589154.9652
"Bourne supremacy",1219359240,1485068256,265709016,114589154.9652
"Bourne supremacy",1219359240,1219962180,602940,114589154.9652
"Bourne supremacy",1219362540,1485068256,265705716,114589154.9652
"Bourne supremacy",1219362540,1220479020,1116480,114589154.9652
"Bourne supremacy",1219428960,1485068256,265639296,114589154.9652
"Bourne supremacy",1219433580,1485068256,265634676,114589154.9652
"Bourne supremacy",1219433580,1219790940,357360,114589154.9652
"Bourne supremacy",1219442580,1485068256,265625676,114589154.9652
"Bourne supremacy",1219442580,1220482800,1040220,114589154.9652
"Bourne supremacy",1219452480,1485068256,265615776,114589154.9652
"Bourne supremacy",1219515840,1485068256,265552416,114589154.9652
"Bourne supremacy",1219515840,1220486040,970200,114589154.9652
"Bourne supremacy",1219515840,1220563020,1047180,114589154.9652
"Bourne supremacy",1219515840,1221677520,2161680,114589154.9652
"Bourne supremacy",1219525140,1485068256,265543116,114589154.9652
"Bourne supremacy",1219525140,1220044380,519240,114589154.9652
"Bourne supremacy",1219528800,1485068256,265539456,114589154.9652
"Bourne supremacy",1219528800,1220733300,1204500,114589154.9652
"Bourne supremacy",1219530780,1485068256,265537476,114589154.9652
"Bourne supremacy",1219530780,1219696500,165720,114589154.9652
"Bourne supremacy",1219533960,1485068256,265534296,114589154.9652
"Bourne supremacy",1219533960,1219699920,165960,114589154.9652
"Bourne supremacy",1219536900,1485068256,265531356,114589154.9652
"Bourne supremacy",1219536900,1220056680,519780,114589154.9652
"Bourne supremacy",1219608060,1485068256,265460196,114589154.9652
"Bourne supremacy",1219608060,1220052720,444660,114589154.9652
"Bourne supremacy",1219706460,1485068256,265361796,114589154.9652
"Bourne supremacy",1219706460,1220044860,338400,114589154.9652
"Bourne supremacy",1219706460,1220382900,676440,114589154.9652
"Bourne supremacy",1219706460,1220464320,757860,114589154.9652
"Bourne supremacy",1219781280,1485068256,265286976,114589154.9652
"Bourne supremacy",1219781280,1221242520,1461240,114589154.9652
"Bourne supremacy",1219793640,1485068256,265274616,114589154.9652
"Bourne supremacy",1219793640,1220122020,328380,114589154.9652
"Bourne supremacy",1219797540,1485068256,265270716,114589154.9652
"Bourne supremacy",1219878000,1485068256,265190256,114589154.9652
"Bourne supremacy",1219878000,1220057340,179340,114589154.9652
"Bourne supremacy",1219878000,1220466480,588480,114589154.9652
"Bourne supremacy",1219879200,1485068256,265189056,114589154.9652
"Bourne supremacy",1219891560,1485068256,265176696,114589154.9652
"Bourne supremacy",1219891560,1220581620,690060,114589154.9652
"Bourne supremacy",1219952040,1485068256,265116216,114589154.9652
"Bourne supremacy",1219952040,1221499680,1547640,114589154.9652
"Bourne supremacy",1219960620,1485068256,265107636,114589154.9652
"Bourne supremacy",1219960620,1222027200,2066580,114589154.9652
"Bourne supremacy",1219963620,1485068256,265104636,114589154.9652
"Bourne supremacy",1219963620,1221168060,1204440,114589154.9652
"Bourne supremacy",1219976580,1485068256,265091676,114589154.9652
"Bourne supremacy",1219976580,1220136840,160260,114589154.9652
"Bourne supremacy",1219977300,1485068256,265090956,114589154.9652
"Bourne supremacy",1219977300,1220408580,431280,114589154.9652
"Bourne supremacy",1220030580,1485068256,265037676,114589154.9652
"Bourne supremacy",1220030580,1221702900,1672320,114589154.9652
"Bourne supremacy",1220030580,1221759060,1728480,114589154.9652
"Bourne supremacy",1220035740,1485068256,265032516,114589154.9652
"Bourne supremacy",1220035740,1220724960,689220,114589154.9652
"Bourne supremacy",1220045940,1485068256,265022316,114589154.9652
"Bourne supremacy",1220045940,1220131440,85500,114589154.9652
"Bourne supremacy",1220049240,1485068256,265019016,114589154.9652
"Bourne supremacy",1220049240,1220641800,592560,114589154.9652
"Bourne supremacy",1220049240,1221193200,1143960,114589154.9652
"Bourne supremacy",1220049240,1221333960,1284720,114589154.9652
"Bourne supremacy",1220051040,1485068256,265017216,114589154.9652
"Bourne supremacy",1220051040,1220924280,873240,114589154.9652
"Bourne supremacy",1220123580,1485068256,264944676,114589154.9652
"Bourne supremacy",1220134680,1485068256,264933576,114589154.9652
"Bourne supremacy",1220134680,1221247500,1112820,114589154.9652
"Bourne supremacy",1220219160,1485068256,264849096,114589154.9652
"Bourne supremacy",1220219160,1220394540,175380,114589154.9652
"Bourne supremacy",1220227020,1485068256,264841236,114589154.9652
"Bourne supremacy",1220227020,1221091260,864240,114589154.9652
"Bourne supremacy",1220227020,1221711300,1484280,114589154.9652
"Bourne supremacy",1220227020,1221849840,1622820,114589154.9652
"Bourne supremacy",1220402400,1485068256,264665856,114589154.9652
"Bourne supremacy",1220402400,1221259740,857340,114589154.9652
"Bourne supremacy",1220462940,1485068256,264605316,114589154.9652
"Bourne supremacy",1220462940,1221010320,547380,114589154.9652
"Bourne supremacy",1220473020,1485068256,264595236,114589154.9652
"Bourne supremacy",1220473020,1220735700,262680,114589154.9652
"Bourne supremacy",1220549820,1485068256,264518436,114589154.9652
"Bourne supremacy",1220549820,1229560260,9010440,114589154.9652
"Bourne supremacy",1220558820,1485068256,264509436,114589154.9652
"Bourne supremacy",1220558820,1220911620,352800,114589154.9652
"Bourne supremacy",1220559960,1485068256,264508296,114589154.9652
"Bourne supremacy",1220559960,1221785640,1225680,114589154.9652
"Bourne supremacy",1220559960,1221888360,1328400,114589154.9652
"Bourne supremacy",1220559960,1221937020,1377060,114589154.9652
"Bourne supremacy",1220574300,1485068256,264493956,114589154.9652
"Bourne supremacy",1220574300,1222815720,2241420,114589154.9652
"Bourne supremacy",1220636100,1485068256,264432156,114589154.9652
"Bourne supremacy",1220636100,1221181800,545700,114589154.9652
"Bourne supremacy",1220636100,1221505260,869160,114589154.9652
"Bourne supremacy",1220654220,1485068256,264414036,114589154.9652
"Bourne supremacy",1220654220,1221008760,354540,114589154.9652
"Bourne supremacy",1220724000,1485068256,264344256,114589154.9652
"Bourne supremacy",1220724000,1221334440,610440,114589154.9652
"Bourne supremacy",1220724000,1221625680,901680,114589154.9652
"Bourne supremacy",1220724000,1221776220,1052220,114589154.9652
"Bourne supremacy",1220733000,1485068256,264335256,114589154.9652
"Bourne supremacy",1220733000,1223150880,2417880,114589154.9652
"Bourne supremacy",1220733480,1485068256,264334776,114589154.9652
"Bourne supremacy",1220733480,1221761460,1027980,114589154.9652
"Bourne supremacy",1220733480,1222203480,1470000,114589154.9652
"Bourne supremacy",1220733480,1222282380,1548900,114589154.9652
"Bourne supremacy",1220736420,1485068256,264331836,114589154.9652
"Bourne supremacy",1220736420,1222205760,1469340,114589154.9652
"Bourne supremacy",1220745360,1485068256,264322896,114589154.9652
"Bourne supremacy",1220745360,1223165100,2419740,114589154.9652
"Bourne supremacy",1220825940,1485068256,264242316,114589154.9652
"Bourne supremacy",1220825940,1221946260,1120320,114589154.9652
"Bourne supremacy",1220911620,1485068256,264156636,114589154.9652
"Bourne supremacy",1220911620,1223936160,3024540,114589154.9652
"Bourne supremacy",1220911620,1226111400,5199780,114589154.9652
"Bourne supremacy",1220911620,1226172000,5260380,114589154.9652
"Bourne supremacy",1220911740,1485068256,264156516,114589154.9652
"Bourne supremacy",1220911740,1222561620,1649880,114589154.9652
"Bourne supremacy",1220991180,1485068256,264077076,114589154.9652
"Bourne supremacy",1220991180,1221250680,259500,114589154.9652
"Bourne supremacy",1220992800,1485068256,264075456,114589154.9652
"Bourne supremacy",1220992800,1222107600,1114800,114589154.9652
"Bourne supremacy",1220992800,1222213320,1220520,114589154.9652
"Bourne supremacy",1220992800,1222280760,1287960,114589154.9652
"Bourne supremacy",1221015000,1485068256,264053256,114589154.9652
"Bourne supremacy",1221015000,1223140320,2125320,114589154.9652
"Bourne supremacy",1221084960,1485068256,263983296,114589154.9652
"Bourne supremacy",1221084960,1224364440,3279480,114589154.9652
"Bourne supremacy",1221085200,1485068256,263983056,114589154.9652
"Bourne supremacy",1221085200,1222806180,1720980,114589154.9652
"Bourne supremacy",1221085380,1485068256,263982876,114589154.9652
"Bourne supremacy",1221085380,1221941100,855720,114589154.9652
"Bourne supremacy",1221161340,1485068256,263906916,114589154.9652
"Bourne supremacy",1221169380,1485068256,263898876,114589154.9652
"Bourne supremacy",1221169380,1222984860,1815480,114589154.9652
"Bourne supremacy",1221169380,1223072520,1903140,114589154.9652
"Bourne supremacy",1221177480,1485068256,263890776,114589154.9652
"Bourne supremacy",1221182040,1485068256,263886216,114589154.9652
"Bourne supremacy",1221183540,1485068256,263884716,114589154.9652
"Bourne supremacy",1221183540,1222828380,1644840,114589154.9652
"Bourne supremacy",1221253200,1485068256,263815056,114589154.9652
"Bourne supremacy",1221256800,1485068256,263811456,114589154.9652
"Bourne supremacy",1221256800,1221523740,266940,114589154.9652
"Bourne supremacy",1221262200,1485068256,263806056,114589154.9652
"Bourne supremacy",1221262200,1222150740,888540,114589154.9652
"Bourne supremacy",1221342840,1485068256,263725416,114589154.9652
"Bourne supremacy",1221347280,1485068256,263720976,114589154.9652
"Bourne supremacy",1221347280,1224121740,2774460,114589154.9652
"Bourne supremacy",1221347880,1485068256,263720376,114589154.9652
"Bourne supremacy",1221513660,1485068256,263554596,114589154.9652
"Bourne supremacy",1221513660,1224537960,3024300,114589154.9652
"Bourne supremacy",1221523800,1485068256,263544456,114589154.9652
"Bourne supremacy",1221523800,1221948480,424680,114589154.9652
"Bourne supremacy",1221532620,1485068256,263535636,114589154.9652
"Bourne supremacy",1221532620,1223604240,2071620,114589154.9652
"Bourne supremacy",1221596580,1485068256,263471676,114589154.9652
"Bourne supremacy",1221596580,1225821780,4225200,114589154.9652
"Bourne supremacy",1221596580,1225914480,4317900,114589154.9652
"Bourne supremacy",1221697620,1485068256,263370636,114589154.9652
"Bourne supremacy",1221698640,1485068256,263369616,114589154.9652
"Bourne supremacy",1221698640,1224444420,2745780,114589154.9652
"Bourne supremacy",1221698640,1224642780,2944140,114589154.9652
"Bourne supremacy",1221698640,1224798060,3099420,114589154.9652
"Bourne supremacy",1221699420,1485068256,263368836,114589154.9652
"Bourne supremacy",1221699420,1222912380,1212960,114589154.9652
"Bourne supremacy",1221699420,1223144520,1445100,114589154.9652
"Bourne supremacy",1221762960,1485068256,263305296,114589154.9652
"Bourne supremacy",1221762960,1222124940,361980,114589154.9652
"Bourne supremacy",1221764880,1485068256,263303376,114589154.9652
"Bourne supremacy",1221764880,1222722120,957240,114589154.9652
"Bourne supremacy",1221764880,1222808400,1043520,114589154.9652
"Bourne supremacy",1221764880,1222885560,1120680,114589154.9652
"Bourne supremacy",1221777960,1485068256,263290296,114589154.9652
"Bourne supremacy",1221777960,1222215540,437580,114589154.9652
"Bourne supremacy",1221782880,1485068256,263285376,114589154.9652
"Bourne supremacy",1221782880,1222712340,929460,114589154.9652
"Bourne supremacy",1221786300,1485068256,263281956,114589154.9652
"Bourne supremacy",1221786300,1222910820,1124520,114589154.9652
"Bourne supremacy",1221853800,1485068256,263214456,114589154.9652
"Bourne supremacy",1221853800,1223241300,1387500,114589154.9652
"Bourne supremacy",1221859860,1485068256,263208396,114589154.9652
"Bourne supremacy",1221868920,1485068256,263199336,114589154.9652
"Bourne supremacy",1221868920,1226622720,4753800,114589154.9652
"Bourne supremacy",1221868920,1227645900,5776980,114589154.9652
"Bourne supremacy",1221944640,1485068256,263123616,114589154.9652
"Bourne supremacy",1221944640,1223947140,2002500,114589154.9652
"Bourne supremacy",1221953160,1485068256,263115096,114589154.9652
"Bourne supremacy",1221953160,1222828140,874980,114589154.9652
"Bourne supremacy",1221954540,1485068256,263113716,114589154.9652
"Bourne supremacy",1221954540,1222037940,83400,114589154.9652
"Bourne supremacy",1222117020,1485068256,262951236,114589154.9652
"Bourne supremacy",1222117020,1223424120,1307100,114589154.9652
"Bourne supremacy",1222130220,1485068256,262938036,114589154.9652
"Bourne supremacy",1222130220,1222379880,249660,114589154.9652
"Bourne supremacy",1222137960,1485068256,262930296,114589154.9652
"Bourne supremacy",1222137960,1222395240,257280,114589154.9652
"Bourne supremacy",1222216080,1485068256,262852176,114589154.9652
"Bourne supremacy",1222216080,1222909620,693540,114589154.9652
"Bourne supremacy",1222216080,1222970280,754200,114589154.9652
"Bourne supremacy",1222221300,1485068256,262846956,114589154.9652
"Bourne supremacy",1222221300,1223514600,1293300,114589154.9652
"Bourne supremacy",1222288500,1485068256,262779756,114589154.9652
"Bourne supremacy",1222302900,1485068256,262765356,114589154.9652
"Bourne supremacy",1222302900,1222827480,524580,114589154.9652
"Bourne supremacy",1222302900,1223429460,1126560,114589154.9652
"Bourne supremacy",1222307520,1485068256,262760736,114589154.9652
"Bourne supremacy",1222307520,1223154960,847440,114589154.9652
"Bourne supremacy",1222307520,1223421240,1113720,114589154.9652
"Bourne supremacy",1222308540,1485068256,262759716,114589154.9652
"Bourne supremacy",1222308540,1223675400,1366860,114589154.9652
"Bourne supremacy",1222364700,1485068256,262703556,114589154.9652
"Bourne supremacy",1222364700,1223595780,1231080,114589154.9652
"Bourne supremacy",1222364700,1223788080,1423380,114589154.9652
"Bourne supremacy",1222364700,1223919960,1555260,114589154.9652
"Bourne supremacy",1222391340,1485068256,262676916,114589154.9652
"Bourne supremacy",1222391340,1222826880,435540,114589154.9652
"Bourne supremacy",1222391340,1223008740,617400,114589154.9652
"Bourne supremacy",1222391340,1223245200,853860,114589154.9652
"Bourne supremacy",1222451460,1485068256,262616796,114589154.9652
"Bourne supremacy",1222460040,1485068256,262608216,114589154.9652
"Bourne supremacy",1222460040,1223420940,960900,114589154.9652
"Bourne supremacy",1222460040,1223485260,1025220,114589154.9652
"Bourne supremacy",1222470600,1485068256,262597656,114589154.9652
"Bourne supremacy",1222470600,1223339340,868740,114589154.9652
"Bourne supremacy",1222473660,1485068256,262594596,114589154.9652
"Bourne supremacy",1222473660,1223145420,671760,114589154.9652
"Bourne supremacy",1222538640,1485068256,262529616,114589154.9652
"Bourne supremacy",1222538640,1223663700,1125060,114589154.9652
"Bourne supremacy",1222630560,1485068256,262437696,114589154.9652
"Bourne supremacy",1222630560,1224007680,1377120,114589154.9652
"Bourne supremacy",1222735740,1485068256,262332516,114589154.9652
"Bourne supremacy",1222735740,1223578320,842580,114589154.9652
"Bourne supremacy",1222813260,1485068256,262254996,114589154.9652
"Bourne supremacy",1222813260,1225246680,2433420,114589154.9652
"Bourne supremacy",1222900800,1485068256,262167456,114589154.9652
"Bourne supremacy",1222900800,1223062380,161580,114589154.9652
"Bourne supremacy",1222980900,1485068256,262087356,114589154.9652
"Bourne supremacy",1222980900,1223078820,97920,114589154.9652
"Bourne supremacy",1222980900,1223494320,513420,114589154.9652
"Bourne supremacy",1223079900,1485068256,261988356,114589154.9652
"Bourne supremacy",1223079900,1223341440,261540,114589154.9652
"Bourne supremacy",1223146380,1485068256,261921876,114589154.9652
"Bourne supremacy",1223146380,1224276720,1130340,114589154.9652
"Bourne supremacy",1223154420,1485068256,261913836,114589154.9652
"Bourne supremacy",1223154420,1223421360,266940,114589154.9652
"Bourne supremacy",1223156700,1485068256,261911556,114589154.9652
"Bourne supremacy",1223156700,1223678760,522060,114589154.9652
"Bourne supremacy",1223156700,1223925360,768660,114589154.9652
"Bourne supremacy",1223159340,1485068256,261908916,114589154.9652
"Bourne supremacy",1223159340,1223603520,444180,114589154.9652
"Bourne supremacy",1223159340,1223668680,509340,114589154.9652
"Bourne supremacy",1223167440,1485068256,261900816,114589154.9652
"Bourne supremacy",1223167440,1225574460,2407020,114589154.9652
"Bourne supremacy",1223237100,1485068256,261831156,114589154.9652
"Bourne supremacy",1223237100,1223846520,609420,114589154.9652
"Bourne supremacy",1223247600,1485068256,261820656,114589154.9652
"Bourne supremacy",1223424900,1485068256,261643356,114589154.9652
"Bourne supremacy",1223424900,1225934460,2509560,114589154.9652
"Bourne supremacy",1223424900,1227736980,4312080,114589154.9652
"Bourne supremacy",1223424900,1227902220,4477320,114589154.9652
"Bourne supremacy",1223424900,1230061860,6636960,114589154.9652
"Bourne supremacy",1223424900,1230336480,6911580,114589154.9652
"Bourne supremacy",1223431260,1485068256,261636996,114589154.9652
"Bourne supremacy",1223431260,1224551880,1120620,114589154.9652
"Bourne supremacy",1223487300,1485068256,261580956,114589154.9652
"Bourne supremacy",1223487300,1224092100,604800,114589154.9652
"Bourne supremacy",1223490780,1485068256,261577476,114589154.9652
"Bourne supremacy",1223490780,1224095940,605160,114589154.9652
"Bourne supremacy",1223492400,1485068256,261575856,114589154.9652
"Bourne supremacy",1223492400,1224121680,629280,114589154.9652
"Bourne supremacy",1223497380,1485068256,261570876,114589154.9652
"Bourne supremacy",1223497380,1223591820,94440,114589154.9652
"Bourne supremacy",1223498940,1485068256,261569316,114589154.9652
"Bourne supremacy",1223498940,1224982500,1483560,114589154.9652
"Bourne supremacy",1223498940,1225390140,1891200,114589154.9652
"Bourne supremacy",1223498940,1226354520,2855580,114589154.9652
"Bourne supremacy",1223498940,1226537160,3038220,114589154.9652
"Bourne supremacy",1223498940,1226709360,3210420,114589154.9652
"Bourne supremacy",1223498940,1226783220,3284280,114589154.9652
"Bourne supremacy",1223505420,1485068256,261562836,114589154.9652
"Bourne supremacy",1223505420,1223590980,85560,114589154.9652
"Bourne supremacy",1223512680,1485068256,261555576,114589154.9652
"Bourne supremacy",1223512680,1228464000,4951320,114589154.9652
"Bourne supremacy",1223512680,1231895880,8383200,114589154.9652
"Bourne supremacy",1223512740,1223512740,0,114589154.9652
"Bourne supremacy",1223513640,1485068256,261554616,114589154.9652
"Bourne supremacy",1223513640,1224281940,768300,114589154.9652
"Bourne supremacy",1223517120,1485068256,261551136,114589154.9652
"Bourne supremacy",1223673660,1485068256,261394596,114589154.9652
"Bourne supremacy",1223673660,1225232760,1559100,114589154.9652
"Bourne supremacy",1223674980,1485068256,261393276,114589154.9652
"Bourne supremacy",1223674980,1224267840,592860,114589154.9652
"Bourne supremacy",1223679540,1485068256,261388716,114589154.9652
"Bourne supremacy",1223685600,1485068256,261382656,114589154.9652
"Bourne supremacy",1223685600,1224977520,1291920,114589154.9652
"Bourne supremacy",1223772900,1485068256,261295356,114589154.9652
"Bourne supremacy",1223846100,1485068256,261222156,114589154.9652
"Bourne supremacy",1223846340,1485068256,261221916,114589154.9652
"Bourne supremacy",1223855400,1485068256,261212856,114589154.9652
"Bourne supremacy",1223929620,1485068256,261138636,114589154.9652
"Bourne supremacy",1223929620,1224887640,958020,114589154.9652
"Bourne supremacy",1223929620,1228263540,4333920,114589154.9652
"Bourne supremacy",1223943300,1485068256,261124956,114589154.9652
"Bourne supremacy",1223943300,1224547260,603960,114589154.9652
"Bourne supremacy",1223948340,1485068256,261119916,114589154.9652
"Bourne supremacy",1223948340,1225325700,1377360,114589154.9652
"Bourne supremacy",1224022920,1485068256,261045336,114589154.9652
"Bourne supremacy",1224097920,1485068256,260970336,114589154.9652
"Bourne supremacy",1224108180,1485068256,260960076,114589154.9652
"Bourne supremacy",1224108180,1224359820,251640,114589154.9652
"Bourne supremacy",1224111960,1485068256,260956296,114589154.9652
"Bourne supremacy",1224115620,1485068256,260952636,114589154.9652
"Bourne supremacy",1224115620,1224275100,159480,114589154.9652
"Bourne supremacy",1224200460,1485068256,260867796,114589154.9652
"Bourne supremacy",1224200460,1224368940,168480,114589154.9652
"Bourne supremacy",1224273120,1485068256,260795136,114589154.9652
"Bourne supremacy",1224273120,1224535620,262500,114589154.9652
"Bourne supremacy",1224279120,1485068256,260789136,114589154.9652
"Bourne supremacy",1224279120,1224697140,418020,114589154.9652
"Bourne supremacy",1224279120,1225135740,856620,114589154.9652
"Bourne supremacy",1224280980,1485068256,260787276,114589154.9652
"Bourne supremacy",1224280980,1224792360,511380,114589154.9652
"Bourne supremacy",1224282900,1485068256,260785356,114589154.9652
"Bourne supremacy",1224282900,1224722520,439620,114589154.9652
"Bourne supremacy",1224282900,1225310880,1027980,114589154.9652
"Bourne supremacy",1224282900,1225403340,1120440,114589154.9652
"Bourne supremacy",1224285840,1485068256,260782416,114589154.9652
"Bourne supremacy",1224285840,1224716340,430500,114589154.9652
"Bourne supremacy",1224285840,1225770360,1484520,114589154.9652
"Bourne supremacy",1224285840,1225833300,1547460,114589154.9652
"Bourne supremacy",1224285840,1227653700,3367860,114589154.9652
"Bourne supremacy",1224288960,1485068256,260779296,114589154.9652
"Bourne supremacy",1224288960,1225062480,773520,114589154.9652
"Bourne supremacy",1224290700,1485068256,260777556,114589154.9652
"Bourne supremacy",1224290700,1226096220,1805520,114589154.9652
"Bourne supremacy",1224359220,1485068256,260709036,114589154.9652
"Bourne supremacy",1224359220,1227306960,2947740,114589154.9652
"Bourne supremacy",1224361080,1485068256,260707176,114589154.9652
"Bourne supremacy",1224361080,1224965700,604620,114589154.9652
"Bourne supremacy",1224368220,1485068256,260700036,114589154.9652
"Bourne supremacy",1224368220,1225063080,694860,114589154.9652
"Bourne supremacy",1224369120,1485068256,260699136,114589154.9652
"Bourne supremacy",1224369120,1226189640,1820520,114589154.9652
"Bourne supremacy",1224371040,1485068256,260697216,114589154.9652
"Bourne supremacy",1224371040,1225578120,1207080,114589154.9652
"Bourne supremacy",1224374460,1485068256,260693796,114589154.9652
"Bourne supremacy",1224374460,1225421760,1047300,114589154.9652
"Bourne supremacy",1224545760,1485068256,260522496,114589154.9652
"Bourne supremacy",1224545760,1224639060,93300,114589154.9652
"Bourne supremacy",1224549900,1485068256,260518356,114589154.9652
"Bourne supremacy",1224549900,1226623680,2073780,114589154.9652
"Bourne supremacy",1224549900,1226805000,2255100,114589154.9652
"Bourne supremacy",1224549900,1226959620,2409720,114589154.9652
"Bourne supremacy",1224549960,1485068256,260518296,114589154.9652
"Bourne supremacy",1224549960,1225766820,1216860,114589154.9652
"Bourne supremacy",1224553260,1485068256,260514996,114589154.9652
"Bourne supremacy",1224553260,1225419420,866160,114589154.9652
"Bourne supremacy",1224553740,1485068256,260514516,114589154.9652
"Bourne supremacy",1224621900,1485068256,260446356,114589154.9652
"Bourne supremacy",1224621900,1224710280,88380,114589154.9652
"Bourne supremacy",1224629880,1485068256,260438376,114589154.9652
"Bourne supremacy",1224629880,1225153380,523500,114589154.9652
"Bourne supremacy",1224632460,1485068256,260435796,114589154.9652
"Bourne supremacy",1224632460,1225481760,849300,114589154.9652
"Bourne supremacy",1224714420,1485068256,260353836,114589154.9652
"Bourne supremacy",1224714420,1224803940,89520,114589154.9652
"Bourne supremacy",1224724560,1485068256,260343696,114589154.9652
"Bourne supremacy",1224800280,1485068256,260267976,114589154.9652
"Bourne supremacy",1224800280,1225565340,765060,114589154.9652
"Bourne supremacy",1224800280,1225757820,957540,114589154.9652
"Bourne supremacy",1224816900,1485068256,260251356,114589154.9652
"Bourne supremacy",1224868140,1485068256,260200116,114589154.9652
"Bourne supremacy",1224979140,1485068256,260089116,114589154.9652
"Bourne supremacy",1224979140,1225759140,780000,114589154.9652
"Bourne supremacy",1225059060,1485068256,260009196,114589154.9652
"Bourne supremacy",1225059060,1225486680,427620,114589154.9652
"Bourne supremacy",1225059060,1225488720,429660,114589154.9652
"Bourne supremacy",1225059060,1225563360,504300,114589154.9652
"Bourne supremacy",1225214580,1485068256,259853676,114589154.9652
"Bourne supremacy",1225214580,1225908720,694140,114589154.9652
"Bourne supremacy",1225227420,1485068256,259840836,114589154.9652
"Bourne supremacy",1225227420,1225841040,613620,114589154.9652
"Bourne supremacy",1225229520,1485068256,259838736,114589154.9652
"Bourne supremacy",1225314840,1485068256,259753416,114589154.9652
"Bourne supremacy",1225314840,1225406400,91560,114589154.9652
"Bourne supremacy",1225391520,1485068256,259676736,114589154.9652
"Bourne supremacy",1225405260,1485068256,259662996,114589154.9652
"Bourne supremacy",1225405260,1226606760,1201500,114589154.9652
"Bourne supremacy",1225479000,1485068256,259589256,114589154.9652
"Bourne supremacy",1225484100,1485068256,259584156,114589154.9652
"Bourne supremacy",1225484100,1225920900,436800,114589154.9652
"Bourne supremacy",1225484100,1226024400,540300,114589154.9652
"Bourne supremacy",1225484100,1226090460,606360,114589154.9652
"Bourne supremacy",1225486260,1485068256,259581996,114589154.9652
"Bourne supremacy",1225486260,1226626500,1140240,114589154.9652
"Bourne supremacy",1225488840,1485068256,259579416,114589154.9652
"Bourne supremacy",1225488840,1226527440,1038600,114589154.9652
"Bourne supremacy",1225490220,1485068256,259578036,114589154.9652
"Bourne supremacy",1225490220,1228607040,3116820,114589154.9652
"Bourne supremacy",1225495860,1485068256,259572396,114589154.9652
"Bourne supremacy",1225495860,1225766220,270360,114589154.9652
"Bourne supremacy",1225496820,1485068256,259571436,114589154.9652
"Bourne supremacy",1225576260,1485068256,259491996,114589154.9652
"Bourne supremacy",1225576260,1226259420,683160,114589154.9652
"Bourne supremacy",1225576260,1227982800,2406540,114589154.9652
"Bourne supremacy",1225582200,1485068256,259486056,114589154.9652
"Bourne supremacy",1225586040,1485068256,259482216,114589154.9652
"Bourne supremacy",1225748340,1485068256,259319916,114589154.9652
"Bourne supremacy",1225748340,1228182060,2433720,114589154.9652
"Bourne supremacy",1225751280,1485068256,259316976,114589154.9652
"Bourne supremacy",1225751280,1226946660,1195380,114589154.9652
"Bourne supremacy",1225758300,1485068256,259309956,114589154.9652
"Bourne supremacy",1225758300,1225767360,9060,114589154.9652
"Bourne supremacy",1225835100,1485068256,259233156,114589154.9652
"Bourne supremacy",1225835100,1226023800,188700,114589154.9652
"Bourne supremacy",1225837860,1485068256,259230396,114589154.9652
"Bourne supremacy",1225843500,1485068256,259224756,114589154.9652
"Bourne supremacy",1225843500,1226104920,261420,114589154.9652
"Bourne supremacy",1225854180,1485068256,259214076,114589154.9652
"Bourne supremacy",1225911960,1485068256,259156296,114589154.9652
"Bourne supremacy",1225911960,1226374440,462480,114589154.9652
"Bourne supremacy",1225922040,1485068256,259146216,114589154.9652
"Bourne supremacy",1225922040,1228337460,2415420,114589154.9652
"Bourne supremacy",1225995180,1485068256,259073076,114589154.9652
"Bourne supremacy",1225995180,1226613720,618540,114589154.9652
"Bourne supremacy",1226005500,1485068256,259062756,114589154.9652
"Bourne supremacy",1226005500,1228009740,2004240,114589154.9652
"Bourne supremacy",1226023020,1485068256,259045236,114589154.9652
"Bourne supremacy",1226096640,1485068256,258971616,114589154.9652
"Bourne supremacy",1226096640,1228515240,2418600,114589154.9652
"Bourne supremacy",1226101680,1485068256,258966576,114589154.9652
"Bourne supremacy",1226101680,1226628000,526320,114589154.9652
"Bourne supremacy",1226104320,1485068256,258963936,114589154.9652
"Bourne supremacy",1226104320,1226633880,529560,114589154.9652
"Bourne supremacy",1226174280,1485068256,258893976,114589154.9652
"Bourne supremacy",1226184360,1485068256,258883896,114589154.9652
"Bourne supremacy",1226184480,1485068256,258883776,114589154.9652
"Bourne supremacy",1226355360,1485068256,258712896,114589154.9652
"Bourne supremacy",1226355360,1226547660,192300,114589154.9652
"Bourne supremacy",1226359380,1485068256,258708876,114589154.9652
"Bourne supremacy",1226359380,1226623920,264540,114589154.9652
"Bourne supremacy",1226528760,1485068256,258539496,114589154.9652
"Bourne supremacy",1226528760,1226960100,431340,114589154.9652
"Bourne supremacy",1226691900,1485068256,258376356,114589154.9652
"Bourne supremacy",1226691900,1228027920,1336020,114589154.9652
"Bourne supremacy",1226691900,1228170300,1478400,114589154.9652
"Bourne supremacy",1226705580,1485068256,258362676,114589154.9652
"Bourne supremacy",1226707860,1485068256,258360396,114589154.9652
"Bourne supremacy",1226707860,1227132540,424680,114589154.9652
"Bourne supremacy",1226709000,1485068256,258359256,114589154.9652
"Bourne supremacy",1226712660,1485068256,258355596,114589154.9652
"Bourne supremacy",1226799300,1229108700,2309400,114589154.9652
"Bourne supremacy",1226872920,1485068256,258195336,114589154.9652
"Bourne supremacy",1226879220,1227398940,519720,114589154.9652
"Bourne supremacy",1226973840,1485068256,258094416,114589154.9652
"Bourne supremacy",1226973840,1227295260,321420,114589154.9652
"Bourne supremacy",1227053400,1485068256,258014856,114589154.9652
"Bourne supremacy",1227054840,1227387420,332580,114589154.9652
"Bourne supremacy",1227060900,1485068256,258007356,114589154.9652
"Bourne supremacy",1227060900,1227561960,501060,114589154.9652
"Bourne supremacy",1227127140,1227484500,357360,114589154.9652
"Bourne supremacy",1227127140,1228167540,1040400,114589154.9652
"Bourne supremacy",1227134340,1227739860,605520,114589154.9652
"Bourne supremacy",1227147480,1227990060,842580,114589154.9652
"Bourne supremacy",1227225000,1227388860,163860,114589154.9652
"Bourne supremacy",1227299520,1485068256,257768736,114589154.9652
"Bourne supremacy",1227299520,1227758400,458880,114589154.9652
"Bourne supremacy",1227302160,1485068256,257766096,114589154.9652
"Bourne supremacy",1227302160,1228939140,1636980,114589154.9652
"Bourne supremacy",1227303360,1485068256,257764896,114589154.9652
"Bourne supremacy",1227303360,1230597300,3293940,114589154.9652
"Bourne supremacy",1227303360,1230924840,3621480,114589154.9652
"Bourne supremacy",1227303360,1231006200,3702840,114589154.9652
"Bourne supremacy",1227310140,1485068256,257758116,114589154.9652
"Bourne supremacy",1227310140,1228603380,1293240,114589154.9652
"Bourne supremacy",1227317820,1485068256,257750436,114589154.9652
"Bourne supremacy",1227317820,1228527960,1210140,114589154.9652
"Bourne supremacy",1227386700,1485068256,257681556,114589154.9652
"Bourne supremacy",1227386700,1231010640,3623940,114589154.9652
"Bourne supremacy",1227393420,1485068256,257674836,114589154.9652
"Bourne supremacy",1227393420,1228442340,1048920,114589154.9652
"Bourne supremacy",1227397080,1485068256,257671176,114589154.9652
"Bourne supremacy",1227397080,1228609860,1212780,114589154.9652
"Bourne supremacy",1227397080,1228956360,1559280,114589154.9652
"Bourne supremacy",1227398100,1485068256,257670156,114589154.9652
"Bourne supremacy",1227398100,1228861020,1462920,114589154.9652
"Bourne supremacy",1227398100,1233430260,6032160,114589154.9652
"Bourne supremacy",1227487620,1485068256,257580636,114589154.9652
"Bourne supremacy",1227487620,1229812140,2324520,114589154.9652
"Bourne supremacy",1227487620,1230433020,2945400,114589154.9652
"Bourne supremacy",1227487620,1230771360,3283740,114589154.9652
"Bourne supremacy",1227487620,1230938160,3450540,114589154.9652
"Bourne supremacy",1227557340,1485068256,257510916,114589154.9652
"Bourne supremacy",1227557340,1231190400,3633060,114589154.9652
"Bourne supremacy",1227567540,1485068256,257500716,114589154.9652
"Bourne supremacy",1227567540,1227739620,172080,114589154.9652
"Bourne supremacy",1227571620,1485068256,257496636,114589154.9652
"Bourne supremacy",1227571620,1228260900,689280,114589154.9652
"Bourne supremacy",1227579420,1485068256,257488836,114589154.9652
"Bourne supremacy",1227579420,1228169220,589800,114589154.9652
"Bourne supremacy",1227581160,1485068256,257487096,114589154.9652
"Bourne supremacy",1227581160,1485068256,257487096,114589154.9652
"Bourne supremacy",1227581160,1229198400,1617240,114589154.9652
"Bourne supremacy",1227584340,1485068256,257483916,114589154.9652
"Bourne supremacy",1227584340,1228605660,1021320,114589154.9652
"Bourne supremacy",1227584340,1228865940,1281600,114589154.9652
"Bourne supremacy",1227661920,1485068256,257406336,114589154.9652
"Bourne supremacy",1227667560,1485068256,257400696,114589154.9652
"Bourne supremacy",1227667560,1233943680,6276120,114589154.9652
"Bourne supremacy",1227671400,1485068256,257396856,114589154.9652
"Bourne supremacy",1227671400,1227991740,320340,114589154.9652
"Bourne supremacy",1227750480,1485068256,257317776,114589154.9652
"Bourne supremacy",1227755460,1485068256,257312796,114589154.9652
"Bourne supremacy",1227755460,1228158000,402540,114589154.9652
"Bourne supremacy",1227755460,1228250700,495240,114589154.9652
"Bourne supremacy",1227921360,1485068256,257146896,114589154.9652
"Bourne supremacy",1227921360,1228612500,691140,114589154.9652
"Bourne supremacy",1227921360,1228966980,1045620,114589154.9652
"Bourne supremacy",1228002480,1485068256,257065776,114589154.9652
"Bourne supremacy",1228002480,1228793880,791400,114589154.9652
"Bourne supremacy",1228002480,1229045040,1042560,114589154.9652
"Bourne supremacy",1228002480,1229114100,1111620,114589154.9652
"Bourne supremacy",1228092780,1228176180,83400,114589154.9652
"Bourne supremacy",1228175700,1485068256,256892556,114589154.9652
"Bourne supremacy",1228175700,1229386920,1211220,114589154.9652
"Bourne supremacy",1228175700,1229476380,1300680,114589154.9652
"Bourne supremacy",1228175700,1229538240,1362540,114589154.9652
"Bourne supremacy",1228186680,1485068256,256881576,114589154.9652
"Bourne supremacy",1228186680,1229127360,940680,114589154.9652
"Bourne supremacy",1228186680,1229469840,1283160,114589154.9652
"Bourne supremacy",1228253880,1485068256,256814376,114589154.9652
"Bourne supremacy",1228253880,1229468220,1214340,114589154.9652
"Bourne supremacy",1228254060,1485068256,256814196,114589154.9652
"Bourne supremacy",1228254060,1228869600,615540,114589154.9652
"Bourne supremacy",1228254060,1228951920,697860,114589154.9652
"Bourne supremacy",1228263480,1485068256,256804776,114589154.9652
"Bourne supremacy",1228263480,1228594320,330840,114589154.9652
"Bourne supremacy",1228269720,1485068256,256798536,114589154.9652
"Bourne supremacy",1228269720,1229127780,858060,114589154.9652
"Bourne supremacy",1228269720,1229408340,1138620,114589154.9652
"Bourne supremacy",1228361400,1485068256,256706856,114589154.9652
"Bourne supremacy",1228361400,1229215860,854460,114589154.9652
"Bourne supremacy",1228414680,1485068256,256653576,114589154.9652
"Bourne supremacy",1228414680,1229105700,691020,114589154.9652
"Bourne supremacy",1228441260,1485068256,256626996,114589154.9652
"Bourne supremacy",1228441260,1229556900,1115640,114589154.9652
"Bourne supremacy",1228444740,1485068256,256623516,114589154.9652
"Bourne supremacy",1228444740,1228789380,344640,114589154.9652
"Bourne supremacy",1228444740,1229107320,662580,114589154.9652
"Bourne supremacy",1228447500,1485068256,256620756,114589154.9652
"Bourne supremacy",1228447500,1229544960,1097460,114589154.9652
"Bourne supremacy",1228515360,1485068256,256552896,114589154.9652
"Bourne supremacy",1228515360,1229376720,861360,114589154.9652
"Bourne supremacy",1228599600,1485068256,256468656,114589154.9652
"Bourne supremacy",1228599600,1232502960,3903360,114589154.9652
"Bourne supremacy",1228608780,1485068256,256459476,114589154.9652
"Bourne supremacy",1228608780,1230424200,1815420,114589154.9652
"Bourne supremacy",1228775640,1485068256,256292616,114589154.9652
"Bourne supremacy",1228775640,1230404460,1628820,114589154.9652
"Bourne supremacy",1228787220,1485068256,256281036,114589154.9652
"Bourne supremacy",1228787220,1229211900,424680,114589154.9652
"Bourne supremacy",1228879080,1485068256,256189176,114589154.9652
"Bourne supremacy",1228959540,1485068256,256108716,114589154.9652
"Bourne supremacy",1228959540,1230926100,1966560,114589154.9652
"Bourne supremacy",1228960440,1485068256,256107816,114589154.9652
"Bourne supremacy",1228960440,1229391960,431520,114589154.9652
"Bourne supremacy",1229040360,1485068256,256027896,114589154.9652
"Bourne supremacy",1229040360,1229396280,355920,114589154.9652
"Bourne supremacy",1229107200,1485068256,255961056,114589154.9652
"Bourne supremacy",1229107200,1230073020,965820,114589154.9652
"Bourne supremacy",1229128200,1485068256,255940056,114589154.9652
"Bourne supremacy",1229128200,1229294580,166380,114589154.9652
"Bourne supremacy",1229132940,1485068256,255935316,114589154.9652
"Bourne supremacy",1229132940,1229381640,248700,114589154.9652
"Bourne supremacy",1229203500,1485068256,255864756,114589154.9652
"Bourne supremacy",1229203500,1231627860,2424360,114589154.9652
"Bourne supremacy",1229207160,1485068256,255861096,114589154.9652
"Bourne supremacy",1229207160,1230331860,1124700,114589154.9652
"Bourne supremacy",1229207160,1230518640,1311480,114589154.9652
"Bourne supremacy",1229214000,1485068256,255854256,114589154.9652
"Bourne supremacy",1229288160,1485068256,255780096,114589154.9652
"Bourne supremacy",1229288160,1230511740,1223580,114589154.9652
"Bourne supremacy",1229299500,1485068256,255768756,114589154.9652
"Bourne supremacy",1229299500,1229981700,682200,114589154.9652
"Bourne supremacy",1229376720,1485068256,255691536,114589154.9652
"Bourne supremacy",1229376720,1233264480,3887760,114589154.9652
"Bourne supremacy",1229381760,1485068256,255686496,114589154.9652
"Bourne supremacy",1229392080,1485068256,255676176,114589154.9652
"Bourne supremacy",1229451300,1485068256,255616956,114589154.9652
"Bourne supremacy",1229451300,1230065760,614460,114589154.9652
"Bourne supremacy",1229476800,1485068256,255591456,114589154.9652
"Bourne supremacy",1229478060,1485068256,255590196,114589154.9652
"Bourne supremacy",1229478300,1485068256,255589956,114589154.9652
"Bourne supremacy",1229478300,1230074400,596100,114589154.9652
"Bourne supremacy",1229542920,1485068256,255525336,114589154.9652
"Bourne supremacy",1229632620,1485068256,255435636,114589154.9652
"Bourne supremacy",1229638260,1485068256,255429996,114589154.9652
"Bourne supremacy",1229638260,1230076920,438660,114589154.9652
"Bourne supremacy",1229720220,1485068256,255348036,114589154.9652
"Bourne supremacy",1229720220,1230593220,873000,114589154.9652
"Bourne supremacy",1229720220,1231612260,1892040,114589154.9652
"Bourne supremacy",1229721480,1485068256,255346776,114589154.9652
"Bourne supremacy",1229721480,1230417120,695640,114589154.9652
"Bourne supremacy",1229732940,1485068256,255335316,114589154.9652
"Bourne supremacy",1229805000,1485068256,255263256,114589154.9652
"Bourne supremacy",1229805000,1230077940,272940,114589154.9652
"Bourne supremacy",1229805000,1230401160,596160,114589154.9652
"Bourne supremacy",1229805000,1231027020,1222020,114589154.9652
"Bourne supremacy",1229814720,1485068256,255253536,114589154.9652
"Bourne supremacy",1229814720,1231358460,1543740,114589154.9652
"Bourne supremacy",1229894100,1485068256,255174156,114589154.9652
"Bourne supremacy",1229894100,1230078420,184320,114589154.9652
"Bourne supremacy",1229993580,1485068256,255074676,114589154.9652
"Bourne supremacy",1229993580,1231804500,1810920,114589154.9652
"Bourne supremacy",1230077280,1485068256,254990976,114589154.9652
"Bourne supremacy",1230077280,1230333000,255720,114589154.9652
"Bourne supremacy",1230332100,1485068256,254736156,114589154.9652
"Bourne supremacy",1230334800,1485068256,254733456,114589154.9652
"Bourne supremacy",1230334800,1231525980,1191180,114589154.9652
"Bourne supremacy",1230334800,1231912020,1577220,114589154.9652
"Bourne supremacy",1230334800,1232057280,1722480,114589154.9652
"Bourne supremacy",1230337260,1485068256,254730996,114589154.9652
"Bourne supremacy",1230337260,1231368000,1030740,114589154.9652
"Bourne supremacy",1230409620,1485068256,254658636,114589154.9652
"Bourne supremacy",1230409620,1230595140,185520,114589154.9652
"Bourne supremacy",1230410220,1485068256,254658036,114589154.9652
"Bourne supremacy",1230410220,1231208520,798300,114589154.9652
"Bourne supremacy",1230415260,1485068256,254652996,114589154.9652
"Bourne supremacy",1230415260,1230606960,191700,114589154.9652
"Bourne supremacy",1230421020,1485068256,254647236,114589154.9652
"Bourne supremacy",1230421020,1231875960,1454940,114589154.9652
"Bourne supremacy",1230421020,1231948680,1527660,114589154.9652
"Bourne supremacy",1230422880,1485068256,254645376,114589154.9652
"Bourne supremacy",1230422880,1231719600,1296720,114589154.9652
"Bourne supremacy",1230425760,1485068256,254642496,114589154.9652
"Bourne supremacy",1230425760,1231295340,869580,114589154.9652
"Bourne supremacy",1230592620,1485068256,254475636,114589154.9652
"Bourne supremacy",1230592620,1231525740,933120,114589154.9652
"Bourne supremacy",1230599100,1485068256,254469156,114589154.9652
"Bourne supremacy",1230599100,1230683280,84180,114589154.9652
"Bourne supremacy",1230674760,1485068256,254393496,114589154.9652
"Bourne supremacy",1230674760,1231886700,1211940,114589154.9652
"Bourne supremacy",1230674820,1485068256,254393436,114589154.9652
"Bourne supremacy",1230675840,1485068256,254392416,114589154.9652
"Bourne supremacy",1230675840,1232576820,1900980,114589154.9652
"Bourne supremacy",1230676440,1485068256,254391816,114589154.9652
"Bourne supremacy",1230676440,1232926440,2250000,114589154.9652
"Bourne supremacy",1230684000,1485068256,254384256,114589154.9652
"Bourne supremacy",1230684000,1235947980,5263980,114589154.9652
"Bourne supremacy",1230684000,1247947740,17263740,114589154.9652
"Bourne supremacy",1230684000,1248115740,17431740,114589154.9652
"Bourne supremacy",1230684840,1485068256,254383416,114589154.9652
"Bourne supremacy",1230684840,1231202700,517860,114589154.9652
"Bourne supremacy",1230684840,1231374360,689520,114589154.9652
"Bourne supremacy",1230691260,1485068256,254376996,114589154.9652
"Bourne supremacy",1230691260,1231708500,1017240,114589154.9652
"Bourne supremacy",1230693300,1485068256,254374956,114589154.9652
"Bourne supremacy",1230693300,1230927480,234180,114589154.9652
"Bourne supremacy",1230934020,1485068256,254134236,114589154.9652
"Bourne supremacy",1230934020,1231201080,267060,114589154.9652
"Bourne supremacy",1230934740,1485068256,254133516,114589154.9652
"Bourne supremacy",1230934740,1231103700,168960,114589154.9652
"Bourne supremacy",1230934740,1231278480,343740,114589154.9652
"Bourne supremacy",1230944460,1485068256,254123796,114589154.9652
"Bourne supremacy",1231009800,1485068256,254058456,114589154.9652
"Bourne supremacy",1231009800,1231197840,188040,114589154.9652
"Bourne supremacy",1231021620,1485068256,254046636,114589154.9652
"Bourne supremacy",1231021620,1231108140,86520,114589154.9652
"Bourne supremacy",1231021620,1231179180,157560,114589154.9652
"Bourne supremacy",1231105200,1485068256,253963056,114589154.9652
"Bourne supremacy",1231105200,1231201860,96660,114589154.9652
"Bourne supremacy",1231110420,1485068256,253957836,114589154.9652
"Bourne supremacy",1231110420,1233169500,2059080,114589154.9652
"Bourne supremacy",1231203000,1485068256,253865256,114589154.9652
"Bourne supremacy",1231203000,1233447000,2244000,114589154.9652
"Bourne supremacy",1231277580,1485068256,253790676,114589154.9652
"Bourne supremacy",1231277580,1231472820,195240,114589154.9652
"Bourne supremacy",1231277580,1231715460,437880,114589154.9652
"Bourne supremacy",1231284780,1485068256,253783476,114589154.9652
"Bourne supremacy",1231284780,1231789800,505020,114589154.9652
"Bourne supremacy",1231287180,1485068256,253781076,114589154.9652
"Bourne supremacy",1231287180,1236240000,4952820,114589154.9652
"Bourne supremacy",1231358160,1485068256,253710096,114589154.9652
"Bourne supremacy",1231358160,1243125480,11767320,114589154.9652
"Bourne supremacy",1231359660,1485068256,253708596,114589154.9652
"Bourne supremacy",1231359660,1231461540,101880,114589154.9652
"Bourne supremacy",1231365300,1485068256,253702956,114589154.9652
"Bourne supremacy",1231365300,1232161380,796080,114589154.9652
"Bourne supremacy",1231365300,1232218260,852960,114589154.9652
"Bourne supremacy",1231376640,1485068256,253691616,114589154.9652
"Bourne supremacy",1231378620,1485068256,253689636,114589154.9652
"Bourne supremacy",1231378620,1231808940,430320,114589154.9652
"Bourne supremacy",1231379340,1485068256,253688916,114589154.9652
"Bourne supremacy",1231379340,1231816380,437040,114589154.9652
"Bourne supremacy",1231530240,1485068256,253538016,114589154.9652
"Bourne supremacy",1231530240,1232316840,786600,114589154.9652
"Bourne supremacy",1231532880,1485068256,253535376,114589154.9652
"Bourne supremacy",1231532880,1231977660,444780,114589154.9652
"Bourne supremacy",1231541580,1485068256,253526676,114589154.9652
"Bourne supremacy",1231541580,1232661720,1120140,114589154.9652
"Bourne supremacy",1231546140,1485068256,253522116,114589154.9652
"Bourne supremacy",1231546140,1233364920,1818780,114589154.9652
"Bourne supremacy",1231550400,1485068256,253517856,114589154.9652
"Bourne supremacy",1231550520,1485068256,253517736,114589154.9652
"Bourne supremacy",1231616460,1485068256,253451796,114589154.9652
"Bourne supremacy",1231632360,1485068256,253435896,114589154.9652
"Bourne supremacy",1231632360,1232231580,599220,114589154.9652
"Bourne supremacy",1231634340,1485068256,253433916,114589154.9652
"Bourne supremacy",1231634340,1232242740,608400,114589154.9652
"Bourne supremacy",1231634340,1232572440,938100,114589154.9652
"Bourne supremacy",1231719960,1485068256,253348296,114589154.9652
"Bourne supremacy",1231719960,1232507820,787860,114589154.9652
"Bourne supremacy",1231719960,1232743140,1023180,114589154.9652
"Bourne supremacy",1231721340,1485068256,253346916,114589154.9652
"Bourne supremacy",1231721340,1232919960,1198620,114589154.9652
"Bourne supremacy",1231721340,1233790920,2069580,114589154.9652
"Bourne supremacy",1231721340,1233872400,2151060,114589154.9652
"Bourne supremacy",1231804080,1485068256,253264176,114589154.9652
"Bourne supremacy",1231804080,1232924640,1120560,114589154.9652
"Bourne supremacy",1231804380,1485068256,253263876,114589154.9652
"Bourne supremacy",1231804380,1232653020,848640,114589154.9652
"Bourne supremacy",1231818420,1485068256,253249836,114589154.9652
"Bourne supremacy",1231818420,1232669220,850800,114589154.9652
"Bourne supremacy",1231818420,1233040500,1222080,114589154.9652
"Bourne supremacy",1231818420,1233085320,1266900,114589154.9652
"Bourne supremacy",1231902360,1485068256,253165896,114589154.9652
"Bourne supremacy",1231902360,1232156400,254040,114589154.9652
"Bourne supremacy",1231902360,1232408820,506460,114589154.9652
"Bourne supremacy",1231902360,1232485980,583620,114589154.9652
"Bourne supremacy",1231902420,1231902840,420,114589154.9652
"Bourne supremacy",1231965180,1485068256,253103076,114589154.9652
"Bourne supremacy",1231965240,1485068256,253103016,114589154.9652
"Bourne supremacy",1231965240,1234901280,2936040,114589154.9652
"Bourne supremacy",1231965240,1234989480,3024240,114589154.9652
"Bourne supremacy",1231972800,1485068256,253095456,114589154.9652
"Bourne supremacy",1231972800,1233293880,1321080,114589154.9652
"Bourne supremacy",1231972800,1233426540,1453740,114589154.9652
"Bourne supremacy",1231976520,1485068256,253091736,114589154.9652
"Bourne supremacy",1231976520,1232841600,865080,114589154.9652
"Bourne supremacy",1231976520,1233638160,1661640,114589154.9652
"Bourne supremacy",1231976520,1233776820,1800300,114589154.9652
"Bourne supremacy",1231982640,1485068256,253085616,114589154.9652
"Bourne supremacy",1231982640,1233527760,1545120,114589154.9652
"Bourne supremacy",1231990620,1485068256,253077636,114589154.9652
"Bourne supremacy",1231990620,1232235360,244740,114589154.9652
"Bourne supremacy",1231990620,1232405340,414720,114589154.9652
"Bourne supremacy",1231990620,1232490840,500220,114589154.9652
"Bourne supremacy",1231990740,1485068256,253077516,114589154.9652
"Bourne supremacy",1231990740,1233194100,1203360,114589154.9652
"Bourne supremacy",1232063880,1485068256,253004376,114589154.9652
"Bourne supremacy",1232063880,1232752020,688140,114589154.9652
"Bourne supremacy",1232064780,1485068256,253003476,114589154.9652
"Bourne supremacy",1232064780,1233018360,953580,114589154.9652
"Bourne supremacy",1232065560,1485068256,253002696,114589154.9652
"Bourne supremacy",1232070720,1485068256,252997536,114589154.9652
"Bourne supremacy",1232070720,1234319280,2248560,114589154.9652
"Bourne supremacy",1232071740,1485068256,252996516,114589154.9652
"Bourne supremacy",1232071740,1234475220,2403480,114589154.9652
"Bourne supremacy",1232223480,1485068256,252844776,114589154.9652
"Bourne supremacy",1232223480,1232324940,101460,114589154.9652
"Bourne supremacy",1232223480,1232570940,347460,114589154.9652
"Bourne supremacy",1232309700,1485068256,252758556,114589154.9652
"Bourne supremacy",1232309700,1233515040,1205340,114589154.9652
"Bourne supremacy",1232309700,1233615720,1306020,114589154.9652
"Bourne supremacy",1232324160,1485068256,252744096,114589154.9652
"Bourne supremacy",1232501040,1485068256,252567216,114589154.9652
"Bourne supremacy",1232501040,1241506800,9005760,114589154.9652
"Bourne supremacy",1232501040,1245371220,12870180,114589154.9652
"Bourne supremacy",1232501040,1247350620,14849580,114589154.9652
"Bourne supremacy",1232501040,1247513520,15012480,114589154.9652
"Bourne supremacy",1232503980,1485068256,252564276,114589154.9652
"Bourne supremacy",1232503980,1232568840,64860,114589154.9652
"Bourne supremacy",1232564460,1485068256,252503796,114589154.9652
"Bourne supremacy",1232564460,1232747340,182880,114589154.9652
"Bourne supremacy",1232564460,1232748060,183600,114589154.9652
"Bourne supremacy",1232567640,1485068256,252500616,114589154.9652
"Bourne supremacy",1232567640,1233625140,1057500,114589154.9652
"Bourne supremacy",1232586840,1485068256,252481416,114589154.9652
"Bourne supremacy",1232586840,1232830740,243900,114589154.9652
"Bourne supremacy",1232586840,1233168180,581340,114589154.9652
"Bourne supremacy",1232660340,1485068256,252407916,114589154.9652
"Bourne supremacy",1232660340,1233448440,788100,114589154.9652
"Bourne supremacy",1232674140,1485068256,252394116,114589154.9652
"Bourne supremacy",1232679660,1485068256,252388596,114589154.9652
"Bourne supremacy",1232679660,1234422180,1742520,114589154.9652
"Bourne supremacy",1232679660,1234549680,1870020,114589154.9652
"Bourne supremacy",1232739960,1485068256,252328296,114589154.9652
"Bourne supremacy",1232739960,1233445800,705840,114589154.9652
"Bourne supremacy",1232750100,1485068256,252318156,114589154.9652
"Bourne supremacy",1232750100,1232831760,81660,114589154.9652
"Bourne supremacy",1232750100,1233172980,422880,114589154.9652
"Bourne supremacy",1232825340,1485068256,252242916,114589154.9652
"Bourne supremacy",1232825340,1233623100,797760,114589154.9652
"Bourne supremacy",1232830320,1485068256,252237936,114589154.9652
"Bourne supremacy",1232830320,1234646040,1815720,114589154.9652
"Bourne supremacy",1232830320,1234923060,2092740,114589154.9652
"Bourne supremacy",1232830320,1234997880,2167560,114589154.9652
"Bourne supremacy",1232838600,1485068256,252229656,114589154.9652
"Bourne supremacy",1232838600,1233877740,1039140,114589154.9652
"Bourne supremacy",1232840640,1485068256,252227616,114589154.9652
"Bourne supremacy",1232840640,1234220520,1379880,114589154.9652
"Bourne supremacy",1232841360,1485068256,252226896,114589154.9652
"Bourne supremacy",1232841360,1234045680,1204320,114589154.9652
"Bourne supremacy",1232843460,1485068256,252224796,114589154.9652
"Bourne supremacy",1232843460,1233718920,875460,114589154.9652
"Bourne supremacy",1232914200,1485068256,252154056,114589154.9652
"Bourne supremacy",1232914200,1233173880,259680,114589154.9652
"Bourne supremacy",1233008760,1485068256,252059496,114589154.9652
"Bourne supremacy",1233012300,1485068256,252055956,114589154.9652
"Bourne supremacy",1233022260,1485068256,252045996,114589154.9652
"Bourne supremacy",1233022260,1234029660,1007400,114589154.9652
"Bourne supremacy",1233026220,1485068256,252042036,114589154.9652
"Bourne supremacy",1233181260,1485068256,251886996,114589154.9652
"Bourne supremacy",1233181260,1233448380,267120,114589154.9652
"Bourne supremacy",1233181260,1234217160,1035900,114589154.9652
"Bourne supremacy",1233253680,1485068256,251814576,114589154.9652
"Bourne supremacy",1233253680,1233954900,701220,114589154.9652
"Bourne supremacy",1233258120,1485068256,251810136,114589154.9652
"Bourne supremacy",1233258120,1233444720,186600,114589154.9652
"Bourne supremacy",1233258120,1233690540,432420,114589154.9652
"Bourne supremacy",1233258120,1233773820,515700,114589154.9652
"Bourne supremacy",1233272220,1485068256,251796036,114589154.9652
"Bourne supremacy",1233272220,1235501160,2228940,114589154.9652
"Bourne supremacy",1233283260,1485068256,251784996,114589154.9652
"Bourne supremacy",1233361380,1485068256,251706876,114589154.9652
"Bourne supremacy",1233361380,1236384840,3023460,114589154.9652
"Bourne supremacy",1233439080,1485068256,251629176,114589154.9652
"Bourne supremacy",1233439080,1234046700,607620,114589154.9652
"Bourne supremacy",1233446400,1485068256,251621856,114589154.9652
"Bourne supremacy",1233446400,1234643400,1197000,114589154.9652
"Bourne supremacy",1233450720,1485068256,251617536,114589154.9652
"Bourne supremacy",1233450720,1233612180,161460,114589154.9652
"Bourne supremacy",1233451380,1485068256,251616876,114589154.9652
"Bourne supremacy",1233451380,1234659300,1207920,114589154.9652
"Bourne supremacy",1233451380,1235676540,2225160,114589154.9652
"Bourne supremacy",1233452880,1485068256,251615376,114589154.9652
"Bourne supremacy",1233452880,1234050540,597660,114589154.9652
"Bourne supremacy",1233612780,1485068256,251455476,114589154.9652
"Bourne supremacy",1233612780,1234223160,610380,114589154.9652
"Bourne supremacy",1233612780,1234410060,797280,114589154.9652
"Bourne supremacy",1233612780,1234551780,939000,114589154.9652
"Bourne supremacy",1233624360,1485068256,251443896,114589154.9652
"Bourne supremacy",1233624360,1233716160,91800,114589154.9652
"Bourne supremacy",1233631500,1485068256,251436756,114589154.9652
"Bourne supremacy",1233631500,1234134960,503460,114589154.9652
"Bourne supremacy",1233631500,1235771640,2140140,114589154.9652
"Bourne supremacy",1233631500,1235846940,2215440,114589154.9652
"Bourne supremacy",1233700500,1485068256,251367756,114589154.9652
"Bourne supremacy",1233700500,1234316100,615600,114589154.9652
"Bourne supremacy",1233707280,1485068256,251360976,114589154.9652
"Bourne supremacy",1233707280,1234482780,775500,114589154.9652
"Bourne supremacy",1233717120,1485068256,251351136,114589154.9652
"Bourne supremacy",1233717120,1234128360,411240,114589154.9652
"Bourne supremacy",1233718380,1485068256,251349876,114589154.9652
"Bourne supremacy",1233718380,1235011260,1292880,114589154.9652
"Bourne supremacy",1233797280,1485068256,251270976,114589154.9652
"Bourne supremacy",1233797280,1236291720,2494440,114589154.9652
"Bourne supremacy",1233800280,1485068256,251267976,114589154.9652
"Bourne supremacy",1233881280,1485068256,251186976,114589154.9652
"Bourne supremacy",1233881280,1233969240,87960,114589154.9652
"Bourne supremacy",1233891600,1485068256,251176656,114589154.9652
"Bourne supremacy",1233891600,1238708400,4816800,114589154.9652
"Bourne supremacy",1233891600,1248812700,14921100,114589154.9652
"Bourne supremacy",1233957240,1485068256,251111016,114589154.9652
"Bourne supremacy",1233961560,1485068256,251106696,114589154.9652
"Bourne supremacy",1233961560,1234397220,435660,114589154.9652
"Bourne supremacy",1234035360,1485068256,251032896,114589154.9652
"Bourne supremacy",1234035360,1235252220,1216860,114589154.9652
"Bourne supremacy",1234047240,1485068256,251021016,114589154.9652
"Bourne supremacy",1234056300,1485068256,251011956,114589154.9652
"Bourne supremacy",1234057260,1485068256,251010996,114589154.9652
"Bourne supremacy",1234057260,1234658340,601080,114589154.9652
"Bourne supremacy",1234057560,1485068256,251010696,114589154.9652
"Bourne supremacy",1234057560,1234391640,334080,114589154.9652
"Bourne supremacy",1234139820,1485068256,250928436,114589154.9652
"Bourne supremacy",1234139820,1235075580,935760,114589154.9652
"Bourne supremacy",1234227120,1485068256,250841136,114589154.9652
"Bourne supremacy",1234227120,1234322280,95160,114589154.9652
"Bourne supremacy",1234228860,1485068256,250839396,114589154.9652
"Bourne supremacy",1234228860,1234911600,682740,114589154.9652
"Bourne supremacy",1234230840,1485068256,250837416,114589154.9652
"Bourne supremacy",1234230840,1234560780,329940,114589154.9652
"Bourne supremacy",1234310760,1485068256,250757496,114589154.9652
"Bourne supremacy",1234310760,1238530860,4220100,114589154.9652
"Bourne supremacy",1234322100,1485068256,250746156,114589154.9652
"Bourne supremacy",1234322100,1235770200,1448100,114589154.9652
"Bourne supremacy",1234322100,1236213000,1890900,114589154.9652
"Bourne supremacy",1234388160,1485068256,250680096,114589154.9652
"Bourne supremacy",1234388160,1234470900,82740,114589154.9652
"Bourne supremacy",1234402440,1485068256,250665816,114589154.9652
"Bourne supremacy",1234402440,1235683200,1280760,114589154.9652
"Bourne supremacy",1234410300,1485068256,250657956,114589154.9652
"Bourne supremacy",1234462440,1485068256,250605816,114589154.9652
"Bourne supremacy",1234462440,1235674740,1212300,114589154.9652
"Bourne supremacy",1234470540,1234470540,0,114589154.9652
"Bourne supremacy",1234475820,1485068256,250592436,114589154.9652
"Bourne supremacy",1234475820,1234986660,510840,114589154.9652
"Bourne supremacy",1234478340,1485068256,250589916,114589154.9652
"Bourne supremacy",1234478340,1235172420,694080,114589154.9652
"Bourne supremacy",1234480740,1485068256,250587516,114589154.9652
"Bourne supremacy",1234480740,1234997520,516780,114589154.9652
"Bourne supremacy",1234560240,1485068256,250508016,114589154.9652
"Bourne supremacy",1234560240,1235856120,1295880,114589154.9652
"Bourne supremacy",1234560240,1236190740,1630500,114589154.9652
"Bourne supremacy",1234560480,1485068256,250507776,114589154.9652
"Bourne supremacy",1234560480,1236975780,2415300,114589154.9652
"Bourne supremacy",1234574400,1485068256,250493856,114589154.9652
"Bourne supremacy",1234655700,1485068256,250412556,114589154.9652
"Bourne supremacy",1234655700,1235260380,604680,114589154.9652
"Bourne supremacy",1234662480,1485068256,250405776,114589154.9652
"Bourne supremacy",1234662480,1234999980,337500,114589154.9652
"Bourne supremacy",1234912020,1485068256,250156236,114589154.9652
"Bourne supremacy",1234912020,1235767080,855060,114589154.9652
"Bourne supremacy",1234912020,1236036240,1124220,114589154.9652
"Bourne supremacy",1234916520,1485068256,250151736,114589154.9652
"Bourne supremacy",1234916520,1235014620,98100,114589154.9652
"Bourne supremacy",1234919160,1485068256,250149096,114589154.9652
"Bourne supremacy",1234919160,1236028260,1109100,114589154.9652
"Bourne supremacy",1234921200,1485068256,250147056,114589154.9652
"Bourne supremacy",1234921200,1236300180,1378980,114589154.9652
"Bourne supremacy",1234921560,1485068256,250146696,114589154.9652
"Bourne supremacy",1234921560,1234982580,61020,114589154.9652
"Bourne supremacy",1234995480,1485068256,250072776,114589154.9652
"Bourne supremacy",1234995480,1236644940,1649460,114589154.9652
"Bourne supremacy",1234995480,1236712740,1717260,114589154.9652
"Bourne supremacy",1235005380,1485068256,250062876,114589154.9652
"Bourne supremacy",1235005380,1235414340,408960,114589154.9652
"Bourne supremacy",1235012880,1485068256,250055376,114589154.9652
"Bourne supremacy",1235012880,1236049380,1036500,114589154.9652
"Bourne supremacy",1235083740,1485068256,249984516,114589154.9652
"Bourne supremacy",1235083740,1235436240,352500,114589154.9652
"Bourne supremacy",1235087760,1485068256,249980496,114589154.9652
"Bourne supremacy",1235087760,1236823080,1735320,114589154.9652
"Bourne supremacy",1235087760,1236974460,1886700,114589154.9652
"Bourne supremacy",1235155320,1485068256,249912936,114589154.9652
"Bourne supremacy",1235155320,1236045600,890280,114589154.9652
"Bourne supremacy",1235161620,1485068256,249906636,114589154.9652
"Bourne supremacy",1235165460,1485068256,249902796,114589154.9652
"Bourne supremacy",1235165460,1236128100,962640,114589154.9652
"Bourne supremacy",1235165460,1236320580,1155120,114589154.9652
"Bourne supremacy",1235173860,1485068256,249894396,114589154.9652
"Bourne supremacy",1235173860,1235432640,258780,114589154.9652
"Bourne supremacy",1235175780,1485068256,249892476,114589154.9652
"Bourne supremacy",1235263020,1485068256,249805236,114589154.9652
"Bourne supremacy",1235267340,1485068256,249800916,114589154.9652
"Bourne supremacy",1235267340,1237426800,2159460,114589154.9652
"Bourne supremacy",1235346480,1485068256,249721776,114589154.9652
"Bourne supremacy",1235346480,1235692380,345900,114589154.9652
"Bourne supremacy",1235426520,1485068256,249641736,114589154.9652
"Bourne supremacy",1235426520,1235850180,423660,114589154.9652
"Bourne supremacy",1235426520,1236111960,685440,114589154.9652
"Bourne supremacy",1235431560,1485068256,249636696,114589154.9652
"Bourne supremacy",1235436060,1485068256,249632196,114589154.9652
"Bourne supremacy",1235443140,1485068256,249625116,114589154.9652
"Bourne supremacy",1235533800,1485068256,249534456,114589154.9652
"Bourne supremacy",1235533800,1236457500,923700,114589154.9652
"Bourne supremacy",1235600640,1485068256,249467616,114589154.9652
"Bourne supremacy",1235605740,1485068256,249462516,114589154.9652
"Bourne supremacy",1235605740,1236048780,443040,114589154.9652
"Bourne supremacy",1235605740,1236296040,690300,114589154.9652
"Bourne supremacy",1235687640,1485068256,249380616,114589154.9652
"Bourne supremacy",1235687640,1236207720,520080,114589154.9652
"Bourne supremacy",1235687640,1236475500,787860,114589154.9652
"Bourne supremacy",1235687640,1236710940,1023300,114589154.9652
"Bourne supremacy",1235687880,1485068256,249380376,114589154.9652
"Bourne supremacy",1235690760,1485068256,249377496,114589154.9652
"Bourne supremacy",1235690760,1236042240,351480,114589154.9652
"Bourne supremacy",1235691000,1485068256,249377256,114589154.9652
"Bourne supremacy",1235691000,1236193740,502740,114589154.9652
"Bourne supremacy",1235691000,1236463080,772080,114589154.9652
"Bourne supremacy",1235700060,1485068256,249368196,114589154.9652
"Bourne supremacy",1235700060,1236212700,512640,114589154.9652
"Bourne supremacy",1235752320,1485068256,249315936,114589154.9652
"Bourne supremacy",1235752320,1238194080,2441760,114589154.9652
"Bourne supremacy",1235752320,1239042540,3290220,114589154.9652
"Bourne supremacy",1235752320,1239143040,3390720,114589154.9652
"Bourne supremacy",1235784660,1485068256,249283596,114589154.9652
"Bourne supremacy",1235784660,1236975060,1190400,114589154.9652
"Bourne supremacy",1235848920,1485068256,249219336,114589154.9652
"Bourne supremacy",1235848920,1238094360,2245440,114589154.9652
"Bourne supremacy",1235848920,1242354600,6505680,114589154.9652
"Bourne supremacy",1235848920,1242409680,6560760,114589154.9652
"Bourne supremacy",1236044160,1485068256,249024096,114589154.9652
"Bourne supremacy",1236044160,1236727800,683640,114589154.9652
"Bourne supremacy",1236044160,1239820080,3775920,114589154.9652
"Bourne supremacy",1236121080,1485068256,248947176,114589154.9652
"Bourne supremacy",1236121080,1237323060,1201980,114589154.9652
"Bourne supremacy",1236122820,1485068256,248945436,114589154.9652
"Bourne supremacy",1236122820,1236555960,433140,114589154.9652
"Bourne supremacy",1236223200,1485068256,248845056,114589154.9652
"Bourne supremacy",1236223200,1236475920,252720,114589154.9652
"Bourne supremacy",1236223200,1236885780,662580,114589154.9652
"Bourne supremacy",1236297180,1485068256,248771076,114589154.9652
"Bourne supremacy",1236297180,1237572600,1275420,114589154.9652
"Bourne supremacy",1236297180,1238018280,1721100,114589154.9652
"Bourne supremacy",1236297180,1238095920,1798740,114589154.9652
"Bourne supremacy",1236303060,1485068256,248765196,114589154.9652
"Bourne supremacy",1236303060,1237759020,1455960,114589154.9652
"Bourne supremacy",1236303060,1238041680,1738620,114589154.9652
"Bourne supremacy",1236303060,1238095740,1792680,114589154.9652
"Bourne supremacy",1236304800,1485068256,248763456,114589154.9652
"Bourne supremacy",1236309180,1485068256,248759076,114589154.9652
"Bourne supremacy",1236309180,1238454840,2145660,114589154.9652
"Bourne supremacy",1236387900,1485068256,248680356,114589154.9652
"Bourne supremacy",1236387900,1237342680,954780,114589154.9652
"Bourne supremacy",1236387900,1237701300,1313400,114589154.9652
"Bourne supremacy",1236387900,1237845600,1457700,114589154.9652
"Bourne supremacy",1236455700,1485068256,248612556,114589154.9652
"Bourne supremacy",1236455700,1237154880,699180,114589154.9652
"Bourne supremacy",1236459180,1485068256,248609076,114589154.9652
"Bourne supremacy",1236459180,1237855200,1396020,114589154.9652
"Bourne supremacy",1236459180,1238611980,2152800,114589154.9652
"Bourne supremacy",1236459180,1238701200,2242020,114589154.9652
"Bourne supremacy",1236460080,1485068256,248608176,114589154.9652
"Bourne supremacy",1236460080,1237077960,617880,114589154.9652
"Bourne supremacy",1236466440,1485068256,248601816,114589154.9652
"Bourne supremacy",1236466440,1241053260,4586820,114589154.9652
"Bourne supremacy",1236466440,1241481480,5015040,114589154.9652
"Bourne supremacy",1236466440,1242156600,5690160,114589154.9652
"Bourne supremacy",1236467100,1485068256,248601156,114589154.9652
"Bourne supremacy",1236467100,1238187780,1720680,114589154.9652
"Bourne supremacy",1236467100,1238261580,1794480,114589154.9652
"Bourne supremacy",1236469020,1485068256,248599236,114589154.9652
"Bourne supremacy",1236469020,1236825240,356220,114589154.9652
"Bourne supremacy",1236469020,1237837680,1368660,114589154.9652
"Bourne supremacy",1236475320,1485068256,248592936,114589154.9652
"Bourne supremacy",1236475320,1237677480,1202160,114589154.9652
"Bourne supremacy",1236475320,1238001960,1526640,114589154.9652
"Bourne supremacy",1236629520,1485068256,248438736,114589154.9652
"Bourne supremacy",1236629520,1236983160,353640,114589154.9652
"Bourne supremacy",1236629520,1237267020,637500,114589154.9652
"Bourne supremacy",1236629520,1237325400,695880,114589154.9652
"Bourne supremacy",1236635880,1485068256,248432376,114589154.9652
"Bourne supremacy",1236635880,1485068256,248432376,114589154.9652
"Bourne supremacy",1236635880,1237413120,777240,114589154.9652
"Bourne supremacy",1236635880,1237848900,1213020,114589154.9652
"Bourne supremacy",1236635880,1238176500,1540620,114589154.9652
"Bourne supremacy",1236635880,1238265360,1629480,114589154.9652
"Bourne supremacy",1236645720,1485068256,248422536,114589154.9652
"Bourne supremacy",1236645720,1237428840,783120,114589154.9652
"Bourne supremacy",1236645720,1237849980,1204260,114589154.9652
"Bourne supremacy",1236649200,1485068256,248419056,114589154.9652
"Bourne supremacy",1236649200,1237341780,692580,114589154.9652
"Bourne supremacy",1236649200,1237839960,1190760,114589154.9652
"Bourne supremacy",1236649860,1485068256,248418396,114589154.9652
"Bourne supremacy",1236649860,1237586700,936840,114589154.9652
"Bourne supremacy",1236823200,1485068256,248245056,114589154.9652
"Bourne supremacy",1236823200,1238116140,1292940,114589154.9652
"Bourne supremacy",1236823200,1240349460,3526260,114589154.9652
"Bourne supremacy",1237050840,1485068256,248017416,114589154.9652
"Bourne supremacy",1237050840,1237430160,379320,114589154.9652
"Bourne supremacy",1237057140,1485068256,248011116,114589154.9652
"Bourne supremacy",1237057140,1238284560,1227420,114589154.9652
"Bourne supremacy",1237057140,1238538480,1481340,114589154.9652
"Bourne supremacy",1237072380,1485068256,247995876,114589154.9652
"Bourne supremacy",1237072380,1238367540,1295160,114589154.9652
"Bourne supremacy",1237147260,1485068256,247920996,114589154.9652
"Bourne supremacy",1237147260,1238268180,1120920,114589154.9652
"Bourne supremacy",1237147260,1238638320,1491060,114589154.9652
"Bourne supremacy",1237147260,1238705100,1557840,114589154.9652
"Bourne supremacy",1237160460,1485068256,247907796,114589154.9652
"Bourne supremacy",1237160460,1239404940,2244480,114589154.9652
"Bourne supremacy",1237240560,1485068256,247827696,114589154.9652
"Bourne supremacy",1237240560,1237859640,619080,114589154.9652
"Bourne supremacy",1237253100,1485068256,247815156,114589154.9652
"Bourne supremacy",1237253100,1240261860,3008760,114589154.9652
"Bourne supremacy",1237335420,1485068256,247732836,114589154.9652
"Bourne supremacy",1237335420,1242778200,5442780,114589154.9652
"Bourne supremacy",1237504140,1485068256,247564116,114589154.9652
"Bourne supremacy",1237588980,1485068256,247479276,114589154.9652
"Bourne supremacy",1237588980,1238791860,1202880,114589154.9652
"Bourne supremacy",1237588980,1240437660,2848680,114589154.9652
"Bourne supremacy",1237661460,1485068256,247406796,114589154.9652
"Bourne supremacy",1237661460,1238889720,1228260,114589154.9652
"Bourne supremacy",1237661460,1239307980,1646520,114589154.9652
"Bourne supremacy",1237842060,1485068256,247226196,114589154.9652
"Bourne supremacy",1237842060,1238465100,623040,114589154.9652
"Bourne supremacy",1237842060,1238961900,1119840,114589154.9652
"Bourne supremacy",1237842060,1239135000,1292940,114589154.9652
"Bourne supremacy",1237933380,1485068256,247134876,114589154.9652
"Bourne supremacy",1237933380,1238277120,343740,114589154.9652
"Bourne supremacy",1237948020,1485068256,247120236,114589154.9652
"Bourne supremacy",1238008920,1485068256,247059336,114589154.9652
"Bourne supremacy",1238008920,1239474240,1465320,114589154.9652
"Bourne supremacy",1238008920,1239654060,1645140,114589154.9652
"Bourne supremacy",1238107740,1485068256,246960516,114589154.9652
"Bourne supremacy",1238107860,1485068256,246960396,114589154.9652
"Bourne supremacy",1238109120,1485068256,246959136,114589154.9652
"Bourne supremacy",1238109120,1238444940,335820,114589154.9652
"Bourne supremacy",1238109120,1238885100,775980,114589154.9652
"Bourne supremacy",1238113560,1485068256,246954696,114589154.9652
"Bourne supremacy",1238113560,1240425120,2311560,114589154.9652
"Bourne supremacy",1238121120,1485068256,246947136,114589154.9652
"Bourne supremacy",1238197200,1485068256,246871056,114589154.9652
"Bourne supremacy",1238197200,1238875380,678180,114589154.9652
"Bourne supremacy",1238197200,1239218520,1021320,114589154.9652
"Bourne supremacy",1238271360,1485068256,246796896,114589154.9652
"Bourne supremacy",1238271360,1239159960,888600,114589154.9652
"Bourne supremacy",1238271360,1239300960,1029600,114589154.9652
"Bourne supremacy",1238281560,1485068256,246786696,114589154.9652
"Bourne supremacy",1238288220,1485068256,246780036,114589154.9652
"Bourne supremacy",1238288220,1239920580,1632360,114589154.9652
"Bourne supremacy",1238365380,1485068256,246702876,114589154.9652
"Bourne supremacy",1238444760,1485068256,246623496,114589154.9652
"Bourne supremacy",1238453520,1485068256,246614736,114589154.9652
"Bourne supremacy",1238453520,1240426620,1973100,114589154.9652
"Bourne supremacy",1238553060,1485068256,246515196,114589154.9652
"Bourne supremacy",1238627580,1485068256,246440676,114589154.9652
"Bourne supremacy",1238629200,1485068256,246439056,114589154.9652
"Bourne supremacy",1238629200,1243979880,5350680,114589154.9652
"Bourne supremacy",1238634600,1485068256,246433656,114589154.9652
"Bourne supremacy",1238634600,1239729720,1095120,114589154.9652
"Bourne supremacy",1238883900,1485068256,246184356,114589154.9652
"Bourne supremacy",1238883900,1239818820,934920,114589154.9652
"Bourne supremacy",1239055800,1485068256,246012456,114589154.9652
"Bourne supremacy",1239055800,1239243360,187560,114589154.9652
"Bourne supremacy",1239218640,1485068256,245849616,114589154.9652
"Bourne supremacy",1239225540,1485068256,245842716,114589154.9652
"Bourne supremacy",1239243480,1485068256,245824776,114589154.9652
"Bourne supremacy",1239243480,1239840420,596940,114589154.9652
"Bourne supremacy",1239305760,1485068256,245762496,114589154.9652
"Bourne supremacy",1239325200,1485068256,245743056,114589154.9652
"Bourne supremacy",1239325200,1239492420,167220,114589154.9652
"Bourne supremacy",1239396120,1239654480,258360,114589154.9652
"Bourne supremacy",1239396120,1242075000,2678880,114589154.9652
"Bourne supremacy",1239400080,1240011540,611460,114589154.9652
"Bourne supremacy",1239407280,1240183080,775800,114589154.9652
"Bourne supremacy",1239472320,1485068256,245595936,114589154.9652
"Bourne supremacy",1239477780,1485068256,245590476,114589154.9652
"Bourne supremacy",1239481380,1485068256,245586876,114589154.9652
"Bourne supremacy",1239481380,1241576520,2095140,114589154.9652
"Bourne supremacy",1239481380,1241832300,2350920,114589154.9652
"Bourne supremacy",1239481380,1241888820,2407440,114589154.9652
"Bourne supremacy",1239490920,1485068256,245577336,114589154.9652
"Bourne supremacy",1239490920,1241202000,1711080,114589154.9652
"Bourne supremacy",1239490920,1242180120,2689200,114589154.9652
"Bourne supremacy",1239490920,1242245100,2754180,114589154.9652
"Bourne supremacy",1239660120,1485068256,245408136,114589154.9652
"Bourne supremacy",1239662700,1485068256,245405556,114589154.9652
"Bourne supremacy",1239662700,1239755700,93000,114589154.9652
"Bourne supremacy",1239663780,1485068256,245404476,114589154.9652
"Bourne supremacy",1239663780,1239839280,175500,114589154.9652
"Bourne supremacy",1239732240,1485068256,245336016,114589154.9652
"Bourne supremacy",1239732240,1243036800,3304560,114589154.9652
"Bourne supremacy",1239741840,1485068256,245326416,114589154.9652
"Bourne supremacy",1239741840,1240424760,682920,114589154.9652
"Bourne supremacy",1239741840,1240864740,1122900,114589154.9652
"Bourne supremacy",1239754080,1485068256,245314176,114589154.9652
"Bourne supremacy",1239754080,1241220360,1466280,114589154.9652
"Bourne supremacy",1239763740,1485068256,245304516,114589154.9652
"Bourne supremacy",1239763740,1240518600,754860,114589154.9652
"Bourne supremacy",1239827580,1485068256,245240676,114589154.9652
"Bourne supremacy",1239838200,1485068256,245230056,114589154.9652
"Bourne supremacy",1239838200,1241047440,1209240,114589154.9652
"Bourne supremacy",1239847740,1485068256,245220516,114589154.9652
"Bourne supremacy",1239922320,1485068256,245145936,114589154.9652
"Bourne supremacy",1239922320,1240094460,172140,114589154.9652
"Bourne supremacy",1239993540,1485068256,245074716,114589154.9652
"Bourne supremacy",1239993540,1240527360,533820,114589154.9652
"Bourne supremacy",1239996660,1485068256,245071596,114589154.9652
"Bourne supremacy",1239996660,1241222400,1225740,114589154.9652
"Bourne supremacy",1240003860,1485068256,245064396,114589154.9652
"Bourne supremacy",1240003860,1240529040,525180,114589154.9652
"Bourne supremacy",1240092060,1485068256,244976196,114589154.9652
"Bourne supremacy",1240101900,1485068256,244966356,114589154.9652
"Bourne supremacy",1240101900,1240788840,686940,114589154.9652
"Bourne supremacy",1240261920,1485068256,244806336,114589154.9652
"Bourne supremacy",1240261920,1241469060,1207140,114589154.9652
"Bourne supremacy",1240271880,1485068256,244796376,114589154.9652
"Bourne supremacy",1240271880,1241056260,784380,114589154.9652
"Bourne supremacy",1240353660,1485068256,244714596,114589154.9652
"Bourne supremacy",1240353660,1240699260,345600,114589154.9652
"Bourne supremacy",1240368600,1485068256,244699656,114589154.9652
"Bourne supremacy",1240368600,1240539840,171240,114589154.9652
"Bourne supremacy",1240432200,1485068256,244636056,114589154.9652
"Bourne supremacy",1240444920,1485068256,244623336,114589154.9652
"Bourne supremacy",1240444920,1241485320,1040400,114589154.9652
"Bourne supremacy",1240451040,1485068256,244617216,114589154.9652
"Bourne supremacy",1240508220,1485068256,244560036,114589154.9652
"Bourne supremacy",1240508220,1240788000,279780,114589154.9652
"Bourne supremacy",1240516740,1485068256,244551516,114589154.9652
"Bourne supremacy",1240516740,1243558320,3041580,114589154.9652
"Bourne supremacy",1240519080,1485068256,244549176,114589154.9652
"Bourne supremacy",1240519080,1241640000,1120920,114589154.9652
"Bourne supremacy",1240523340,1485068256,244544916,114589154.9652
"Bourne supremacy",1240523340,1241806920,1283580,114589154.9652
"Bourne supremacy",1240527900,1485068256,244540356,114589154.9652
"Bourne supremacy",1240527900,1244504940,3977040,114589154.9652
"Bourne supremacy",1240527900,1247356260,6828360,114589154.9652
"Bourne supremacy",1240527900,1247518140,6990240,114589154.9652
"Bourne supremacy",1240537620,1485068256,244530636,114589154.9652
"Bourne supremacy",1240537620,1241031060,493440,114589154.9652
"Bourne supremacy",1240610400,1485068256,244457856,114589154.9652
"Bourne supremacy",1240611540,1240611780,240,114589154.9652
"Bourne supremacy",1240616640,1485068256,244451616,114589154.9652
"Bourne supremacy",1240616640,1241026440,409800,114589154.9652
"Bourne supremacy",1240616640,1241116680,500040,114589154.9652
"Bourne supremacy",1240688400,1485068256,244379856,114589154.9652
"Bourne supremacy",1240688400,1241735100,1046700,114589154.9652
"Bourne supremacy",1240702860,1485068256,244365396,114589154.9652
"Bourne supremacy",1240702860,1241389500,686640,114589154.9652
"Bourne supremacy",1240703040,1485068256,244365216,114589154.9652
"Bourne supremacy",1240703040,1244850900,4147860,114589154.9652
"Bourne supremacy",1240703040,1246903620,6200580,114589154.9652
"Bourne supremacy",1240703040,1246987260,6284220,114589154.9652
"Bourne supremacy",1240873920,1485068256,244194336,114589154.9652
"Bourne supremacy",1240873920,1242779040,1905120,114589154.9652
"Bourne supremacy",1240878240,1485068256,244190016,114589154.9652
"Bourne supremacy",1240878240,1241217480,339240,114589154.9652
"Bourne supremacy",1240879080,1485068256,244189176,114589154.9652
"Bourne supremacy",1240879080,1241298240,419160,114589154.9652
"Bourne supremacy",1240879080,1241717040,837960,114589154.9652
"Bourne supremacy",1240942740,1485068256,244125516,114589154.9652
"Bourne supremacy",1240942740,1241828940,886200,114589154.9652
"Bourne supremacy",1240942740,1242325020,1382280,114589154.9652
"Bourne supremacy",1240958760,1485068256,244109496,114589154.9652
"Bourne supremacy",1240958760,1241732520,773760,114589154.9652
"Bourne supremacy",1241049540,1485068256,244018716,114589154.9652
"Bourne supremacy",1241049540,1242087360,1037820,114589154.9652
"Bourne supremacy",1241129640,1485068256,243938616,114589154.9652
"Bourne supremacy",1241129640,1241392200,262560,114589154.9652
"Bourne supremacy",1241130000,1485068256,243938256,114589154.9652
"Bourne supremacy",1241216400,1485068256,243851856,114589154.9652
"Bourne supremacy",1241216400,1241482920,266520,114589154.9652
"Bourne supremacy",1241216400,1241665920,449520,114589154.9652
"Bourne supremacy",1241216400,1241818680,602280,114589154.9652
"Bourne supremacy",1241287080,1485068256,243781176,114589154.9652
"Bourne supremacy",1241287080,1242327600,1040520,114589154.9652
"Bourne supremacy",1241289360,1485068256,243778896,114589154.9652
"Bourne supremacy",1241289360,1241647800,358440,114589154.9652
"Bourne supremacy",1241296200,1485068256,243772056,114589154.9652
"Bourne supremacy",1241296200,1241640720,344520,114589154.9652
"Bourne supremacy",1241296200,1241835240,539040,114589154.9652
"Bourne supremacy",1241310900,1485068256,243757356,114589154.9652
"Bourne supremacy",1241310900,1242341280,1030380,114589154.9652
"Bourne supremacy",1241310900,1242856800,1545900,114589154.9652
"Bourne supremacy",1241310900,1242928260,1617360,114589154.9652
"Bourne supremacy",1241467800,1485068256,243600456,114589154.9652
"Bourne supremacy",1241467800,1241639700,171900,114589154.9652
"Bourne supremacy",1241489940,1485068256,243578316,114589154.9652
"Bourne supremacy",1241643840,1485068256,243424416,114589154.9652
"Bourne supremacy",1241643840,1242947520,1303680,114589154.9652
"Bourne supremacy",1241643840,1243138380,1494540,114589154.9652
"Bourne supremacy",1241643840,1243380120,1736280,114589154.9652
"Bourne supremacy",1241651040,1485068256,243417216,114589154.9652
"Bourne supremacy",1241651040,1242596460,945420,114589154.9652
"Bourne supremacy",1241720580,1485068256,243347676,114589154.9652
"Bourne supremacy",1241746140,1485068256,243322116,114589154.9652
"Bourne supremacy",1241746140,1242160020,413880,114589154.9652
"Bourne supremacy",1241746140,1242417900,671760,114589154.9652
"Bourne supremacy",1241807400,1485068256,243260856,114589154.9652
"Bourne supremacy",1241819160,1485068256,243249096,114589154.9652
"Bourne supremacy",1241819160,1242256380,437220,114589154.9652
"Bourne supremacy",1241898720,1485068256,243169536,114589154.9652
"Bourne supremacy",1241901300,1485068256,243166956,114589154.9652
"Bourne supremacy",1241901300,1243119900,1218600,114589154.9652
"Bourne supremacy",1241901360,1485068256,243166896,114589154.9652
"Bourne supremacy",1241901360,1242863880,962520,114589154.9652
"Bourne supremacy",1241992860,1485068256,243075396,114589154.9652
"Bourne supremacy",1241992860,1242786360,793500,114589154.9652
"Bourne supremacy",1242074400,1485068256,242993856,114589154.9652
"Bourne supremacy",1242074400,1242768540,694140,114589154.9652
"Bourne supremacy",1242078900,1485068256,242989356,114589154.9652
"Bourne supremacy",1242085500,1485068256,242982756,114589154.9652
"Bourne supremacy",1242085500,1242415500,330000,114589154.9652
"Bourne supremacy",1242085500,1242967500,882000,114589154.9652
"Bourne supremacy",1242085500,1243099680,1014180,114589154.9652
"Bourne supremacy",1242092700,1485068256,242975556,114589154.9652
"Bourne supremacy",1242092700,1242784680,691980,114589154.9652
"Bourne supremacy",1242164160,1485068256,242904096,114589154.9652
"Bourne supremacy",1242164160,1243038720,874560,114589154.9652
"Bourne supremacy",1242238140,1485068256,242830116,114589154.9652
"Bourne supremacy",1242238140,1243448580,1210440,114589154.9652
"Bourne supremacy",1242242040,1485068256,242826216,114589154.9652
"Bourne supremacy",1242242040,1245366300,3124260,114589154.9652
"Bourne supremacy",1242242040,1245696480,3454440,114589154.9652
"Bourne supremacy",1242262200,1485068256,242806056,114589154.9652
"Bourne supremacy",1242262200,1243557480,1295280,114589154.9652
"Bourne supremacy",1242262200,1243723200,1461000,114589154.9652
"Bourne supremacy",1242427380,1485068256,242640876,114589154.9652
"Bourne supremacy",1242427380,1242678660,251280,114589154.9652
"Bourne supremacy",1242506640,1485068256,242561616,114589154.9652
"Bourne supremacy",1242506640,1242936240,429600,114589154.9652
"Bourne supremacy",1242507240,1485068256,242561016,114589154.9652
"Bourne supremacy",1242507240,1244325360,1818120,114589154.9652
"Bourne supremacy",1242516300,1485068256,242551956,114589154.9652
"Bourne supremacy",1242517800,1485068256,242550456,114589154.9652
"Bourne supremacy",1242517800,1244334240,1816440,114589154.9652
"Bourne supremacy",1242603900,1485068256,242464356,114589154.9652
"Bourne supremacy",1242675360,1485068256,242392896,114589154.9652
"Bourne supremacy",1242675360,1249674660,6999300,114589154.9652
"Bourne supremacy",1242680340,1485068256,242387916,114589154.9652
"Bourne supremacy",1242680340,1243908900,1228560,114589154.9652
"Bourne supremacy",1242683400,1485068256,242384856,114589154.9652
"Bourne supremacy",1242683400,1243995180,1311780,114589154.9652
"Bourne supremacy",1242683400,1244750040,2066640,114589154.9652
"Bourne supremacy",1242683400,1244946180,2262780,114589154.9652
"Bourne supremacy",1242683400,1245100620,2417220,114589154.9652
"Bourne supremacy",1242701460,1485068256,242366796,114589154.9652
"Bourne supremacy",1242777900,1485068256,242290356,114589154.9652
"Bourne supremacy",1242777900,1244844480,2066580,114589154.9652
"Bourne supremacy",1242779520,1485068256,242288736,114589154.9652
"Bourne supremacy",1242779520,1243725240,945720,114589154.9652
"Bourne supremacy",1242779520,1244501040,1721520,114589154.9652
"Bourne supremacy",1242779520,1244679660,1900140,114589154.9652
"Bourne supremacy",1242779520,1244741460,1961940,114589154.9652
"Bourne supremacy",1242780060,1485068256,242288196,114589154.9652
"Bourne supremacy",1242780060,1244057580,1277520,114589154.9652
"Bourne supremacy",1242841620,1485068256,242226636,114589154.9652
"Bourne supremacy",1242841620,1242934320,92700,114589154.9652
"Bourne supremacy",1242866580,1485068256,242201676,114589154.9652
"Bourne supremacy",1242866580,1243982640,1116060,114589154.9652
"Bourne supremacy",1242932760,1485068256,242135496,114589154.9652
"Bourne supremacy",1242932760,1243036680,103920,114589154.9652
"Bourne supremacy",1242932760,1243725480,792720,114589154.9652
"Bourne supremacy",1242945300,1485068256,242122956,114589154.9652
"Bourne supremacy",1242945300,1243551240,605940,114589154.9652
"Bourne supremacy",1242945300,1243973340,1028040,114589154.9652
"Bourne supremacy",1242950160,1485068256,242118096,114589154.9652
"Bourne supremacy",1242950160,1243534440,584280,114589154.9652
"Bourne supremacy",1242950160,1243617240,667080,114589154.9652
"Bourne supremacy",1242961080,1485068256,242107176,114589154.9652
"Bourne supremacy",1242961080,1243355220,394140,114589154.9652
"Bourne supremacy",1242961080,1243564980,603900,114589154.9652
"Bourne supremacy",1242961080,1243710180,749100,114589154.9652
"Bourne supremacy",1243023540,1485068256,242044716,114589154.9652
"Bourne supremacy",1243030500,1485068256,242037756,114589154.9652
"Bourne supremacy",1243030500,1244679360,1648860,114589154.9652
"Bourne supremacy",1243106100,1485068256,241962156,114589154.9652
"Bourne supremacy",1243106100,1243975860,869760,114589154.9652
"Bourne supremacy",1243120920,1485068256,241947336,114589154.9652
"Bourne supremacy",1243120920,1244320560,1199640,114589154.9652
"Bourne supremacy",1243125540,1485068256,241942716,114589154.9652
"Bourne supremacy",1243125540,1243379880,254340,114589154.9652
"Bourne supremacy",1243370700,1485068256,241697556,114589154.9652
"Bourne supremacy",1243370700,1244143500,772800,114589154.9652
"Bourne supremacy",1243375140,1485068256,241693116,114589154.9652
"Bourne supremacy",1243383060,1485068256,241685196,114589154.9652
"Bourne supremacy",1243383660,1485068256,241684596,114589154.9652
"Bourne supremacy",1243383660,1244940540,1556880,114589154.9652
"Bourne supremacy",1243385880,1485068256,241682376,114589154.9652
"Bourne supremacy",1243385880,1244488680,1102800,114589154.9652
"Bourne supremacy",1243385880,1244588880,1203000,114589154.9652
"Bourne supremacy",1243458060,1485068256,241610196,114589154.9652
"Bourne supremacy",1243458060,1244066700,608640,114589154.9652
"Bourne supremacy",1243458060,1244659500,1201440,114589154.9652
"Bourne supremacy",1243458060,1245097080,1639020,114589154.9652
"Bourne supremacy",1243462200,1485068256,241606056,114589154.9652
"Bourne supremacy",1243462200,1244163900,701700,114589154.9652
"Bourne supremacy",1243530300,1485068256,241537956,114589154.9652
"Bourne supremacy",1243530300,1246324440,2794140,114589154.9652
"Bourne supremacy",1243530300,1246909620,3379320,114589154.9652
"Bourne supremacy",1243545360,1485068256,241522896,114589154.9652
"Bourne supremacy",1243545360,1244593020,1047660,114589154.9652
"Bourne supremacy",1243560360,1485068256,241507896,114589154.9652
"Bourne supremacy",1243619280,1485068256,241448976,114589154.9652
"Bourne supremacy",1243619280,1244849160,1229880,114589154.9652
"Bourne supremacy",1243619280,1245698460,2079180,114589154.9652
"Bourne supremacy",1243713660,1485068256,241354596,114589154.9652
"Bourne supremacy",1243713660,1245302580,1588920,114589154.9652
"Bourne supremacy",1243713660,1245438540,1724880,114589154.9652
"Bourne supremacy",1243713660,1255391220,11677560,114589154.9652
"Bourne supremacy",1243713660,1255626900,11913240,114589154.9652
"Bourne supremacy",1243718340,1485068256,241349916,114589154.9652
"Bourne supremacy",1243718340,1245452340,1734000,114589154.9652
"Bourne supremacy",1243724040,1485068256,241344216,114589154.9652
"Bourne supremacy",1243805760,1485068256,241262496,114589154.9652
"Bourne supremacy",1243805760,1244761500,955740,114589154.9652
"Bourne supremacy",1243808700,1485068256,241259556,114589154.9652
"Bourne supremacy",1243808700,1245108960,1300260,114589154.9652
"Bourne supremacy",1243808700,1245954540,2145840,114589154.9652
"Bourne supremacy",1243808700,1246028820,2220120,114589154.9652
"Bourne supremacy",1243979220,1485068256,241089036,114589154.9652
"Bourne supremacy",1243979220,1244142960,163740,114589154.9652
"Bourne supremacy",1243985040,1485068256,241083216,114589154.9652
"Bourne supremacy",1243985040,1244065740,80700,114589154.9652
"Bourne supremacy",1244155980,1485068256,240912276,114589154.9652
"Bourne supremacy",1244155980,1244933220,777240,114589154.9652
"Bourne supremacy",1244155980,1245277140,1121160,114589154.9652
"Bourne supremacy",1244155980,1245527400,1371420,114589154.9652
"Bourne supremacy",1244158140,1485068256,240910116,114589154.9652
"Bourne supremacy",1244160660,1485068256,240907596,114589154.9652
"Bourne supremacy",1244160660,1244872740,712080,114589154.9652
"Bourne supremacy",1244160660,1245092400,931740,114589154.9652
"Bourne supremacy",1244162760,1485068256,240905496,114589154.9652
"Bourne supremacy",1244167200,1485068256,240901056,114589154.9652
"Bourne supremacy",1244167200,1248291840,4124640,114589154.9652
"Bourne supremacy",1244230920,1485068256,240837336,114589154.9652
"Bourne supremacy",1244234100,1485068256,240834156,114589154.9652
"Bourne supremacy",1244234100,1244327580,93480,114589154.9652
"Bourne supremacy",1244330880,1485068256,240737376,114589154.9652
"Bourne supremacy",1244330880,1244917440,586560,114589154.9652
"Bourne supremacy",1244409180,1485068256,240659076,114589154.9652
"Bourne supremacy",1244409180,1244668140,258960,114589154.9652
"Bourne supremacy",1244418780,1485068256,240649476,114589154.9652
"Bourne supremacy",1244418780,1245278340,859560,114589154.9652
"Bourne supremacy",1244418780,1245782220,1363440,114589154.9652
"Bourne supremacy",1244497740,1485068256,240570516,114589154.9652
"Bourne supremacy",1244497740,1244740800,243060,114589154.9652
"Bourne supremacy",1244507400,1485068256,240560856,114589154.9652
"Bourne supremacy",1244507400,1244515740,8340,114589154.9652
"Bourne supremacy",1244588280,1485068256,240479976,114589154.9652
"Bourne supremacy",1244588280,1245723900,1135620,114589154.9652
"Bourne supremacy",1244588280,1245891660,1303380,114589154.9652
"Bourne supremacy",1244588280,1245953940,1365660,114589154.9652
"Bourne supremacy",1244600940,1485068256,240467316,114589154.9652
"Bourne supremacy",1244686440,1485068256,240381816,114589154.9652
"Bourne supremacy",1244686440,1246141920,1455480,114589154.9652
"Bourne supremacy",1244752320,1485068256,240315936,114589154.9652
"Bourne supremacy",1244752320,1246129800,1377480,114589154.9652
"Bourne supremacy",1244755260,1485068256,240312996,114589154.9652
"Bourne supremacy",1244755260,1245447000,691740,114589154.9652
"Bourne supremacy",1244771340,1485068256,240296916,114589154.9652
"Bourne supremacy",1244775180,1485068256,240293076,114589154.9652
"Bourne supremacy",1244775180,1245544800,769620,114589154.9652
"Bourne supremacy",1244832060,1485068256,240236196,114589154.9652
"Bourne supremacy",1244832060,1244914320,82260,114589154.9652
"Bourne supremacy",1244838540,1485068256,240229716,114589154.9652
"Bourne supremacy",1244838540,1245372240,533700,114589154.9652
"Bourne supremacy",1244838540,1245432720,594180,114589154.9652
"Bourne supremacy",1244843640,1485068256,240224616,114589154.9652
"Bourne supremacy",1244843640,1246054500,1210860,114589154.9652
"Bourne supremacy",1244845560,1485068256,240222696,114589154.9652
"Bourne supremacy",1244845560,1246044720,1199160,114589154.9652
"Bourne supremacy",1244925480,1485068256,240142776,114589154.9652
"Bourne supremacy",1244925480,1245346980,421500,114589154.9652
"Bourne supremacy",1244928000,1485068256,240140256,114589154.9652
"Bourne supremacy",1244928000,1246399620,1471620,114589154.9652
"Bourne supremacy",1244928000,1246475700,1547700,114589154.9652
"Bourne supremacy",1244929200,1485068256,240139056,114589154.9652
"Bourne supremacy",1244929200,1245884100,954900,114589154.9652
"Bourne supremacy",1244929740,1485068256,240138516,114589154.9652
"Bourne supremacy",1244929740,1245447720,517980,114589154.9652
"Bourne supremacy",1245008580,1485068256,240059676,114589154.9652
"Bourne supremacy",1245107760,1485068256,239960496,114589154.9652
"Bourne supremacy",1245107760,1246061460,953700,114589154.9652
"Bourne supremacy",1245185160,1485068256,239883096,114589154.9652
"Bourne supremacy",1245192000,1485068256,239876256,114589154.9652
"Bourne supremacy",1245359280,1485068256,239708976,114589154.9652
"Bourne supremacy",1245359280,1485068256,239708976,114589154.9652
"Bourne supremacy",1245359280,1249338780,3979500,114589154.9652
"Bourne supremacy",1245359280,1253391060,8031780,114589154.9652
"Bourne supremacy",1245451920,1485068256,239616336,114589154.9652
"Bourne supremacy",1245451920,1246390440,938520,114589154.9652
"Bourne supremacy",1245456600,1485068256,239611656,114589154.9652
"Bourne supremacy",1245456600,1245977940,521340,114589154.9652
"Bourne supremacy",1245456600,1246296900,840300,114589154.9652
"Bourne supremacy",1245456600,1246387860,931260,114589154.9652
"Bourne supremacy",1245531180,1485068256,239537076,114589154.9652
"Bourne supremacy",1245531180,1246143360,612180,114589154.9652
"Bourne supremacy",1245533040,1485068256,239535216,114589154.9652
"Bourne supremacy",1245533040,1246314720,781680,114589154.9652
"Bourne supremacy",1245536160,1485068256,239532096,114589154.9652
"Bourne supremacy",1245725460,1485068256,239342796,114589154.9652
"Bourne supremacy",1245783840,1485068256,239284416,114589154.9652
"Bourne supremacy",1245783840,1245798480,14640,114589154.9652
"Bourne supremacy",1245801900,1485068256,239266356,114589154.9652
"Bourne supremacy",1245801900,1247019000,1217100,114589154.9652
"Bourne supremacy",1245801900,1247356980,1555080,114589154.9652
"Bourne supremacy",1245801900,1247504040,1702140,114589154.9652
"Bourne supremacy",1245869580,1485068256,239198676,114589154.9652
"Bourne supremacy",1245869580,1246572600,703020,114589154.9652
"Bourne supremacy",1245956520,1485068256,239111736,114589154.9652
"Bourne supremacy",1246052580,1485068256,239015676,114589154.9652
"Bourne supremacy",1246063620,1485068256,239004636,114589154.9652
"Bourne supremacy",1246129860,1485068256,238938396,114589154.9652
"Bourne supremacy",1246129860,1247437080,1307220,114589154.9652
"Bourne supremacy",1246130100,1485068256,238938156,114589154.9652
"Bourne supremacy",1246130100,1247107140,977040,114589154.9652
"Bourne supremacy",1246130100,1247527980,1397880,114589154.9652
"Bourne supremacy",1246146900,1485068256,238921356,114589154.9652
"Bourne supremacy",1246320000,1485068256,238748256,114589154.9652
"Bourne supremacy",1246320000,1247250960,930960,114589154.9652
"Bourne supremacy",1246320000,1247337900,1017900,114589154.9652
"Bourne supremacy",1246320600,1485068256,238747656,114589154.9652
"Bourne supremacy",1246320600,1247533800,1213200,114589154.9652
"Bourne supremacy",1246320720,1485068256,238747536,114589154.9652
"Bourne supremacy",1246320720,1250380740,4060020,114589154.9652
"Bourne supremacy",1246399380,1485068256,238668876,114589154.9652
"Bourne supremacy",1246399380,1247090700,691320,114589154.9652
"Bourne supremacy",1246412640,1485068256,238655616,114589154.9652
"Bourne supremacy",1246412640,1247700300,1287660,114589154.9652
"Bourne supremacy",1246489500,1485068256,238578756,114589154.9652
"Bourne supremacy",1246489500,1247265300,775800,114589154.9652
"Bourne supremacy",1246489500,1247345580,856080,114589154.9652
"Bourne supremacy",1246503300,1485068256,238564956,114589154.9652
"Bourne supremacy",1246503300,1250040180,3536880,114589154.9652
"Bourne supremacy",1246503300,1250524740,4021440,114589154.9652
"Bourne supremacy",1246563780,1485068256,238504476,114589154.9652
"Bourne supremacy",1246563780,1247076360,512580,114589154.9652
"Bourne supremacy",1246571220,1485068256,238497036,114589154.9652
"Bourne supremacy",1246571220,1247526060,954840,114589154.9652
"Bourne supremacy",1246573860,1485068256,238494396,114589154.9652
"Bourne supremacy",1246573860,1247098140,524280,114589154.9652
"Bourne supremacy",1246573860,1247379180,805320,114589154.9652
"Bourne supremacy",1246573860,1247523000,949140,114589154.9652
"Bourne supremacy",1246579620,1485068256,238488636,114589154.9652
"Bourne supremacy",1246579620,1246835160,255540,114589154.9652
"Bourne supremacy",1246643220,1485068256,238425036,114589154.9652
"Bourne supremacy",1246643220,1247534580,891360,114589154.9652
"Bourne supremacy",1246643220,1248316080,1672860,114589154.9652
"Bourne supremacy",1246643220,1248375060,1731840,114589154.9652
"Bourne supremacy",1246650240,1485068256,238418016,114589154.9652
"Bourne supremacy",1246650240,1247960280,1310040,114589154.9652
"Bourne supremacy",1246822380,1485068256,238245876,114589154.9652
"Bourne supremacy",1246822380,1248046320,1223940,114589154.9652
"Bourne supremacy",1247006400,1247006400,0,114589154.9652
"Bourne supremacy",1247006400,1248301680,1295280,114589154.9652
"Bourne supremacy",1247006400,1248373140,1366740,114589154.9652
"Bourne supremacy",1247018040,1485068256,238050216,114589154.9652
"Bourne supremacy",1247018040,1247539740,521700,114589154.9652
"Bourne supremacy",1247088180,1485068256,237980076,114589154.9652
"Bourne supremacy",1247100240,1485068256,237968016,114589154.9652
"Bourne supremacy",1247100240,1247685180,584940,114589154.9652
"Bourne supremacy",1247101440,1485068256,237966816,114589154.9652
"Bourne supremacy",1247101440,1248732480,1631040,114589154.9652
"Bourne supremacy",1247178900,1485068256,237889356,114589154.9652
"Bourne supremacy",1247178900,1248813660,1634760,114589154.9652
"Bourne supremacy",1247339460,1485068256,237728796,114589154.9652
"Bourne supremacy",1247339460,1248298080,958620,114589154.9652
"Bourne supremacy",1247339460,1248723240,1383780,114589154.9652
"Bourne supremacy",1247346840,1485068256,237721416,114589154.9652
"Bourne supremacy",1247346840,1250013240,2666400,114589154.9652
"Bourne supremacy",1247355240,1485068256,237713016,114589154.9652
"Bourne supremacy",1247355240,1247857080,501840,114589154.9652
"Bourne supremacy",1247519580,1485068256,237548676,114589154.9652
"Bourne supremacy",1247519580,1247688120,168540,114589154.9652
"Bourne supremacy",1247522700,1485068256,237545556,114589154.9652
"Bourne supremacy",1247522700,1249092240,1569540,114589154.9652
"Bourne supremacy",1247528220,1485068256,237540036,114589154.9652
"Bourne supremacy",1247528220,1249351080,1822860,114589154.9652
"Bourne supremacy",1247529720,1485068256,237538536,114589154.9652
"Bourne supremacy",1247529720,1247774580,244860,114589154.9652
"Bourne supremacy",1247529720,1248053580,523860,114589154.9652
"Bourne supremacy",1247529720,1248225000,695280,114589154.9652
"Bourne supremacy",1247537340,1485068256,237530916,114589154.9652
"Bourne supremacy",1247537340,1248544440,1007100,114589154.9652
"Bourne supremacy",1247537340,1248817740,1280400,114589154.9652
"Bourne supremacy",1247538960,1485068256,237529296,114589154.9652
"Bourne supremacy",1247538960,1248919200,1380240,114589154.9652
"Bourne supremacy",1247538960,1248988500,1449540,114589154.9652
"Bourne supremacy",1247611920,1485068256,237456336,114589154.9652
"Bourne supremacy",1247617920,1485068256,237450336,114589154.9652
"Bourne supremacy",1247623980,1485068256,237444276,114589154.9652
"Bourne supremacy",1247623980,1250545140,2921160,114589154.9652
"Bourne supremacy",1247623980,1252627500,5003520,114589154.9652
"Bourne supremacy",1247626500,1485068256,237441756,114589154.9652
"Bourne supremacy",1247626500,1248564480,937980,114589154.9652
"Bourne supremacy",1247708220,1485068256,237360036,114589154.9652
"Bourne supremacy",1247708220,1485068256,237360036,114589154.9652
"Bourne supremacy",1247708220,1249351320,1643100,114589154.9652
"Bourne supremacy",1247708220,1249352280,1644060,114589154.9652
"Bourne supremacy",1247708220,1249601580,1893360,114589154.9652
"Bourne supremacy",1247708220,1249601940,1893720,114589154.9652
"Bourne supremacy",1247708220,1249681080,1972860,114589154.9652
"Bourne supremacy",1247711700,1485068256,237356556,114589154.9652
"Bourne supremacy",1247711700,1248130800,419100,114589154.9652
"Bourne supremacy",1247786100,1485068256,237282156,114589154.9652
"Bourne supremacy",1247786100,1249333860,1547760,114589154.9652
"Bourne supremacy",1247786100,1249431000,1644900,114589154.9652
"Bourne supremacy",1247797980,1485068256,237270276,114589154.9652
"Bourne supremacy",1247797980,1247945760,147780,114589154.9652
"Bourne supremacy",1247866500,1485068256,237201756,114589154.9652
"Bourne supremacy",1247866500,1248231480,364980,114589154.9652
"Bourne supremacy",1247866500,1248545880,679380,114589154.9652
"Bourne supremacy",1247878020,1485068256,237190236,114589154.9652
"Bourne supremacy",1247957700,1485068256,237110556,114589154.9652
"Bourne supremacy",1247957700,1248299040,341340,114589154.9652
"Bourne supremacy",1247957700,1249406520,1448820,114589154.9652
"Bourne supremacy",1247957700,1249493100,1535400,114589154.9652
"Bourne supremacy",1247961780,1485068256,237106476,114589154.9652
"Bourne supremacy",1248032040,1485068256,237036216,114589154.9652
"Bourne supremacy",1248032040,1248736680,704640,114589154.9652
"Bourne supremacy",1248047760,1485068256,237020496,114589154.9652
"Bourne supremacy",1248047760,1248564360,516600,114589154.9652
"Bourne supremacy",1248047760,1248899520,851760,114589154.9652
"Bourne supremacy",1248047760,1248982560,934800,114589154.9652
"Bourne supremacy",1248130080,1485068256,236938176,114589154.9652
"Bourne supremacy",1248130080,1248547320,417240,114589154.9652
"Bourne supremacy",1248130080,1249002240,872160,114589154.9652
"Bourne supremacy",1248130080,1249063560,933480,114589154.9652
"Bourne supremacy",1248144600,1485068256,236923656,114589154.9652
"Bourne supremacy",1248385260,1485068256,236682996,114589154.9652
"Bourne supremacy",1248460380,1485068256,236607876,114589154.9652
"Bourne supremacy",1248466380,1485068256,236601876,114589154.9652
"Bourne supremacy",1248466380,1249681920,1215540,114589154.9652
"Bourne supremacy",1248477780,1485068256,236590476,114589154.9652
"Bourne supremacy",1248642060,1485068256,236426196,114589154.9652
"Bourne supremacy",1248642060,1248909600,267540,114589154.9652
"Bourne supremacy",1248731940,1485068256,236336316,114589154.9652
"Bourne supremacy",1248731940,1249495440,763500,114589154.9652
"Bourne supremacy",1248737700,1485068256,236330556,114589154.9652
"Bourne supremacy",1248737700,1249597620,859920,114589154.9652
"Bourne supremacy",1248745260,1485068256,236322996,114589154.9652
"Bourne supremacy",1248812160,1248812160,0,114589154.9652
"Bourne supremacy",1248812160,1254598320,5786160,114589154.9652
"Bourne supremacy",1248813000,1485068256,236255256,114589154.9652
"Bourne supremacy",1248814980,1485068256,236253276,114589154.9652
"Bourne supremacy",1248814980,1249587900,772920,114589154.9652
"Bourne supremacy",1248826080,1485068256,236242176,114589154.9652
"Bourne supremacy",1248826080,1249440660,614580,114589154.9652
"Bourne supremacy",1248826620,1485068256,236241636,114589154.9652
"Bourne supremacy",1248826620,1248996660,170040,114589154.9652
"Bourne supremacy",1248829560,1485068256,236238696,114589154.9652
"Bourne supremacy",1248829560,1251405360,2575800,114589154.9652
"Bourne supremacy",1248829560,1254343020,5513460,114589154.9652
"Bourne supremacy",1248829560,1254504960,5675400,114589154.9652
"Bourne supremacy",1248829560,1254592380,5762820,114589154.9652
"Bourne supremacy",1248909900,1485068256,236158356,114589154.9652
"Bourne supremacy",1248913380,1485068256,236154876,114589154.9652
"Bourne supremacy",1248913380,1249775280,861900,114589154.9652
"Bourne supremacy",1248913380,1250534880,1621500,114589154.9652
"Bourne supremacy",1249065960,1485068256,236002296,114589154.9652
"Bourne supremacy",1249086300,1485068256,235981956,114589154.9652
"Bourne supremacy",1249152720,1485068256,235915536,114589154.9652
"Bourne supremacy",1249152720,1249520040,367320,114589154.9652
"Bourne supremacy",1249158480,1485068256,235909776,114589154.9652
"Bourne supremacy",1249158480,1252786920,3628440,114589154.9652
"Bourne supremacy",1249251060,1485068256,235817196,114589154.9652
"Bourne supremacy",1249251060,1249765380,514320,114589154.9652
"Bourne supremacy",1249251060,1250037780,786720,114589154.9652
"Bourne supremacy",1249337580,1485068256,235730676,114589154.9652
"Bourne supremacy",1249337580,1249496700,159120,114589154.9652
"Bourne supremacy",1249337580,1249583160,245580,114589154.9652
"Bourne supremacy",1249433340,1485068256,235634916,114589154.9652
"Bourne supremacy",1249433340,1250635680,1202340,114589154.9652
"Bourne supremacy",1249433340,1251312360,1879020,114589154.9652
"Bourne supremacy",1249433640,1485068256,235634616,114589154.9652
"Bourne supremacy",1249433640,1250129040,695400,114589154.9652
"Bourne supremacy",1249433820,1485068256,235634436,114589154.9652
"Bourne supremacy",1249433820,1253150640,3716820,114589154.9652
"Bourne supremacy",1249521540,1485068256,235546716,114589154.9652
"Bourne supremacy",1249594260,1485068256,235473996,114589154.9652
"Bourne supremacy",1249594260,1251249540,1655280,114589154.9652
"Bourne supremacy",1249594260,1252516740,2922480,114589154.9652
"Bourne supremacy",1249594260,1254149280,4555020,114589154.9652
"Bourne supremacy",1249594260,1254423000,4828740,114589154.9652
"Bourne supremacy",1249594260,1258091940,8497680,114589154.9652
"Bourne supremacy",1249594260,1265234880,15640620,114589154.9652
"Bourne supremacy",1249594260,1266004740,16410480,114589154.9652
"Bourne supremacy",1249594260,1266368760,16774500,114589154.9652
"Bourne supremacy",1249598340,1485068256,235469916,114589154.9652
"Bourne supremacy",1249598340,1249932480,334140,114589154.9652
"Bourne supremacy",1249598340,1250131920,533580,114589154.9652
"Bourne supremacy",1249598340,1250184540,586200,114589154.9652
"Bourne supremacy",1249603920,1485068256,235464336,114589154.9652
"Bourne supremacy",1249603920,1250033940,430020,114589154.9652
"Bourne supremacy",1249683060,1485068256,235385196,114589154.9652
"Bourne supremacy",1249683060,1250279040,595980,114589154.9652
"Bourne supremacy",1249689000,1485068256,235379256,114589154.9652
"Bourne supremacy",1249689000,1250213760,524760,114589154.9652
"Bourne supremacy",1249689000,1250546940,857940,114589154.9652
"Bourne supremacy",1249689000,1250620800,931800,114589154.9652
"Bourne supremacy",1249691520,1485068256,235376736,114589154.9652
"Bourne supremacy",1249691520,1249855440,163920,114589154.9652
"Bourne supremacy",1249692120,1485068256,235376136,114589154.9652
"Bourne supremacy",1249692120,1250284020,591900,114589154.9652
"Bourne supremacy",1249692120,1250620920,928800,114589154.9652
"Bourne supremacy",1249774500,1485068256,235293756,114589154.9652
"Bourne supremacy",1249774500,1250294340,519840,114589154.9652
"Bourne supremacy",1249849320,1485068256,235218936,114589154.9652
"Bourne supremacy",1249849320,1256673900,6824580,114589154.9652
"Bourne supremacy",1249849320,1257375300,7525980,114589154.9652
"Bourne supremacy",1249945440,1485068256,235122816,114589154.9652
"Bourne supremacy",1249945440,1251166020,1220580,114589154.9652
"Bourne supremacy",1249948620,1485068256,235119636,114589154.9652
"Bourne supremacy",1249948620,1250461080,512460,114589154.9652
"Bourne supremacy",1249948620,1251315180,1366560,114589154.9652
"Bourne supremacy",1249954440,1485068256,235113816,114589154.9652
"Bourne supremacy",1249954440,1250271600,317160,114589154.9652
"Bourne supremacy",1250033400,1485068256,235034856,114589154.9652
"Bourne supremacy",1250033400,1250555820,522420,114589154.9652
"Bourne supremacy",1250033400,1250877360,843960,114589154.9652
"Bourne supremacy",1250098800,1485068256,234969456,114589154.9652
"Bourne supremacy",1250098800,1250714100,615300,114589154.9652
"Bourne supremacy",1250209980,1485068256,234858276,114589154.9652
"Bourne supremacy",1250209980,1250532540,322560,114589154.9652
"Bourne supremacy",1250217900,1485068256,234850356,114589154.9652
"Bourne supremacy",1250217900,1251570900,1353000,114589154.9652
"Bourne supremacy",1250284380,1485068256,234783876,114589154.9652
"Bourne supremacy",1250284380,1252446900,2162520,114589154.9652
"Bourne supremacy",1250293140,1485068256,234775116,114589154.9652
"Bourne supremacy",1250295600,1485068256,234772656,114589154.9652
"Bourne supremacy",1250295600,1253829780,3534180,114589154.9652
"Bourne supremacy",1250295600,1253906460,3610860,114589154.9652
"Bourne supremacy",1250359740,1485068256,234708516,114589154.9652
"Bourne supremacy",1250359740,1252971240,2611500,114589154.9652
"Bourne supremacy",1250381700,1485068256,234686556,114589154.9652
"Bourne supremacy",1250381700,1251420840,1039140,114589154.9652
"Bourne supremacy",1250546760,1485068256,234521496,114589154.9652
"Bourne supremacy",1250546760,1250872200,325440,114589154.9652
"Bourne supremacy",1250546760,1252423080,1876320,114589154.9652
"Bourne supremacy",1250718060,1485068256,234350196,114589154.9652
"Bourne supremacy",1250718060,1252448760,1730700,114589154.9652
"Bourne supremacy",1250718480,1485068256,234349776,114589154.9652
"Bourne supremacy",1250718480,1252462800,1744320,114589154.9652
"Bourne supremacy",1250718480,1252781160,2062680,114589154.9652
"Bourne supremacy",1250799840,1485068256,234268416,114589154.9652
"Bourne supremacy",1250799840,1251309780,509940,114589154.9652
"Bourne supremacy",1250799840,1251511500,711660,114589154.9652
"Bourne supremacy",1250799840,1251567240,767400,114589154.9652
"Bourne supremacy",1250809440,1485068256,234258816,114589154.9652
"Bourne supremacy",1250809440,1252461420,1651980,114589154.9652
"Bourne supremacy",1250809440,1252953840,2144400,114589154.9652
"Bourne supremacy",1250812200,1485068256,234256056,114589154.9652
"Bourne supremacy",1250812200,1253146680,2334480,114589154.9652
"Bourne supremacy",1250812200,1254354180,3541980,114589154.9652
"Bourne supremacy",1250963400,1485068256,234104856,114589154.9652
"Bourne supremacy",1251145980,1485068256,233922276,114589154.9652
"Bourne supremacy",1251145980,1252449480,1303500,114589154.9652
"Bourne supremacy",1251145980,1252603680,1457700,114589154.9652
"Bourne supremacy",1251164460,1485068256,233903796,114589154.9652
"Bourne supremacy",1251164460,1252701660,1537200,114589154.9652
"Bourne supremacy",1251236520,1485068256,233831736,114589154.9652
"Bourne supremacy",1251236520,1251583200,346680,114589154.9652
"Bourne supremacy",1251236520,1252473420,1236900,114589154.9652
"Bourne supremacy",1251308640,1485068256,233759616,114589154.9652
"Bourne supremacy",1251308640,1252519500,1210860,114589154.9652
"Bourne supremacy",1251317520,1485068256,233750736,114589154.9652
"Bourne supremacy",1251317520,1253907300,2589780,114589154.9652
"Bourne supremacy",1251415020,1485068256,233653236,114589154.9652
"Bourne supremacy",1251415020,1252783620,1368600,114589154.9652
"Bourne supremacy",1251479400,1485068256,233588856,114589154.9652
"Bourne supremacy",1251479400,1252529580,1050180,114589154.9652
"Bourne supremacy",1251489360,1485068256,233578896,114589154.9652
"Bourne supremacy",1251489360,1254444000,2954640,114589154.9652
"Bourne supremacy",1251489360,1265342520,13853160,114589154.9652
"Bourne supremacy",1251489360,1265484840,13995480,114589154.9652
"Bourne supremacy",1251576660,1485068256,233491596,114589154.9652
"Bourne supremacy",1251576660,1256509260,4932600,114589154.9652
"Bourne supremacy",1251576660,1257884400,6307740,114589154.9652
"Bourne supremacy",1251576660,1258063500,6486840,114589154.9652
"Bourne supremacy",1251580740,1485068256,233487516,114589154.9652
"Bourne supremacy",1251580740,1252876980,1296240,114589154.9652
"Bourne supremacy",1251580740,1253815680,2234940,114589154.9652
"Bourne supremacy",1251587640,1485068256,233480616,114589154.9652
"Bourne supremacy",1251587640,1252703220,1115580,114589154.9652
"Bourne supremacy",1252435740,1485068256,232632516,114589154.9652
"Bourne supremacy",1252435740,1255534260,3098520,114589154.9652
"Bourne supremacy",1252537200,1485068256,232531056,114589154.9652
"Bourne supremacy",1252540800,1485068256,232527456,114589154.9652
"Bourne supremacy",1252540800,1252889760,348960,114589154.9652
"Bourne supremacy",1252606380,1485068256,232461876,114589154.9652
"Bourne supremacy",1252606380,1252791180,184800,114589154.9652
"Bourne supremacy",1252624260,1485068256,232443996,114589154.9652
"Bourne supremacy",1252624260,1254267960,1643700,114589154.9652
"Bourne supremacy",1252691700,1485068256,232376556,114589154.9652
"Bourne supremacy",1252691700,1253817480,1125780,114589154.9652
"Bourne supremacy",1252691700,1254012960,1321260,114589154.9652
"Bourne supremacy",1252691700,1254167580,1475880,114589154.9652
"Bourne supremacy",1252697820,1485068256,232370436,114589154.9652
"Bourne supremacy",1252697820,1252885080,187260,114589154.9652
"Bourne supremacy",1252706160,1485068256,232362096,114589154.9652
"Bourne supremacy",1252706160,1253232720,526560,114589154.9652
"Bourne supremacy",1252706160,1253308920,602760,114589154.9652
"Bourne supremacy",1252709100,1485068256,232359156,114589154.9652
"Bourne supremacy",1252709100,1252955640,246540,114589154.9652
"Bourne supremacy",1252709100,1253556120,847020,114589154.9652
"Bourne supremacy",1252793460,1485068256,232274796,114589154.9652
"Bourne supremacy",1252793460,1253653980,860520,114589154.9652
"Bourne supremacy",1252796820,1485068256,232271436,114589154.9652
"Bourne supremacy",1252796820,1256085120,3288300,114589154.9652
"Bourne supremacy",1252801620,1485068256,232266636,114589154.9652
"Bourne supremacy",1252802100,1485068256,232266156,114589154.9652
"Bourne supremacy",1252953300,1485068256,232114956,114589154.9652
"Bourne supremacy",1252953300,1253209680,256380,114589154.9652
"Bourne supremacy",1252959660,1485068256,232108596,114589154.9652
"Bourne supremacy",1252959660,1256084760,3125100,114589154.9652
"Bourne supremacy",1252962540,1485068256,232105716,114589154.9652
"Bourne supremacy",1252962540,1253566380,603840,114589154.9652
"Bourne supremacy",1252962540,1253761260,798720,114589154.9652
"Bourne supremacy",1252962540,1253823360,860820,114589154.9652
"Bourne supremacy",1253051580,1485068256,232016676,114589154.9652
"Bourne supremacy",1253059380,1485068256,232008876,114589154.9652
"Bourne supremacy",1253059380,1254266940,1207560,114589154.9652
"Bourne supremacy",1253143020,1485068256,231925236,114589154.9652
"Bourne supremacy",1253143020,1254353040,1210020,114589154.9652
"Bourne supremacy",1253225220,1485068256,231843036,114589154.9652
"Bourne supremacy",1253225220,1253834040,608820,114589154.9652
"Bourne supremacy",1253296440,1485068256,231771816,114589154.9652
"Bourne supremacy",1253296440,1254174780,878340,114589154.9652
"Bourne supremacy",1253315760,1485068256,231752496,114589154.9652
"Bourne supremacy",1253315760,1254516480,1200720,114589154.9652
"Bourne supremacy",1253315760,1254870780,1555020,114589154.9652
"Bourne supremacy",1253315760,1254942000,1626240,114589154.9652
"Bourne supremacy",1253321820,1485068256,231746436,114589154.9652
"Bourne supremacy",1253321820,1254967200,1645380,114589154.9652
"Bourne supremacy",1253387700,1485068256,231680556,114589154.9652
"Bourne supremacy",1253387700,1255816620,2428920,114589154.9652
"Bourne supremacy",1253396040,1485068256,231672216,114589154.9652
"Bourne supremacy",1253396040,1254864780,1468740,114589154.9652
"Bourne supremacy",1253396040,1255307040,1911000,114589154.9652
"Bourne supremacy",1253832240,1485068256,231236016,114589154.9652
"Bourne supremacy",1253832240,1255025520,1193280,114589154.9652
"Bourne supremacy",1253844960,1485068256,231223296,114589154.9652
"Bourne supremacy",1253844960,1254524580,679620,114589154.9652
"Bourne supremacy",1253844960,1254877740,1032780,114589154.9652
"Bourne supremacy",1253913060,1485068256,231155196,114589154.9652
"Bourne supremacy",1253913060,1256333760,2420700,114589154.9652
"Bourne supremacy",1253913060,1256402940,2489880,114589154.9652
"Bourne supremacy",1253925600,1485068256,231142656,114589154.9652
"Bourne supremacy",1253925600,1255131000,1205400,114589154.9652
"Bourne supremacy",1253985300,1485068256,231082956,114589154.9652
"Bourne supremacy",1253985300,1254605820,620520,114589154.9652
"Bourne supremacy",1253985300,1254952080,966780,114589154.9652
"Bourne supremacy",1253999040,1485068256,231069216,114589154.9652
"Bourne supremacy",1253999040,1254266580,267540,114589154.9652
"Bourne supremacy",1253999040,1254891300,892260,114589154.9652
"Bourne supremacy",1253999040,1255030740,1031700,114589154.9652
"Bourne supremacy",1254184620,1485068256,230883636,114589154.9652
"Bourne supremacy",1254184620,1254873840,689220,114589154.9652
"Bourne supremacy",1254185640,1485068256,230882616,114589154.9652
"Bourne supremacy",1254185640,1255199520,1013880,114589154.9652
"Bourne supremacy",1254257700,1485068256,230810556,114589154.9652
"Bourne supremacy",1254257700,1255561200,1303500,114589154.9652
"Bourne supremacy",1254273840,1485068256,230794416,114589154.9652
"Bourne supremacy",1254273840,1254337140,63300,114589154.9652
"Bourne supremacy",1254273840,1254409980,136140,114589154.9652
"Bourne supremacy",1254362280,1485068256,230705976,114589154.9652
"Bourne supremacy",1254362280,1255472160,1109880,114589154.9652
"Bourne supremacy",1254521400,1485068256,230546856,114589154.9652
"Bourne supremacy",1254521400,1255131540,610140,114589154.9652
"Bourne supremacy",1254607320,1485068256,230460936,114589154.9652
"Bourne supremacy",1254607320,1256601240,1993920,114589154.9652
"Bourne supremacy",1254788460,1485068256,230279796,114589154.9652
"Bourne supremacy",1254871020,1485068256,230197236,114589154.9652
"Bourne supremacy",1254871020,1256764680,1893660,114589154.9652
"Bourne supremacy",1254871020,1257810180,2939160,114589154.9652
"Bourne supremacy",1254951960,1485068256,230116296,114589154.9652
"Bourne supremacy",1254951960,1255038960,87000,114589154.9652
"Bourne supremacy",1255026060,1485068256,230042196,114589154.9652
"Bourne supremacy",1255026060,1256158560,1132500,114589154.9652
"Bourne supremacy",1255040760,1485068256,230027496,114589154.9652
"Bourne supremacy",1255040760,1255638420,597660,114589154.9652
"Bourne supremacy",1255040760,1256185860,1145100,114589154.9652
"Bourne supremacy",1255048740,1485068256,230019516,114589154.9652
"Bourne supremacy",1255048740,1255203780,155040,114589154.9652
"Bourne supremacy",1255056660,1485068256,230011596,114589154.9652
"Bourne supremacy",1255056660,1255218000,161340,114589154.9652
"Bourne supremacy",1255056660,1255464480,407820,114589154.9652
"Bourne supremacy",1255131240,1485068256,229937016,114589154.9652
"Bourne supremacy",1255131240,1255564080,432840,114589154.9652
"Bourne supremacy",1255136220,1485068256,229932036,114589154.9652
"Bourne supremacy",1255195140,1485068256,229873116,114589154.9652
"Bourne supremacy",1255195140,1255820580,625440,114589154.9652
"Bourne supremacy",1255217700,1485068256,229850556,114589154.9652
"Bourne supremacy",1255219740,1485068256,229848516,114589154.9652
"Bourne supremacy",1255219740,1258424340,3204600,114589154.9652
"Bourne supremacy",1255292280,1485068256,229775976,114589154.9652
"Bourne supremacy",1255292580,1485068256,229775676,114589154.9652
"Bourne supremacy",1255292580,1256589720,1297140,114589154.9652
"Bourne supremacy",1255304460,1485068256,229763796,114589154.9652
"Bourne supremacy",1255304460,1256691420,1386960,114589154.9652
"Bourne supremacy",1255372860,1485068256,229695396,114589154.9652
"Bourne supremacy",1255372860,1260314520,4941660,114589154.9652
"Bourne supremacy",1255372920,1485068256,229695336,114589154.9652
"Bourne supremacy",1255372920,1255534380,161460,114589154.9652
"Bourne supremacy",1255372920,1256694780,1321860,114589154.9652
"Bourne supremacy",1255372920,1256841420,1468500,114589154.9652
"Bourne supremacy",1255470300,1485068256,229597956,114589154.9652
"Bourne supremacy",1255470300,1255551240,80940,114589154.9652
"Bourne supremacy",1255477620,1485068256,229590636,114589154.9652
"Bourne supremacy",1255477620,1256605320,1127700,114589154.9652
"Bourne supremacy",1255477620,1256849220,1371600,114589154.9652
"Bourne supremacy",1255480320,1485068256,229587936,114589154.9652
"Bourne supremacy",1255480320,1255728600,248280,114589154.9652
"Bourne supremacy",1255480320,1256064780,584460,114589154.9652
"Bourne supremacy",1255541940,1485068256,229526316,114589154.9652
"Bourne supremacy",1255541940,1256769120,1227180,114589154.9652
"Bourne supremacy",1255553520,1485068256,229514736,114589154.9652
"Bourne supremacy",1255553520,1255720800,167280,114589154.9652
"Bourne supremacy",1255553520,1256004120,450600,114589154.9652
"Bourne supremacy",1255553520,1256067000,513480,114589154.9652
"Bourne supremacy",1255632120,1485068256,229436136,114589154.9652
"Bourne supremacy",1255632120,1258757400,3125280,114589154.9652
"Bourne supremacy",1255809060,1485068256,229259196,114589154.9652
"Bourne supremacy",1255809060,1256158380,349320,114589154.9652
"Bourne supremacy",1256081340,1485068256,228986916,114589154.9652
"Bourne supremacy",1256081340,1256342880,261540,114589154.9652
"Bourne supremacy",1256081340,1256942580,861240,114589154.9652
"Bourne supremacy",1256081340,1257110820,1029480,114589154.9652
"Bourne supremacy",1256081340,1257192720,1111380,114589154.9652
"Bourne supremacy",1256084160,1485068256,228984096,114589154.9652
"Bourne supremacy",1256084160,1256771760,687600,114589154.9652
"Bourne supremacy",1256084160,1257009000,924840,114589154.9652
"Bourne supremacy",1256092740,1485068256,228975516,114589154.9652
"Bourne supremacy",1256092740,1257553800,1461060,114589154.9652
"Bourne supremacy",1256165280,1485068256,228902976,114589154.9652
"Bourne supremacy",1256165280,1257544320,1379040,114589154.9652
"Bourne supremacy",1256171940,1485068256,228896316,114589154.9652
"Bourne supremacy",1256173140,1485068256,228895116,114589154.9652
"Bourne supremacy",1256175720,1485068256,228892536,114589154.9652
"Bourne supremacy",1256175720,1256690460,514740,114589154.9652
"Bourne supremacy",1256235960,1485068256,228832296,114589154.9652
"Bourne supremacy",1256235960,1256586840,350880,114589154.9652
"Bourne supremacy",1256252520,1485068256,228815736,114589154.9652
"Bourne supremacy",1256252520,1258149000,1896480,114589154.9652
"Bourne supremacy",1256260920,1485068256,228807336,114589154.9652
"Bourne supremacy",1256260920,1256768640,507720,114589154.9652
"Bourne supremacy",1256592840,1485068256,228475416,114589154.9652
"Bourne supremacy",1256605800,1485068256,228462456,114589154.9652
"Bourne supremacy",1256605800,1257390660,784860,114589154.9652
"Bourne supremacy",1256605800,1257639900,1034100,114589154.9652
"Bourne supremacy",1256605800,1257799080,1193280,114589154.9652
"Bourne supremacy",1256674260,1485068256,228393996,114589154.9652
"Bourne supremacy",1256674260,1256763900,89640,114589154.9652
"Bourne supremacy",1256753280,1485068256,228314976,114589154.9652
"Bourne supremacy",1256753280,1257199560,446280,114589154.9652
"Bourne supremacy",1256759520,1485068256,228308736,114589154.9652
"Bourne supremacy",1256761740,1485068256,228306516,114589154.9652
"Bourne supremacy",1256761740,1258577220,1815480,114589154.9652
"Bourne supremacy",1256761740,1261535460,4773720,114589154.9652
"Bourne supremacy",1256761740,1261602720,4840980,114589154.9652
"Bourne supremacy",1256769840,1485068256,228298416,114589154.9652
"Bourne supremacy",1256769840,1257469800,699960,114589154.9652
"Bourne supremacy",1256769840,1257536160,766320,114589154.9652
"Bourne supremacy",1256845020,1485068256,228223236,114589154.9652
"Bourne supremacy",1256845020,1257556980,711960,114589154.9652
"Bourne supremacy",1256845020,1258597920,1752900,114589154.9652
"Bourne supremacy",1256845020,1259352540,2507520,114589154.9652
"Bourne supremacy",1256853480,1485068256,228214776,114589154.9652
"Bourne supremacy",1256854200,1485068256,228214056,114589154.9652
"Bourne supremacy",1256854200,1258061400,1207200,114589154.9652
"Bourne supremacy",1256860620,1485068256,228207636,114589154.9652
"Bourne supremacy",1256934720,1485068256,228133536,114589154.9652
"Bourne supremacy",1256934720,1257036900,102180,114589154.9652
"Bourne supremacy",1256934720,1257298380,363660,114589154.9652
"Bourne supremacy",1256937660,1485068256,228130596,114589154.9652
"Bourne supremacy",1256937660,1257217080,279420,114589154.9652
"Bourne supremacy",1256937660,1257459600,521940,114589154.9652
"Bourne supremacy",1256937660,1257534840,597180,114589154.9652
"Bourne supremacy",1256947080,1485068256,228121176,114589154.9652
"Bourne supremacy",1256947080,1257286020,338940,114589154.9652
"Bourne supremacy",1257114960,1485068256,227953296,114589154.9652
"Bourne supremacy",1257206880,1485068256,227861376,114589154.9652
"Bourne supremacy",1257206880,1257299100,92220,114589154.9652
"Bourne supremacy",1257285300,1485068256,227782956,114589154.9652
"Bourne supremacy",1257297240,1485068256,227771016,114589154.9652
"Bourne supremacy",1257297240,1257549360,252120,114589154.9652
"Bourne supremacy",1257297240,1257810780,513540,114589154.9652
"Bourne supremacy",1257370140,1485068256,227698116,114589154.9652
"Bourne supremacy",1257370140,1257456900,86760,114589154.9652
"Bourne supremacy",1257370140,1257800580,430440,114589154.9652
"Bourne supremacy",1257385440,1485068256,227682816,114589154.9652
"Bourne supremacy",1257385440,1258937340,1551900,114589154.9652
"Bourne supremacy",1257385440,1259705580,2320140,114589154.9652
"Bourne supremacy",1257393300,1485068256,227674956,114589154.9652
"Bourne supremacy",1257393300,1258152180,758880,114589154.9652
"Bourne supremacy",1257538680,1485068256,227529576,114589154.9652
"Bourne supremacy",1257538680,1258057440,518760,114589154.9652
"Bourne supremacy",1257538680,1262806740,5268060,114589154.9652
"Bourne supremacy",1257538680,1262888880,5350200,114589154.9652
"Bourne supremacy",1257542640,1485068256,227525616,114589154.9652
"Bourne supremacy",1257542640,1258589520,1046880,114589154.9652
"Bourne supremacy",1257559020,1485068256,227509236,114589154.9652
"Bourne supremacy",1257559020,1257639360,80340,114589154.9652
"Bourne supremacy",1257630300,1485068256,227437956,114589154.9652
"Bourne supremacy",1257630300,1258226580,596280,114589154.9652
"Bourne supremacy",1257637020,1485068256,227431236,114589154.9652
"Bourne supremacy",1257637020,1258750740,1113720,114589154.9652
"Bourne supremacy",1257725280,1485068256,227342976,114589154.9652
"Bourne supremacy",1257725280,1258506000,780720,114589154.9652
"Bourne supremacy",1257796740,1485068256,227271516,114589154.9652
"Bourne supremacy",1257796740,1258152420,355680,114589154.9652
"Bourne supremacy",1257818640,1485068256,227249616,114589154.9652
"Bourne supremacy",1257891420,1485068256,227176836,114589154.9652
"Bourne supremacy",1257902460,1485068256,227165796,114589154.9652
"Bourne supremacy",1257902460,1258407360,504900,114589154.9652
"Bourne supremacy",1257906660,1485068256,227161596,114589154.9652
"Bourne supremacy",1257906660,1260328980,2422320,114589154.9652
"Bourne supremacy",1258051500,1485068256,227016756,114589154.9652
"Bourne supremacy",1258051500,1259874120,1822620,114589154.9652
"Bourne supremacy",1258051500,1262997120,4945620,114589154.9652
"Bourne supremacy",1258051500,1263063540,5012040,114589154.9652
"Bourne supremacy",1258069140,1485068256,226999116,114589154.9652
"Bourne supremacy",1258069140,1258329720,260580,114589154.9652
"Bourne supremacy",1258072680,1485068256,226995576,114589154.9652
"Bourne supremacy",1258235280,1485068256,226832976,114589154.9652
"Bourne supremacy",1258246920,1485068256,226821336,114589154.9652
"Bourne supremacy",1258246920,1258931940,685020,114589154.9652
"Bourne supremacy",1258248900,1485068256,226819356,114589154.9652
"Bourne supremacy",1258248900,1260317940,2069040,114589154.9652
"Bourne supremacy",1258248900,1264719240,6470340,114589154.9652
"Bourne supremacy",1258321560,1485068256,226746696,114589154.9652
"Bourne supremacy",1258414980,1485068256,226653276,114589154.9652
"Bourne supremacy",1258417020,1485068256,226651236,114589154.9652
"Bourne supremacy",1258501740,1485068256,226566516,114589154.9652
"Bourne supremacy",1258501740,1263350160,4848420,114589154.9652
"Bourne supremacy",1258514340,1485068256,226553916,114589154.9652
"Bourne supremacy",1258514340,1259202660,688320,114589154.9652
"Bourne supremacy",1258514340,1263274200,4759860,114589154.9652
"Bourne supremacy",1258514340,1263346740,4832400,114589154.9652
"Bourne supremacy",1258758180,1485068256,226310076,114589154.9652
"Bourne supremacy",1258758180,1259777940,1019760,114589154.9652
"Bourne supremacy",1258760520,1485068256,226307736,114589154.9652
"Bourne supremacy",1258762680,1485068256,226305576,114589154.9652
"Bourne supremacy",1258762680,1259453040,690360,114589154.9652
"Bourne supremacy",1258764540,1485068256,226303716,114589154.9652
"Bourne supremacy",1258764540,1259877360,1112820,114589154.9652
"Bourne supremacy",1258764540,1260214260,1449720,114589154.9652
"Bourne supremacy",1258832220,1485068256,226236036,114589154.9652
"Bourne supremacy",1258832220,1259636460,804240,114589154.9652
"Bourne supremacy",1258832220,1259726340,894120,114589154.9652
"Bourne supremacy",1258832220,1259781660,949440,114589154.9652
"Bourne supremacy",1258834440,1485068256,226233816,114589154.9652
"Bourne supremacy",1258834440,1258930980,96540,114589154.9652
"Bourne supremacy",1258835040,1485068256,226233216,114589154.9652
"Bourne supremacy",1258835040,1260047400,1212360,114589154.9652
"Bourne supremacy",1258835040,1260232740,1397700,114589154.9652
"Bourne supremacy",1258842060,1485068256,226226196,114589154.9652
"Bourne supremacy",1258842060,1259455980,613920,114589154.9652
"Bourne supremacy",1258936200,1485068256,226132056,114589154.9652
"Bourne supremacy",1258937760,1485068256,226130496,114589154.9652
"Bourne supremacy",1258937760,1260135900,1198140,114589154.9652
"Bourne supremacy",1259101380,1485068256,225966876,114589154.9652
"Bourne supremacy",1259101380,1260658800,1557420,114589154.9652
"Bourne supremacy",1259103420,1485068256,225964836,114589154.9652
"Bourne supremacy",1259103420,1259633580,530160,114589154.9652
"Bourne supremacy",1259105580,1485068256,225962676,114589154.9652
"Bourne supremacy",1259105580,1259363880,258300,114589154.9652
"Bourne supremacy",1259177160,1485068256,225891096,114589154.9652
"Bourne supremacy",1259177160,1260224280,1047120,114589154.9652
"Bourne supremacy",1259360400,1485068256,225707856,114589154.9652
"Bourne supremacy",1259360400,1260052080,691680,114589154.9652
"Bourne supremacy",1259360400,1260223020,862620,114589154.9652
"Bourne supremacy",1259372820,1485068256,225695436,114589154.9652
"Bourne supremacy",1259372820,1259882220,509400,114589154.9652
"Bourne supremacy",1259438280,1485068256,225629976,114589154.9652
"Bourne supremacy",1259454780,1485068256,225613476,114589154.9652
"Bourne supremacy",1259454780,1260329700,874920,114589154.9652
"Bourne supremacy",1259708040,1485068256,225360216,114589154.9652
"Bourne supremacy",1259708040,1260999660,1291620,114589154.9652
"Bourne supremacy",1259708040,1261077720,1369680,114589154.9652
"Bourne supremacy",1259716020,1485068256,225352236,114589154.9652
"Bourne supremacy",1259716020,1260406320,690300,114589154.9652
"Bourne supremacy",1259788740,1485068256,225279516,114589154.9652
"Bourne supremacy",1259788740,1260998580,1209840,114589154.9652
"Bourne supremacy",1259796180,1485068256,225272076,114589154.9652
"Bourne supremacy",1259796180,1260384540,588360,114589154.9652
"Bourne supremacy",1259893200,1485068256,225175056,114589154.9652
"Bourne supremacy",1259893200,1260325860,432660,114589154.9652
"Bourne supremacy",1259961300,1485068256,225106956,114589154.9652
"Bourne supremacy",1259961300,1260836280,874980,114589154.9652
"Bourne supremacy",1259973420,1485068256,225094836,114589154.9652
"Bourne supremacy",1259973420,1260574200,600780,114589154.9652
"Bourne supremacy",1260145740,1485068256,224922516,114589154.9652
"Bourne supremacy",1260145740,1260846960,701220,114589154.9652
"Bourne supremacy",1260222000,1485068256,224846256,114589154.9652
"Bourne supremacy",1260222000,1260474540,252540,114589154.9652
"Bourne supremacy",1260235620,1485068256,224832636,114589154.9652
"Bourne supremacy",1260235620,1260411000,175380,114589154.9652
"Bourne supremacy",1260393480,1485068256,224674776,114589154.9652
"Bourne supremacy",1260393480,1260576720,183240,114589154.9652
"Bourne supremacy",1260394260,1485068256,224673996,114589154.9652
"Bourne supremacy",1260394260,1261446300,1052040,114589154.9652
"Bourne supremacy",1260401460,1485068256,224666796,114589154.9652
"Bourne supremacy",1260401460,1260924960,523500,114589154.9652
"Bourne supremacy",1260405660,1485068256,224662596,114589154.9652
"Bourne supremacy",1260405660,1261601700,1196040,114589154.9652
"Bourne supremacy",1260405660,1261897200,1491540,114589154.9652
"Bourne supremacy",1260470220,1485068256,224598036,114589154.9652
"Bourne supremacy",1260479040,1485068256,224589216,114589154.9652
"Bourne supremacy",1260479040,1260919560,440520,114589154.9652
"Bourne supremacy",1260582180,1485068256,224486076,114589154.9652
"Bourne supremacy",1260582180,1261262700,680520,114589154.9652
"Bourne supremacy",1260582180,1261597980,1015800,114589154.9652
"Bourne supremacy",1260642420,1485068256,224425836,114589154.9652
"Bourne supremacy",1260642420,1262054820,1412400,114589154.9652
"Bourne supremacy",1260659520,1485068256,224408736,114589154.9652
"Bourne supremacy",1260659520,1262824320,2164800,114589154.9652
"Bourne supremacy",1260663660,1485068256,224404596,114589154.9652
"Bourne supremacy",1260663660,1260838920,175260,114589154.9652
"Bourne supremacy",1260664260,1485068256,224403996,114589154.9652
"Bourne supremacy",1260664260,1261531740,867480,114589154.9652
"Bourne supremacy",1260664260,1263173640,2509380,114589154.9652
"Bourne supremacy",1260739080,1261856460,1117380,114589154.9652
"Bourne supremacy",1260829440,1485068256,224238816,114589154.9652
"Bourne supremacy",1260829440,1260912000,82560,114589154.9652
"Bourne supremacy",1260829440,1261947720,1118280,114589154.9652
"Bourne supremacy",1260842940,1485068256,224225316,114589154.9652
"Bourne supremacy",1260846600,1485068256,224221656,114589154.9652
"Bourne supremacy",1260846600,1260924300,77700,114589154.9652
"Bourne supremacy",1260847860,1485068256,224220396,114589154.9652
"Bourne supremacy",1260847860,1261185120,337260,114589154.9652
"Bourne supremacy",1260847860,1261593660,745800,114589154.9652
"Bourne supremacy",1260917760,1485068256,224150496,114589154.9652
"Bourne supremacy",1260917760,1261266480,348720,114589154.9652
"Bourne supremacy",1261095420,1485068256,223972836,114589154.9652
"Bourne supremacy",1261095420,1261604160,508740,114589154.9652
"Bourne supremacy",1261106520,1485068256,223961736,114589154.9652
"Bourne supremacy",1261106520,1261537380,430860,114589154.9652
"Bourne supremacy",1261106520,1262284020,1177500,114589154.9652
"Bourne supremacy",1261165020,1485068256,223903236,114589154.9652
"Bourne supremacy",1261165020,1262637780,1472760,114589154.9652
"Bourne supremacy",1261181040,1485068256,223887216,114589154.9652
"Bourne supremacy",1261181040,1262049480,868440,114589154.9652
"Bourne supremacy",1261259220,1485068256,223809036,114589154.9652
"Bourne supremacy",1261259220,1262461920,1202700,114589154.9652
"Bourne supremacy",1261259220,1262831160,1571940,114589154.9652
"Bourne supremacy",1261269120,1485068256,223799136,114589154.9652
"Bourne supremacy",1261269120,1262049960,780840,114589154.9652
"Bourne supremacy",1261349100,1485068256,223719156,114589154.9652
"Bourne supremacy",1261349100,1263777660,2428560,114589154.9652
"Bourne supremacy",1261349100,1264822440,3473340,114589154.9652
"Bourne supremacy",1261349640,1485068256,223718616,114589154.9652
"Bourne supremacy",1261349640,1261613040,263400,114589154.9652
"Bourne supremacy",1261349640,1262044380,694740,114589154.9652
"Bourne supremacy",1261450440,1485068256,223617816,114589154.9652
"Bourne supremacy",1261523820,1485068256,223544436,114589154.9652
"Bourne supremacy",1261523820,1262110200,586380,114589154.9652
"Bourne supremacy",1261603620,1485068256,223464636,114589154.9652
"Bourne supremacy",1261603620,1262748180,1144560,114589154.9652
"Bourne supremacy",1261614540,1485068256,223453716,114589154.9652
"Bourne supremacy",1261614540,1261851660,237120,114589154.9652
"Bourne supremacy",1261614540,1262120880,506340,114589154.9652
"Bourne supremacy",1261856820,1485068256,223211436,114589154.9652
"Bourne supremacy",1261856820,1262473380,616560,114589154.9652
"Bourne supremacy",1261868340,1485068256,223199916,114589154.9652
"Bourne supremacy",1261868340,1262210580,342240,114589154.9652
"Bourne supremacy",1261874700,1485068256,223193556,114589154.9652
"Bourne supremacy",1261874700,1266697380,4822680,114589154.9652
"Bourne supremacy",1261874700,1266803280,4928580,114589154.9652
"Bourne supremacy",1262047380,1485068256,223020876,114589154.9652
"Bourne supremacy",1262047380,1263060600,1013220,114589154.9652
"Bourne supremacy",1262111940,1485068256,222956316,114589154.9652
"Bourne supremacy",1262111940,1263081420,969480,114589154.9652
"Bourne supremacy",1262143020,1485068256,222925236,114589154.9652
"Bourne supremacy",1262143020,1263336240,1193220,114589154.9652
"Bourne supremacy",1262203020,1485068256,222865236,114589154.9652
"Bourne supremacy",1262203020,1262309460,106440,114589154.9652
"Bourne supremacy",1262294520,1485068256,222773736,114589154.9652
"Bourne supremacy",1262294520,1262906220,611700,114589154.9652
"Bourne supremacy",1262296200,1485068256,222772056,114589154.9652
"Bourne supremacy",1262296200,1262823300,527100,114589154.9652
"Bourne supremacy",1262296200,1263064080,767880,114589154.9652
"Bourne supremacy",1262296200,1263254040,957840,114589154.9652
"Bourne supremacy",1262299440,1485068256,222768816,114589154.9652
"Bourne supremacy",1262299440,1264183020,1883580,114589154.9652
"Bourne supremacy",1262299440,1264273140,1973700,114589154.9652
"Bourne supremacy",1262310420,1485068256,222757836,114589154.9652
"Bourne supremacy",1262310420,1262657160,346740,114589154.9652
"Bourne supremacy",1262310420,1262981160,670740,114589154.9652
"Bourne supremacy",1262472480,1485068256,222595776,114589154.9652
"Bourne supremacy",1262472480,1262833860,361380,114589154.9652
"Bourne supremacy",1262474520,1485068256,222593736,114589154.9652
"Bourne supremacy",1262474520,1263000660,526140,114589154.9652
"Bourne supremacy",1262479440,1485068256,222588816,114589154.9652
"Bourne supremacy",1262481600,1485068256,222586656,114589154.9652
"Bourne supremacy",1262481600,1263259800,778200,114589154.9652
"Bourne supremacy",1262481600,1263333720,852120,114589154.9652
"Bourne supremacy",1262481600,1263408240,926640,114589154.9652
"Bourne supremacy",1262564340,1485068256,222503916,114589154.9652
"Bourne supremacy",1262650560,1485068256,222417696,114589154.9652
"Bourne supremacy",1262650560,1263000060,349500,114589154.9652
"Bourne supremacy",1262909940,1485068256,222158316,114589154.9652
"Bourne supremacy",1262921700,1485068256,222146556,114589154.9652
"Bourne supremacy",1262923080,1485068256,222145176,114589154.9652
"Bourne supremacy",1262923080,1263586080,663000,114589154.9652
"Bourne supremacy",1262990220,1485068256,222078036,114589154.9652
"Bourne supremacy",1262990220,1264643520,1653300,114589154.9652
"Bourne supremacy",1262990220,1265064780,2074560,114589154.9652
"Bourne supremacy",1262995140,1485068256,222073116,114589154.9652
"Bourne supremacy",1262995140,1263070500,75360,114589154.9652
"Bourne supremacy",1263001140,1485068256,222067116,114589154.9652
"Bourne supremacy",1263001140,1263774900,773760,114589154.9652
"Bourne supremacy",1263069900,1485068256,221998356,114589154.9652
"Bourne supremacy",1263069900,1263341280,271380,114589154.9652
"Bourne supremacy",1263070920,1485068256,221997336,114589154.9652
"Bourne supremacy",1263070920,1264728960,1658040,114589154.9652
"Bourne supremacy",1263070920,1268105700,5034780,114589154.9652
"Bourne supremacy",1263070920,1268170440,5099520,114589154.9652
"Bourne supremacy",1263071040,1485068256,221997216,114589154.9652
"Bourne supremacy",1263071040,1264290480,1219440,114589154.9652
"Bourne supremacy",1263071820,1485068256,221996436,114589154.9652
"Bourne supremacy",1263071820,1263255300,183480,114589154.9652
"Bourne supremacy",1263082380,1485068256,221985876,114589154.9652
"Bourne supremacy",1263082380,1263939480,857100,114589154.9652
"Bourne supremacy",1263263580,1485068256,221804676,114589154.9652
"Bourne supremacy",1263263580,1263673620,410040,114589154.9652
"Bourne supremacy",1263340200,1485068256,221728056,114589154.9652
"Bourne supremacy",1263340200,1263594360,254160,114589154.9652
"Bourne supremacy",1263353520,1485068256,221714736,114589154.9652
"Bourne supremacy",1263415680,1485068256,221652576,114589154.9652
"Bourne supremacy",1263415680,1263589380,173700,114589154.9652
"Bourne supremacy",1263423660,1485068256,221644596,114589154.9652
"Bourne supremacy",1263423660,1263597120,173460,114589154.9652
"Bourne supremacy",1263423660,1263695100,271440,114589154.9652
"Bourne supremacy",1263423660,1263943560,519900,114589154.9652
"Bourne supremacy",1263425040,1485068256,221643216,114589154.9652
"Bourne supremacy",1263425040,1264190280,765240,114589154.9652
"Bourne supremacy",1263432540,1485068256,221635716,114589154.9652
"Bourne supremacy",1263432540,1265160480,1727940,114589154.9652
"Bourne supremacy",1263432540,1265308560,1876020,114589154.9652
"Bourne supremacy",1263432540,1266604380,3171840,114589154.9652
"Bourne supremacy",1263434640,1485068256,221633616,114589154.9652
"Bourne supremacy",1263434640,1269367560,5932920,114589154.9652
"Bourne supremacy",1263508740,1485068256,221559516,114589154.9652
"Bourne supremacy",1263508740,1264548720,1039980,114589154.9652
"Bourne supremacy",1263508740,1264883280,1374540,114589154.9652
"Bourne supremacy",1263591420,1485068256,221476836,114589154.9652
"Bourne supremacy",1263591420,1264129320,537900,114589154.9652
"Bourne supremacy",1263691440,1263691920,480,114589154.9652
"Bourne supremacy",1263770580,1485068256,221297676,114589154.9652
"Bourne supremacy",1263770580,1264029720,259140,114589154.9652
"Bourne supremacy",1263948420,1485068256,221119836,114589154.9652
"Bourne supremacy",1263948420,1265771040,1822620,114589154.9652
"Bourne supremacy",1263949440,1485068256,221118816,114589154.9652
"Bourne supremacy",1263949440,1265158980,1209540,114589154.9652
"Bourne supremacy",1263949440,1265257260,1307820,114589154.9652
"Bourne supremacy",1263949440,1265402400,1452960,114589154.9652
"Bourne supremacy",1264021200,1485068256,221047056,114589154.9652
"Bourne supremacy",1264021200,1264814760,793560,114589154.9652
"Bourne supremacy",1264037400,1485068256,221030856,114589154.9652
"Bourne supremacy",1264037400,1264634940,597540,114589154.9652
"Bourne supremacy",1264037400,1264894320,856920,114589154.9652
"Bourne supremacy",1264037400,1265061660,1024260,114589154.9652
"Bourne supremacy",1264040580,1485068256,221027676,114589154.9652
"Bourne supremacy",1264040580,1265335140,1294560,114589154.9652
"Bourne supremacy",1264120860,1485068256,220947396,114589154.9652
"Bourne supremacy",1264203600,1485068256,220864656,114589154.9652
"Bourne supremacy",1264207740,1485068256,220860516,114589154.9652
"Bourne supremacy",1264278480,1485068256,220789776,114589154.9652
"Bourne supremacy",1264278480,1265686620,1408140,114589154.9652
"Bourne supremacy",1264551420,1485068256,220516836,114589154.9652
"Bourne supremacy",1264551420,1269892980,5341560,114589154.9652
"Bourne supremacy",1264551420,1270057560,5506140,114589154.9652
"Bourne supremacy",1264556400,1485068256,220511856,114589154.9652
"Bourne supremacy",1264556400,1265069940,513540,114589154.9652
"Bourne supremacy",1264556400,1265158500,602100,114589154.9652
"Bourne supremacy",1264556400,1265228280,671880,114589154.9652
"Bourne supremacy",1264725900,1485068256,220342356,114589154.9652
"Bourne supremacy",1264874760,1485068256,220193496,114589154.9652
"Bourne supremacy",1264874760,1265308200,433440,114589154.9652
"Bourne supremacy",1264876200,1485068256,220192056,114589154.9652
"Bourne supremacy",1264876200,1265306520,430320,114589154.9652
"Bourne supremacy",1264876200,1265658120,781920,114589154.9652
"Bourne supremacy",1264882920,1485068256,220185336,114589154.9652
"Bourne supremacy",1264882920,1265314680,431760,114589154.9652
"Bourne supremacy",1264982580,1485068256,220085676,114589154.9652
"Bourne supremacy",1264982580,1265233380,250800,114589154.9652
"Bourne supremacy",1265054040,1485068256,220014216,114589154.9652
"Bourne supremacy",1265061180,1485068256,220007076,114589154.9652
"Bourne supremacy",1265244780,1485068256,219823476,114589154.9652
"Bourne supremacy",1265244780,1265679000,434220,114589154.9652
"Bourne supremacy",1265319720,1485068256,219748536,114589154.9652
"Bourne supremacy",1265319720,1265771940,452220,114589154.9652
"Bourne supremacy",1265319720,1265832120,512400,114589154.9652
"Bourne supremacy",1265320980,1485068256,219747276,114589154.9652
"Bourne supremacy",1265320980,1265503260,182280,114589154.9652
"Bourne supremacy",1265326560,1485068256,219741696,114589154.9652
"Bourne supremacy",1265326560,1266994440,1667880,114589154.9652
"Bourne supremacy",1265326560,1267041660,1715100,114589154.9652
"Bourne supremacy",1265328360,1485068256,219739896,114589154.9652
"Bourne supremacy",1265328360,1266181680,853320,114589154.9652
"Bourne supremacy",1265333340,1485068256,219734916,114589154.9652
"Bourne supremacy",1265333340,1268357040,3023700,114589154.9652
"Bourne supremacy",1265333340,1275078420,9745080,114589154.9652
"Bourne supremacy",1265418360,1485068256,219649896,114589154.9652
"Bourne supremacy",1265418360,1265750520,332160,114589154.9652
"Bourne supremacy",1265420220,1485068256,219648036,114589154.9652
"Bourne supremacy",1265420220,1265847540,427320,114589154.9652
"Bourne supremacy",1265488200,1485068256,219580056,114589154.9652
"Bourne supremacy",1265488200,1266603420,1115220,114589154.9652
"Bourne supremacy",1265507220,1485068256,219561036,114589154.9652
"Bourne supremacy",1265507220,1266365760,858540,114589154.9652
"Bourne supremacy",1265507220,1266552960,1045740,114589154.9652
"Bourne supremacy",1265507220,1266693900,1186680,114589154.9652
"Bourne supremacy",1265507580,1485068256,219560676,114589154.9652
"Bourne supremacy",1265507580,1266191460,683880,114589154.9652
"Bourne supremacy",1265671860,1485068256,219396396,114589154.9652
"Bourne supremacy",1265671860,1265850840,178980,114589154.9652
"Bourne supremacy",1265766000,1485068256,219302256,114589154.9652
"Bourne supremacy",1265771880,1485068256,219296376,114589154.9652
"Bourne supremacy",1265833080,1485068256,219235176,114589154.9652
"Bourne supremacy",1265924340,1485068256,219143916,114589154.9652
"Bourne supremacy",1265924340,1266716700,792360,114589154.9652
"Bourne supremacy",1265924340,1267047780,1123440,114589154.9652
"Bourne supremacy",1265924340,1267124520,1200180,114589154.9652
"Bourne supremacy",1265926200,1485068256,219142056,114589154.9652
"Bourne supremacy",1265926200,1267148460,1222260,114589154.9652
"Bourne supremacy",1265940060,1485068256,219128196,114589154.9652
"Bourne supremacy",1265940060,1266547920,607860,114589154.9652
"Bourne supremacy",1265940060,1266693300,753240,114589154.9652
"Bourne supremacy",1266085080,1485068256,218983176,114589154.9652
"Bourne supremacy",1266085080,1267312860,1227780,114589154.9652
"Bourne supremacy",1266085080,1267761840,1676760,114589154.9652
"Bourne supremacy",1266085080,1268097180,2012100,114589154.9652
"Bourne supremacy",1266098280,1485068256,218969976,114589154.9652
"Bourne supremacy",1266098280,1266709020,610740,114589154.9652
"Bourne supremacy",1266098280,1266980640,882360,114589154.9652
"Bourne supremacy",1266098280,1267034760,936480,114589154.9652
"Bourne supremacy",1266111480,1485068256,218956776,114589154.9652
"Bourne supremacy",1266111480,1267492080,1380600,114589154.9652
"Bourne supremacy",1266111480,1267660380,1548900,114589154.9652
"Bourne supremacy",1266112860,1485068256,218955396,114589154.9652
"Bourne supremacy",1266112860,1267056420,943560,114589154.9652
"Bourne supremacy",1266191100,1485068256,218877156,114589154.9652
"Bourne supremacy",1266191100,1267061820,870720,114589154.9652
"Bourne supremacy",1266192600,1485068256,218875656,114589154.9652
"Bourne supremacy",1266193380,1485068256,218874876,114589154.9652
"Bourne supremacy",1266193380,1267060500,867120,114589154.9652
"Bourne supremacy",1266352620,1485068256,218715636,114589154.9652
"Bourne supremacy",1266352620,1267469940,1117320,114589154.9652
"Bourne supremacy",1266352620,1267751100,1398480,114589154.9652
"Bourne supremacy",1266352620,1267813860,1461240,114589154.9652
"Bourne supremacy",1266353520,1485068256,218714736,114589154.9652
"Bourne supremacy",1266353520,1267567980,1214460,114589154.9652
"Bourne supremacy",1266354720,1266354840,120,114589154.9652
"Bourne supremacy",1266362460,1485068256,218705796,114589154.9652
"Bourne supremacy",1266362460,1266462000,99540,114589154.9652
"Bourne supremacy",1266362460,1266720420,357960,114589154.9652
"Bourne supremacy",1266362460,1266873840,511380,114589154.9652
"Bourne supremacy",1266695400,1485068256,218372856,114589154.9652
"Bourne supremacy",1266695400,1268788680,2093280,114589154.9652
"Bourne supremacy",1266695400,1276652640,9957240,114589154.9652
"Bourne supremacy",1266695400,1276707420,10012020,114589154.9652
"Bourne supremacy",1266714720,1485068256,218353536,114589154.9652
"Bourne supremacy",1266714720,1267922160,1207440,114589154.9652
"Bourne supremacy",1266717360,1485068256,218350896,114589154.9652
"Bourne supremacy",1266717360,1267167420,450060,114589154.9652
"Bourne supremacy",1266717360,1267299240,581880,114589154.9652
"Bourne supremacy",1266881880,1485068256,218186376,114589154.9652
"Bourne supremacy",1266889740,1485068256,218178516,114589154.9652
"Bourne supremacy",1266889740,1267933620,1043880,114589154.9652
"Bourne supremacy",1266889740,1268169780,1280040,114589154.9652
"Bourne supremacy",1266948240,1485068256,218120016,114589154.9652
"Bourne supremacy",1266948240,1268080380,1132140,114589154.9652
"Bourne supremacy",1267055700,1485068256,218012556,114589154.9652
"Bourne supremacy",1267055700,1267479540,423840,114589154.9652
"Bourne supremacy",1267055700,1267855380,799680,114589154.9652
"Bourne supremacy",1267055700,1268002920,947220,114589154.9652
"Bourne supremacy",1267062300,1485068256,218005956,114589154.9652
"Bourne supremacy",1267062300,1267648440,586140,114589154.9652
"Bourne supremacy",1267069200,1485068256,217999056,114589154.9652
"Bourne supremacy",1267144260,1485068256,217923996,114589154.9652
"Bourne supremacy",1267144260,1267489140,344880,114589154.9652
"Bourne supremacy",1267150020,1485068256,217918236,114589154.9652
"Bourne supremacy",1267150020,1267315020,165000,114589154.9652
"Bourne supremacy",1267150020,1267473480,323460,114589154.9652
"Bourne supremacy",1267307340,1485068256,217760916,114589154.9652
"Bourne supremacy",1267396140,1485068256,217672116,114589154.9652
"Bourne supremacy",1267482540,1485068256,217585716,114589154.9652
"Bourne supremacy",1267482540,1268706600,1224060,114589154.9652
"Bourne supremacy",1267482540,1268778240,1295700,114589154.9652
"Bourne supremacy",1267488720,1485068256,217579536,114589154.9652
"Bourne supremacy",1267488720,1269302100,1813380,114589154.9652
"Bourne supremacy",1267488900,1485068256,217579356,114589154.9652
"Bourne supremacy",1267488900,1267814220,325320,114589154.9652
"Bourne supremacy",1267488900,1268080980,592080,114589154.9652
"Bourne supremacy",1267490460,1485068256,217577796,114589154.9652
"Bourne supremacy",1267490460,1268173200,682740,114589154.9652
"Bourne supremacy",1267494120,1485068256,217574136,114589154.9652
"Bourne supremacy",1267494120,1267909980,415860,114589154.9652
"Bourne supremacy",1267573920,1485068256,217494336,114589154.9652
"Bourne supremacy",1267573920,1268442000,868080,114589154.9652
"Bourne supremacy",1267573920,1268697240,1123320,114589154.9652
"Bourne supremacy",1267573920,1268760360,1186440,114589154.9652
"Bourne supremacy",1267740840,1485068256,217327416,114589154.9652
"Bourne supremacy",1267740840,1268874540,1133700,114589154.9652
"Bourne supremacy",1267745220,1485068256,217323036,114589154.9652
"Bourne supremacy",1267745220,1270062480,2317260,114589154.9652
"Bourne supremacy",1267748400,1485068256,217319856,114589154.9652
"Bourne supremacy",1267748400,1268527740,779340,114589154.9652
"Bourne supremacy",1267815780,1485068256,217252476,114589154.9652
"Bourne supremacy",1267815780,1270076760,2260980,114589154.9652
"Bourne supremacy",1267815780,1270233540,2417760,114589154.9652
"Bourne supremacy",1267837980,1485068256,217230276,114589154.9652
"Bourne supremacy",1267837980,1269544200,1706220,114589154.9652
"Bourne supremacy",1267837980,1269627960,1789980,114589154.9652
"Bourne supremacy",1268008860,1485068256,217059396,114589154.9652
"Bourne supremacy",1268090760,1485068256,216977496,114589154.9652
"Bourne supremacy",1268090760,1268605080,514320,114589154.9652
"Bourne supremacy",1268091360,1485068256,216976896,114589154.9652
"Bourne supremacy",1268091360,1268353380,262020,114589154.9652
"Bourne supremacy",1268091360,1268867760,776400,114589154.9652
"Bourne supremacy",1268091360,1269105060,1013700,114589154.9652
"Bourne supremacy",1268091360,1269223500,1132140,114589154.9652
"Bourne supremacy",1268091360,1269284100,1192740,114589154.9652
"Bourne supremacy",1268182200,1485068256,216886056,114589154.9652
"Bourne supremacy",1268182200,1268783820,601620,114589154.9652
"Bourne supremacy",1268182200,1268869860,687660,114589154.9652
"Bourne supremacy",1268251260,1485068256,216816996,114589154.9652
"Bourne supremacy",1268251260,1269372480,1121220,114589154.9652
"Bourne supremacy",1268251260,1279221600,10970340,114589154.9652
"Bourne supremacy",1268257380,1485068256,216810876,114589154.9652
"Bourne supremacy",1268257380,1268338200,80820,114589154.9652
"Bourne supremacy",1268266140,1485068256,216802116,114589154.9652
"Bourne supremacy",1268266140,1269805860,1539720,114589154.9652
"Bourne supremacy",1268272260,1485068256,216795996,114589154.9652
"Bourne supremacy",1268272260,1269991800,1719540,114589154.9652
"Bourne supremacy",1268273820,1485068256,216794436,114589154.9652
"Bourne supremacy",1268273820,1269908640,1634820,114589154.9652
"Bourne supremacy",1268439960,1485068256,216628296,114589154.9652
"Bourne supremacy",1268439960,1273342320,4902360,114589154.9652
"Bourne supremacy",1268507760,1485068256,216560496,114589154.9652
"Bourne supremacy",1268507760,1269378780,871020,114589154.9652
"Bourne supremacy",1268530380,1485068256,216537876,114589154.9652
"Bourne supremacy",1268610480,1485068256,216457776,114589154.9652
"Bourne supremacy",1268610480,1269213900,603420,114589154.9652
"Bourne supremacy",1268774160,1485068256,216294096,114589154.9652
"Bourne supremacy",1268774160,1269033540,259380,114589154.9652
"Bourne supremacy",1268861220,1485068256,216207036,114589154.9652
"Bourne supremacy",1268861220,1269550380,689160,114589154.9652
"Bourne supremacy",1269032220,1485068256,216036036,114589154.9652
"Bourne supremacy",1269032220,1269888840,856620,114589154.9652
"Bourne supremacy",1269042660,1485068256,216025596,114589154.9652
"Bourne supremacy",1269042660,1272573360,3530700,114589154.9652
"Bourne supremacy",1269042660,1274041380,4998720,114589154.9652
"Bourne supremacy",1269042660,1276362600,7319940,114589154.9652
"Bourne supremacy",1269042660,1278107460,9064800,114589154.9652
"Bourne supremacy",1269042660,1278358680,9316020,114589154.9652
"Bourne supremacy",1269282360,1485068256,215785896,114589154.9652
"Bourne supremacy",1269282360,1270945500,1663140,114589154.9652
"Bourne supremacy",1269282360,1271268540,1986180,114589154.9652
"Bourne supremacy",1269289140,1485068256,215779116,114589154.9652
"Bourne supremacy",1269289140,1270506420,1217280,114589154.9652
"Bourne supremacy",1269289140,1270588560,1299420,114589154.9652
"Bourne supremacy",1269289140,1270662120,1372980,114589154.9652
"Bourne supremacy",1269369540,1485068256,215698716,114589154.9652
"Bourne supremacy",1269369540,1270515360,1145820,114589154.9652
"Bourne supremacy",1269457440,1485068256,215610816,114589154.9652
"Bourne supremacy",1269457440,1273015800,3558360,114589154.9652
"Bourne supremacy",1269457440,1273102140,3644700,114589154.9652
"Bourne supremacy",1269457980,1485068256,215610276,114589154.9652
"Bourne supremacy",1269457980,1270500960,1042980,114589154.9652
"Bourne supremacy",1269457980,1270518360,1060380,114589154.9652
"Bourne supremacy",1269461580,1485068256,215606676,114589154.9652
"Bourne supremacy",1269461580,1271877960,2416380,114589154.9652
"Bourne supremacy",1269462780,1485068256,215605476,114589154.9652
"Bourne supremacy",1269462780,1270067700,604920,114589154.9652
"Bourne supremacy",1269477540,1485068256,215590716,114589154.9652
"Bourne supremacy",1269540780,1485068256,215527476,114589154.9652
"Bourne supremacy",1269540780,1270840500,1299720,114589154.9652
"Bourne supremacy",1269545520,1485068256,215522736,114589154.9652
"Bourne supremacy",1269545520,1270321860,776340,114589154.9652
"Bourne supremacy",1269545520,1273197060,3651540,114589154.9652
"Bourne supremacy",1269566400,1485068256,215501856,114589154.9652
"Bourne supremacy",1269566400,1270695420,1129020,114589154.9652
"Bourne supremacy",1269566400,1270753440,1187040,114589154.9652
"Bourne supremacy",1269806580,1485068256,215261676,114589154.9652
"Bourne supremacy",1269806580,1269910620,104040,114589154.9652
"Bourne supremacy",1269806580,1270057800,251220,114589154.9652
"Bourne supremacy",1269806580,1270317360,510780,114589154.9652
"Bourne supremacy",1270158600,1485068256,214909656,114589154.9652
"Bourne supremacy",1270158600,1271889120,1730520,114589154.9652
"Bourne supremacy",1270158600,1271967600,1809000,114589154.9652
"Bourne supremacy",1270160880,1485068256,214907376,114589154.9652
"Bourne supremacy",1270160880,1272743280,2582400,114589154.9652
"Bourne supremacy",1270167780,1485068256,214900476,114589154.9652
"Bourne supremacy",1270167780,1270941120,773340,114589154.9652
"Bourne supremacy",1270237500,1485068256,214830756,114589154.9652
"Bourne supremacy",1270237500,1270508100,270600,114589154.9652
"Bourne supremacy",1270237500,1270670160,432660,114589154.9652
"Bourne supremacy",1270323360,1485068256,214744896,114589154.9652
"Bourne supremacy",1270323360,1270512360,189000,114589154.9652
"Bourne supremacy",1270323360,1270594440,271080,114589154.9652
"Bourne supremacy",1270329360,1485068256,214738896,114589154.9652
"Bourne supremacy",1270340760,1485068256,214727496,114589154.9652
"Bourne supremacy",1270340760,1271454000,1113240,114589154.9652
"Bourne supremacy",1270600260,1485068256,214467996,114589154.9652
"Bourne supremacy",1270600260,1272154440,1554180,114589154.9652
"Bourne supremacy",1270600260,1272398460,1798200,114589154.9652
"Bourne supremacy",1270600260,1272562140,1961880,114589154.9652
"Bourne supremacy",1270753380,1485068256,214314876,114589154.9652
"Bourne supremacy",1270753380,1271098500,345120,114589154.9652
"Bourne supremacy",1270764600,1485068256,214303656,114589154.9652
"Bourne supremacy",1270764600,1271808120,1043520,114589154.9652
"Bourne supremacy",1270772700,1485068256,214295556,114589154.9652
"Bourne supremacy",1270772700,1271968020,1195320,114589154.9652
"Bourne supremacy",1270780140,1485068256,214288116,114589154.9652
"Bourne supremacy",1270780140,1271025660,245520,114589154.9652
"Bourne supremacy",1270854540,1485068256,214213716,114589154.9652
"Bourne supremacy",1270854540,1271124420,269880,114589154.9652
"Bourne supremacy",1270854540,1271369460,514920,114589154.9652
"Bourne supremacy",1270854540,1271536380,681840,114589154.9652
"Bourne supremacy",1270928400,1485068256,214139856,114589154.9652
"Bourne supremacy",1270928400,1272148560,1220160,114589154.9652
"Bourne supremacy",1271023560,1485068256,214044696,114589154.9652
"Bourne supremacy",1271023560,1271790480,766920,114589154.9652
"Bourne supremacy",1271023560,1272043080,1019520,114589154.9652
"Bourne supremacy",1271023560,1272474120,1450560,114589154.9652
"Bourne supremacy",1271023560,1272580620,1557060,114589154.9652
"Bourne supremacy",1271023560,1273639200,2615640,114589154.9652
"Bourne supremacy",1271124840,1485068256,213943416,114589154.9652
"Bourne supremacy",1271124840,1271996400,871560,114589154.9652
"Bourne supremacy",1271124840,1272136920,1012080,114589154.9652
"Bourne supremacy",1271127420,1485068256,213940836,114589154.9652
"Bourne supremacy",1271127420,1271535720,408300,114589154.9652
"Bourne supremacy",1271127420,1271633340,505920,114589154.9652
"Bourne supremacy",1271127420,1271709720,582300,114589154.9652
"Bourne supremacy",1271280720,1485068256,213787536,114589154.9652
"Bourne supremacy",1271280720,1271883120,602400,114589154.9652
"Bourne supremacy",1271371800,1485068256,213696456,114589154.9652
"Bourne supremacy",1271371800,1272053820,682020,114589154.9652
"Bourne supremacy",1271458320,1485068256,213609936,114589154.9652
"Bourne supremacy",1271458320,1272226800,768480,114589154.9652
"Bourne supremacy",1271527860,1485068256,213540396,114589154.9652
"Bourne supremacy",1271527860,1271796900,269040,114589154.9652
"Bourne supremacy",1271527860,1271877480,349620,114589154.9652
"Bourne supremacy",1271716680,1485068256,213351576,114589154.9652
"Bourne supremacy",1271716680,1272059760,343080,114589154.9652
"Bourne supremacy",1271716680,1272327300,610620,114589154.9652
"Bourne supremacy",1271716680,1272476640,759960,114589154.9652
"Bourne supremacy",1271883660,1485068256,213184596,114589154.9652
"Bourne supremacy",1271883660,1272926520,1042860,114589154.9652
"Bourne supremacy",1271883660,1273611660,1728000,114589154.9652
"Bourne supremacy",1271890680,1485068256,213177576,114589154.9652
"Bourne supremacy",1271890680,1272065580,174900,114589154.9652
"Bourne supremacy",1272051720,1485068256,213016536,114589154.9652
"Bourne supremacy",1272051720,1272304020,252300,114589154.9652
"Bourne supremacy",1272055440,1485068256,213012816,114589154.9652
"Bourne supremacy",1272143940,1485068256,212924316,114589154.9652
"Bourne supremacy",1272143940,1273188900,1044960,114589154.9652
"Bourne supremacy",1272156900,1485068256,212911356,114589154.9652
"Bourne supremacy",1272156900,1272910920,754020,114589154.9652
"Bourne supremacy",1272326640,1485068256,212741616,114589154.9652
"Bourne supremacy",1272326640,1272838380,511740,114589154.9652
"Bourne supremacy",1272329760,1485068256,212738496,114589154.9652
"Bourne supremacy",1272329760,1273189320,859560,114589154.9652
"Bourne supremacy",1272408480,1485068256,212659776,114589154.9652
"Bourne supremacy",1272408480,1274997120,2588640,114589154.9652
"Bourne supremacy",1272408480,1275167520,2759040,114589154.9652
"Bourne supremacy",1272416460,1485068256,212651796,114589154.9652
"Bourne supremacy",1272564720,1485068256,212503536,114589154.9652
"Bourne supremacy",1272573900,1485068256,212494356,114589154.9652
"Bourne supremacy",1272573900,1273360920,787020,114589154.9652
"Bourne supremacy",1272573900,1273683540,1109640,114589154.9652
"Bourne supremacy",1272583680,1485068256,212484576,114589154.9652
"Bourne supremacy",1272583680,1272670020,86340,114589154.9652
"Bourne supremacy",1272584100,1485068256,212484156,114589154.9652
"Bourne supremacy",1272584100,1273536420,952320,114589154.9652
"Bourne supremacy",1272650400,1485068256,212417856,114589154.9652
"Bourne supremacy",1272650400,1273177620,527220,114589154.9652
"Bourne supremacy",1272844260,1485068256,212223996,114589154.9652
"Bourne supremacy",1273019160,1485068256,212049096,114589154.9652
"Bourne supremacy",1273019160,1273622940,603780,114589154.9652
"Bourne supremacy",1273109400,1485068256,211958856,114589154.9652
"Bourne supremacy",1273109400,1273869360,759960,114589154.9652
"Bourne supremacy",1273109400,1274290560,1181160,114589154.9652
"Bourne supremacy",1273182240,1485068256,211886016,114589154.9652
"Bourne supremacy",1273182240,1276048140,2865900,114589154.9652
"Bourne supremacy",1273192260,1485068256,211875996,114589154.9652
"Bourne supremacy",1273192260,1274395980,1203720,114589154.9652
"Bourne supremacy",1273272780,1485068256,211795476,114589154.9652
"Bourne supremacy",1273272780,1273531560,258780,114589154.9652
"Bourne supremacy",1273272780,1273725360,452580,114589154.9652
"Bourne supremacy",1273272780,1273947300,674520,114589154.9652
"Bourne supremacy",1273278960,1273279680,720,114589154.9652
"Bourne supremacy",1273278960,1274405280,1126320,114589154.9652
"Bourne supremacy",1273341660,1485068256,211726596,114589154.9652
"Bourne supremacy",1273341660,1274048940,707280,114589154.9652
"Bourne supremacy",1273341660,1274150940,809280,114589154.9652
"Bourne supremacy",1273346940,1485068256,211721316,114589154.9652
"Bourne supremacy",1273346940,1273964880,617940,114589154.9652
"Bourne supremacy",1273346940,1274211480,864540,114589154.9652
"Bourne supremacy",1273359360,1485068256,211708896,114589154.9652
"Bourne supremacy",1273359360,1274565840,1206480,114589154.9652
"Bourne supremacy",1273359360,1274730180,1370820,114589154.9652
"Bourne supremacy",1273512000,1485068256,211556256,114589154.9652
"Bourne supremacy",1273512000,1274980200,1468200,114589154.9652
"Bourne supremacy",1273540440,1485068256,211527816,114589154.9652
"Bourne supremacy",1273540440,1275250680,1710240,114589154.9652
"Bourne supremacy",1273540440,1275504300,1963860,114589154.9652
"Bourne supremacy",1273629060,1485068256,211439196,114589154.9652
"Bourne supremacy",1273629060,1273873020,243960,114589154.9652
"Bourne supremacy",1273629060,1274042280,413220,114589154.9652
"Bourne supremacy",1273629060,1274109540,480480,114589154.9652
"Bourne supremacy",1273789380,1485068256,211278876,114589154.9652
"Bourne supremacy",1273789380,1273956900,167520,114589154.9652
"Bourne supremacy",1273789380,1274217000,427620,114589154.9652
"Bourne supremacy",1273789380,1274297880,508500,114589154.9652
"Bourne supremacy",1273948320,1485068256,211119936,114589154.9652
"Bourne supremacy",1273948320,1275174360,1226040,114589154.9652
"Bourne supremacy",1273948320,1275627660,1679340,114589154.9652
"Bourne supremacy",1273948320,1275945780,1997460,114589154.9652
"Bourne supremacy",1273956900,1485068256,211111356,114589154.9652
"Bourne supremacy",1273956900,1277170380,3213480,114589154.9652
"Bourne supremacy",1273956900,1277229480,3272580,114589154.9652
"Bourne supremacy",1273963620,1485068256,211104636,114589154.9652
"Bourne supremacy",1273963620,1275587640,1624020,114589154.9652
"Bourne supremacy",1273963620,1275676440,1712820,114589154.9652
"Bourne supremacy",1274146020,1485068256,210922236,114589154.9652
"Bourne supremacy",1274146020,1274828400,682380,114589154.9652
"Bourne supremacy",1274224560,1485068256,210843696,114589154.9652
"Bourne supremacy",1274224560,1274561520,336960,114589154.9652
"Bourne supremacy",1274224560,1274644260,419700,114589154.9652
"Bourne supremacy",1274384160,1485068256,210684096,114589154.9652
"Bourne supremacy",1274384160,1274908920,524760,114589154.9652
"Bourne supremacy",1274398920,1485068256,210669336,114589154.9652
"Bourne supremacy",1274398920,1275683280,1284360,114589154.9652
"Bourne supremacy",1274398920,1275767820,1368900,114589154.9652
"Bourne supremacy",1274405760,1485068256,210662496,114589154.9652
"Bourne supremacy",1274405760,1275010440,604680,114589154.9652
"Bourne supremacy",1274405760,1275186120,780360,114589154.9652
"Bourne supremacy",1274405760,1275506940,1101180,114589154.9652
"Bourne supremacy",1274473020,1485068256,210595236,114589154.9652
"Bourne supremacy",1274473020,1275681240,1208220,114589154.9652
"Bourne supremacy",1274562900,1485068256,210505356,114589154.9652
"Bourne supremacy",1274562900,1275087540,524640,114589154.9652
"Bourne supremacy",1274562900,1275159060,596160,114589154.9652
"Bourne supremacy",1274565420,1485068256,210502836,114589154.9652
"Bourne supremacy",1274565420,1276557780,1992360,114589154.9652
"Bourne supremacy",1274565420,1278778680,4213260,114589154.9652
"Bourne supremacy",1274565420,1278965280,4399860,114589154.9652
"Bourne supremacy",1274814180,1485068256,210254076,114589154.9652
"Bourne supremacy",1274814180,1276545780,1731600,114589154.9652
"Bourne supremacy",1275011040,1485068256,210057216,114589154.9652
"Bourne supremacy",1275011040,1276294140,1283100,114589154.9652
"Bourne supremacy",1275011040,1276368480,1357440,114589154.9652
"Bourne supremacy",1275085740,1485068256,209982516,114589154.9652
"Bourne supremacy",1275085740,1275961200,875460,114589154.9652
"Bourne supremacy",1275085740,1276113660,1027920,114589154.9652
"Bourne supremacy",1275093660,1485068256,209974596,114589154.9652
"Bourne supremacy",1275523440,1485068256,209544816,114589154.9652
"Bourne supremacy",1275523440,1275863940,340500,114589154.9652
"Bourne supremacy",1275523440,1276036860,513420,114589154.9652
"Bourne supremacy",1275523440,1276114620,591180,114589154.9652
"Bourne supremacy",1275597240,1485068256,209471016,114589154.9652
"Bourne supremacy",1275597240,1276051260,454020,114589154.9652
"Bourne supremacy",1275684060,1485068256,209384196,114589154.9652
"Bourne supremacy",1275684060,1276294140,610080,114589154.9652
"Bourne supremacy",1275684060,1276556400,872340,114589154.9652
"Bourne supremacy",1275776040,1485068256,209292216,114589154.9652
"Bourne supremacy",1275776040,1276993380,1217340,114589154.9652
"Bourne supremacy",1275776040,1277407020,1630980,114589154.9652
"Bourne supremacy",1275783060,1485068256,209285196,114589154.9652
"Bourne supremacy",1275783060,1276654920,871860,114589154.9652
"Bourne supremacy",1275783060,1276985280,1202220,114589154.9652
"Bourne supremacy",1275784440,1485068256,209283816,114589154.9652
"Bourne supremacy",1276035420,1485068256,209032836,114589154.9652
"Bourne supremacy",1276035420,1276551360,515940,114589154.9652
"Bourne supremacy",1276035420,1276664520,629100,114589154.9652
"Bourne supremacy",1276035420,1276799760,764340,114589154.9652
"Bourne supremacy",1276114740,1485068256,208953516,114589154.9652
"Bourne supremacy",1276114740,1276645860,531120,114589154.9652
"Bourne supremacy",1276114740,1276801800,687060,114589154.9652
"Bourne supremacy",1276114740,1276967820,853080,114589154.9652
"Bourne supremacy",1276120020,1485068256,208948236,114589154.9652
"Bourne supremacy",1276120020,1277173620,1053600,114589154.9652
"Bourne supremacy",1276120020,1277424780,1304760,114589154.9652
"Bourne supremacy",1276120020,1277486220,1366200,114589154.9652
"Bourne supremacy",1276120920,1276120920,0,114589154.9652
"Bourne supremacy",1276195860,1485068256,208872396,114589154.9652
"Bourne supremacy",1276540560,1485068256,208527696,114589154.9652
"Bourne supremacy",1276540560,1276631580,91020,114589154.9652
"Bourne supremacy",1276544040,1485068256,208524216,114589154.9652
"Bourne supremacy",1276544040,1276808040,264000,114589154.9652
"Bourne supremacy",1276544040,1276992180,448140,114589154.9652
"Bourne supremacy",1276544040,1277060580,516540,114589154.9652
"Bourne supremacy",1276553580,1485068256,208514676,114589154.9652
"Bourne supremacy",1276553580,1276634280,80700,114589154.9652
"Bourne supremacy",1276645800,1276645800,0,114589154.9652
"Bourne supremacy",1276645800,1276796220,150420,114589154.9652
"Bourne supremacy",1276645800,1276976580,330780,114589154.9652
"Bourne supremacy",1276712760,1485068256,208355496,114589154.9652
"Bourne supremacy",1276712760,1277500020,787260,114589154.9652
"Bourne supremacy",1276712760,1277761080,1048320,114589154.9652
"Bourne supremacy",1276739820,1485068256,208328436,114589154.9652
"Bourne supremacy",1276795380,1485068256,208272876,114589154.9652
"Bourne supremacy",1276795380,1278004560,1209180,114589154.9652
"Bourne supremacy",1276795380,1278184500,1389120,114589154.9652
"Bourne supremacy",1276804620,1485068256,208263636,114589154.9652
"Bourne supremacy",1276804620,1277159520,354900,114589154.9652
"Bourne supremacy",1276804620,1277247780,443160,114589154.9652
"Bourne supremacy",1276812240,1277497800,685560,114589154.9652
"Bourne supremacy",1276812240,1277608200,795960,114589154.9652
"Bourne supremacy",1276812240,1277676480,864240,114589154.9652
"Bourne supremacy",1276816980,1485068256,208251276,114589154.9652
"Bourne supremacy",1276816980,1277936220,1119240,114589154.9652
"Bourne supremacy",1276993680,1485068256,208074576,114589154.9652
"Bourne supremacy",1276993680,1277340540,346860,114589154.9652
"Bourne supremacy",1276993680,1277419620,425940,114589154.9652
"Bourne supremacy",1277158680,1485068256,207909576,114589154.9652
"Bourne supremacy",1277158680,1277921220,762540,114589154.9652
"Bourne supremacy",1277158680,1278005220,846540,114589154.9652
"Bourne supremacy",1277318700,1485068256,207749556,114589154.9652
"Bourne supremacy",1277318700,1278525900,1207200,114589154.9652
"Bourne supremacy",1277318700,1278799800,1481100,114589154.9652
"Bourne supremacy",1277318700,1278883680,1564980,114589154.9652
"Bourne supremacy",1277318700,1279911660,2592960,114589154.9652
"Bourne supremacy",1277318700,1279997640,2678940,114589154.9652
"Bourne supremacy",1277334120,1485068256,207734136,114589154.9652
"Bourne supremacy",1277334120,1277932200,598080,114589154.9652
"Bourne supremacy",1277334120,1278115200,781080,114589154.9652
"Bourne supremacy",1277336220,1485068256,207732036,114589154.9652
"Bourne supremacy",1277336220,1278969420,1633200,114589154.9652
"Bourne supremacy",1277580000,1485068256,207488256,114589154.9652
"Bourne supremacy",1277580000,1278994680,1414680,114589154.9652
"Bourne supremacy",1277580000,1279131000,1551000,114589154.9652
"Bourne supremacy",1277666940,1485068256,207401316,114589154.9652
"Bourne supremacy",1277666940,1278375300,708360,114589154.9652
"Bourne supremacy",1277666940,1278537480,870540,114589154.9652
"Bourne supremacy",1277666940,1278958500,1291560,114589154.9652
"Bourne supremacy",1277778180,1485068256,207290076,114589154.9652
"Bourne supremacy",1277778180,1280003940,2225760,114589154.9652
"Bourne supremacy",1277855160,1485068256,207213096,114589154.9652
"Bourne supremacy",1277855160,1279071780,1216620,114589154.9652
"Bourne supremacy",1277855160,1279243500,1388340,114589154.9652
"Bourne supremacy",1277855160,1279554960,1699800,114589154.9652
"Bourne supremacy",1277935860,1485068256,207132396,114589154.9652
"Bourne supremacy",1277935860,1278525360,589500,114589154.9652
"Bourne supremacy",1277941320,1485068256,207126936,114589154.9652
"Bourne supremacy",1277941320,1278377580,436260,114589154.9652
"Bourne supremacy",1278198420,1485068256,206869836,114589154.9652
"Bourne supremacy",1278198420,1278985980,787560,114589154.9652
"Bourne supremacy",1278370320,1485068256,206697936,114589154.9652
"Bourne supremacy",1278370320,1278625200,254880,114589154.9652
"Bourne supremacy",1278370320,1278881580,511260,114589154.9652
"Bourne supremacy",1278451500,1485068256,206616756,114589154.9652
"Bourne supremacy",1278451500,1278972360,520860,114589154.9652
"Bourne supremacy",1278451500,1279391700,940200,114589154.9652
"Bourne supremacy",1278451500,1280369880,1918380,114589154.9652
"Bourne supremacy",1278619020,1485068256,206449236,114589154.9652
"Bourne supremacy",1278619020,1282942140,4323120,114589154.9652
"Bourne supremacy",1278619020,1283882460,5263440,114589154.9652
"Bourne supremacy",1278621960,1485068256,206446296,114589154.9652
"Bourne supremacy",1278621960,1280354220,1732260,114589154.9652
"Bourne supremacy",1278621960,1280784600,2162640,114589154.9652
"Bourne supremacy",1278642720,1485068256,206425536,114589154.9652
"Bourne supremacy",1278642720,1279586520,943800,114589154.9652
"Bourne supremacy",1278800700,1485068256,206267556,114589154.9652
"Bourne supremacy",1278800700,1279049880,249180,114589154.9652
"Bourne supremacy",1278983580,1485068256,206084676,114589154.9652
"Bourne supremacy",1278983580,1281829080,2845500,114589154.9652
"Bourne supremacy",1278983580,1285546440,6562860,114589154.9652
"Bourne supremacy",1278985800,1485068256,206082456,114589154.9652
"Bourne supremacy",1278985800,1279995360,1009560,114589154.9652
"Bourne supremacy",1278985800,1281030540,2044740,114589154.9652
"Bourne supremacy",1278985800,1281120120,2134320,114589154.9652
"Bourne supremacy",1279055820,1485068256,206012436,114589154.9652
"Bourne supremacy",1279065600,1485068256,206002656,114589154.9652
"Bourne supremacy",1279065600,1280274540,1208940,114589154.9652
"Bourne supremacy",1279065600,1280514720,1449120,114589154.9652
"Bourne supremacy",1279065600,1280600940,1535340,114589154.9652
"Bourne supremacy",1279150260,1485068256,205917996,114589154.9652
"Bourne supremacy",1279150260,1279592760,442500,114589154.9652
"Bourne supremacy",1279150260,1279662360,512100,114589154.9652
"Bourne supremacy",1279152120,1485068256,205916136,114589154.9652
"Bourne supremacy",1279152120,1279570680,418560,114589154.9652
"Bourne supremacy",1279152120,1279646040,493920,114589154.9652
"Bourne supremacy",1279233180,1485068256,205835076,114589154.9652
"Bourne supremacy",1279233180,1279860060,626880,114589154.9652
"Bourne supremacy",1279233180,1280008800,775620,114589154.9652
"Bourne supremacy",1279316640,1485068256,205751616,114589154.9652
"Bourne supremacy",1279316640,1281553440,2236800,114589154.9652
"Bourne supremacy",1279496160,1485068256,205572096,114589154.9652
"Bourne supremacy",1279496160,1281637620,2141460,114589154.9652
"Bourne supremacy",1279573560,1485068256,205494696,114589154.9652
"Bourne supremacy",1279573560,1281482880,1909320,114589154.9652
"Bourne supremacy",1279573560,1281550500,1976940,114589154.9652
"Bourne supremacy",1279661520,1485068256,205406736,114589154.9652
"Bourne supremacy",1279661520,1281130200,1468680,114589154.9652
"Bourne supremacy",1279661520,1281209160,1547640,114589154.9652
"Bourne supremacy",1279663560,1485068256,205404696,114589154.9652
"Bourne supremacy",1279663560,1282340820,2677260,114589154.9652
"Bourne supremacy",1279663560,1282428780,2765220,114589154.9652
"Bourne supremacy",1279674540,1485068256,205393716,114589154.9652
"Bourne supremacy",1279674540,1281828840,2154300,114589154.9652
"Bourne supremacy",1279674540,1281999060,2324520,114589154.9652
"Bourne supremacy",1279758480,1485068256,205309776,114589154.9652
"Bourne supremacy",1279758480,1280278800,520320,114589154.9652
"Bourne supremacy",1279758480,1280616540,858060,114589154.9652
"Bourne supremacy",1279758480,1280702940,944460,114589154.9652
"Bourne supremacy",1280017260,1485068256,205050996,114589154.9652
"Bourne supremacy",1280101680,1485068256,204966576,114589154.9652
"Bourne supremacy",1280101680,1282174020,2072340,114589154.9652
"Bourne supremacy",1280101680,1282433340,2331660,114589154.9652
"Bourne supremacy",1280362260,1485068256,204705996,114589154.9652
"Bourne supremacy",1280362260,1281464940,1102680,114589154.9652
"Bourne supremacy",1280362260,1281551400,1189140,114589154.9652
"Bourne supremacy",1280611800,1485068256,204456456,114589154.9652
"Bourne supremacy",1280611800,1281394620,782820,114589154.9652
"Bourne supremacy",1280611800,1281569340,957540,114589154.9652
"Bourne supremacy",1280611800,1281638760,1026960,114589154.9652
"Bourne supremacy",1280614320,1485068256,204453936,114589154.9652
"Bourne supremacy",1280614320,1280959680,345360,114589154.9652
"Bourne supremacy",1280614320,1281390000,775680,114589154.9652
"Bourne supremacy",1280616240,1485068256,204452016,114589154.9652
"Bourne supremacy",1280616240,1280779200,162960,114589154.9652
"Bourne supremacy",1280616240,1281630540,1014300,114589154.9652
"Bourne supremacy",1280616240,1281727020,1110780,114589154.9652
"Bourne supremacy",1280781000,1485068256,204287256,114589154.9652
"Bourne supremacy",1280781000,1280962860,181860,114589154.9652
"Bourne supremacy",1280781000,1281237540,456540,114589154.9652
"Bourne supremacy",1280781000,1281374520,593520,114589154.9652
"Bourne supremacy",1280955360,1485068256,204112896,114589154.9652
"Bourne supremacy",1281050700,1485068256,204017556,114589154.9652
"Bourne supremacy",1281225780,1485068256,203842476,114589154.9652
"Bourne supremacy",1281225780,1282005240,779460,114589154.9652
"Bourne supremacy",1281225780,1282239060,1013280,114589154.9652
"Bourne supremacy",1281394680,1485068256,203673576,114589154.9652
"Bourne supremacy",1281400260,1485068256,203667996,114589154.9652
"Bourne supremacy",1281400260,1281826740,426480,114589154.9652
"Bourne supremacy",1281400260,1282111500,711240,114589154.9652
"Bourne supremacy",1281464340,1485068256,203603916,114589154.9652
"Bourne supremacy",1281464340,1281806580,342240,114589154.9652
"Bourne supremacy",1281464340,1282071660,607320,114589154.9652
"Bourne supremacy",1281573300,1485068256,203494956,114589154.9652
"Bourne supremacy",1281573300,1282760160,1186860,114589154.9652
"Bourne supremacy",1281573300,1283021940,1448640,114589154.9652
"Bourne supremacy",1281639240,1485068256,203429016,114589154.9652
"Bourne supremacy",1281639240,1288130820,6491580,114589154.9652
"Bourne supremacy",1281639240,1292707740,11068500,114589154.9652
"Bourne supremacy",1281639240,1292792340,11153100,114589154.9652
"Bourne supremacy",1281650160,1485068256,203418096,114589154.9652
"Bourne supremacy",1281650160,1282241280,591120,114589154.9652
"Bourne supremacy",1281734160,1485068256,203334096,114589154.9652
"Bourne supremacy",1281734160,1284009420,2275260,114589154.9652
"Bourne supremacy",1281734160,1284238380,2504220,114589154.9652
"Bourne supremacy",1281746580,1485068256,203321676,114589154.9652
"Bourne supremacy",1281746580,1282684980,938400,114589154.9652
"Bourne supremacy",1281746580,1282856700,1110120,114589154.9652
"Bourne supremacy",1281746580,1283023920,1277340,114589154.9652
"Bourne supremacy",1281818700,1485068256,203249556,114589154.9652
"Bourne supremacy",1281818700,1286660760,4842060,114589154.9652
"Bourne supremacy",1281818700,1286826180,5007480,114589154.9652
"Bourne supremacy",1281986880,1485068256,203081376,114589154.9652
"Bourne supremacy",1281986880,1284592080,2605200,114589154.9652
"Bourne supremacy",1281986880,1284761580,2774700,114589154.9652
"Bourne supremacy",1282001940,1485068256,203066316,114589154.9652
"Bourne supremacy",1282001940,1283974320,1972380,114589154.9652
"Bourne supremacy",1282183980,1485068256,202884276,114589154.9652
"Bourne supremacy",1282183980,1284602460,2418480,114589154.9652
"Bourne supremacy",1282183980,1284772080,2588100,114589154.9652
"Bourne supremacy",1282184220,1485068256,202884036,114589154.9652
"Bourne supremacy",1282184220,1292612460,10428240,114589154.9652
"Bourne supremacy",1282186200,1485068256,202882056,114589154.9652
"Bourne supremacy",1282186200,1285122420,2936220,114589154.9652
"Bourne supremacy",1282186200,1285176120,2989920,114589154.9652
"Bourne supremacy",1282258020,1485068256,202810236,114589154.9652
"Bourne supremacy",1282258020,1284084420,1826400,114589154.9652
"Bourne supremacy",1282258020,1284164340,1906320,114589154.9652
"Bourne supremacy",1282521360,1282521480,120,114589154.9652
"Bourne supremacy",1282521360,1282615200,93840,114589154.9652
"Bourne supremacy",1282521360,1282763340,241980,114589154.9652
"Bourne supremacy",1282599060,1485068256,202469196,114589154.9652
"Bourne supremacy",1282599060,1282780620,181560,114589154.9652
"Bourne supremacy",1282599060,1282958100,359040,114589154.9652
"Bourne supremacy",1282608480,1485068256,202459776,114589154.9652
"Bourne supremacy",1282608480,1284691380,2082900,114589154.9652
"Bourne supremacy",1282608480,1284855120,2246640,114589154.9652
"Bourne supremacy",1282618500,1485068256,202449756,114589154.9652
"Bourne supremacy",1282618500,1284321060,1702560,114589154.9652
"Bourne supremacy",1282618500,1284410160,1791660,114589154.9652
"Bourne supremacy",1282693860,1485068256,202374396,114589154.9652
"Bourne supremacy",1282693860,1285029900,2336040,114589154.9652
"Bourne supremacy",1282693860,1285109460,2415600,114589154.9652
"Bourne supremacy",1282693860,1285176960,2483100,114589154.9652
"Bourne supremacy",1282779960,1485068256,202288296,114589154.9652
"Bourne supremacy",1282779960,1283892300,1112340,114589154.9652
"Bourne supremacy",1282779960,1285267020,2487060,114589154.9652
"Bourne supremacy",1282779960,1285441260,2661300,114589154.9652
"Bourne supremacy",1282779960,1289076840,6296880,114589154.9652
"Bourne supremacy",1282779960,1289157660,6377700,114589154.9652
"Bourne supremacy",1283897820,1485068256,201170436,114589154.9652
"Bourne supremacy",1283897820,1284419940,522120,114589154.9652
"Bourne supremacy",1283975160,1485068256,201093096,114589154.9652
"Bourne supremacy",1283975160,1285097040,1121880,114589154.9652
"Bourne supremacy",1283989560,1485068256,201078696,114589154.9652
"Bourne supremacy",1283989560,1284509280,519720,114589154.9652
"Bourne supremacy",1283989560,1284568860,579300,114589154.9652
"Bourne supremacy",1284068700,1485068256,200999556,114589154.9652
"Bourne supremacy",1284246840,1485068256,200821416,114589154.9652
"Bourne supremacy",1284246840,1284837420,590580,114589154.9652
"Bourne supremacy",1284246840,1284937140,690300,114589154.9652
"Bourne supremacy",1284246840,1285028820,781980,114589154.9652
"Bourne supremacy",1284420300,1485068256,200647956,114589154.9652
"Bourne supremacy",1284420300,1285451400,1031100,114589154.9652
"Bourne supremacy",1284767220,1485068256,200301036,114589154.9652
"Bourne supremacy",1284767220,1285178520,411300,114589154.9652
"Bourne supremacy",1284839700,1485068256,200228556,114589154.9652
"Bourne supremacy",1284839700,1286050620,1210920,114589154.9652
"Bourne supremacy",1284931500,1485068256,200136756,114589154.9652
"Bourne supremacy",1285109880,1485068256,199958376,114589154.9652
"Bourne supremacy",1285109880,1285893420,783540,114589154.9652
"Bourne supremacy",1285116540,1485068256,199951716,114589154.9652
"Bourne supremacy",1285116540,1287020520,1903980,114589154.9652
"Bourne supremacy",1285116540,1287282600,2166060,114589154.9652
"Bourne supremacy",1285190580,1485068256,199877676,114589154.9652
"Bourne supremacy",1285190580,1286214120,1023540,114589154.9652
"Bourne supremacy",1285353600,1485068256,199714656,114589154.9652
"Bourne supremacy",1285353600,1286841000,1487400,114589154.9652
"Bourne supremacy",1285353600,1286917140,1563540,114589154.9652
"Bourne supremacy",1285359480,1485068256,199708776,114589154.9652
"Bourne supremacy",1285359480,1285637700,278220,114589154.9652
"Bourne supremacy",1285359480,1285999500,640020,114589154.9652
"Bourne supremacy",1285359480,1286145720,786240,114589154.9652
"Bourne supremacy",1285446360,1485068256,199621896,114589154.9652
"Bourne supremacy",1285446360,1285626120,179760,114589154.9652
"Bourne supremacy",1285624800,1485068256,199443456,114589154.9652
"Bourne supremacy",1285624800,1286042580,417780,114589154.9652
"Bourne supremacy",1285624800,1291077180,5452380,114589154.9652
"Bourne supremacy",1285624800,1291242540,5617740,114589154.9652
"Bourne supremacy",1285896120,1485068256,199172136,114589154.9652
"Bourne supremacy",1285896120,1287022020,1125900,114589154.9652
"Bourne supremacy",1285896120,1287435420,1539300,114589154.9652
"Bourne supremacy",1285898220,1485068256,199170036,114589154.9652
"Bourne supremacy",1285898220,1287035220,1137000,114589154.9652
"Bourne supremacy",1285898220,1287168720,1270500,114589154.9652
"Bourne supremacy",1285956300,1485068256,199111956,114589154.9652
"Bourne supremacy",1285956300,1286058000,101700,114589154.9652
"Bourne supremacy",1285956300,1286406660,450360,114589154.9652
"Bourne supremacy",1285956300,1286471880,515580,114589154.9652
"Bourne supremacy",1286247660,1485068256,198820596,114589154.9652
"Bourne supremacy",1286247660,1287442800,1195140,114589154.9652
"Bourne supremacy",1286247660,1287516000,1268340,114589154.9652
"Bourne supremacy",1286316180,1485068256,198752076,114589154.9652
"Bourne supremacy",1286316180,1286914140,597960,114589154.9652
"Bourne supremacy",1286320140,1485068256,198748116,114589154.9652
"Bourne supremacy",1286320140,1287442320,1122180,114589154.9652
"Bourne supremacy",1286320140,1287605400,1285260,114589154.9652
"Bourne supremacy",1286320140,1287681480,1361340,114589154.9652
"Bourne supremacy",1286393880,1485068256,198674376,114589154.9652
"Bourne supremacy",1286393880,1286834160,440280,114589154.9652
"Bourne supremacy",1286393880,1286992260,598380,114589154.9652
"Bourne supremacy",1286393880,1287087360,693480,114589154.9652
"Bourne supremacy",1286666340,1485068256,198401916,114589154.9652
"Bourne supremacy",1286666340,1287455520,789180,114589154.9652
"Bourne supremacy",1286666340,1287458100,791760,114589154.9652
"Bourne supremacy",1286666340,1287594780,928440,114589154.9652
"Bourne supremacy",1286668080,1485068256,198400176,114589154.9652
"Bourne supremacy",1286845260,1485068256,198222996,114589154.9652
"Bourne supremacy",1286845260,1287447840,602580,114589154.9652
"Bourne supremacy",1286845260,1288376580,1531320,114589154.9652
"Bourne supremacy",1287007080,1485068256,198061176,114589154.9652
"Bourne supremacy",1287172800,1485068256,197895456,114589154.9652
"Bourne supremacy",1287172800,1287435600,262800,114589154.9652
"Bourne supremacy",1287253260,1485068256,197814996,114589154.9652
"Bourne supremacy",1287253260,1287859920,606660,114589154.9652
"Bourne supremacy",1287263580,1485068256,197804676,114589154.9652
"Bourne supremacy",1287355440,1485068256,197712816,114589154.9652
"Bourne supremacy",1287355440,1288481580,1126140,114589154.9652
"Bourne supremacy",1287355440,1288577940,1222500,114589154.9652
"Bourne supremacy",1287443220,1485068256,197625036,114589154.9652
"Bourne supremacy",1287443220,1287958380,515160,114589154.9652
"Bourne supremacy",1287443340,1485068256,197624916,114589154.9652
"Bourne supremacy",1287443340,1289007120,1563780,114589154.9652
"Bourne supremacy",1287443340,1289064660,1621320,114589154.9652
"Bourne supremacy",1287443340,1290049080,2605740,114589154.9652
"Bourne supremacy",1287443340,1290112920,2669580,114589154.9652
"Bourne supremacy",1287523500,1485068256,197544756,114589154.9652
"Bourne supremacy",1287523500,1287701520,178020,114589154.9652
"Bourne supremacy",1287770640,1485068256,197297616,114589154.9652
"Bourne supremacy",1287770640,1288976520,1205880,114589154.9652
"Bourne supremacy",1287770640,1289104020,1333380,114589154.9652
"Bourne supremacy",1287770640,1289172900,1402260,114589154.9652
"Bourne supremacy",1287787740,1485068256,197280516,114589154.9652
"Bourne supremacy",1287787740,1288895100,1107360,114589154.9652
"Bourne supremacy",1287787740,1289076060,1288320,114589154.9652
"Bourne supremacy",1287787740,1289254200,1466460,114589154.9652
"Bourne supremacy",1287866340,1485068256,197201916,114589154.9652
"Bourne supremacy",1287866340,1289089920,1223580,114589154.9652
"Bourne supremacy",1287866340,1289458620,1592280,114589154.9652
"Bourne supremacy",1287866340,1289678100,1811760,114589154.9652
"Bourne supremacy",1288053960,1485068256,197014296,114589154.9652
"Bourne supremacy",1288053960,1288133580,79620,114589154.9652
"Bourne supremacy",1288053960,1288319640,265680,114589154.9652
"Bourne supremacy",1288054800,1485068256,197013456,114589154.9652
"Bourne supremacy",1288058580,1485068256,197009676,114589154.9652
"Bourne supremacy",1288058580,1288663320,604740,114589154.9652
"Bourne supremacy",1288128180,1485068256,196940076,114589154.9652
"Bourne supremacy",1288128180,1289338140,1209960,114589154.9652
"Bourne supremacy",1288128180,1289603820,1475640,114589154.9652
"Bourne supremacy",1288307160,1485068256,196761096,114589154.9652
"Bourne supremacy",1288307160,1289418780,1111620,114589154.9652
"Bourne supremacy",1288399680,1485068256,196668576,114589154.9652
"Bourne supremacy",1288646280,1485068256,196421976,114589154.9652
"Bourne supremacy",1288646280,1289350380,704100,114589154.9652
"Bourne supremacy",1288646280,1289678760,1032480,114589154.9652
"Bourne supremacy",1288652280,1485068256,196415976,114589154.9652
"Bourne supremacy",1288652280,1289868840,1216560,114589154.9652
"Bourne supremacy",1288652280,1290048060,1395780,114589154.9652
"Bourne supremacy",1288663260,1485068256,196404996,114589154.9652
"Bourne supremacy",1288663260,1289253780,590520,114589154.9652
"Bourne supremacy",1288922580,1485068256,196145676,114589154.9652
"Bourne supremacy",1288922580,1290373500,1450920,114589154.9652
"Bourne supremacy",1288993860,1485068256,196074396,114589154.9652
"Bourne supremacy",1288993860,1289163540,169680,114589154.9652
"Bourne supremacy",1288993860,1289340420,346560,114589154.9652
"Bourne supremacy",1288993860,1289419740,425880,114589154.9652
"Bourne supremacy",1289269320,1485068256,195798936,114589154.9652
"Bourne supremacy",1289683320,1485068256,195384936,114589154.9652
"Bourne supremacy",1289683320,1290889500,1206180,114589154.9652
"Bourne supremacy",1289683320,1291059120,1375800,114589154.9652
"Bourne supremacy",1289683320,1291144260,1460940,114589154.9652
"Bourne supremacy",1289685600,1485068256,195382656,114589154.9652
"Bourne supremacy",1289685600,1289947740,262140,114589154.9652
"Bourne supremacy",1289685600,1290135420,449820,114589154.9652
"Bourne supremacy",1289685600,1290289620,604020,114589154.9652
"Bourne supremacy",1289690280,1485068256,195377976,114589154.9652
"Bourne supremacy",1289690280,1290831600,1141320,114589154.9652
"Bourne supremacy",1289698140,1485068256,195370116,114589154.9652
"Bourne supremacy",1289698140,1290215700,517560,114589154.9652
"Bourne supremacy",1289773920,1485068256,195294336,114589154.9652
"Bourne supremacy",1289773920,1296600180,6826260,114589154.9652
"Bourne supremacy",1289773920,1296963600,7189680,114589154.9652
"Bourne supremacy",1289849040,1485068256,195219216,114589154.9652
"Bourne supremacy",1289849040,1291676400,1827360,114589154.9652
"Bourne supremacy",1289849040,1292962740,3113700,114589154.9652
"Bourne supremacy",1289872620,1485068256,195195636,114589154.9652
"Bourne supremacy",1289872620,1291333440,1460820,114589154.9652
"Bourne supremacy",1289872620,1291687260,1814640,114589154.9652
"Bourne supremacy",1289872620,1291843980,1971360,114589154.9652
"Bourne supremacy",1290036540,1485068256,195031716,114589154.9652
"Bourne supremacy",1290036540,1290643440,606900,114589154.9652
"Bourne supremacy",1290036540,1290922620,886080,114589154.9652
"Bourne supremacy",1290036540,1291077180,1040640,114589154.9652
"Bourne supremacy",1290036540,1292275500,2238960,114589154.9652
"Bourne supremacy",1290113640,1485068256,194954616,114589154.9652
"Bourne supremacy",1290113640,1291236120,1122480,114589154.9652
"Bourne supremacy",1290113640,1291669080,1555440,114589154.9652
"Bourne supremacy",1290127980,1485068256,194940276,114589154.9652
"Bourne supremacy",1290127980,1291760520,1632540,114589154.9652
"Bourne supremacy",1290468000,1485068256,194600256,114589154.9652
"Bourne supremacy",1290468000,1292527740,2059740,114589154.9652
"Bourne supremacy",1290468000,1292620500,2152500,114589154.9652
"Bourne supremacy",1290468000,1293823980,3355980,114589154.9652
"Bourne supremacy",1290468960,1485068256,194599296,114589154.9652
"Bourne supremacy",1290468960,1291145460,676500,114589154.9652
"Bourne supremacy",1290468960,1291233240,764280,114589154.9652
"Bourne supremacy",1290808260,1485068256,194259996,114589154.9652
"Bourne supremacy",1290808260,1291087260,279000,114589154.9652
"Bourne supremacy",1290808260,1291260360,452100,114589154.9652
"Bourne supremacy",1290808260,1291322760,514500,114589154.9652
"Bourne supremacy",1290893940,1485068256,194174316,114589154.9652
"Bourne supremacy",1290893940,1294028040,3134100,114589154.9652
"Bourne supremacy",1290893940,1294195080,3301140,114589154.9652
"Bourne supremacy",1291081920,1485068256,193986336,114589154.9652
"Bourne supremacy",1291081920,1292292060,1210140,114589154.9652
"Bourne supremacy",1291313220,1485068256,193755036,114589154.9652
"Bourne supremacy",1291313220,1292202300,889080,114589154.9652
"Bourne supremacy",1291313220,1292272920,959700,114589154.9652
"Bourne supremacy",1291426140,1485068256,193642116,114589154.9652
"Bourne supremacy",1291426140,1291945800,519660,114589154.9652
"Bourne supremacy",1291426140,1292099580,673440,114589154.9652
"Bourne supremacy",1291508820,1485068256,193559436,114589154.9652
"Bourne supremacy",1291508820,1291842120,333300,114589154.9652
"Bourne supremacy",1291676520,1485068256,193391736,114589154.9652
"Bourne supremacy",1291676520,1291833600,157080,114589154.9652
"Bourne supremacy",1291681740,1485068256,193386516,114589154.9652
"Bourne supremacy",1291681740,1292521920,840180,114589154.9652
"Bourne supremacy",1291843860,1485068256,193224396,114589154.9652
"Bourne supremacy",1291848420,1485068256,193219836,114589154.9652
"Bourne supremacy",1291848420,1293066360,1217940,114589154.9652
"Bourne supremacy",1291848420,1294173540,2325120,114589154.9652
"Bourne supremacy",1291932720,1485068256,193135536,114589154.9652
"Bourne supremacy",1291932720,1292280120,347400,114589154.9652
"Bourne supremacy",1291932720,1292482680,549960,114589154.9652
"Bourne supremacy",1291932720,1293678060,1745340,114589154.9652
"Bourne supremacy",1291932720,1293741360,1808640,114589154.9652
"Bourne supremacy",1292107560,1485068256,192960696,114589154.9652
"Bourne supremacy",1292107560,1293505740,1398180,114589154.9652
"Bourne supremacy",1292288580,1485068256,192779676,114589154.9652
"Bourne supremacy",1292288580,1293587460,1298880,114589154.9652
"Bourne supremacy",1292289180,1485068256,192779076,114589154.9652
"Bourne supremacy",1292289180,1294186800,1897620,114589154.9652
"Bourne supremacy",1292289180,1294538580,2249400,114589154.9652
"Bourne supremacy",1292289180,1294607940,2318760,114589154.9652
"Bourne supremacy",1292452920,1485068256,192615336,114589154.9652
"Bourne supremacy",1292452920,1293752940,1300020,114589154.9652
"Bourne supremacy",1292452920,1294339320,1886400,114589154.9652
"Bourne supremacy",1292469660,1485068256,192598596,114589154.9652
"Bourne supremacy",1292469660,1293570540,1100880,114589154.9652
"Bourne supremacy",1292545500,1485068256,192522756,114589154.9652
"Bourne supremacy",1292545500,1293740040,1194540,114589154.9652
"Bourne supremacy",1292545500,1294261440,1715940,114589154.9652
"Bourne supremacy",1292707860,1485068256,192360396,114589154.9652
"Bourne supremacy",1292707860,1294258560,1550700,114589154.9652
"Bourne supremacy",1292707860,1294708620,2000760,114589154.9652
"Bourne supremacy",1292890500,1485068256,192177756,114589154.9652
"Bourne supremacy",1292890500,1294552500,1662000,114589154.9652
"Bourne supremacy",1292890500,1294691160,1800660,114589154.9652
"Bourne supremacy",1292899740,1485068256,192168516,114589154.9652
"Bourne supremacy",1292899740,1293485820,586080,114589154.9652
"Bourne supremacy",1292899740,1293680100,780360,114589154.9652
"Bourne supremacy",1293136800,1485068256,191931456,114589154.9652
"Bourne supremacy",1293136800,1294101000,964200,114589154.9652
"Bourne supremacy",1293136800,1294424040,1287240,114589154.9652
"Bourne supremacy",1293578940,1485068256,191489316,114589154.9652
"Bourne supremacy",1293578940,1297103760,3524820,114589154.9652
"Bourne supremacy",1293578940,1297450920,3871980,114589154.9652
"Bourne supremacy",1293660360,1485068256,191407896,114589154.9652
"Bourne supremacy",1293660360,1294612020,951660,114589154.9652
"Bourne supremacy",1293756660,1485068256,191311596,114589154.9652
"Bourne supremacy",1293756660,1296152580,2395920,114589154.9652
"Bourne supremacy",1294015200,1485068256,191053056,114589154.9652
"Bourne supremacy",1294015200,1294524180,508980,114589154.9652
"Bourne supremacy",1294015200,1294879140,863940,114589154.9652
"Bourne supremacy",1294015200,1294947060,931860,114589154.9652
"Bourne supremacy",1294088340,1485068256,190979916,114589154.9652
"Bourne supremacy",1294088340,1294881000,792660,114589154.9652
"Bourne supremacy",1294110240,1485068256,190958016,114589154.9652
"Bourne supremacy",1294110240,1294617420,507180,114589154.9652
"Bourne supremacy",1294110240,1294685220,574980,114589154.9652
"Bourne supremacy",1294110240,1295828400,1718160,114589154.9652
"Bourne supremacy",1294110240,1295896500,1786260,114589154.9652
"Bourne supremacy",1294176420,1485068256,190891836,114589154.9652
"Bourne supremacy",1294176420,1294957860,781440,114589154.9652
"Bourne supremacy",1294176420,1295385540,1209120,114589154.9652
"Bourne supremacy",1294188000,1485068256,190880256,114589154.9652
"Bourne supremacy",1294188000,1294265460,77460,114589154.9652
"Bourne supremacy",1294188000,1294271520,83520,114589154.9652
"Bourne supremacy",1294188000,1294344120,156120,114589154.9652
"Bourne supremacy",1294193040,1485068256,190875216,114589154.9652
"Bourne supremacy",1294193040,1295141700,948660,114589154.9652
"Bourne supremacy",1294193040,1295586780,1393740,114589154.9652
"Bourne supremacy",1294193040,1295906880,1713840,114589154.9652
"Bourne supremacy",1294273140,1485068256,190795116,114589154.9652
"Bourne supremacy",1294273140,1294450260,177120,114589154.9652
"Bourne supremacy",1294273140,1294771620,498480,114589154.9652
"Bourne supremacy",1294273140,1294855080,581940,114589154.9652
"Bourne supremacy",1294619520,1294619640,120,114589154.9652
"Bourne supremacy",1294619520,1294897200,277680,114589154.9652
"Bourne supremacy",1294619520,1295029860,410340,114589154.9652
"Bourne supremacy",1294620900,1485068256,190447356,114589154.9652
"Bourne supremacy",1294620900,1295406960,786060,114589154.9652
"Bourne supremacy",1294620900,1295911020,1290120,114589154.9652
"Bourne supremacy",1294713540,1485068256,190354716,114589154.9652
"Bourne supremacy",1294713540,1296066360,1352820,114589154.9652
"Bourne supremacy",1294713540,1296155700,1442160,114589154.9652
"Bourne supremacy",1294795680,1485068256,190272576,114589154.9652
"Bourne supremacy",1294795680,1296356340,1560660,114589154.9652
"Bourne supremacy",1294864620,1485068256,190203636,114589154.9652
"Bourne supremacy",1294864620,1295467800,603180,114589154.9652
"Bourne supremacy",1294864620,1295751120,886500,114589154.9652
"Bourne supremacy",1294864620,1295817600,952980,114589154.9652
"Bourne supremacy",1294878420,1485068256,190189836,114589154.9652
"Bourne supremacy",1294878420,1295919900,1041480,114589154.9652
"Bourne supremacy",1294878420,1296275040,1396620,114589154.9652
"Bourne supremacy",1294878420,1296425040,1546620,114589154.9652
"Bourne supremacy",1295038560,1485068256,190029696,114589154.9652
"Bourne supremacy",1295038560,1295131620,93060,114589154.9652
"Bourne supremacy",1295120220,1485068256,189948036,114589154.9652
"Bourne supremacy",1295120220,1295583780,463560,114589154.9652
"Bourne supremacy",1295215920,1485068256,189852336,114589154.9652
"Bourne supremacy",1295215920,1298424600,3208680,114589154.9652
"Bourne supremacy",1295215920,1298786460,3570540,114589154.9652
"Bourne supremacy",1295386740,1485068256,189681516,114589154.9652
"Bourne supremacy",1295386740,1296346560,959820,114589154.9652
"Bourne supremacy",1295386740,1296583380,1196640,114589154.9652
"Bourne supremacy",1295394060,1485068256,189674196,114589154.9652
"Bourne supremacy",1295394060,1296528360,1134300,114589154.9652
"Bourne supremacy",1295394060,1297654500,2260440,114589154.9652
"Bourne supremacy",1295397360,1485068256,189670896,114589154.9652
"Bourne supremacy",1295397360,1296008400,611040,114589154.9652
"Bourne supremacy",1295397360,1296250920,853560,114589154.9652
"Bourne supremacy",1295397360,1296334380,937020,114589154.9652
"Bourne supremacy",1295997780,1485068256,189070476,114589154.9652
"Bourne supremacy",1295997780,1296777120,779340,114589154.9652
"Bourne supremacy",1295997780,1297204620,1206840,114589154.9652
"Bourne supremacy",1296098700,1485068256,188969556,114589154.9652
"Bourne supremacy",1296098700,1296861420,762720,114589154.9652
"Bourne supremacy",1296098700,1297818420,1719720,114589154.9652
"Bourne supremacy",1296098700,1297883280,1784580,114589154.9652
"Bourne supremacy",1296178920,1485068256,188889336,114589154.9652
"Bourne supremacy",1296178920,1296954720,775800,114589154.9652
"Bourne supremacy",1296178920,1297315560,1136640,114589154.9652
"Bourne supremacy",1296238440,1485068256,188829816,114589154.9652
"Bourne supremacy",1296238440,1298439900,2201460,114589154.9652
"Bourne supremacy",1296343500,1485068256,188724756,114589154.9652
"Bourne supremacy",1296343500,1298155080,1811580,114589154.9652
"Bourne supremacy",1296346500,1485068256,188721756,114589154.9652
"Bourne supremacy",1296346500,1297364100,1017600,114589154.9652
"Bourne supremacy",1296430620,1485068256,188637636,114589154.9652
"Bourne supremacy",1296430620,1298156880,1726260,114589154.9652
"Bourne supremacy",1296430620,1298576760,2146140,114589154.9652
"Bourne supremacy",1296524220,1485068256,188544036,114589154.9652
"Bourne supremacy",1296524220,1297195800,671580,114589154.9652
"Bourne supremacy",1296524220,1298403420,1879200,114589154.9652
"Bourne supremacy",1296762600,1485068256,188305656,114589154.9652
"Bourne supremacy",1296762600,1297373820,611220,114589154.9652
"Bourne supremacy",1296762600,1297729440,966840,114589154.9652
"Bourne supremacy",1296762600,1297977780,1215180,114589154.9652
"Bourne supremacy",1296762600,1298160300,1397700,114589154.9652
"Bourne supremacy",1297127640,1485068256,187940616,114589154.9652
"Bourne supremacy",1297127640,1298614440,1486800,114589154.9652
"Bourne supremacy",1297127640,1298752380,1624740,114589154.9652
"Bourne supremacy",1297131060,1485068256,187937196,114589154.9652
"Bourne supremacy",1297131060,1306134000,9002940,114589154.9652
"Bourne supremacy",1297395900,1485068256,187672356,114589154.9652
"Bourne supremacy",1297395900,1297742100,346200,114589154.9652
"Bourne supremacy",1297635240,1297637340,2100,114589154.9652
"Bourne supremacy",1297635240,1297829700,194460,114589154.9652
"Bourne supremacy",1297635240,1297972500,337260,114589154.9652
"Bourne supremacy",1297793700,1485068256,187274556,114589154.9652
"Bourne supremacy",1297793700,1298151840,358140,114589154.9652
"Bourne supremacy",1297793700,1298581080,787380,114589154.9652
"Bourne supremacy",1297828200,1485068256,187240056,114589154.9652
"Bourne supremacy",1297828200,1302764400,4936200,114589154.9652
"Bourne supremacy",1297828200,1303320300,5492100,114589154.9652
"Bourne supremacy",1297828200,1303405620,5577420,114589154.9652
"Bourne supremacy",1297891020,1485068256,187177236,114589154.9652
"Bourne supremacy",1297891020,1299187080,1296060,114589154.9652
"Bourne supremacy",1297891020,1299271500,1380480,114589154.9652
"Bourne supremacy",1297897500,1485068256,187170756,114589154.9652
"Bourne supremacy",1297897500,1300491660,2594160,114589154.9652
"Bourne supremacy",1297897500,1302893220,4995720,114589154.9652
"Bourne supremacy",1297907700,1485068256,187160556,114589154.9652
"Bourne supremacy",1297907700,1299116820,1209120,114589154.9652
"Bourne supremacy",1297907700,1299522900,1615200,114589154.9652
"Bourne supremacy",1298424420,1485068256,186643836,114589154.9652
"Bourne supremacy",1298424420,1301013000,2588580,114589154.9652
"Bourne supremacy",1298424420,1301545680,3121260,114589154.9652
"Bourne supremacy",1298424420,1301596380,3171960,114589154.9652
"Bourne supremacy",1298494020,1485068256,186574236,114589154.9652
"Bourne supremacy",1298494020,1299109140,615120,114589154.9652
"Bourne supremacy",1298494020,1299110820,616800,114589154.9652
"Bourne supremacy",1298494020,1299617640,1123620,114589154.9652
"Bourne supremacy",1298503680,1485068256,186564576,114589154.9652
"Bourne supremacy",1298503680,1299123960,620280,114589154.9652
"Bourne supremacy",1298589720,1485068256,186478536,114589154.9652
"Bourne supremacy",1298589720,1300323960,1734240,114589154.9652
"Bourne supremacy",1298749920,1485068256,186318336,114589154.9652
"Bourne supremacy",1298749920,1300306080,1556160,114589154.9652
"Bourne supremacy",1298849280,1485068256,186218976,114589154.9652
"Bourne supremacy",1298849280,1299268860,419580,114589154.9652
"Bourne supremacy",1298918880,1485068256,186149376,114589154.9652
"Bourne supremacy",1298918880,1300142280,1223400,114589154.9652
"Bourne supremacy",1298918880,1300392360,1473480,114589154.9652
"Bourne supremacy",1299036660,1485068256,186031596,114589154.9652
"Bourne supremacy",1299036660,1299879060,842400,114589154.9652
"Bourne supremacy",1299358680,1485068256,185709576,114589154.9652
"Bourne supremacy",1299358680,1300140000,781320,114589154.9652
"Bourne supremacy",1299358680,1300331880,973200,114589154.9652
"Bourne supremacy",1299369060,1485068256,185699196,114589154.9652
"Bourne supremacy",1299369060,1300146120,777060,114589154.9652
"Bourne supremacy",1299530280,1485068256,185537976,114589154.9652
"Bourne supremacy",1299530280,1300472220,941940,114589154.9652
"Bourne supremacy",1299530280,1302387720,2857440,114589154.9652
"Bourne supremacy",1299530280,1302757860,3227580,114589154.9652
"Bourne supremacy",1299550440,1485068256,185517816,114589154.9652
"Bourne supremacy",1299550440,1299728280,177840,114589154.9652
"Bourne supremacy",1299550440,1299816300,265860,114589154.9652
"Bourne supremacy",1299889260,1485068256,185178996,114589154.9652
"Bourne supremacy",1299889260,1300576920,687660,114589154.9652
"Bourne supremacy",1299979320,1485068256,185088936,114589154.9652
"Bourne supremacy",1299979320,1300568580,589260,114589154.9652
"Bourne supremacy",1299979320,1300757040,777720,114589154.9652
"Bourne supremacy",1300057920,1485068256,185010336,114589154.9652
"Bourne supremacy",1300057920,1301092800,1034880,114589154.9652
"Bourne supremacy",1300057920,1301333760,1275840,114589154.9652
"Bourne supremacy",1300395900,1485068256,184672356,114589154.9652
"Bourne supremacy",1300395900,1300654020,258120,114589154.9652
"Bourne supremacy",1300395900,1300899660,503760,114589154.9652
"Bourne supremacy",1300402440,1485068256,184665816,114589154.9652
"Bourne supremacy",1300402440,1300837560,435120,114589154.9652
"Bourne supremacy",1300402440,1301345280,942840,114589154.9652
"Bourne supremacy",1300473720,1485068256,184594536,114589154.9652
"Bourne supremacy",1300473720,1300920660,446940,114589154.9652
"Bourne supremacy",1300481280,1485068256,184586976,114589154.9652
"Bourne supremacy",1300481280,1304704980,4223700,114589154.9652
"Bourne supremacy",1300573440,1485068256,184494816,114589154.9652
"Bourne supremacy",1300573440,1301700720,1127280,114589154.9652
"Bourne supremacy",1300573440,1301880420,1306980,114589154.9652
"Bourne supremacy",1300573440,1301947680,1374240,114589154.9652
"Bourne supremacy",1300579740,1485068256,184488516,114589154.9652
"Bourne supremacy",1300579740,1302494400,1914660,114589154.9652
"Bourne supremacy",1300579740,1302551100,1971360,114589154.9652
"Bourne supremacy",1300739580,1485068256,184328676,114589154.9652
"Bourne supremacy",1300739580,1301351940,612360,114589154.9652
"Bourne supremacy",1301355420,1485068256,183712836,114589154.9652
"Bourne supremacy",1301355420,1301950380,594960,114589154.9652
"Bourne supremacy",1301355420,1302303420,948000,114589154.9652
"Bourne supremacy",1301355420,1302369600,1014180,114589154.9652
"Bourne supremacy",1301360820,1485068256,183707436,114589154.9652
"Bourne supremacy",1301442840,1485068256,183625416,114589154.9652
"Bourne supremacy",1301442840,1302638220,1195380,114589154.9652
"Bourne supremacy",1301527860,1485068256,183540396,114589154.9652
"Bourne supremacy",1301527860,1303254960,1727100,114589154.9652
"Bourne supremacy",1301612400,1485068256,183455856,114589154.9652
"Bourne supremacy",1301612400,1302125100,512700,114589154.9652
"Bourne supremacy",1301612400,1302201360,588960,114589154.9652
"Bourne supremacy",1301952240,1485068256,183116016,114589154.9652
"Bourne supremacy",1301952240,1303428420,1476180,114589154.9652
"Bourne supremacy",1301952240,1303495680,1543440,114589154.9652
"Bourne supremacy",1301956260,1485068256,183111996,114589154.9652
"Bourne supremacy",1301956260,1306019940,4063680,114589154.9652
"Bourne supremacy",1301956260,1307212680,5256420,114589154.9652
"Bourne supremacy",1301956260,1307397720,5441460,114589154.9652
"Bourne supremacy",1301968860,1485068256,183099396,114589154.9652
"Bourne supremacy",1301968860,1302998640,1029780,114589154.9652
"Bourne supremacy",1301968860,1303421640,1452780,114589154.9652
"Bourne supremacy",1301968860,1303707060,1738200,114589154.9652
"Bourne supremacy",1302393780,1302394020,240,114589154.9652
"Bourne supremacy",1302565020,1485068256,182503236,114589154.9652
"Bourne supremacy",1302565020,1302740400,175380,114589154.9652
"Bourne supremacy",1302565020,1303844040,1279020,114589154.9652
"Bourne supremacy",1302565020,1303927980,1362960,114589154.9652
"Bourne supremacy",1302643260,1485068256,182424996,114589154.9652
"Bourne supremacy",1302646860,1485068256,182421396,114589154.9652
"Bourne supremacy",1302646860,1303939020,1292160,114589154.9652
"Bourne supremacy",1302646860,1305053040,2406180,114589154.9652
"Bourne supremacy",1302646860,1305139020,2492160,114589154.9652
"Bourne supremacy",1302651300,1485068256,182416956,114589154.9652
"Bourne supremacy",1302651300,1303001100,349800,114589154.9652
"Bourne supremacy",1302899340,1485068256,182168916,114589154.9652
"Bourne supremacy",1303080720,1485068256,181987536,114589154.9652
"Bourne supremacy",1303080720,1304444700,1363980,114589154.9652
"Bourne supremacy",1303080720,1304974020,1893300,114589154.9652
"Bourne supremacy",1303246140,1485068256,181822116,114589154.9652
"Bourne supremacy",1303246140,1304021400,775260,114589154.9652
"Bourne supremacy",1303409760,1485068256,181658496,114589154.9652
"Bourne supremacy",1303409760,1304016120,606360,114589154.9652
"Bourne supremacy",1303409760,1304455320,1045560,114589154.9652
"Bourne supremacy",1303423320,1485068256,181644936,114589154.9652
"Bourne supremacy",1303423320,1303585020,161700,114589154.9652
"Bourne supremacy",1303423320,1303686660,263340,114589154.9652
"Bourne supremacy",1303423320,1304522400,1099080,114589154.9652
"Bourne supremacy",1303423320,1304705880,1282560,114589154.9652
"Bourne supremacy",1303423320,1304790300,1366980,114589154.9652
"Bourne supremacy",1303865640,1485068256,181202616,114589154.9652
"Bourne supremacy",1303865640,1304896560,1030920,114589154.9652
"Bourne supremacy",1303951500,1485068256,181116756,114589154.9652
"Bourne supremacy",1303951500,1304390580,439080,114589154.9652
"Bourne supremacy",1303951500,1304719260,767760,114589154.9652
"Bourne supremacy",1303951500,1304798100,846600,114589154.9652
"Bourne supremacy",1304363280,1485068256,180704976,114589154.9652
"Bourne supremacy",1304363280,1306879560,2516280,114589154.9652
"Bourne supremacy",1304363280,1308171900,3808620,114589154.9652
"Bourne supremacy",1304363280,1311354240,6990960,114589154.9652
"Bourne supremacy",1304363280,1311441600,7078320,114589154.9652
"Bourne supremacy",1304379840,1485068256,180688416,114589154.9652
"Bourne supremacy",1304379840,1305593040,1213200,114589154.9652
"Bourne supremacy",1304379840,1305827280,1447440,114589154.9652
"Bourne supremacy",1304477640,1485068256,180590616,114589154.9652
"Bourne supremacy",1304477640,1305594720,1117080,114589154.9652
"Bourne supremacy",1304638560,1485068256,180429696,114589154.9652
"Bourne supremacy",1304638560,1305240900,602340,114589154.9652
"Bourne supremacy",1304638560,1305412200,773640,114589154.9652
"Bourne supremacy",1304638560,1305483240,844680,114589154.9652
"Bourne supremacy",1304728560,1485068256,180339696,114589154.9652
"Bourne supremacy",1304728560,1305768600,1040040,114589154.9652
"Bourne supremacy",1304728560,1305931320,1202760,114589154.9652
"Bourne supremacy",1304728560,1306006500,1277940,114589154.9652
"Bourne supremacy",1304799960,1485068256,180268296,114589154.9652
"Bourne supremacy",1304799960,1305490320,690360,114589154.9652
"Bourne supremacy",1304799960,1305652620,852660,114589154.9652
"Bourne supremacy",1304799960,1306006920,1206960,114589154.9652
"Bourne supremacy",1304803140,1485068256,180265116,114589154.9652
"Bourne supremacy",1304803140,1305600360,797220,114589154.9652
"Bourne supremacy",1304803140,1305914040,1110900,114589154.9652
"Bourne supremacy",1304803140,1306987860,2184720,114589154.9652
"Bourne supremacy",1304807700,1485068256,180260556,114589154.9652
"Bourne supremacy",1304807700,1306019100,1211400,114589154.9652
"Bourne supremacy",1304807700,1306620540,1812840,114589154.9652
"Bourne supremacy",1304894100,1485068256,180174156,114589154.9652
"Bourne supremacy",1304894100,1305495540,601440,114589154.9652
"Bourne supremacy",1304894100,1305656760,762660,114589154.9652
"Bourne supremacy",1304894100,1305746100,852000,114589154.9652
"Bourne supremacy",1304996160,1485068256,180072096,114589154.9652
"Bourne supremacy",1304996160,1306618200,1622040,114589154.9652
"Bourne supremacy",1304996160,1306725180,1729020,114589154.9652
"Bourne supremacy",1304996160,1306873860,1877700,114589154.9652
"Bourne supremacy",1305066420,1485068256,180001836,114589154.9652
"Bourne supremacy",1305066420,1307827320,2760900,114589154.9652
"Bourne supremacy",1305565920,1485068256,179502336,114589154.9652
"Bourne supremacy",1305565920,1306285800,719880,114589154.9652
"Bourne supremacy",1305565920,1306429980,864060,114589154.9652
"Bourne supremacy",1305565920,1307512980,1947060,114589154.9652
"Bourne supremacy",1305565920,1307645460,2079540,114589154.9652
"Bourne supremacy",1305569640,1485068256,179498616,114589154.9652
"Bourne supremacy",1305569640,1306178340,608700,114589154.9652
"Bourne supremacy",1305569640,1306269780,700140,114589154.9652
"Bourne supremacy",1305569640,1306342080,772440,114589154.9652
"Bourne supremacy",1305831840,1485068256,179236416,114589154.9652
"Bourne supremacy",1305831840,1305851460,19620,114589154.9652
"Bourne supremacy",1305835500,1485068256,179232756,114589154.9652
"Bourne supremacy",1305835500,1306358460,522960,114589154.9652
"Bourne supremacy",1305835500,1306545600,710100,114589154.9652
"Bourne supremacy",1305835500,1306608120,772620,114589154.9652
"Bourne supremacy",1305920640,1485068256,179147616,114589154.9652
"Bourne supremacy",1305920640,1306185480,264840,114589154.9652
"Bourne supremacy",1306188060,1485068256,178880196,114589154.9652
"Bourne supremacy",1306188060,1307398740,1210680,114589154.9652
"Bourne supremacy",1306188060,1307578020,1389960,114589154.9652
"Bourne supremacy",1306188060,1307646120,1458060,114589154.9652
"Bourne supremacy",1306200840,1485068256,178867416,114589154.9652
"Bourne supremacy",1306200840,1307413440,1212600,114589154.9652
"Bourne supremacy",1306200840,1307675280,1474440,114589154.9652
"Bourne supremacy",1306200840,1307899920,1699080,114589154.9652
"Bourne supremacy",1306283220,1485068256,178785036,114589154.9652
"Bourne supremacy",1306283220,1308101100,1817880,114589154.9652
"Bourne supremacy",1306616640,1485068256,178451616,114589154.9652
"Bourne supremacy",1306616640,1308105120,1488480,114589154.9652
"Bourne supremacy",1306616640,1308245760,1629120,114589154.9652
"Bourne supremacy",1306629240,1485068256,178439016,114589154.9652
"Bourne supremacy",1306629240,1308016140,1386900,114589154.9652
"Bourne supremacy",1306629240,1308245820,1616580,114589154.9652
"Bourne supremacy",1306629240,1308430680,1801440,114589154.9652
"Bourne supremacy",1306629240,1309896780,3267540,114589154.9652
"Bourne supremacy",1306629240,1309985520,3356280,114589154.9652
"Bourne supremacy",1306864320,1485068256,178203936,114589154.9652
"Bourne supremacy",1306864320,1485068256,178203936,114589154.9652
"Bourne supremacy",1306864320,1308522120,1657800,114589154.9652
"Bourne supremacy",1306864320,1308977880,2113560,114589154.9652
"Bourne supremacy",1306864320,1309036440,2172120,114589154.9652
"Bourne supremacy",1306893120,1485068256,178175136,114589154.9652
"Bourne supremacy",1306893120,1308106380,1213260,114589154.9652
"Bourne supremacy",1306893120,1308349200,1456080,114589154.9652
"Bourne supremacy",1306893120,1308426360,1533240,114589154.9652
"Bourne supremacy",1307410560,1485068256,177657696,114589154.9652
"Bourne supremacy",1307410560,1308697500,1286940,114589154.9652
"Bourne supremacy",1307412180,1485068256,177656076,114589154.9652
"Bourne supremacy",1307412180,1309991880,2579700,114589154.9652
"Bourne supremacy",1307412180,1310071680,2659500,114589154.9652
"Bourne supremacy",1307412180,1311812040,4399860,114589154.9652
"Bourne supremacy",1307412180,1311874800,4462620,114589154.9652
"Bourne supremacy",1307574840,1485068256,177493416,114589154.9652
"Bourne supremacy",1307574840,1308611400,1036560,114589154.9652
"Bourne supremacy",1307655900,1485068256,177412356,114589154.9652
"Bourne supremacy",1307655900,1308429120,773220,114589154.9652
"Bourne supremacy",1307655900,1308545580,889680,114589154.9652
"Bourne supremacy",1307828760,1485068256,177239496,114589154.9652
"Bourne supremacy",1307828760,1308774540,945780,114589154.9652
"Bourne supremacy",1307828760,1309111740,1282980,114589154.9652
"Bourne supremacy",1307837940,1485068256,177230316,114589154.9652
"Bourne supremacy",1307837940,1308190080,352140,114589154.9652
"Bourne supremacy",1307837940,1308354540,516600,114589154.9652
"Bourne supremacy",1307837940,1308418620,580680,114589154.9652
"Bourne supremacy",1308010140,1485068256,177058116,114589154.9652
"Bourne supremacy",1308010140,1308961560,951420,114589154.9652
"Bourne supremacy",1308010140,1309204800,1194660,114589154.9652
"Bourne supremacy",1308345060,1485068256,176723196,114589154.9652
"Bourne supremacy",1308345060,1310421720,2076660,114589154.9652
"Bourne supremacy",1308421620,1485068256,176646636,114589154.9652
"Bourne supremacy",1308421620,1309653660,1232040,114589154.9652
"Bourne supremacy",1308421620,1310104200,1682580,114589154.9652
"Bourne supremacy",1308421620,1310232000,1810380,114589154.9652
"Bourne supremacy",1308421620,1311374100,2952480,114589154.9652
"Bourne supremacy",1308611040,1485068256,176457216,114589154.9652
"Bourne supremacy",1308611040,1310078100,1467060,114589154.9652
"Bourne supremacy",1308611040,1310332440,1721400,114589154.9652
"Bourne supremacy",1308617040,1485068256,176451216,114589154.9652
"Bourne supremacy",1308617040,1309212960,595920,114589154.9652
"Bourne supremacy",1308617040,1310266980,1649940,114589154.9652
"Bourne supremacy",1308782160,1485068256,176286096,114589154.9652
"Bourne supremacy",1308865440,1485068256,176202816,114589154.9652
"Bourne supremacy",1308865440,1309293780,428340,114589154.9652
"Bourne supremacy",1308865440,1309465680,600240,114589154.9652
"Bourne supremacy",1309034100,1485068256,176034156,114589154.9652
"Bourne supremacy",1309034100,1309979100,945000,114589154.9652
"Bourne supremacy",1309034100,1310245740,1211640,114589154.9652
"Bourne supremacy",1309291200,1309291260,60,114589154.9652
"Bourne supremacy",1309291200,1309472700,181500,114589154.9652
"Bourne supremacy",1309291200,1309543140,251940,114589154.9652
"Bourne supremacy",1309373760,1485068256,175694496,114589154.9652
"Bourne supremacy",1309373760,1310616600,1242840,114589154.9652
"Bourne supremacy",1309478040,1485068256,175590216,114589154.9652
"Bourne supremacy",1309478040,1310588760,1110720,114589154.9652
"Bourne supremacy",1309478040,1310843520,1365480,114589154.9652
"Bourne supremacy",1309478040,1312128240,2650200,114589154.9652
"Bourne supremacy",1309919640,1485068256,175148616,114589154.9652
"Bourne supremacy",1309919640,1311805020,1885380,114589154.9652
"Bourne supremacy",1309981020,1485068256,175087236,114589154.9652
"Bourne supremacy",1309981020,1310154240,173220,114589154.9652
"Bourne supremacy",1309981020,1310352600,371580,114589154.9652
"Bourne supremacy",1309981020,1310498460,517440,114589154.9652
"Bourne supremacy",1309993380,1485068256,175074876,114589154.9652
"Bourne supremacy",1309993380,1310502000,508620,114589154.9652
"Bourne supremacy",1309993380,1310782440,789060,114589154.9652
"Bourne supremacy",1310155920,1485068256,174912336,114589154.9652
"Bourne supremacy",1310155920,1311201180,1045260,114589154.9652
"Bourne supremacy",1310155920,1311533040,1377120,114589154.9652
"Bourne supremacy",1310415180,1485068256,174653076,114589154.9652
"Bourne supremacy",1310415180,1311896280,1481100,114589154.9652
"Bourne supremacy",1310415180,1311959400,1544220,114589154.9652
"Bourne supremacy",1310415180,1313548740,3133560,114589154.9652
"Bourne supremacy",1310415180,1313803860,3388680,114589154.9652
"Bourne supremacy",1310415180,1313861280,3446100,114589154.9652
"Bourne supremacy",1310425080,1311205260,780180,114589154.9652
"Bourne supremacy",1310425080,1311482820,1057740,114589154.9652
"Bourne supremacy",1310425080,1311624600,1199520,114589154.9652
"Bourne supremacy",1310425080,1312768440,2343360,114589154.9652
"Bourne supremacy",1310425080,1312923540,2498460,114589154.9652
"Bourne supremacy",1310835780,1485068256,174232476,114589154.9652
"Bourne supremacy",1310835780,1311791520,955740,114589154.9652
"Bourne supremacy",1310835780,1311884460,1048680,114589154.9652
"Bourne supremacy",1310853240,1485068256,174215016,114589154.9652
"Bourne supremacy",1310853240,1311885420,1032180,114589154.9652
"Bourne supremacy",1310853240,1312091400,1238160,114589154.9652
"Bourne supremacy",1310853240,1312239360,1386120,114589154.9652
"Bourne supremacy",1311034620,1485068256,174033636,114589154.9652
"Bourne supremacy",1311034620,1312337160,1302540,114589154.9652
"Bourne supremacy",1311034620,1312658640,1624020,114589154.9652
"Bourne supremacy",1311034620,1313696340,2661720,114589154.9652
"Bourne supremacy",1311637680,1485068256,173430576,114589154.9652
"Bourne supremacy",1311637680,1312258500,620820,114589154.9652
"Bourne supremacy",1311723000,1485068256,173345256,114589154.9652
"Bourne supremacy",1311723000,1312053540,330540,114589154.9652
"Bourne supremacy",1311723000,1312243500,520500,114589154.9652
"Bourne supremacy",1311723000,1312317240,594240,114589154.9652
"Bourne supremacy",1311797880,1485068256,173270376,114589154.9652
"Bourne supremacy",1311797880,1312230480,432600,114589154.9652
"Bourne supremacy",1311797880,1312478580,680700,114589154.9652
"Bourne supremacy",1311887100,1485068256,173181156,114589154.9652
"Bourne supremacy",1311969600,1485068256,173098656,114589154.9652
"Bourne supremacy",1311969600,1312844280,874680,114589154.9652
"Bourne supremacy",1311971940,1485068256,173096316,114589154.9652
"Bourne supremacy",1311971940,1316479200,4507260,114589154.9652
"Bourne supremacy",1312316700,1485068256,172751556,114589154.9652
"Bourne supremacy",1312316700,1312590600,273900,114589154.9652
"Bourne supremacy",1312316700,1312857360,540660,114589154.9652
"Bourne supremacy",1312316700,1312917180,600480,114589154.9652
"Bourne supremacy",1312410540,1485068256,172657716,114589154.9652
"Bourne supremacy",1312410540,1312848420,437880,114589154.9652
"Bourne supremacy",1312410540,1313015640,605100,114589154.9652
"Bourne supremacy",1312410540,1313255640,845100,114589154.9652
"Bourne supremacy",1312414200,1485068256,172654056,114589154.9652
"Bourne supremacy",1312414200,1313615940,1201740,114589154.9652
"Bourne supremacy",1312493880,1485068256,172574376,114589154.9652
"Bourne supremacy",1312493880,1313632380,1138500,114589154.9652
"Bourne supremacy",1312570440,1485068256,172497816,114589154.9652
"Bourne supremacy",1312570440,1312840020,269580,114589154.9652
"Bourne supremacy",1312570440,1312935240,364800,114589154.9652
"Bourne supremacy",1312829400,1485068256,172238856,114589154.9652
"Bourne supremacy",1312829400,1313092260,262860,114589154.9652
"Bourne supremacy",1312829400,1313260680,431280,114589154.9652
"Bourne supremacy",1313082420,1485068256,171985836,114589154.9652
"Bourne supremacy",1313082420,1313723280,640860,114589154.9652
"Bourne supremacy",1313082420,1313949060,866640,114589154.9652
"Bourne supremacy",1313099040,1485068256,171969216,114589154.9652
"Bourne supremacy",1313099040,1313355180,256140,114589154.9652
"Bourne supremacy",1313099040,1313431560,332520,114589154.9652
"Bourne supremacy",1313107800,1485068256,171960456,114589154.9652
"Bourne supremacy",1313107800,1313267220,159420,114589154.9652
"Bourne supremacy",1313107800,1313375940,268140,114589154.9652
"Bourne supremacy",1313107800,1313439420,331620,114589154.9652
"Bourne supremacy",1313282400,1485068256,171785856,114589154.9652
"Bourne supremacy",1313282400,1314489000,1206600,114589154.9652
"Bourne supremacy",1313451900,1485068256,171616356,114589154.9652
"Bourne supremacy",1313451900,1314065280,613380,114589154.9652
"Bourne supremacy",1313451900,1314213900,762000,114589154.9652
"Bourne supremacy",1313453160,1485068256,171615096,114589154.9652
"Bourne supremacy",1313453160,1314134040,680880,114589154.9652
"Bourne supremacy",1313453160,1314297840,844680,114589154.9652
"Bourne supremacy",1313541900,1485068256,171526356,114589154.9652
"Bourne supremacy",1313867580,1485068256,171200676,114589154.9652
"Bourne supremacy",1313965800,1485068256,171102456,114589154.9652
"Bourne supremacy",1313965800,1316384760,2418960,114589154.9652
"Bourne supremacy",1314034920,1485068256,171033336,114589154.9652
"Bourne supremacy",1314065820,1485068256,171002436,114589154.9652
"Bourne supremacy",1314065820,1315526520,1460700,114589154.9652
"Bourne supremacy",1314214740,1485068256,170853516,114589154.9652
"Bourne supremacy",1314214740,1314571680,356940,114589154.9652
"Bourne supremacy",1314305220,1485068256,170763036,114589154.9652
"Bourne supremacy",1314305220,1315534080,1228860,114589154.9652
"Bourne supremacy",1314403800,1485068256,170664456,114589154.9652
"Bourne supremacy",1314403800,1315355700,951900,114589154.9652
"Bourne supremacy",1315528320,1485068256,169539936,114589154.9652
"Bourne supremacy",1315784460,1485068256,169283796,114589154.9652
"Bourne supremacy",1315784460,1316118720,334260,114589154.9652
"Bourne supremacy",1315855980,1485068256,169212276,114589154.9652
"Bourne supremacy",1315955760,1485068256,169112496,114589154.9652
"Bourne supremacy",1315955760,1318300200,2344440,114589154.9652
"Bourne supremacy",1315958520,1485068256,169109736,114589154.9652
"Bourne supremacy",1315958520,1316566980,608460,114589154.9652
"Bourne supremacy",1316111820,1485068256,168956436,114589154.9652
"Bourne supremacy",1316111820,1317849660,1737840,114589154.9652
"Bourne supremacy",1316285160,1485068256,168783096,114589154.9652
"Bourne supremacy",1316285160,1316806560,521400,114589154.9652
"Bourne supremacy",1316299260,1485068256,168768996,114589154.9652
"Bourne supremacy",1316299260,1317175920,876660,114589154.9652
"Bourne supremacy",1316563980,1485068256,168504276,114589154.9652
"Bourne supremacy",1316632680,1485068256,168435576,114589154.9652
"Bourne supremacy",1316632680,1317670620,1037940,114589154.9652
"Bourne supremacy",1316738340,1485068256,168329916,114589154.9652
"Bourne supremacy",1316738340,1317953760,1215420,114589154.9652
"Bourne supremacy",1316818740,1485068256,168249516,114589154.9652
"Bourne supremacy",1316908860,1485068256,168159396,114589154.9652
"Bourne supremacy",1316989020,1485068256,168079236,114589154.9652
"Bourne supremacy",1317073500,1485068256,167994756,114589154.9652
"Bourne supremacy",1317073500,1318116360,1042860,114589154.9652
"Bourne supremacy",1317162600,1485068256,167905656,114589154.9652
"Bourne supremacy",1317162600,1318894200,1731600,114589154.9652
"Bourne supremacy",1317416040,1485068256,167652216,114589154.9652
"Bourne supremacy",1317662220,1485068256,167406036,114589154.9652
"Bourne supremacy",1317662220,1317857460,195240,114589154.9652
"Bourne supremacy",1317858240,1485068256,167210016,114589154.9652
"Bourne supremacy",1318271100,1485068256,166797156,114589154.9652
"Bourne supremacy",1318271100,1319485980,1214880,114589154.9652
"Bourne supremacy",1318382580,1485068256,166685676,114589154.9652
"Bourne supremacy",1318449900,1485068256,166618356,114589154.9652
"Bourne supremacy",1318449900,1318979280,529380,114589154.9652
"Bourne supremacy",1318463460,1485068256,166604796,114589154.9652
"Bourne supremacy",1318463460,1321126980,2663520,114589154.9652
"Bourne supremacy",1318526760,1485068256,166541496,114589154.9652
"Bourne supremacy",1318526760,1320089400,1562640,114589154.9652
"Bourne supremacy",1318548000,1485068256,166520256,114589154.9652
"Bourne supremacy",1318710780,1485068256,166357476,114589154.9652
"Bourne supremacy",1318710780,1319055060,344280,114589154.9652
"Bourne supremacy",1318802400,1485068256,166265856,114589154.9652
"Bourne supremacy",1318802400,1319836620,1034220,114589154.9652
"Bourne supremacy",1318984980,1485068256,166083276,114589154.9652
"Bourne supremacy",1318984980,1319504700,519720,114589154.9652
"Bourne supremacy",1319057820,1485068256,166010436,114589154.9652
"Bourne supremacy",1319057820,1319493180,435360,114589154.9652
"Bourne supremacy",1319073720,1485068256,165994536,114589154.9652
"Bourne supremacy",1319235900,1485068256,165832356,114589154.9652
"Bourne supremacy",1319235900,1320174180,938280,114589154.9652
"Bourne supremacy",1319320920,1485068256,165747336,114589154.9652
"Bourne supremacy",1319327400,1322073360,2745960,114589154.9652
"Bourne supremacy",1319767920,1485068256,165300336,114589154.9652
"Bourne supremacy",1319837700,1485068256,165230556,114589154.9652
"Bourne supremacy",1319837700,1320272820,435120,114589154.9652
"Bourne supremacy",1320016980,1485068256,165051276,114589154.9652
"Bourne supremacy",1320108000,1485068256,164960256,114589154.9652
"Bourne supremacy",1320108900,1485068256,164959356,114589154.9652
"Bourne supremacy",1320108900,1320538440,429540,114589154.9652
"Bourne supremacy",1320349800,1485068256,164718456,114589154.9652
"Bourne supremacy",1320373920,1485068256,164694336,114589154.9652
"Bourne supremacy",1320373920,1322433360,2059440,114589154.9652
"Bourne supremacy",1320454320,1485068256,164613936,114589154.9652
"Bourne supremacy",1320454320,1321127280,672960,114589154.9652
"Bourne supremacy",1320512520,1485068256,164555736,114589154.9652
"Bourne supremacy",1320512520,1320890640,378120,114589154.9652
"Bourne supremacy",1320538440,1485068256,164529816,114589154.9652
"Bourne supremacy",1320708960,1485068256,164359296,114589154.9652
"Bourne supremacy",1320708960,1322870700,2161740,114589154.9652
"Bourne supremacy",1320797460,1485068256,164270796,114589154.9652
"Bourne supremacy",1320797460,1321305660,508200,114589154.9652
"Bourne supremacy",1321139460,1485068256,163928796,114589154.9652
"Bourne supremacy",1321139460,1321749000,609540,114589154.9652
"Bourne supremacy",1321409400,1485068256,163658856,114589154.9652
"Bourne supremacy",1321409400,1322013540,604140,114589154.9652
"Bourne supremacy",1321493100,1485068256,163575156,114589154.9652
"Bourne supremacy",1321493100,1322618880,1125780,114589154.9652
"Bourne supremacy",1321558140,1485068256,163510116,114589154.9652
"Bourne supremacy",1321558140,1322522400,964260,114589154.9652
"Bourne supremacy",1321645440,1485068256,163422816,114589154.9652
"Bourne supremacy",1321667520,1485068256,163400736,114589154.9652
"Bourne supremacy",1321667520,1321833780,166260,114589154.9652
"Bourne supremacy",1321901100,1485068256,163167156,114589154.9652
"Bourne supremacy",1322337900,1485068256,162730356,114589154.9652
"Bourne supremacy",1322510820,1485068256,162557436,114589154.9652
"Bourne supremacy",1322533440,1485068256,162534816,114589154.9652
"Bourne supremacy",1322533440,1322781120,247680,114589154.9652
"Bourne supremacy",1322602320,1485068256,162465936,114589154.9652
"Bourne supremacy",1322681220,1485068256,162387036,114589154.9652
"Bourne supremacy",1322681220,1323038760,357540,114589154.9652
"Bourne supremacy",1322704620,1485068256,162363636,114589154.9652
"Bourne supremacy",1322787120,1323044460,257340,114589154.9652
"Bourne supremacy",1322875260,1485068256,162192996,114589154.9652
"Bourne supremacy",1322875260,1323036540,161280,114589154.9652
"Bourne supremacy",1323108960,1485068256,161959296,114589154.9652
"Bourne supremacy",1323108960,1324412640,1303680,114589154.9652
"Bourne supremacy",1323295620,1485068256,161772636,114589154.9652
"Bourne supremacy",1323295620,1323808500,512880,114589154.9652
"Bourne supremacy",1323301020,1485068256,161767236,114589154.9652
"Bourne supremacy",1323301020,1323643980,342960,114589154.9652
"Bourne supremacy",1323400140,1485068256,161668116,114589154.9652
"Bourne supremacy",1323400140,1324611420,1211280,114589154.9652
"Bourne supremacy",1323557580,1325380080,1822500,114589154.9652
"Bourne supremacy",1323641160,1485068256,161427096,114589154.9652
"Bourne supremacy",1323641160,1323810120,168960,114589154.9652
"Bourne supremacy",1323726000,1485068256,161342256,114589154.9652
"Bourne supremacy",1323726000,1324681080,955080,114589154.9652
"Bourne supremacy",1323887160,1485068256,161181096,114589154.9652
"Bourne supremacy",1323887160,1324342800,455640,114589154.9652
"Bourne supremacy",1323918300,1485068256,161149956,114589154.9652
"Bourne supremacy",1323918300,1324252680,334380,114589154.9652
"Bourne supremacy",1324148760,1485068256,160919496,114589154.9652
"Bourne supremacy",1324148760,1324929840,781080,114589154.9652
"Bourne supremacy",1324158240,1324682100,523860,114589154.9652
"Bourne supremacy",1324340640,1485068256,160727616,114589154.9652
"Bourne supremacy",1324419000,1485068256,160649256,114589154.9652
"Bourne supremacy",1324419000,1325122620,703620,114589154.9652
"Bourne supremacy",1324433160,1485068256,160635096,114589154.9652
"Bourne supremacy",1324433160,1325812020,1378860,114589154.9652
"Bourne supremacy",1324927740,1485068256,160140516,114589154.9652
"Bourne supremacy",1324927740,1325210100,282360,114589154.9652
"Bourne supremacy",1325019480,1485068256,160048776,114589154.9652
"Bourne supremacy",1325019480,1325618100,598620,114589154.9652
"Bourne supremacy",1325035200,1485068256,160033056,114589154.9652
"Bourne supremacy",1325035200,1326240660,1205460,114589154.9652
"Bourne supremacy",1325200620,1485068256,159867636,114589154.9652
"Bourne supremacy",1325200620,1326399840,1199220,114589154.9652
"Bourne supremacy",1325206260,1325801700,595440,114589154.9652
"Bourne supremacy",1325626440,1485068256,159441816,114589154.9652
"Bourne supremacy",1325626440,1326156360,529920,114589154.9652
"Bourne supremacy",1325805360,1485068256,159262896,114589154.9652
"Bourne supremacy",1325805360,1326315180,509820,114589154.9652
"Bourne supremacy",1325878200,1485068256,159190056,114589154.9652
"Bourne supremacy",1325878200,1326846480,968280,114589154.9652
"Bourne supremacy",1325975580,1485068256,159092676,114589154.9652
"Bourne supremacy",1326248400,1485068256,158819856,114589154.9652
"Bourne supremacy",1326248400,1326842580,594180,114589154.9652
"Bourne supremacy",1326503640,1485068256,158564616,114589154.9652
"Bourne supremacy",1326588960,1326843120,254160,114589154.9652
"Bourne supremacy",1326844920,1485068256,158223336,114589154.9652
"Bourne supremacy",1326844920,1328055420,1210500,114589154.9652
"Bourne supremacy",1326849060,1485068256,158219196,114589154.9652
"Bourne supremacy",1326849060,1329011160,2162100,114589154.9652
"Bourne supremacy",1327367160,1485068256,157701096,114589154.9652
"Bourne supremacy",1327367160,1327702260,335100,114589154.9652
"Bourne supremacy",1327372860,1485068256,157695396,114589154.9652
"Bourne supremacy",1327372860,1327882500,509640,114589154.9652
"Bourne supremacy",1327460160,1485068256,157608096,114589154.9652
"Bourne supremacy",1327460160,1328568660,1108500,114589154.9652
"Bourne supremacy",1327602180,1485068256,157466076,114589154.9652
"Bourne supremacy",1327607160,1485068256,157461096,114589154.9652
"Bourne supremacy",1327607160,1330993800,3386640,114589154.9652
"Bourne supremacy",1327788000,1485068256,157280256,114589154.9652
"Bourne supremacy",1327790640,1328056500,265860,114589154.9652
"Bourne supremacy",1328309520,1485068256,156758736,114589154.9652
"Bourne supremacy",1328309520,1329160740,851220,114589154.9652
"Bourne supremacy",1328395260,1328645220,249960,114589154.9652
"Bourne supremacy",1328556660,1485068256,156511596,114589154.9652
"Bourne supremacy",1328556660,1329877920,1321260,114589154.9652
"Bourne supremacy",1328819640,1485068256,156248616,114589154.9652
"Bourne supremacy",1328819640,1329256080,436440,114589154.9652
"Bourne supremacy",1329009360,1485068256,156058896,114589154.9652
"Bourne supremacy",1329009360,1329181980,172620,114589154.9652
"Bourne supremacy",1329082200,1485068256,155986056,114589154.9652
"Bourne supremacy",1329275880,1485068256,155792376,114589154.9652
"Bourne supremacy",1329355680,1485068256,155712576,114589154.9652
"Bourne supremacy",1329355680,1329436140,80460,114589154.9652
"Bourne supremacy",1329425340,1485068256,155642916,114589154.9652
"Bourne supremacy",1329425340,1329862740,437400,114589154.9652
"Bourne supremacy",1329426000,1485068256,155642256,114589154.9652
"Bourne supremacy",1329428460,1485068256,155639796,114589154.9652
"Bourne supremacy",1329428460,1331939880,2511420,114589154.9652
"Bourne supremacy",1329446820,1485068256,155621436,114589154.9652
"Bourne supremacy",1329610500,1485068256,155457756,114589154.9652
"Bourne supremacy",1329613680,1485068256,155454576,114589154.9652
"Bourne supremacy",1329613680,1330482600,868920,114589154.9652
"Bourne supremacy",1330032660,1485068256,155035596,114589154.9652
"Bourne supremacy",1330032660,1330111620,78960,114589154.9652
"Bourne supremacy",1330035600,1485068256,155032656,114589154.9652
"Bourne supremacy",1330035600,1331156760,1121160,114589154.9652
"Bourne supremacy",1330399560,1485068256,154668696,114589154.9652
"Bourne supremacy",1330486440,1485068256,154581816,114589154.9652
"Bourne supremacy",1330563900,1485068256,154504356,114589154.9652
"Bourne supremacy",1331003520,1485068256,154064736,114589154.9652
"Bourne supremacy",1331334900,1485068256,153733356,114589154.9652
"Bourne supremacy",1331334900,1331597880,262980,114589154.9652
"Bourne supremacy",1331343300,1485068256,153724956,114589154.9652
"Bourne supremacy",1331343300,1331692800,349500,114589154.9652
"Bourne supremacy",1331855160,1332030180,175020,114589154.9652
"Bourne supremacy",1331856240,1485068256,153212016,114589154.9652
"Bourne supremacy",1332185940,1485068256,152882316,114589154.9652
"Bourne supremacy",1332185940,1333134960,949020,114589154.9652
"Bourne supremacy",1332202920,1485068256,152865336,114589154.9652
"Bourne supremacy",1332202920,1333674780,1471860,114589154.9652
"Bourne supremacy",1332293640,1485068256,152774616,114589154.9652
"Bourne supremacy",1332298680,1485068256,152769576,114589154.9652
"Bourne supremacy",1332359820,1485068256,152708436,114589154.9652
"Bourne supremacy",1332359820,1333226880,867060,114589154.9652
"Bourne supremacy",1332364080,1485068256,152704176,114589154.9652
"Bourne supremacy",1332365400,1485068256,152702856,114589154.9652
"Bourne supremacy",1332365400,1333395000,1029600,114589154.9652
"Bourne supremacy",1332896940,1485068256,152171316,114589154.9652
"Bourne supremacy",1332896940,1334968860,2071920,114589154.9652
"Bourne supremacy",1333234020,1333670760,436740,114589154.9652
"Bourne supremacy",1333405740,1485068256,151662516,114589154.9652
"Bourne supremacy",1333405740,1333828200,422460,114589154.9652
"Bourne supremacy",1333500240,1485068256,151568016,114589154.9652
"Bourne supremacy",1333500240,1334096760,596520,114589154.9652
"Bourne supremacy",1333507500,1485068256,151560756,114589154.9652
"Bourne supremacy",1333507500,1334706780,1199280,114589154.9652
"Bourne supremacy",1333572000,1485068256,151496256,114589154.9652
"Bourne supremacy",1333572000,1333654920,82920,114589154.9652
"Bourne supremacy",1333669560,1485068256,151398696,114589154.9652
"Bourne supremacy",1333672860,1485068256,151395396,114589154.9652
"Bourne supremacy",1333672860,1334097480,424620,114589154.9652
"Bourne supremacy",1334000340,1485068256,151067916,114589154.9652
"Bourne supremacy",1334000340,1335218280,1217940,114589154.9652
"Bourne supremacy",1334263680,1485068256,150804576,114589154.9652
"Bourne supremacy",1334263680,1334518440,254760,114589154.9652
"Bourne supremacy",1334341980,1485068256,150726276,114589154.9652
"Bourne supremacy",1334341980,1334357340,15360,114589154.9652
"Bourne supremacy",1334429100,1485068256,150639156,114589154.9652
"Bourne supremacy",1334429100,1335658200,1229100,114589154.9652
"Bourne supremacy",1334520960,1485068256,150547296,114589154.9652
"Bourne supremacy",1334520960,1335730320,1209360,114589154.9652
"Bourne supremacy",1334529240,1485068256,150539016,114589154.9652
"Bourne supremacy",1334529240,1335632340,1103100,114589154.9652
"Bourne supremacy",1334620440,1335301200,680760,114589154.9652
"Bourne supremacy",1334717760,1485068256,150350496,114589154.9652
"Bourne supremacy",1334717760,1335738120,1020360,114589154.9652
"Bourne supremacy",1335121680,1485068256,149946576,114589154.9652
"Bourne supremacy",1335121680,1336708380,1586700,114589154.9652
"Bourne supremacy",1335467520,1485068256,149600736,114589154.9652
"Bourne supremacy",1335546420,1485068256,149521836,114589154.9652
"Bourne supremacy",1335546420,1336331760,785340,114589154.9652
"Bourne supremacy",1335565080,1485068256,149503176,114589154.9652
"Bourne supremacy",1335565080,1336000560,435480,114589154.9652
"Bourne supremacy",1335566160,1485068256,149502096,114589154.9652
"Bourne supremacy",1335566160,1335822960,256800,114589154.9652
"Bourne supremacy",1335905100,1485068256,149163156,114589154.9652
"Bourne supremacy",1335905100,1336252140,347040,114589154.9652
"Bourne supremacy",1335990060,1485068256,149078196,114589154.9652
"Bourne supremacy",1335990060,1336340760,350700,114589154.9652
"Bourne supremacy",1336005540,1485068256,149062716,114589154.9652
"Bourne supremacy",1336005540,1336522440,516900,114589154.9652
"Bourne supremacy",1336423980,1485068256,148644276,114589154.9652
"Bourne supremacy",1336423980,1337042820,618840,114589154.9652
"Bourne supremacy",1336519080,1485068256,148549176,114589154.9652
"Bourne supremacy",1336519080,1337035740,516660,114589154.9652
"Bourne supremacy",1336598760,1485068256,148469496,114589154.9652
"Bourne supremacy",1336598760,1337644260,1045500,114589154.9652
"Bourne supremacy",1336601940,1485068256,148466316,114589154.9652
"Bourne supremacy",1336601940,1336781220,179280,114589154.9652
"Bourne supremacy",1336614540,1485068256,148453716,114589154.9652
"Bourne supremacy",1336697160,1485068256,148371096,114589154.9652
"Bourne supremacy",1336697160,1337463060,765900,114589154.9652
"Bourne supremacy",1336853100,1485068256,148215156,114589154.9652
"Bourne supremacy",1336853100,1336950660,97560,114589154.9652
"Bourne supremacy",1337112360,1485068256,147955896,114589154.9652
"Bourne supremacy",1337361960,1485068256,147706296,114589154.9652
"Bourne supremacy",1337361960,1338065580,703620,114589154.9652
"Bourne supremacy",1337372880,1485068256,147695376,114589154.9652
"Bourne supremacy",1337372880,1338429780,1056900,114589154.9652
"Bourne supremacy",1337452920,1485068256,147615336,114589154.9652
"Bourne supremacy",1337452920,1339025640,1572720,114589154.9652
"Bourne supremacy",1337803140,1485068256,147265116,114589154.9652
"Bourne supremacy",1337803140,1339612800,1809660,114589154.9652
"Bourne supremacy",1337979840,1485068256,147088416,114589154.9652
"Bourne supremacy",1337983260,1485068256,147084996,114589154.9652
"Bourne supremacy",1337983260,1339024200,1040940,114589154.9652
"Bourne supremacy",1338432480,1485068256,146635776,114589154.9652
"Bourne supremacy",1338679920,1485068256,146388336,114589154.9652
"Bourne supremacy",1338679920,1339891920,1212000,114589154.9652
"Bourne supremacy",1338756720,1485068256,146311536,114589154.9652
"Bourne supremacy",1338756720,1339115820,359100,114589154.9652
"Bourne supremacy",1338844860,1485068256,146223396,114589154.9652
"Bourne supremacy",1338844860,1341264660,2419800,114589154.9652
"Bourne supremacy",1338849780,1339195620,345840,114589154.9652
"Bourne supremacy",1339289340,1340329800,1040460,114589154.9652
"Bourne supremacy",1339446180,1485068256,145622076,114589154.9652
"Bourne supremacy",1339446180,1339705560,259380,114589154.9652
"Bourne supremacy",1339539720,1485068256,145528536,114589154.9652
"Bourne supremacy",1339714320,1485068256,145353936,114589154.9652
"Bourne supremacy",1339868640,1485068256,145199616,114589154.9652
"Bourne supremacy",1339969200,1485068256,145099056,114589154.9652
"Bourne supremacy",1340243340,1485068256,144824916,114589154.9652
"Bourne supremacy",1340243340,1341369360,1126020,114589154.9652
"Bourne supremacy",1340396940,1485068256,144671316,114589154.9652
"Bourne supremacy",1340475360,1485068256,144592896,114589154.9652
"Bourne supremacy",1340475360,1341092880,617520,114589154.9652
"Bourne supremacy",1341085560,1485068256,143982696,114589154.9652
"Bourne supremacy",1341085560,1341535380,449820,114589154.9652
"Bourne supremacy",1341280380,1341280620,240,114589154.9652
"Bourne supremacy",1341359220,1485068256,143709036,114589154.9652
"Bourne supremacy",1341359220,1343784120,2424900,114589154.9652
"Bourne supremacy",1341533640,1485068256,143534616,114589154.9652
"Bourne supremacy",1341533640,1345490460,3956820,114589154.9652
"Bourne supremacy",1341602340,1485068256,143465916,114589154.9652
"Bourne supremacy",1341602340,1342473720,871380,114589154.9652
"Bourne supremacy",1341680460,1341682080,1620,114589154.9652
"Bourne supremacy",1341696840,1485068256,143371416,114589154.9652
"Bourne supremacy",1341696840,1342475760,778920,114589154.9652
"Bourne supremacy",1341854640,1485068256,143213616,114589154.9652
"Bourne supremacy",1341854640,1342465980,611340,114589154.9652
"Bourne supremacy",1341951720,1485068256,143116536,114589154.9652
"Bourne supremacy",1341951720,1342989960,1038240,114589154.9652
"Bourne supremacy",1342039140,1485068256,143029116,114589154.9652
"Bourne supremacy",1342039140,1343246700,1207560,114589154.9652
"Bourne supremacy",1342127280,1485068256,142940976,114589154.9652
"Bourne supremacy",1342127280,1342735440,608160,114589154.9652
"Bourne supremacy",1342221000,1485068256,142847256,114589154.9652
"Bourne supremacy",1342221000,1342890480,669480,114589154.9652
"Bourne supremacy",1342223460,1485068256,142844796,114589154.9652
"Bourne supremacy",1342657020,1485068256,142411236,114589154.9652
"Bourne supremacy",1342657020,1343429220,772200,114589154.9652
"Bourne supremacy",1342902420,1485068256,142165836,114589154.9652
"Bourne supremacy",1342903320,1485068256,142164936,114589154.9652
"Bourne supremacy",1342903320,1344475860,1572540,114589154.9652
"Bourne supremacy",1342905600,1485068256,142162656,114589154.9652
"Bourne supremacy",1342905600,1344560280,1654680,114589154.9652
"Bourne supremacy",1343251500,1485068256,141816756,114589154.9652
"Bourne supremacy",1343335320,1485068256,141732936,114589154.9652
"Bourne supremacy",1343335320,1344297300,961980,114589154.9652
"Bourne supremacy",1343341080,1485068256,141727176,114589154.9652
"Bourne supremacy",1343341080,1348688280,5347200,114589154.9652
"Bourne supremacy",1343341380,1485068256,141726876,114589154.9652
"Bourne supremacy",1343341380,1344718500,1377120,114589154.9652
"Bourne supremacy",1343349240,1485068256,141719016,114589154.9652
"Bourne supremacy",1343589960,1485068256,141478296,114589154.9652
"Bourne supremacy",1343589960,1344275760,685800,114589154.9652
"Bourne supremacy",1343680080,1485068256,141388176,114589154.9652
"Bourne supremacy",1343684160,1485068256,141384096,114589154.9652
"Bourne supremacy",1343698140,1485068256,141370116,114589154.9652
"Bourne supremacy",1343698140,1347752280,4054140,114589154.9652
"Bourne supremacy",1343701920,1485068256,141366336,114589154.9652
"Bourne supremacy",1343851440,1485068256,141216816,114589154.9652
"Bourne supremacy",1344114660,1485068256,140953596,114589154.9652
"Bourne supremacy",1344115800,1485068256,140952456,114589154.9652
"Bourne supremacy",1344115800,1348952760,4836960,114589154.9652
"Bourne supremacy",1344381600,1485068256,140686656,114589154.9652
"Bourne supremacy",1344459660,1485068256,140608596,114589154.9652
"Bourne supremacy",1344546720,1485068256,140521536,114589154.9652
"Bourne supremacy",1344546720,1346887860,2341140,114589154.9652
"Bourne supremacy",1344983640,1485068256,140084616,114589154.9652
"Bourne supremacy",1345144080,1485068256,139924176,114589154.9652
"Bourne supremacy",1345160520,1485068256,139907736,114589154.9652
"Bourne supremacy",1345160520,1345225320,64800,114589154.9652
"Bourne supremacy",1345334220,1485068256,139734036,114589154.9652
"Bourne supremacy",1345334220,1346791980,1457760,114589154.9652
"Bourne supremacy",1345600740,1485068256,139467516,114589154.9652
"Bourne supremacy",1345600740,1346813280,1212540,114589154.9652
"Bourne supremacy",1345752420,1485068256,139315836,114589154.9652
"Bourne supremacy",1345752420,1346875440,1123020,114589154.9652
"Bourne supremacy",1345762500,1485068256,139305756,114589154.9652
"Bourne supremacy",1345762500,1348536240,2773740,114589154.9652
"Bourne supremacy",1345845960,1485068256,139222296,114589154.9652
"Bourne supremacy",1345848360,1485068256,139219896,114589154.9652
"Bourne supremacy",1345848360,1346811060,962700,114589154.9652
"Bourne supremacy",1346789880,1485068256,138278376,114589154.9652
"Bourne supremacy",1346789880,1348020420,1230540,114589154.9652
"Bourne supremacy",1346809260,1346809440,180,114589154.9652
"Bourne supremacy",1346981940,1485068256,138086316,114589154.9652
"Bourne supremacy",1346981940,1348166760,1184820,114589154.9652
"Bourne supremacy",1347152160,1485068256,137916096,114589154.9652
"Bourne supremacy",1347225900,1485068256,137842356,114589154.9652
"Bourne supremacy",1347403860,1485068256,137664396,114589154.9652
"Bourne supremacy",1347403860,1348613040,1209180,114589154.9652
"Bourne supremacy",1347733800,1485068256,137334456,114589154.9652
"Bourne supremacy",1347733800,1348525740,791940,114589154.9652
"Bourne supremacy",1347736620,1347738900,2280,114589154.9652
"Bourne supremacy",1347756480,1485068256,137311776,114589154.9652
"Bourne supremacy",1347756480,1348880340,1123860,114589154.9652
"Bourne supremacy",1348161240,1485068256,136907016,114589154.9652
"Bourne supremacy",1348168920,1485068256,136899336,114589154.9652
"Bourne supremacy",1348168920,1348330680,161760,114589154.9652
"Bourne supremacy",1348187100,1485068256,136881156,114589154.9652
"Bourne supremacy",1348187100,1348704780,517680,114589154.9652
"Bourne supremacy",1348252680,1485068256,136815576,114589154.9652
"Bourne supremacy",1348256340,1485068256,136811916,114589154.9652
"Bourne supremacy",1348256340,1349469780,1213440,114589154.9652
"Bourne supremacy",1348260180,1485068256,136808076,114589154.9652
"Bourne supremacy",1348260180,1348611420,351240,114589154.9652
"Bourne supremacy",1348346700,1485068256,136721556,114589154.9652
"Bourne supremacy",1348352940,1485068256,136715316,114589154.9652
"Bourne supremacy",1348529100,1485068256,136539156,114589154.9652
"Bourne supremacy",1348529100,1349129700,600600,114589154.9652
"Bourne supremacy",1348593960,1485068256,136474296,114589154.9652
"Bourne supremacy",1348593960,1350847380,2253420,114589154.9652
"Bourne supremacy",1348614660,1485068256,136453596,114589154.9652
"Bourne supremacy",1348614660,1349651520,1036860,114589154.9652
"Bourne supremacy",1348625820,1485068256,136442436,114589154.9652
"Bourne supremacy",1348625820,1350779220,2153400,114589154.9652
"Bourne supremacy",1348685520,1485068256,136382736,114589154.9652
"Bourne supremacy",1348685520,1349140920,455400,114589154.9652
"Bourne supremacy",1348708020,1485068256,136360236,114589154.9652
"Bourne supremacy",1348708020,1349317620,609600,114589154.9652
"Bourne supremacy",1348874400,1485068256,136193856,114589154.9652
"Bourne supremacy",1348874400,1350075720,1201320,114589154.9652
"Bourne supremacy",1348879860,1485068256,136188396,114589154.9652
"Bourne supremacy",1348879860,1349319000,439140,114589154.9652
"Bourne supremacy",1348945680,1485068256,136122576,114589154.9652
"Bourne supremacy",1348945680,1350172920,1227240,114589154.9652
"Bourne supremacy",1349128020,1485068256,135940236,114589154.9652
"Bourne supremacy",1349221080,1485068256,135847176,114589154.9652
"Bourne supremacy",1349288940,1485068256,135779316,114589154.9652
"Bourne supremacy",1349288940,1350431640,1142700,114589154.9652
"Bourne supremacy",1349382600,1485068256,135685656,114589154.9652
"Bourne supremacy",1349382600,1349990160,607560,114589154.9652
"Bourne supremacy",1349383500,1485068256,135684756,114589154.9652
"Bourne supremacy",1349464380,1485068256,135603876,114589154.9652
"Bourne supremacy",1349476980,1485068256,135591276,114589154.9652
"Bourne supremacy",1349476980,1350512520,1035540,114589154.9652
"Bourne supremacy",1349640180,1485068256,135428076,114589154.9652
"Bourne supremacy",1349640180,1349727900,87720,114589154.9652
"Bourne supremacy",1349644260,1485068256,135423996,114589154.9652
"Bourne supremacy",1349653920,1485068256,135414336,114589154.9652
"Bourne supremacy",1349653920,1350862500,1208580,114589154.9652
"Bourne supremacy",1349730240,1485068256,135338016,114589154.9652
"Bourne supremacy",1349730240,1349903700,173460,114589154.9652
"Bourne supremacy",1349825520,1485068256,135242736,114589154.9652
"Bourne supremacy",1349979900,1485068256,135088356,114589154.9652
"Bourne supremacy",1349979900,1350339300,359400,114589154.9652
"Bourne supremacy",1349999880,1485068256,135068376,114589154.9652
"Bourne supremacy",1349999880,1352863260,2863380,114589154.9652
"Bourne supremacy",1350079500,1485068256,134988756,114589154.9652
"Bourne supremacy",1350079500,1350430260,350760,114589154.9652
"Bourne supremacy",1350088440,1485068256,134979816,114589154.9652
"Bourne supremacy",1350249300,1485068256,134818956,114589154.9652
"Bourne supremacy",1350249300,1350691020,441720,114589154.9652
"Bourne supremacy",1350250260,1485068256,134817996,114589154.9652
"Bourne supremacy",1350250260,1351193340,943080,114589154.9652
"Bourne supremacy",1350341100,1485068256,134727156,114589154.9652
"Bourne supremacy",1350348540,1485068256,134719716,114589154.9652
"Bourne supremacy",1350348540,1351978020,1629480,114589154.9652
"Bourne supremacy",1350419220,1485068256,134649036,114589154.9652
"Bourne supremacy",1350437460,1485068256,134630796,114589154.9652
"Bourne supremacy",1350519720,1485068256,134548536,114589154.9652
"Bourne supremacy",1350520980,1485068256,134547276,114589154.9652
"Bourne supremacy",1350520980,1351821660,1300680,114589154.9652
"Bourne supremacy",1350666300,1350666660,360,114589154.9652
"Bourne supremacy",1350851220,1485068256,134217036,114589154.9652
"Bourne supremacy",1350853920,1485068256,134214336,114589154.9652
"Bourne supremacy",1350853920,1351382400,528480,114589154.9652
"Bourne supremacy",1350948720,1485068256,134119536,114589154.9652
"Bourne supremacy",1350948720,1352157660,1208940,114589154.9652
"Bourne supremacy",1350949260,1485068256,134118996,114589154.9652
"Bourne supremacy",1350949260,1351551720,602460,114589154.9652
"Bourne supremacy",1350952260,1485068256,134115996,114589154.9652
"Bourne supremacy",1350952260,1352149800,1197540,114589154.9652
"Bourne supremacy",1350954000,1485068256,134114256,114589154.9652
"Bourne supremacy",1350957060,1485068256,134111196,114589154.9652
"Bourne supremacy",1350957060,1351980120,1023060,114589154.9652
"Bourne supremacy",1351034220,1485068256,134034036,114589154.9652
"Bourne supremacy",1351034220,1351976340,942120,114589154.9652
"Bourne supremacy",1351290240,1485068256,133778016,114589154.9652
"Bourne supremacy",1351290240,1353372360,2082120,114589154.9652
"Bourne supremacy",1351372440,1485068256,133695816,114589154.9652
"Bourne supremacy",1351373880,1485068256,133694376,114589154.9652
"Bourne supremacy",1351373880,1352419260,1045380,114589154.9652
"Bourne supremacy",1351454580,1485068256,133613676,114589154.9652
"Bourne supremacy",1351454580,1352258760,804180,114589154.9652
"Bourne supremacy",1351553700,1485068256,133514556,114589154.9652
"Bourne supremacy",1351553700,1352241960,688260,114589154.9652
"Bourne supremacy",1351809900,1485068256,133258356,114589154.9652
"Bourne supremacy",1351809900,1352859900,1050000,114589154.9652
"Bourne supremacy",1351815660,1485068256,133252596,114589154.9652
"Bourne supremacy",1351892220,1485068256,133176036,114589154.9652
"Bourne supremacy",1351892220,1352511420,619200,114589154.9652
"Bourne supremacy",1352166960,1485068256,132901296,114589154.9652
"Bourne supremacy",1352166960,1355197980,3031020,114589154.9652
"Bourne supremacy",1352171100,1485068256,132897156,114589154.9652
"Bourne supremacy",1352171100,1353379320,1208220,114589154.9652
"Bourne supremacy",1352247060,1485068256,132821196,114589154.9652
"Bourne supremacy",1352247060,1352935140,688080,114589154.9652
"Bourne supremacy",1352333100,1485068256,132735156,114589154.9652
"Bourne supremacy",1352408100,1485068256,132660156,114589154.9652
"Bourne supremacy",1352408100,1353107760,699660,114589154.9652
"Bourne supremacy",1352410560,1485068256,132657696,114589154.9652
"Bourne supremacy",1352410560,1352848500,437940,114589154.9652
"Bourne supremacy",1352423280,1485068256,132644976,114589154.9652
"Bourne supremacy",1352423280,1353367740,944460,114589154.9652
"Bourne supremacy",1352432400,1485068256,132635856,114589154.9652
"Bourne supremacy",1352432400,1352588520,156120,114589154.9652
"Bourne supremacy",1352502720,1485068256,132565536,114589154.9652
"Bourne supremacy",1352502720,1353709260,1206540,114589154.9652
"Bourne supremacy",1352508600,1485068256,132559656,114589154.9652
"Bourne supremacy",1352508600,1352844360,335760,114589154.9652
"Bourne supremacy",1352508720,1485068256,132559536,114589154.9652
"Bourne supremacy",1352508720,1353382200,873480,114589154.9652
"Bourne supremacy",1352755680,1485068256,132312576,114589154.9652
"Bourne supremacy",1352755680,1353523740,768060,114589154.9652
"Bourne supremacy",1352830560,1485068256,132237696,114589154.9652
"Bourne supremacy",1352830560,1353370860,540300,114589154.9652
"Bourne supremacy",1352916960,1485068256,132151296,114589154.9652
"Bourne supremacy",1352916960,1353095580,178620,114589154.9652
"Bourne supremacy",1352932320,1485068256,132135936,114589154.9652
"Bourne supremacy",1353013680,1485068256,132054576,114589154.9652
"Bourne supremacy",1353013680,1356037920,3024240,114589154.9652
"Bourne supremacy",1353015780,1485068256,132052476,114589154.9652
"Bourne supremacy",1353189120,1485068256,131879136,114589154.9652
"Bourne supremacy",1353191580,1485068256,131876676,114589154.9652
"Bourne supremacy",1353359220,1485068256,131709036,114589154.9652
"Bourne supremacy",1353359220,1353792780,433560,114589154.9652
"Bourne supremacy",1353367440,1485068256,131700816,114589154.9652
"Bourne supremacy",1353367440,1354159020,791580,114589154.9652
"Bourne supremacy",1353451560,1485068256,131616696,114589154.9652
"Bourne supremacy",1353451560,1353968460,516900,114589154.9652
"Bourne supremacy",1353458220,1485068256,131610036,114589154.9652
"Bourne supremacy",1353458220,1353537420,79200,114589154.9652
"Bourne supremacy",1353530460,1485068256,131537796,114589154.9652
"Bourne supremacy",1353530460,1354740960,1210500,114589154.9652
"Bourne supremacy",1353534060,1485068256,131534196,114589154.9652
"Bourne supremacy",1353534060,1354852080,1318020,114589154.9652
"Bourne supremacy",1353543000,1485068256,131525256,114589154.9652
"Bourne supremacy",1353543000,1354588920,1045920,114589154.9652
"Bourne supremacy",1353543600,1485068256,131524656,114589154.9652
"Bourne supremacy",1353543600,1354411140,867540,114589154.9652
"Bourne supremacy",1353548340,1485068256,131519916,114589154.9652
"Bourne supremacy",1353553080,1485068256,131515176,114589154.9652
"Bourne supremacy",1353553080,1353986760,433680,114589154.9652
"Bourne supremacy",1353708720,1485068256,131359536,114589154.9652
"Bourne supremacy",1353708720,1354735380,1026660,114589154.9652
"Bourne supremacy",1353879300,1485068256,131188956,114589154.9652
"Bourne supremacy",1353879300,1354398240,518940,114589154.9652
"Bourne supremacy",1353883440,1485068256,131184816,114589154.9652
"Bourne supremacy",1353883440,1354059960,176520,114589154.9652
"Bourne supremacy",1353962220,1485068256,131106036,114589154.9652
"Bourne supremacy",1353962220,1354739280,777060,114589154.9652
"Bourne supremacy",1353983940,1485068256,131084316,114589154.9652
"Bourne supremacy",1353983940,1356217620,2233680,114589154.9652
"Bourne supremacy",1354137060,1485068256,130931196,114589154.9652
"Bourne supremacy",1354137060,1354228020,90960,114589154.9652
"Bourne supremacy",1354149120,1485068256,130919136,114589154.9652
"Bourne supremacy",1354149120,1355262120,1113000,114589154.9652
"Bourne supremacy",1354151040,1485068256,130917216,114589154.9652
"Bourne supremacy",1354151700,1485068256,130916556,114589154.9652
"Bourne supremacy",1354242060,1485068256,130826196,114589154.9652
"Bourne supremacy",1354242060,1354757220,515160,114589154.9652
"Bourne supremacy",1354245900,1485068256,130822356,114589154.9652
"Bourne supremacy",1354323840,1485068256,130744416,114589154.9652
"Bourne supremacy",1354323840,1354573980,250140,114589154.9652
"Bourne supremacy",1354408920,1485068256,130659336,114589154.9652
"Bourne supremacy",1354408920,1356831840,2422920,114589154.9652
"Bourne supremacy",1354485360,1485068256,130582896,114589154.9652
"Bourne supremacy",1354576740,1485068256,130491516,114589154.9652
"Bourne supremacy",1354576740,1354840380,263640,114589154.9652
"Bourne supremacy",1354587660,1485068256,130480596,114589154.9652
"Bourne supremacy",1354647480,1485068256,130420776,114589154.9652
"Bourne supremacy",1354647480,1356733740,2086260,114589154.9652
"Bourne supremacy",1354651260,1485068256,130416996,114589154.9652
"Bourne supremacy",1354651260,1355178540,527280,114589154.9652
"Bourne supremacy",1354826400,1485068256,130241856,114589154.9652
"Bourne supremacy",1354826400,1355443140,616740,114589154.9652
"Bourne supremacy",1354838940,1485068256,130229316,114589154.9652
"Bourne supremacy",1354838940,1354999860,160920,114589154.9652
"Bourne supremacy",1354906200,1354906260,60,114589154.9652
"Bourne supremacy",1354906260,1485068256,130161996,114589154.9652
"Bourne supremacy",1354927440,1485068256,130140816,114589154.9652
"Bourne supremacy",1354927440,1355276880,349440,114589154.9652
"Bourne supremacy",1354991640,1485068256,130076616,114589154.9652
"Bourne supremacy",1354994760,1485068256,130073496,114589154.9652
"Bourne supremacy",1354994760,1355103360,108600,114589154.9652
"Bourne supremacy",1354999980,1485068256,130068276,114589154.9652
"Bourne supremacy",1355177040,1485068256,129891216,114589154.9652
"Bourne supremacy",1355177040,1355606400,429360,114589154.9652
"Bourne supremacy",1355188860,1485068256,129879396,114589154.9652
"Bourne supremacy",1355188860,1355456580,267720,114589154.9652
"Bourne supremacy",1355277300,1485068256,129790956,114589154.9652
"Bourne supremacy",1355277300,1356561720,1284420,114589154.9652
"Bourne supremacy",1355279520,1485068256,129788736,114589154.9652
"Bourne supremacy",1355279520,1356223860,944340,114589154.9652
"Bourne supremacy",1355352060,1485068256,129716196,114589154.9652
"Bourne supremacy",1355352060,1356642600,1290540,114589154.9652
"Bourne supremacy",1355437500,1485068256,129630756,114589154.9652
"Bourne supremacy",1355437500,1355962740,525240,114589154.9652
"Bourne supremacy",1355442720,1485068256,129625536,114589154.9652
"Bourne supremacy",1355442720,1355531340,88620,114589154.9652
"Bourne supremacy",1355443140,1485068256,129625116,114589154.9652
"Bourne supremacy",1355443140,1355443800,660,114589154.9652
"Bourne supremacy",1355447880,1485068256,129620376,114589154.9652
"Bourne supremacy",1355447880,1355884860,436980,114589154.9652
"Bourne supremacy",1355508780,1485068256,129559476,114589154.9652
"Bourne supremacy",1355508780,1356548880,1040100,114589154.9652
"Bourne supremacy",1355510700,1485068256,129557556,114589154.9652
"Bourne supremacy",1355510700,1356579360,1068660,114589154.9652
"Bourne supremacy",1355532960,1485068256,129535296,114589154.9652
"Bourne supremacy",1355532960,1355776020,243060,114589154.9652
"Bourne supremacy",1355701740,1485068256,129366516,114589154.9652
"Bourne supremacy",1355701740,1356555480,853740,114589154.9652
"Bourne supremacy",1355702160,1485068256,129366096,114589154.9652
"Bourne supremacy",1355702160,1357170660,1468500,114589154.9652
"Bourne supremacy",1355795220,1485068256,129273036,114589154.9652
"Bourne supremacy",1355795220,1356138540,343320,114589154.9652
"Bourne supremacy",1355800020,1485068256,129268236,114589154.9652
"Bourne supremacy",1356052080,1485068256,129016176,114589154.9652
"Bourne supremacy",1356052080,1357149360,1097280,114589154.9652
"Bourne supremacy",1356212400,1485068256,128855856,114589154.9652
"Bourne supremacy",1356214380,1485068256,128853876,114589154.9652
"Bourne supremacy",1356214380,1357429020,1214640,114589154.9652
"Bourne supremacy",1356305760,1485068256,128762496,114589154.9652
"Bourne supremacy",1356305760,1356912300,606540,114589154.9652
"Bourne supremacy",1356309420,1485068256,128758836,114589154.9652
"Bourne supremacy",1356309420,1356641460,332040,114589154.9652
"Bourne supremacy",1356556500,1485068256,128511756,114589154.9652
"Bourne supremacy",1356556500,1356994800,438300,114589154.9652
"Bourne supremacy",1356564300,1485068256,128503956,114589154.9652
"Bourne supremacy",1356564300,1357240620,676320,114589154.9652
"Bourne supremacy",1356646020,1485068256,128422236,114589154.9652
"Bourne supremacy",1356646020,1357159320,513300,114589154.9652
"Bourne supremacy",1356811800,1485068256,128256456,114589154.9652
"Bourne supremacy",1356811800,1357612680,800880,114589154.9652
"Bourne supremacy",1356827520,1485068256,128240736,114589154.9652
"Bourne supremacy",1356827520,1356901740,74220,114589154.9652
"Bourne supremacy",1356993900,1485068256,128074356,114589154.9652
"Bourne supremacy",1356993900,1358201820,1207920,114589154.9652
"Bourne supremacy",1357005360,1485068256,128062896,114589154.9652
"Bourne supremacy",1357005360,1357255560,250200,114589154.9652
"Bourne supremacy",1357157520,1485068256,127910736,114589154.9652
"Bourne supremacy",1357158060,1485068256,127910196,114589154.9652
"Bourne supremacy",1357159800,1485068256,127908456,114589154.9652
"Bourne supremacy",1357159800,1357333440,173640,114589154.9652
"Bourne supremacy",1357166280,1485068256,127901976,114589154.9652
"Bourne supremacy",1357260360,1485068256,127807896,114589154.9652
"Bourne supremacy",1357260360,1357599180,338820,114589154.9652
"Bourne supremacy",1357326120,1485068256,127742136,114589154.9652
"Bourne supremacy",1357326120,1358298540,972420,114589154.9652
"Bourne supremacy",1357346640,1485068256,127721616,114589154.9652
"Bourne supremacy",1357346640,1358384160,1037520,114589154.9652
"Bourne supremacy",1357347600,1485068256,127720656,114589154.9652
"Bourne supremacy",1357347600,1357413840,66240,114589154.9652
"Bourne supremacy",1357428480,1485068256,127639776,114589154.9652
"Bourne supremacy",1357428480,1362862980,5434500,114589154.9652
"Bourne supremacy",1357429500,1485068256,127638756,114589154.9652
"Bourne supremacy",1357429500,1358114700,685200,114589154.9652
"Bourne supremacy",1357506840,1485068256,127561416,114589154.9652
"Bourne supremacy",1357506840,1357759620,252780,114589154.9652
"Bourne supremacy",1357520280,1485068256,127547976,114589154.9652
"Bourne supremacy",1357584540,1485068256,127483716,114589154.9652
"Bourne supremacy",1357584540,1358213880,629340,114589154.9652
"Bourne supremacy",1357591320,1485068256,127476936,114589154.9652
"Bourne supremacy",1357598460,1485068256,127469796,114589154.9652
"Bourne supremacy",1357600680,1485068256,127467576,114589154.9652
"Bourne supremacy",1357600680,1357782540,181860,114589154.9652
"Bourne supremacy",1357687620,1485068256,127380636,114589154.9652
"Bourne supremacy",1357687620,1357766820,79200,114589154.9652
"Bourne supremacy",1357776420,1485068256,127291836,114589154.9652
"Bourne supremacy",1357776420,1358640240,863820,114589154.9652
"Bourne supremacy",1357782060,1485068256,127286196,114589154.9652
"Bourne supremacy",1357782060,1358640240,858180,114589154.9652
"Bourne supremacy",1357955520,1485068256,127112736,114589154.9652
"Bourne supremacy",1357955520,1358911500,955980,114589154.9652
"Bourne supremacy",1358020500,1485068256,127047756,114589154.9652
"Bourne supremacy",1358031360,1485068256,127036896,114589154.9652
"Bourne supremacy",1358031360,1358980680,949320,114589154.9652
"Bourne supremacy",1358033640,1485068256,127034616,114589154.9652
"Bourne supremacy",1358039220,1485068256,127029036,114589154.9652
"Bourne supremacy",1358039220,1358215200,175980,114589154.9652
"Bourne supremacy",1358194020,1485068256,126874236,114589154.9652
"Bourne supremacy",1358205000,1485068256,126863256,114589154.9652
"Bourne supremacy",1358205000,1358883360,678360,114589154.9652
"Bourne supremacy",1358285040,1485068256,126783216,114589154.9652
"Bourne supremacy",1358285040,1359405540,1120500,114589154.9652
"Bourne supremacy",1358286120,1485068256,126782136,114589154.9652
"Bourne supremacy",1358286120,1361419380,3133260,114589154.9652
"Bourne supremacy",1358305440,1485068256,126762816,114589154.9652
"Bourne supremacy",1358305440,1358907300,601860,114589154.9652
"Bourne supremacy",1358363520,1485068256,126704736,114589154.9652
"Bourne supremacy",1358363520,1358631660,268140,114589154.9652
"Bourne supremacy",1358382780,1485068256,126685476,114589154.9652
"Bourne supremacy",1358382780,1359413400,1030620,114589154.9652
"Bourne supremacy",1358481360,1485068256,126586896,114589154.9652
"Bourne supremacy",1358551500,1485068256,126516756,114589154.9652
"Bourne supremacy",1358551500,1358904480,352980,114589154.9652
"Bourne supremacy",1358556840,1485068256,126511416,114589154.9652
"Bourne supremacy",1358556840,1358904480,347640,114589154.9652
"Bourne supremacy",1358559360,1485068256,126508896,114589154.9652
"Bourne supremacy",1358559360,1360285980,1726620,114589154.9652
"Bourne supremacy",1358627220,1485068256,126441036,114589154.9652
"Bourne supremacy",1358634300,1485068256,126433956,114589154.9652
"Bourne supremacy",1358634300,1359235200,600900,114589154.9652
"Bourne supremacy",1358878620,1485068256,126189636,114589154.9652
"Bourne supremacy",1358878620,1359163620,285000,114589154.9652
"Bourne supremacy",1358895600,1485068256,126172656,114589154.9652
"Bourne supremacy",1358895600,1360021920,1126320,114589154.9652
"Bourne supremacy",1358904660,1485068256,126163596,114589154.9652
"Bourne supremacy",1358904660,1359591480,686820,114589154.9652
"Bourne supremacy",1358911320,1485068256,126156936,114589154.9652
"Bourne supremacy",1358978880,1485068256,126089376,114589154.9652
"Bourne supremacy",1358978880,1359585900,607020,114589154.9652
"Bourne supremacy",1358984280,1485068256,126083976,114589154.9652
"Bourne supremacy",1358986080,1485068256,126082176,114589154.9652
"Bourne supremacy",1358986080,1366071060,7084980,114589154.9652
"Bourne supremacy",1358991720,1485068256,126076536,114589154.9652
"Bourne supremacy",1358991720,1360191480,1199760,114589154.9652
"Bourne supremacy",1359079080,1485068256,125989176,114589154.9652
"Bourne supremacy",1359079080,1359329460,250380,114589154.9652
"Bourne supremacy",1359236700,1485068256,125831556,114589154.9652
"Bourne supremacy",1359410700,1485068256,125657556,114589154.9652
"Bourne supremacy",1359411540,1485068256,125656716,114589154.9652
"Bourne supremacy",1359411540,1360092900,681360,114589154.9652
"Bourne supremacy",1359413160,1485068256,125655096,114589154.9652
"Bourne supremacy",1359413160,1359493260,80100,114589154.9652
"Bourne supremacy",1359415500,1485068256,125652756,114589154.9652
"Bourne supremacy",1359415500,1361834460,2418960,114589154.9652
"Bourne supremacy",1359417060,1485068256,125651196,114589154.9652
"Bourne supremacy",1359417060,1485068256,125651196,114589154.9652
"Bourne supremacy",1359417060,1360023360,606300,114589154.9652
"Bourne supremacy",1359417060,1360202040,784980,114589154.9652
"Bourne supremacy",1359418020,1485068256,125650236,114589154.9652
"Bourne supremacy",1359513120,1485068256,125555136,114589154.9652
"Bourne supremacy",1359513120,1360203300,690180,114589154.9652
"Bourne supremacy",1359514680,1485068256,125553576,114589154.9652
"Bourne supremacy",1359514680,1360020000,505320,114589154.9652
"Bourne supremacy",1359581160,1485068256,125487096,114589154.9652
"Bourne supremacy",1359581160,1360625160,1044000,114589154.9652
"Bourne supremacy",1359583980,1485068256,125484276,114589154.9652
"Bourne supremacy",1359583980,1360106820,522840,114589154.9652
"Bourne supremacy",1359587100,1485068256,125481156,114589154.9652
"Bourne supremacy",1359587100,1363477200,3890100,114589154.9652
"Bourne supremacy",1359599340,1485068256,125468916,114589154.9652
"Bourne supremacy",1359746520,1485068256,125321736,114589154.9652
"Bourne supremacy",1359765300,1485068256,125302956,114589154.9652
"Bourne supremacy",1359925680,1485068256,125142576,114589154.9652
"Bourne supremacy",1359925680,1360868580,942900,114589154.9652
"Bourne supremacy",1359936600,1485068256,125131656,114589154.9652
"Bourne supremacy",1359936600,1360115640,179040,114589154.9652
"Bourne supremacy",1360025820,1485068256,125042436,114589154.9652
"Bourne supremacy",1360025820,1361842020,1816200,114589154.9652
"Bourne supremacy",1360036500,1485068256,125031756,114589154.9652
"Bourne supremacy",1360036500,1361328240,1291740,114589154.9652
"Bourne supremacy",1360106880,1485068256,124961376,114589154.9652
"Bourne supremacy",1360106880,1361576040,1469160,114589154.9652
"Bourne supremacy",1360191480,1485068256,124876776,114589154.9652
"Bourne supremacy",1360191480,1363740540,3549060,114589154.9652
"Bourne supremacy",1360263480,1485068256,124804776,114589154.9652
"Bourne supremacy",1360263480,1361482680,1219200,114589154.9652
"Bourne supremacy",1360263720,1485068256,124804536,114589154.9652
"Bourne supremacy",1360263720,1361484600,1220880,114589154.9652
"Bourne supremacy",1360279020,1485068256,124789236,114589154.9652
"Bourne supremacy",1360279020,1361048700,769680,114589154.9652
"Bourne supremacy",1360293060,1485068256,124775196,114589154.9652
"Bourne supremacy",1360293060,1360537740,244680,114589154.9652
"Bourne supremacy",1360444140,1485068256,124624116,114589154.9652
"Bourne supremacy",1360444140,1361317200,873060,114589154.9652
"Bourne supremacy",1360444860,1485068256,124623396,114589154.9652
"Bourne supremacy",1360444860,1360879140,434280,114589154.9652
"Bourne supremacy",1360454700,1485068256,124613556,114589154.9652
"Bourne supremacy",1360532760,1485068256,124535496,114589154.9652
"Bourne supremacy",1360535460,1485068256,124532796,114589154.9652
"Bourne supremacy",1360543260,1485068256,124524996,114589154.9652
"Bourne supremacy",1360543260,1361055720,512460,114589154.9652
"Bourne supremacy",1360606920,1485068256,124461336,114589154.9652
"Bourne supremacy",1360606920,1361324220,717300,114589154.9652
"Bourne supremacy",1360636980,1485068256,124431276,114589154.9652
"Bourne supremacy",1360636980,1361139300,502320,114589154.9652
"Bourne supremacy",1360952640,1485068256,124115616,114589154.9652
"Bourne supremacy",1360952640,1361297820,345180,114589154.9652
"Bourne supremacy",1360959840,1485068256,124108416,114589154.9652
"Bourne supremacy",1360959840,1361049660,89820,114589154.9652
"Bourne supremacy",1361147040,1485068256,123921216,114589154.9652
"Bourne supremacy",1361147040,1361311380,164340,114589154.9652
"Bourne supremacy",1361318580,1485068256,123749676,114589154.9652
"Bourne supremacy",1361318580,1361651220,332640,114589154.9652
"Bourne supremacy",1361332680,1485068256,123735576,114589154.9652
"Bourne supremacy",1361332680,1362541140,1208460,114589154.9652
"Bourne supremacy",1361408760,1485068256,123659496,114589154.9652
"Bourne supremacy",1361408760,1362172140,763380,114589154.9652
"Bourne supremacy",1361478000,1485068256,123590256,114589154.9652
"Bourne supremacy",1361478000,1362517740,1039740,114589154.9652
"Bourne supremacy",1361478780,1485068256,123589476,114589154.9652
"Bourne supremacy",1361484360,1485068256,123583896,114589154.9652
"Bourne supremacy",1361484360,1361837280,352920,114589154.9652
"Bourne supremacy",1361485080,1485068256,123583176,114589154.9652
"Bourne supremacy",1361485080,1363899660,2414580,114589154.9652
"Bourne supremacy",1361583540,1485068256,123484716,114589154.9652
"Bourne supremacy",1361583540,1361919660,336120,114589154.9652
"Bourne supremacy",1361584500,1485068256,123483756,114589154.9652
"Bourne supremacy",1361584500,1362430620,846120,114589154.9652
"Bourne supremacy",1361650620,1485068256,123417636,114589154.9652
"Bourne supremacy",1361650620,1362252480,601860,114589154.9652
"Bourne supremacy",1361650740,1485068256,123417516,114589154.9652
"Bourne supremacy",1361650740,1361927760,277020,114589154.9652
"Bourne supremacy",1361670000,1485068256,123398256,114589154.9652
"Bourne supremacy",1361745000,1485068256,123323256,114589154.9652
"Bourne supremacy",1361925360,1485068256,123142896,114589154.9652
"Bourne supremacy",1361925360,1362170520,245160,114589154.9652
"Bourne supremacy",1362001680,1485068256,123066576,114589154.9652
"Bourne supremacy",1362001680,1362946860,945180,114589154.9652
"Bourne supremacy",1362021060,1485068256,123047196,114589154.9652
"Bourne supremacy",1362100260,1485068256,122967996,114589154.9652
"Bourne supremacy",1362158340,1485068256,122909916,114589154.9652
"Bourne supremacy",1362158340,1365202080,3043740,114589154.9652
"Bourne supremacy",1362164340,1485068256,122903916,114589154.9652
"Bourne supremacy",1362164340,1363038180,873840,114589154.9652
"Bourne supremacy",1362177480,1485068256,122890776,114589154.9652
"Bourne supremacy",1362187620,1485068256,122880636,114589154.9652
"Bourne supremacy",1362187620,1363211460,1023840,114589154.9652
"Bourne supremacy",1362263160,1485068256,122805096,114589154.9652
"Bourne supremacy",1362263160,1362866040,602880,114589154.9652
"Bourne supremacy",1362355320,1485068256,122712936,114589154.9652
"Bourne supremacy",1362355320,1362794580,439260,114589154.9652
"Bourne supremacy",1362422100,1485068256,122646156,114589154.9652
"Bourne supremacy",1362682740,1485068256,122385516,114589154.9652
"Bourne supremacy",1362700740,1485068256,122367516,114589154.9652
"Bourne supremacy",1362700740,1363915260,1214520,114589154.9652
"Bourne supremacy",1362709860,1485068256,122358396,114589154.9652
"Bourne supremacy",1362709860,1363744500,1034640,114589154.9652
"Bourne supremacy",1362783660,1485068256,122284596,114589154.9652
"Bourne supremacy",1362783660,1363650840,867180,114589154.9652
"Bourne supremacy",1362790920,1485068256,122277336,114589154.9652
"Bourne supremacy",1362790920,1363210260,419340,114589154.9652
"Bourne supremacy",1362856740,1485068256,122211516,114589154.9652
"Bourne supremacy",1362856740,1362957900,101160,114589154.9652
"Bourne supremacy",1362862500,1485068256,122205756,114589154.9652
"Bourne supremacy",1362862500,1362958980,96480,114589154.9652
"Bourne supremacy",1362869280,1485068256,122198976,114589154.9652
"Bourne supremacy",1363028040,1485068256,122040216,114589154.9652
"Bourne supremacy",1363041240,1485068256,122027016,114589154.9652
"Bourne supremacy",1363041240,1366489920,3448680,114589154.9652
"Bourne supremacy",1363142340,1485068256,121925916,114589154.9652
"Bourne supremacy",1363142340,1363994340,852000,114589154.9652
"Bourne supremacy",1363200420,1485068256,121867836,114589154.9652
"Bourne supremacy",1363200420,1363288560,88140,114589154.9652
"Bourne supremacy",1363290600,1485068256,121777656,114589154.9652
"Bourne supremacy",1363290600,1366410360,3119760,114589154.9652
"Bourne supremacy",1363305960,1485068256,121762296,114589154.9652
"Bourne supremacy",1363305960,1365722760,2416800,114589154.9652
"Bourne supremacy",1363307700,1485068256,121760556,114589154.9652
"Bourne supremacy",1363307700,1364063160,755460,114589154.9652
"Bourne supremacy",1363372080,1485068256,121696176,114589154.9652
"Bourne supremacy",1363372080,1363627860,255780,114589154.9652
"Bourne supremacy",1363372680,1485068256,121695576,114589154.9652
"Bourne supremacy",1363378380,1485068256,121689876,114589154.9652
"Bourne supremacy",1363378380,1363735620,357240,114589154.9652
"Bourne supremacy",1363473600,1485068256,121594656,114589154.9652
"Bourne supremacy",1363473600,1364085360,611760,114589154.9652
"Bourne supremacy",1363552620,1485068256,121515636,114589154.9652
"Bourne supremacy",1363552620,1366164000,2611380,114589154.9652
"Bourne supremacy",1363559220,1485068256,121509036,114589154.9652
"Bourne supremacy",1363559220,1363730340,171120,114589154.9652
"Bourne supremacy",1363742400,1485068256,121325856,114589154.9652
"Bourne supremacy",1363815960,1485068256,121252296,114589154.9652
"Bourne supremacy",1363817640,1485068256,121250616,114589154.9652
"Bourne supremacy",1363817640,1364505960,688320,114589154.9652
"Bourne supremacy",1363896480,1485068256,121171776,114589154.9652
"Bourne supremacy",1363896480,1365884220,1987740,114589154.9652
"Bourne supremacy",1363914240,1485068256,121154016,114589154.9652
"Bourne supremacy",1363988400,1485068256,121079856,114589154.9652
"Bourne supremacy",1363988400,1364407140,418740,114589154.9652
"Bourne supremacy",1363991580,1485068256,121076676,114589154.9652
"Bourne supremacy",1363991580,1364845260,853680,114589154.9652
"Bourne supremacy",1364070180,1485068256,120998076,114589154.9652
"Bourne supremacy",1364070180,1364262000,191820,114589154.9652
"Bourne supremacy",1364248200,1485068256,120820056,114589154.9652
"Bourne supremacy",1364248200,1366162080,1913880,114589154.9652
"Bourne supremacy",1364255700,1485068256,120812556,114589154.9652
"Bourne supremacy",1364262900,1485068256,120805356,114589154.9652
"Bourne supremacy",1364262900,1365724500,1461600,114589154.9652
"Bourne supremacy",1364346120,1485068256,120722136,114589154.9652
"Bourne supremacy",1364346120,1364843880,497760,114589154.9652
"Bourne supremacy",1364347620,1485068256,120720636,114589154.9652
"Bourne supremacy",1364516820,1485068256,120551436,114589154.9652
"Bourne supremacy",1364516820,1365119280,602460,114589154.9652
"Bourne supremacy",1364591100,1485068256,120477156,114589154.9652
"Bourne supremacy",1364602560,1485068256,120465696,114589154.9652
"Bourne supremacy",1364856120,1485068256,120212136,114589154.9652
"Bourne supremacy",1364856120,1365441960,585840,114589154.9652
"Bourne supremacy",1365019620,1485068256,120048636,114589154.9652
"Bourne supremacy",1365030240,1365030240,0,114589154.9652
"Bourne supremacy",1365113280,1485068256,119954976,114589154.9652
"Bourne supremacy",1365113280,1365285540,172260,114589154.9652
"Bourne supremacy",1365118260,1485068256,119949996,114589154.9652
"Bourne supremacy",1365118260,1366244940,1126680,114589154.9652
"Bourne supremacy",1365118680,1485068256,119949576,114589154.9652
"Bourne supremacy",1365118680,1365368760,250080,114589154.9652
"Bourne supremacy",1365130620,1485068256,119937636,114589154.9652
"Bourne supremacy",1365130620,1365979260,848640,114589154.9652
"Bourne supremacy",1365186960,1485068256,119881296,114589154.9652
"Bourne supremacy",1365186960,1366574640,1387680,114589154.9652
"Bourne supremacy",1365274680,1485068256,119793576,114589154.9652
"Bourne supremacy",1365274680,1366483980,1209300,114589154.9652
"Bourne supremacy",1365370380,1485068256,119697876,114589154.9652
"Bourne supremacy",1365370380,1365560940,190560,114589154.9652
"Bourne supremacy",1365375360,1485068256,119692896,114589154.9652
"Bourne supremacy",1365375360,1365626520,251160,114589154.9652
"Bourne supremacy",1365719820,1485068256,119348436,114589154.9652
"Bourne supremacy",1365719820,1366062120,342300,114589154.9652
"Bourne supremacy",1365785520,1485068256,119282736,114589154.9652
"Bourne supremacy",1365785520,1368204600,2419080,114589154.9652
"Bourne supremacy",1365901020,1485068256,119167236,114589154.9652
"Bourne supremacy",1366062600,1485068256,119005656,114589154.9652
"Bourne supremacy",1366062600,1366664220,601620,114589154.9652
"Bourne supremacy",1366074780,1485068256,118993476,114589154.9652
"Bourne supremacy",1366074780,1366674240,599460,114589154.9652
"Bourne supremacy",1366159080,1485068256,118909176,114589154.9652
"Bourne supremacy",1366159080,1367356020,1196940,114589154.9652
"Bourne supremacy",1366328580,1366328940,360,114589154.9652
"Bourne supremacy",1366330740,1485068256,118737516,114589154.9652
"Bourne supremacy",1366330740,1366846140,515400,114589154.9652
"Bourne supremacy",1366412520,1485068256,118655736,114589154.9652
"Bourne supremacy",1366412520,1367875140,1462620,114589154.9652
"Bourne supremacy",1366413240,1485068256,118655016,114589154.9652
"Bourne supremacy",1366413240,1367539200,1125960,114589154.9652
"Bourne supremacy",1366489200,1485068256,118579056,114589154.9652
"Bourne supremacy",1366489200,1367457300,968100,114589154.9652
"Bourne supremacy",1366496400,1485068256,118571856,114589154.9652
"Bourne supremacy",1366496400,1367108580,612180,114589154.9652
"Bourne supremacy",1366665600,1485068256,118402656,114589154.9652
"Bourne supremacy",1366665600,1367110140,444540,114589154.9652
"Bourne supremacy",1366666740,1485068256,118401516,114589154.9652
"Bourne supremacy",1366681980,1485068256,118386276,114589154.9652
"Bourne supremacy",1366681980,1367107320,425340,114589154.9652
"Bourne supremacy",1366756920,1485068256,118311336,114589154.9652
"Bourne supremacy",1366756920,1367371200,614280,114589154.9652
"Bourne supremacy",1366759920,1485068256,118308336,114589154.9652
"Bourne supremacy",1366759920,1367450580,690660,114589154.9652
"Bourne supremacy",1366763460,1485068256,118304796,114589154.9652
"Bourne supremacy",1366763460,1367281560,518100,114589154.9652
"Bourne supremacy",1366766400,1485068256,118301856,114589154.9652
"Bourne supremacy",1366769040,1485068256,118299216,114589154.9652
"Bourne supremacy",1366769040,1367873760,1104720,114589154.9652
"Bourne supremacy",1366848420,1485068256,118219836,114589154.9652
"Bourne supremacy",1366848420,1367866800,1018380,114589154.9652
"Bourne supremacy",1366915920,1485068256,118152336,114589154.9652
"Bourne supremacy",1366915920,1368120420,1204500,114589154.9652
"Bourne supremacy",1367009760,1485068256,118058496,114589154.9652
"Bourne supremacy",1367009760,1367277660,267900,114589154.9652
"Bourne supremacy",1367099940,1485068256,117968316,114589154.9652
"Bourne supremacy",1367099940,1367710680,610740,114589154.9652
"Bourne supremacy",1367104260,1485068256,117963996,114589154.9652
"Bourne supremacy",1367104260,1368046860,942600,114589154.9652
"Bourne supremacy",1367439960,1485068256,117628296,114589154.9652
"Bourne supremacy",1367439960,1368653640,1213680,114589154.9652
"Bourne supremacy",1367441400,1485068256,117626856,114589154.9652
"Bourne supremacy",1367446980,1485068256,117621276,114589154.9652
"Bourne supremacy",1367446980,1368057660,610680,114589154.9652
"Bourne supremacy",1367451360,1485068256,117616896,114589154.9652
"Bourne supremacy",1367451360,1370390220,2938860,114589154.9652
"Bourne supremacy",1367537820,1485068256,117530436,114589154.9652
"Bourne supremacy",1367537820,1367976180,438360,114589154.9652
"Bourne supremacy",1367691840,1485068256,117376416,114589154.9652
"Bourne supremacy",1367691840,1369267140,1575300,114589154.9652
"Bourne supremacy",1367697600,1485068256,117370656,114589154.9652
"Bourne supremacy",1367697600,1370386860,2689260,114589154.9652
"Bourne supremacy",1367702940,1485068256,117365316,114589154.9652
"Bourne supremacy",1367702940,1368315300,612360,114589154.9652
"Bourne supremacy",1367784120,1485068256,117284136,114589154.9652
"Bourne supremacy",1367784120,1368141120,357000,114589154.9652
"Bourne supremacy",1367866440,1485068256,117201816,114589154.9652
"Bourne supremacy",1367866440,1368575700,709260,114589154.9652
"Bourne supremacy",1367886120,1485068256,117182136,114589154.9652
"Bourne supremacy",1368145680,1485068256,116922576,114589154.9652
"Bourne supremacy",1368145680,1368904440,758760,114589154.9652
"Bourne supremacy",1368225120,1485068256,116843136,114589154.9652
"Bourne supremacy",1368225120,1368661620,436500,114589154.9652
"Bourne supremacy",1368312600,1485068256,116755656,114589154.9652
"Bourne supremacy",1368312600,1368921900,609300,114589154.9652
"Bourne supremacy",1368319800,1485068256,116748456,114589154.9652
"Bourne supremacy",1368389640,1485068256,116678616,114589154.9652
"Bourne supremacy",1368389640,1369078440,688800,114589154.9652
"Bourne supremacy",1368391620,1485068256,116676636,114589154.9652
"Bourne supremacy",1368391620,1370288640,1897020,114589154.9652
"Bourne supremacy",1368395040,1485068256,116673216,114589154.9652
"Bourne supremacy",1368395040,1368474900,79860,114589154.9652
"Bourne supremacy",1368400440,1485068256,116667816,114589154.9652
"Bourne supremacy",1368400440,1368494160,93720,114589154.9652
"Bourne supremacy",1368475020,1485068256,116593236,114589154.9652
"Bourne supremacy",1368475020,1368819120,344100,114589154.9652
"Bourne supremacy",1368483240,1485068256,116585016,114589154.9652
"Bourne supremacy",1368483240,1368747480,264240,114589154.9652
"Bourne supremacy",1368661260,1485068256,116406996,114589154.9652
"Bourne supremacy",1368661260,1369603260,942000,114589154.9652
"Bourne supremacy",1368664440,1485068256,116403816,114589154.9652
"Bourne supremacy",1368735240,1485068256,116333016,114589154.9652
"Bourne supremacy",1368735240,1371777900,3042660,114589154.9652
"Bourne supremacy",1368826740,1485068256,116241516,114589154.9652
"Bourne supremacy",1368826740,1368997380,170640,114589154.9652
"Bourne supremacy",1368908820,1485068256,116159436,114589154.9652
"Bourne supremacy",1368908820,1370654400,1745580,114589154.9652
"Bourne supremacy",1368924720,1485068256,116143536,114589154.9652
"Bourne supremacy",1368924720,1369600800,676080,114589154.9652
"Bourne supremacy",1368994080,1485068256,116074176,114589154.9652
"Bourne supremacy",1369005120,1485068256,116063136,114589154.9652
"Bourne supremacy",1369005120,1370727060,1721940,114589154.9652
"Bourne supremacy",1369006740,1485068256,116061516,114589154.9652
"Bourne supremacy",1369006740,1369881060,874320,114589154.9652
"Bourne supremacy",1369090320,1485068256,115977936,114589154.9652
"Bourne supremacy",1369090320,1369333500,243180,114589154.9652
"Bourne supremacy",1369095120,1485068256,115973136,114589154.9652
"Bourne supremacy",1369095120,1369272120,177000,114589154.9652
"Bourne supremacy",1369175280,1485068256,115892976,114589154.9652
"Bourne supremacy",1369175280,1372107000,2931720,114589154.9652
"Bourne supremacy",1369333560,1485068256,115734696,114589154.9652
"Bourne supremacy",1369333560,1371584100,2250540,114589154.9652
"Bourne supremacy",1369338900,1485068256,115729356,114589154.9652
"Bourne supremacy",1369338900,1370569320,1230420,114589154.9652
"Bourne supremacy",1369505880,1485068256,115562376,114589154.9652
"Bourne supremacy",1369505880,1369768740,262860,114589154.9652
"Bourne supremacy",1369523160,1485068256,115545096,114589154.9652
"Bourne supremacy",1369523160,1370725860,1202700,114589154.9652
"Bourne supremacy",1369597500,1485068256,115470756,114589154.9652
"Bourne supremacy",1369597500,1370025660,428160,114589154.9652
"Bourne supremacy",1369790400,1485068256,115277856,114589154.9652
"Bourne supremacy",1369790400,1370391360,600960,114589154.9652
"Bourne supremacy",1369954740,1485068256,115113516,114589154.9652
"Bourne supremacy",1369954740,1372206600,2251860,114589154.9652
"Bourne supremacy",1369957740,1485068256,115110516,114589154.9652
"Bourne supremacy",1369957740,1370559240,601500,114589154.9652
"Bourne supremacy",1370036940,1485068256,115031316,114589154.9652
"Bourne supremacy",1370036940,1370461740,424800,114589154.9652
"Bourne supremacy",1370038020,1485068256,115030236,114589154.9652
"Bourne supremacy",1370038020,1371083700,1045680,114589154.9652
"Bourne supremacy",1370207940,1485068256,114860316,114589154.9652
"Bourne supremacy",1370207940,1370458920,250980,114589154.9652
"Bourne supremacy",1370369280,1485068256,114698976,114589154.9652
"Bourne supremacy",1370486760,1485068256,114581496,114589154.9652
"Bourne supremacy",1370486760,1370721000,234240,114589154.9652
"Bourne supremacy",1370551620,1485068256,114516636,114589154.9652
"Bourne supremacy",1370551620,1370972460,420840,114589154.9652
"Bourne supremacy",1370552520,1485068256,114515736,114589154.9652
"Bourne supremacy",1370552520,1371159120,606600,114589154.9652
"Bourne supremacy",1370565420,1485068256,114502836,114589154.9652
"Bourne supremacy",1370565420,1370907000,341580,114589154.9652
"Bourne supremacy",1370637360,1485068256,114430896,114589154.9652
"Bourne supremacy",1370637360,1370887260,249900,114589154.9652
"Bourne supremacy",1370637720,1485068256,114430536,114589154.9652
"Bourne supremacy",1370637720,1371160800,523080,114589154.9652
"Bourne supremacy",1370719080,1485068256,114349176,114589154.9652
"Bourne supremacy",1370719080,1370886480,167400,114589154.9652
"Bourne supremacy",1370734740,1485068256,114333516,114589154.9652
"Bourne supremacy",1370823960,1485068256,114244296,114589154.9652
"Bourne supremacy",1370823960,1371252420,428460,114589154.9652
"Bourne supremacy",1370911440,1485068256,114156816,114589154.9652
"Bourne supremacy",1370911440,1370993040,81600,114589154.9652
"Bourne supremacy",1370984340,1485068256,114083916,114589154.9652
"Bourne supremacy",1370984340,1372188060,1203720,114589154.9652
"Bourne supremacy",1370987460,1485068256,114080796,114589154.9652
"Bourne supremacy",1370987460,1372467060,1479600,114589154.9652
"Bourne supremacy",1371073080,1485068256,113995176,114589154.9652
"Bourne supremacy",1371073080,1371601080,528000,114589154.9652
"Bourne supremacy",1371160200,1485068256,113908056,114589154.9652
"Bourne supremacy",1371166320,1485068256,113901936,114589154.9652
"Bourne supremacy",1371166320,1372117800,951480,114589154.9652
"Bourne supremacy",1371167580,1485068256,113900676,114589154.9652
"Bourne supremacy",1371167580,1371231420,63840,114589154.9652
"Bourne supremacy",1371176580,1485068256,113891676,114589154.9652
"Bourne supremacy",1371176580,1372449600,1273020,114589154.9652
"Bourne supremacy",1371231900,1485068256,113836356,114589154.9652
"Bourne supremacy",1371231900,1372376520,1144620,114589154.9652
"Bourne supremacy",1371252300,1485068256,113815956,114589154.9652
"Bourne supremacy",1371252300,1371943320,691020,114589154.9652
"Bourne supremacy",1371329220,1485068256,113739036,114589154.9652
"Bourne supremacy",1371329220,1372540680,1211460,114589154.9652
"Bourne supremacy",1371343140,1485068256,113725116,114589154.9652
"Bourne supremacy",1371343140,1372525200,1182060,114589154.9652
"Bourne supremacy",1371514860,1485068256,113553396,114589154.9652
"Bourne supremacy",1371514860,1371666120,151260,114589154.9652
"Bourne supremacy",1371677340,1485068256,113390916,114589154.9652
"Bourne supremacy",1371754500,1485068256,113313756,114589154.9652
"Bourne supremacy",1371754500,1372352760,598260,114589154.9652
"Bourne supremacy",1371761760,1485068256,113306496,114589154.9652
"Bourne supremacy",1371854340,1485068256,113213916,114589154.9652
"Bourne supremacy",1371854340,1372899300,1044960,114589154.9652
"Bourne supremacy",1371942060,1485068256,113126196,114589154.9652
"Bourne supremacy",1372014720,1485068256,113053536,114589154.9652
"Bourne supremacy",1372014720,1372871460,856740,114589154.9652
"Bourne supremacy",1372118700,1485068256,112949556,114589154.9652
"Bourne supremacy",1372118700,1372203120,84420,114589154.9652
"Bourne supremacy",1372205160,1485068256,112863096,114589154.9652
"Bourne supremacy",1372209900,1485068256,112858356,114589154.9652
"Bourne supremacy",1372293180,1485068256,112775076,114589154.9652
"Bourne supremacy",1372293180,1373334780,1041600,114589154.9652
"Bourne supremacy",1372361100,1485068256,112707156,114589154.9652
"Bourne supremacy",1372361100,1373674560,1313460,114589154.9652
"Bourne supremacy",1372459800,1485068256,112608456,114589154.9652
"Bourne supremacy",1372459800,1372905120,445320,114589154.9652
"Bourne supremacy",1372534140,1485068256,112534116,114589154.9652
"Bourne supremacy",1372534140,1375571400,3037260,114589154.9652
"Bourne supremacy",1372535280,1485068256,112532976,114589154.9652
"Bourne supremacy",1372535280,1373745000,1209720,114589154.9652
"Bourne supremacy",1372547880,1485068256,112520376,114589154.9652
"Bourne supremacy",1372547880,1372891380,343500,114589154.9652
"Bourne supremacy",1372622760,1485068256,112445496,114589154.9652
"Bourne supremacy",1372622760,1372905420,282660,114589154.9652
"Bourne supremacy",1372628520,1485068256,112439736,114589154.9652
"Bourne supremacy",1372628520,1372889940,261420,114589154.9652
"Bourne supremacy",1372630080,1485068256,112438176,114589154.9652
"Bourne supremacy",1372796040,1485068256,112272216,114589154.9652
"Bourne supremacy",1372796040,1373918880,1122840,114589154.9652
"Bourne supremacy",1372882500,1485068256,112185756,114589154.9652
"Bourne supremacy",1372882500,1373055240,172740,114589154.9652
"Bourne supremacy",1372887000,1485068256,112181256,114589154.9652
"Bourne supremacy",1372897260,1485068256,112170996,114589154.9652
"Bourne supremacy",1372897260,1373580360,683100,114589154.9652
"Bourne supremacy",1373045580,1485068256,112022676,114589154.9652
"Bourne supremacy",1373045580,1373303160,257580,114589154.9652
"Bourne supremacy",1373060880,1485068256,112007376,114589154.9652
"Bourne supremacy",1373060880,1373419860,358980,114589154.9652
"Bourne supremacy",1373132520,1485068256,111935736,114589154.9652
"Bourne supremacy",1373132520,1373323140,190620,114589154.9652
"Bourne supremacy",1373147940,1485068256,111920316,114589154.9652
"Bourne supremacy",1373147940,1373314320,166380,114589154.9652
"Bourne supremacy",1373239320,1485068256,111828936,114589154.9652
"Bourne supremacy",1373313960,1485068256,111754296,114589154.9652
"Bourne supremacy",1373313960,1373593440,279480,114589154.9652
"Bourne supremacy",1373321580,1485068256,111746676,114589154.9652
"Bourne supremacy",1373424000,1485068256,111644256,114589154.9652
"Bourne supremacy",1373424000,1485068256,111644256,114589154.9652
"Bourne supremacy",1373424000,1373743800,319800,114589154.9652
"Bourne supremacy",1373424000,1373743860,319860,114589154.9652
"Bourne supremacy",1373592780,1485068256,111475476,114589154.9652
"Bourne supremacy",1373592780,1374621720,1028940,114589154.9652
"Bourne supremacy",1373655120,1485068256,111413136,114589154.9652
"Bourne supremacy",1373655120,1373918580,263460,114589154.9652
"Bourne supremacy",1373663820,1485068256,111404436,114589154.9652
"Bourne supremacy",1373742360,1485068256,111325896,114589154.9652
"Bourne supremacy",1373742360,1375221300,1478940,114589154.9652
"Bourne supremacy",1373750820,1485068256,111317436,114589154.9652
"Bourne supremacy",1373750820,1374877680,1126860,114589154.9652
"Bourne supremacy",1373756100,1485068256,111312156,114589154.9652
"Bourne supremacy",1373756100,1374612000,855900,114589154.9652
"Bourne supremacy",1373759160,1485068256,111309096,114589154.9652
"Bourne supremacy",1373834760,1485068256,111233496,114589154.9652
"Bourne supremacy",1373834760,1374085440,250680,114589154.9652
"Bourne supremacy",1373922900,1485068256,111145356,114589154.9652
"Bourne supremacy",1373939280,1485068256,111128976,114589154.9652
"Bourne supremacy",1373939280,1374449220,509940,114589154.9652
"Bourne supremacy",1374013560,1485068256,111054696,114589154.9652
"Bourne supremacy",1374094920,1485068256,110973336,114589154.9652
"Bourne supremacy",1374095340,1485068256,110972916,114589154.9652
"Bourne supremacy",1374095340,1374258900,163560,114589154.9652
"Bourne supremacy",1374167280,1485068256,110900976,114589154.9652
"Bourne supremacy",1374184620,1485068256,110883636,114589154.9652
"Bourne supremacy",1374184620,1376614020,2429400,114589154.9652
"Bourne supremacy",1374355380,1485068256,110712876,114589154.9652
"Bourne supremacy",1374355380,1375393680,1038300,114589154.9652
"Bourne supremacy",1374615180,1485068256,110453076,114589154.9652
"Bourne supremacy",1374615180,1375305540,690360,114589154.9652
"Bourne supremacy",1374720000,1485068256,110348256,114589154.9652
"Bourne supremacy",1374720000,1376349900,1629900,114589154.9652
"Bourne supremacy",1374781140,1485068256,110287116,114589154.9652
"Bourne supremacy",1374781140,1376004180,1223040,114589154.9652
"Bourne supremacy",1374798300,1485068256,110269956,114589154.9652
"Bourne supremacy",1374798300,1376012940,1214640,114589154.9652
"Bourne supremacy",1374881220,1485068256,110187036,114589154.9652
"Bourne supremacy",1374881220,1374966960,85740,114589154.9652
"Bourne supremacy",1374881400,1485068256,110186856,114589154.9652
"Bourne supremacy",1374881400,1376088600,1207200,114589154.9652
"Bourne supremacy",1375042200,1485068256,110026056,114589154.9652
"Bourne supremacy",1375042200,1375654800,612600,114589154.9652
"Bourne supremacy",1375052640,1485068256,110015616,114589154.9652
"Bourne supremacy",1375052640,1375744620,691980,114589154.9652
"Bourne supremacy",1375150320,1485068256,109917936,114589154.9652
"Bourne supremacy",1375150320,1376359260,1208940,114589154.9652
"Bourne supremacy",1375211940,1485068256,109856316,114589154.9652
"Bourne supremacy",1375325760,1485068256,109742496,114589154.9652
"Bourne supremacy",1375325760,1375574400,248640,114589154.9652
"Bourne supremacy",1375473240,1485068256,109595016,114589154.9652
"Bourne supremacy",1375473240,1376435520,962280,114589154.9652
"Bourne supremacy",1375484220,1485068256,109584036,114589154.9652
"Bourne supremacy",1375484220,1375815360,331140,114589154.9652
"Bourne supremacy",1375560840,1485068256,109507416,114589154.9652
"Bourne supremacy",1375560840,1377038640,1477800,114589154.9652
"Bourne supremacy",1375832460,1485068256,109235796,114589154.9652
"Bourne supremacy",1375908000,1485068256,109160256,114589154.9652
"Bourne supremacy",1375908000,1377044940,1136940,114589154.9652
"Bourne supremacy",1375910940,1485068256,109157316,114589154.9652
"Bourne supremacy",1375922880,1485068256,109145376,114589154.9652
"Bourne supremacy",1375922880,1377916020,1993140,114589154.9652
"Bourne supremacy",1375930560,1485068256,109137696,114589154.9652
"Bourne supremacy",1376082240,1485068256,108986016,114589154.9652
"Bourne supremacy",1376082240,1376438400,356160,114589154.9652
"Bourne supremacy",1376253420,1485068256,108814836,114589154.9652
"Bourne supremacy",1376253420,1376684820,431400,114589154.9652
"Bourne supremacy",1376265420,1485068256,108802836,114589154.9652
"Bourne supremacy",1376265420,1378434300,2168880,114589154.9652
"Bourne supremacy",1376328960,1485068256,108739296,114589154.9652
"Bourne supremacy",1376328960,1377029460,700500,114589154.9652
"Bourne supremacy",1376420220,1485068256,108648036,114589154.9652
"Bourne supremacy",1376420220,1377465360,1045140,114589154.9652
"Bourne supremacy",1376432340,1485068256,108635916,114589154.9652
"Bourne supremacy",1376437080,1485068256,108631176,114589154.9652
"Bourne supremacy",1376437080,1377388920,951840,114589154.9652
"Bourne supremacy",1376445060,1485068256,108623196,114589154.9652
"Bourne supremacy",1376445060,1380075240,3630180,114589154.9652
"Bourne supremacy",1376528580,1485068256,108539676,114589154.9652
"Bourne supremacy",1376528580,1377389100,860520,114589154.9652
"Bourne supremacy",1376598600,1485068256,108469656,114589154.9652
"Bourne supremacy",1376611500,1485068256,108456756,114589154.9652
"Bourne supremacy",1376611500,1377566760,955260,114589154.9652
"Bourne supremacy",1376688900,1485068256,108379356,114589154.9652
"Bourne supremacy",1376858580,1485068256,108209676,114589154.9652
"Bourne supremacy",1376858580,1377389820,531240,114589154.9652
"Bourne supremacy",1376940840,1485068256,108127416,114589154.9652
"Bourne supremacy",1376940840,1377902760,961920,114589154.9652
"Bourne supremacy",1377112860,1485068256,107955396,114589154.9652
"Bourne supremacy",1377112860,1381019940,3907080,114589154.9652
"Bourne supremacy",1377470100,1485068256,107598156,114589154.9652
"Bourne supremacy",1377470100,1377558000,87900,114589154.9652
"Bourne supremacy",1377552540,1485068256,107515716,114589154.9652
"Bourne supremacy",1377552540,1379978460,2425920,114589154.9652
"Bourne supremacy",1377552540,1381282380,3729840,114589154.9652
"Bourne supremacy",1377568860,1485068256,107499396,114589154.9652
"Bourne supremacy",1377568860,1378256820,687960,114589154.9652
"Bourne supremacy",1377648900,1485068256,107419356,114589154.9652
"Bourne supremacy",1377648900,1378233120,584220,114589154.9652
"Bourne supremacy",1377651540,1485068256,107416716,114589154.9652
"Bourne supremacy",1377721920,1485068256,107346336,114589154.9652
"Bourne supremacy",1377721920,1378587960,866040,114589154.9652
"Bourne supremacy",1377819960,1485068256,107248296,114589154.9652
"Bourne supremacy",1377819960,1378250700,430740,114589154.9652
"Bourne supremacy",1377972780,1485068256,107095476,114589154.9652
"Bourne supremacy",1377972780,1378583760,610980,114589154.9652
"Bourne supremacy",1378067160,1485068256,107001096,114589154.9652
"Bourne supremacy",1378067160,1378257240,190080,114589154.9652
"Bourne supremacy",1378078260,1485068256,106989996,114589154.9652
"Bourne supremacy",1378237980,1485068256,106830276,114589154.9652
"Bourne supremacy",1378244400,1485068256,106823856,114589154.9652
"Bourne supremacy",1378244400,1379469240,1224840,114589154.9652
"Bourne supremacy",1378252080,1485068256,106816176,114589154.9652
"Bourne supremacy",1378256160,1485068256,106812096,114589154.9652
"Bourne supremacy",1378256160,1379123400,867240,114589154.9652
"Bourne supremacy",1378319700,1485068256,106748556,114589154.9652
"Bourne supremacy",1378319760,1485068256,106748496,114589154.9652
"Bourne supremacy",1378319760,1378579320,259560,114589154.9652
"Bourne supremacy",1378348860,1485068256,106719396,114589154.9652
"Bourne supremacy",1378348860,1378597860,249000,114589154.9652
"Bourne supremacy",1378494300,1485068256,106573956,114589154.9652
"Bourne supremacy",1378494300,1378578720,84420,114589154.9652
"Bourne supremacy",1378580760,1485068256,106487496,114589154.9652
"Bourne supremacy",1378580760,1379188800,608040,114589154.9652
"Bourne supremacy",1378599360,1485068256,106468896,114589154.9652
"Bourne supremacy",1378599360,1378680180,80820,114589154.9652
"Bourne supremacy",1378673460,1485068256,106394796,114589154.9652
"Bourne supremacy",1378673460,1378827780,154320,114589154.9652
"Bourne supremacy",1378676160,1485068256,106392096,114589154.9652
"Bourne supremacy",1378676160,1381891320,3215160,114589154.9652
"Bourne supremacy",1378770840,1485068256,106297416,114589154.9652
"Bourne supremacy",1378770840,1379989980,1219140,114589154.9652
"Bourne supremacy",1378773240,1485068256,106295016,114589154.9652
"Bourne supremacy",1378773240,1380495720,1722480,114589154.9652
"Bourne supremacy",1378928820,1485068256,106139436,114589154.9652
"Bourne supremacy",1378928820,1379017380,88560,114589154.9652
"Bourne supremacy",1378946280,1485068256,106121976,114589154.9652
"Bourne supremacy",1378946280,1379370600,424320,114589154.9652
"Bourne supremacy",1379027340,1485068256,106040916,114589154.9652
"Bourne supremacy",1379374260,1485068256,105693996,114589154.9652
"Bourne supremacy",1379374260,1380586260,1212000,114589154.9652
"Bourne supremacy",1379454000,1485068256,105614256,114589154.9652
"Bourne supremacy",1379558280,1485068256,105509976,114589154.9652
"Bourne supremacy",1379558280,1379627820,69540,114589154.9652
"Bourne supremacy",1379618460,1485068256,105449796,114589154.9652
"Bourne supremacy",1379635620,1485068256,105432636,114589154.9652
"Bourne supremacy",1379635620,1381001280,1365660,114589154.9652
"Bourne supremacy",1379715420,1485068256,105352836,114589154.9652
"Bourne supremacy",1379715420,1380594240,878820,114589154.9652
"Bourne supremacy",1379791200,1485068256,105277056,114589154.9652
"Bourne supremacy",1379973720,1485068256,105094536,114589154.9652
"Bourne supremacy",1379973720,1382989620,3015900,114589154.9652
"Bourne supremacy",1380129600,1485068256,104938656,114589154.9652
"Bourne supremacy",1380129600,1382998380,2868780,114589154.9652
"Bourne supremacy",1380150000,1485068256,104918256,114589154.9652
"Bourne supremacy",1380150000,1384306020,4156020,114589154.9652
"Bourne supremacy",1380228420,1485068256,104839836,114589154.9652
"Bourne supremacy",1380228420,1381090380,861960,114589154.9652
"Bourne supremacy",1380407700,1485068256,104660556,114589154.9652
"Bourne supremacy",1380407700,1380413940,6240,114589154.9652
"Bourne supremacy",1380487200,1485068256,104581056,114589154.9652
"Bourne supremacy",1380487200,1381197360,710160,114589154.9652
"Bourne supremacy",1380651960,1485068256,104416296,114589154.9652
"Bourne supremacy",1380651960,1380996480,344520,114589154.9652
"Bourne supremacy",1380825000,1380825000,0,114589154.9652
"Bourne supremacy",1380846660,1485068256,104221596,114589154.9652
"Bourne supremacy",1380846660,1381430160,583500,114589154.9652
"Bourne supremacy",1381003380,1485068256,104064876,114589154.9652
"Bourne supremacy",1381007340,1485068256,104060916,114589154.9652
"Bourne supremacy",1381007340,1381609560,602220,114589154.9652
"Bourne supremacy",1381007640,1485068256,104060616,114589154.9652
"Bourne supremacy",1381007640,1381358220,350580,114589154.9652
"Bourne supremacy",1381020000,1485068256,104048256,114589154.9652
"Bourne supremacy",1381020000,1381869780,849780,114589154.9652
"Bourne supremacy",1381170540,1485068256,103897716,114589154.9652
"Bourne supremacy",1381349580,1485068256,103718676,114589154.9652
"Bourne supremacy",1381349580,1384377480,3027900,114589154.9652
"Bourne supremacy",1381424580,1485068256,103643676,114589154.9652
"Bourne supremacy",1381424580,1381705860,281280,114589154.9652
"Bourne supremacy",1381444140,1485068256,103624116,114589154.9652
"Bourne supremacy",1381444140,1381959420,515280,114589154.9652
"Bourne supremacy",1381452600,1485068256,103615656,114589154.9652
"Bourne supremacy",1381452600,1381885260,432660,114589154.9652
"Bourne supremacy",1381457940,1485068256,103610316,114589154.9652
"Bourne supremacy",1381457940,1382656680,1198740,114589154.9652
"Bourne supremacy",1381459560,1485068256,103608696,114589154.9652
"Bourne supremacy",1381459560,1382817420,1357860,114589154.9652
"Bourne supremacy",1381535640,1485068256,103532616,114589154.9652
"Bourne supremacy",1381604880,1485068256,103463376,114589154.9652
"Bourne supremacy",1381604880,1382305920,701040,114589154.9652
"Bourne supremacy",1381611780,1485068256,103456476,114589154.9652
"Bourne supremacy",1381775580,1485068256,103292676,114589154.9652
"Bourne supremacy",1381857180,1485068256,103211076,114589154.9652
"Bourne supremacy",1381857180,1381949280,92100,114589154.9652
"Bourne supremacy",1381953720,1485068256,103114536,114589154.9652
"Bourne supremacy",1381953720,1382386500,432780,114589154.9652
"Bourne supremacy",1382063820,1485068256,103004436,114589154.9652
"Bourne supremacy",1382063820,1383944520,1880700,114589154.9652
"Bourne supremacy",1382138460,1485068256,102929796,114589154.9652
"Bourne supremacy",1382138460,1382741160,602700,114589154.9652
"Bourne supremacy",1382140020,1485068256,102928236,114589154.9652
"Bourne supremacy",1382140020,1382810820,670800,114589154.9652
"Bourne supremacy",1382142540,1485068256,102925716,114589154.9652
"Bourne supremacy",1382143560,1485068256,102924696,114589154.9652
"Bourne supremacy",1382209800,1485068256,102858456,114589154.9652
"Bourne supremacy",1382209800,1383434520,1224720,114589154.9652
"Bourne supremacy",1382301720,1485068256,102766536,114589154.9652
"Bourne supremacy",1382301720,1382722500,420780,114589154.9652
"Bourne supremacy",1382305920,1485068256,102762336,114589154.9652
"Bourne supremacy",1382305920,1382908860,602940,114589154.9652
"Bourne supremacy",1382310840,1485068256,102757416,114589154.9652
"Bourne supremacy",1382393880,1485068256,102674376,114589154.9652
"Bourne supremacy",1382393880,1383262440,868560,114589154.9652
"Bourne supremacy",1382476020,1485068256,102592236,114589154.9652
"Bourne supremacy",1382476020,1383678240,1202220,114589154.9652
"Bourne supremacy",1382667180,1485068256,102401076,114589154.9652
"Bourne supremacy",1382809500,1485068256,102258756,114589154.9652
"Bourne supremacy",1382809500,1384308900,1499400,114589154.9652
"Bourne supremacy",1382813100,1485068256,102255156,114589154.9652
"Bourne supremacy",1382813100,1383434280,621180,114589154.9652
"Bourne supremacy",1382908620,1485068256,102159636,114589154.9652
"Bourne supremacy",1382908620,1384637160,1728540,114589154.9652
"Bourne supremacy",1382917740,1485068256,102150516,114589154.9652
"Bourne supremacy",1382917740,1383351900,434160,114589154.9652
"Bourne supremacy",1382998320,1485068256,102069936,114589154.9652
"Bourne supremacy",1383003240,1485068256,102065016,114589154.9652
"Bourne supremacy",1383003240,1383069600,66360,114589154.9652
"Bourne supremacy",1383168780,1485068256,101899476,114589154.9652
"Bourne supremacy",1383168780,1383677100,508320,114589154.9652
"Bourne supremacy",1383245700,1485068256,101822556,114589154.9652
"Bourne supremacy",1383245700,1383331200,85500,114589154.9652
"Bourne supremacy",1383254220,1485068256,101814036,114589154.9652
"Bourne supremacy",1383254220,1383698640,444420,114589154.9652
"Bourne supremacy",1383267540,1485068256,101800716,114589154.9652
"Bourne supremacy",1383267540,1383682080,414540,114589154.9652
"Bourne supremacy",1383342780,1485068256,101725476,114589154.9652
"Bourne supremacy",1383342780,1383514620,171840,114589154.9652
"Bourne supremacy",1383418500,1485068256,101649756,114589154.9652
"Bourne supremacy",1383418500,1384646160,1227660,114589154.9652
"Bourne supremacy",1383598320,1485068256,101469936,114589154.9652
"Bourne supremacy",1383598320,1383943800,345480,114589154.9652
"Bourne supremacy",1383600420,1485068256,101467836,114589154.9652
"Bourne supremacy",1383600420,1384130100,529680,114589154.9652
"Bourne supremacy",1383606840,1485068256,101461416,114589154.9652
"Bourne supremacy",1383616200,1485068256,101452056,114589154.9652
"Bourne supremacy",1383616200,1383786000,169800,114589154.9652
"Bourne supremacy",1383706620,1485068256,101361636,114589154.9652
"Bourne supremacy",1383706620,1384907100,1200480,114589154.9652
"Bourne supremacy",1383707280,1485068256,101360976,114589154.9652
"Bourne supremacy",1383789780,1485068256,101278476,114589154.9652
"Bourne supremacy",1383789780,1385003460,1213680,114589154.9652
"Bourne supremacy",1383850920,1485068256,101217336,114589154.9652
"Bourne supremacy",1383850920,1384032240,181320,114589154.9652
"Bourne supremacy",1383935520,1485068256,101132736,114589154.9652
"Bourne supremacy",1383935520,1384308960,373440,114589154.9652
"Bourne supremacy",1383947100,1485068256,101121156,114589154.9652
"Bourne supremacy",1384025280,1485068256,101042976,114589154.9652
"Bourne supremacy",1384025280,1384637820,612540,114589154.9652
"Bourne supremacy",1384040640,1485068256,101027616,114589154.9652
"Bourne supremacy",1384117320,1485068256,100950936,114589154.9652
"Bourne supremacy",1384117320,1384721160,603840,114589154.9652
"Bourne supremacy",1384122840,1485068256,100945416,114589154.9652
"Bourne supremacy",1384122840,1385856060,1733220,114589154.9652
"Bourne supremacy",1384295520,1485068256,100772736,114589154.9652
"Bourne supremacy",1384295520,1385437440,1141920,114589154.9652
"Bourne supremacy",1384376040,1485068256,100692216,114589154.9652
"Bourne supremacy",1384384020,1485068256,100684236,114589154.9652
"Bourne supremacy",1384384020,1384914600,530580,114589154.9652
"Bourne supremacy",1384387140,1485068256,100681116,114589154.9652
"Bourne supremacy",1384470720,1485068256,100597536,114589154.9652
"Bourne supremacy",1384470720,1384810500,339780,114589154.9652
"Bourne supremacy",1384626840,1485068256,100441416,114589154.9652
"Bourne supremacy",1384726320,1485068256,100341936,114589154.9652
"Bourne supremacy",1384726320,1386819060,2092740,114589154.9652
"Bourne supremacy",1384731900,1485068256,100336356,114589154.9652
"Bourne supremacy",1384731900,1385076180,344280,114589154.9652
"Bourne supremacy",1384736040,1485068256,100332216,114589154.9652
"Bourne supremacy",1384736040,1384900140,164100,114589154.9652
"Bourne supremacy",1384809600,1485068256,100258656,114589154.9652
"Bourne supremacy",1384809600,1387250220,2440620,114589154.9652
"Bourne supremacy",1384813320,1485068256,100254936,114589154.9652
"Bourne supremacy",1384813320,1385084100,270780,114589154.9652
"Bourne supremacy",1384822320,1485068256,100245936,114589154.9652
"Bourne supremacy",1384822320,1385081160,258840,114589154.9652
"Bourne supremacy",1384902840,1485068256,100165416,114589154.9652
"Bourne supremacy",1384903860,1485068256,100164396,114589154.9652
"Bourne supremacy",1384903860,1385246460,342600,114589154.9652
"Bourne supremacy",1384918560,1485068256,100149696,114589154.9652
"Bourne supremacy",1384918560,1386022380,1103820,114589154.9652
"Bourne supremacy",1385068620,1485068256,99999636,114589154.9652
"Bourne supremacy",1385068620,1386888120,1819500,114589154.9652
"Bourne supremacy",1385235600,1485068256,99832656,114589154.9652
"Bourne supremacy",1385235600,1385933040,697440,114589154.9652
"Bourne supremacy",1385243220,1485068256,99825036,114589154.9652
"Bourne supremacy",1385243220,1385330400,87180,114589154.9652
"Bourne supremacy",1385249040,1485068256,99819216,114589154.9652
"Bourne supremacy",1385249040,1385328720,79680,114589154.9652
"Bourne supremacy",1385332740,1485068256,99735516,114589154.9652
"Bourne supremacy",1385332740,1385593440,260700,114589154.9652
"Bourne supremacy",1385338080,1485068256,99730176,114589154.9652
"Bourne supremacy",1385343960,1485068256,99724296,114589154.9652
"Bourne supremacy",1385343960,1385928420,584460,114589154.9652
"Bourne supremacy",1385492160,1485068256,99576096,114589154.9652
"Bourne supremacy",1385492160,1386025440,533280,114589154.9652
"Bourne supremacy",1385497500,1485068256,99570756,114589154.9652
"Bourne supremacy",1385513760,1485068256,99554496,114589154.9652
"Bourne supremacy",1385518440,1485068256,99549816,114589154.9652
"Bourne supremacy",1385518440,1386703500,1185060,114589154.9652
"Bourne supremacy",1385599500,1485068256,99468756,114589154.9652
"Bourne supremacy",1385599500,1386645000,1045500,114589154.9652
"Bourne supremacy",1385607420,1485068256,99460836,114589154.9652
"Bourne supremacy",1385607420,1386466320,858900,114589154.9652
"Bourne supremacy",1385609460,1485068256,99458796,114589154.9652
"Bourne supremacy",1385609460,1386717240,1107780,114589154.9652
"Bourne supremacy",1385837340,1485068256,99230916,114589154.9652
"Bourne supremacy",1385837340,1386785520,948180,114589154.9652
"Bourne supremacy",1385939400,1485068256,99128856,114589154.9652
"Bourne supremacy",1386025560,1485068256,99042696,114589154.9652
"Bourne supremacy",1386025560,1387229760,1204200,114589154.9652
"Bourne supremacy",1386113640,1485068256,98954616,114589154.9652
"Bourne supremacy",1386113640,1386721740,608100,114589154.9652
"Bourne supremacy",1386126480,1485068256,98941776,114589154.9652
"Bourne supremacy",1386126480,1386464820,338340,114589154.9652
"Bourne supremacy",1386203880,1485068256,98864376,114589154.9652
"Bourne supremacy",1386203880,1386450060,246180,114589154.9652
"Bourne supremacy",1386204180,1485068256,98864076,114589154.9652
"Bourne supremacy",1386285420,1485068256,98782836,114589154.9652
"Bourne supremacy",1386285420,1386970620,685200,114589154.9652
"Bourne supremacy",1386301680,1485068256,98766576,114589154.9652
"Bourne supremacy",1386301680,1387154640,852960,114589154.9652
"Bourne supremacy",1386542100,1485068256,98526156,114589154.9652
"Bourne supremacy",1386550200,1485068256,98518056,114589154.9652
"Bourne supremacy",1386550200,1388179860,1629660,114589154.9652
"Bourne supremacy",1386550500,1485068256,98517756,114589154.9652
"Bourne supremacy",1386629880,1485068256,98438376,114589154.9652
"Bourne supremacy",1386629880,1387670220,1040340,114589154.9652
"Bourne supremacy",1386733140,1485068256,98335116,114589154.9652
"Bourne supremacy",1386796020,1485068256,98272236,114589154.9652
"Bourne supremacy",1386796020,1394586000,7789980,114589154.9652
"Bourne supremacy",1386800220,1485068256,98268036,114589154.9652
"Bourne supremacy",1386801780,1485068256,98266476,114589154.9652
"Bourne supremacy",1386801780,1387241700,439920,114589154.9652
"Bourne supremacy",1386805200,1485068256,98263056,114589154.9652
"Bourne supremacy",1386805200,1387758480,953280,114589154.9652
"Bourne supremacy",1387051620,1485068256,98016636,114589154.9652
"Bourne supremacy",1387051620,1387846560,794940,114589154.9652
"Bourne supremacy",1387053480,1485068256,98014776,114589154.9652
"Bourne supremacy",1387057620,1485068256,98010636,114589154.9652
"Bourne supremacy",1387057620,1387487340,429720,114589154.9652
"Bourne supremacy",1387154100,1485068256,97914156,114589154.9652
"Bourne supremacy",1387154100,1388709240,1555140,114589154.9652
"Bourne supremacy",1387322100,1485068256,97746156,114589154.9652
"Bourne supremacy",1387322100,1388087040,764940,114589154.9652
"Bourne supremacy",1387390500,1485068256,97677756,114589154.9652
"Bourne supremacy",1387390500,1389924300,2533800,114589154.9652
"Bourne supremacy",1387396800,1485068256,97671456,114589154.9652
"Bourne supremacy",1387396800,1387823760,426960,114589154.9652
"Bourne supremacy",1387409880,1485068256,97658376,114589154.9652
"Bourne supremacy",1387409880,1387507980,98100,114589154.9652
"Bourne supremacy",1387474080,1485068256,97594176,114589154.9652
"Bourne supremacy",1387474080,1389925380,2451300,114589154.9652
"Bourne supremacy",1387581300,1485068256,97486956,114589154.9652
"Bourne supremacy",1387581300,1388528100,946800,114589154.9652
"Bourne supremacy",1387667640,1485068256,97400616,114589154.9652
"Bourne supremacy",1387667640,1388532660,865020,114589154.9652
"Bourne supremacy",1387674120,1485068256,97394136,114589154.9652
"Bourne supremacy",1387674120,1388355120,681000,114589154.9652
"Bourne supremacy",1387836720,1485068256,97231536,114589154.9652
"Bourne supremacy",1387851180,1485068256,97217076,114589154.9652
"Bourne supremacy",1387851180,1388270400,419220,114589154.9652
"Bourne supremacy",1387856820,1485068256,97211436,114589154.9652
"Bourne supremacy",1387856820,1388533200,676380,114589154.9652
"Bourne supremacy",1388083020,1485068256,96985236,114589154.9652
"Bourne supremacy",1388083020,1391203860,3120840,114589154.9652
"Bourne supremacy",1388089260,1485068256,96978996,114589154.9652
"Bourne supremacy",1388089260,1388441820,352560,114589154.9652
"Bourne supremacy",1388116200,1485068256,96952056,114589154.9652
"Bourne supremacy",1388194620,1485068256,96873636,114589154.9652
"Bourne supremacy",1388194620,1389065940,871320,114589154.9652
"Bourne supremacy",1388427180,1485068256,96641076,114589154.9652
"Bourne supremacy",1388427180,1389046080,618900,114589154.9652
"Bourne supremacy",1388455200,1485068256,96613056,114589154.9652
"Bourne supremacy",1388455200,1388709600,254400,114589154.9652
"Bourne supremacy",1388536260,1485068256,96531996,114589154.9652
"Bourne supremacy",1388706540,1485068256,96361716,114589154.9652
"Bourne supremacy",1388706540,1389305580,599040,114589154.9652
"Bourne supremacy",1388713320,1485068256,96354936,114589154.9652
"Bourne supremacy",1388720820,1485068256,96347436,114589154.9652
"Bourne supremacy",1388790540,1485068256,96277716,114589154.9652
"Bourne supremacy",1388790540,1390343160,1552620,114589154.9652
"Bourne supremacy",1388864820,1485068256,96203436,114589154.9652
"Bourne supremacy",1388884440,1485068256,96183816,114589154.9652
"Bourne supremacy",1388884440,1389213420,328980,114589154.9652
"Bourne supremacy",1389053280,1485068256,96014976,114589154.9652
"Bourne supremacy",1389053280,1389753720,700440,114589154.9652
"Bourne supremacy",1389062880,1485068256,96005376,114589154.9652
"Bourne supremacy",1389062880,1389667860,604980,114589154.9652
"Bourne supremacy",1389123300,1485068256,95944956,114589154.9652
"Bourne supremacy",1389123300,1389306720,183420,114589154.9652
"Bourne supremacy",1389206520,1485068256,95861736,114589154.9652
"Bourne supremacy",1389206520,1389558720,352200,114589154.9652
"Bourne supremacy",1389305880,1485068256,95762376,114589154.9652
"Bourne supremacy",1389305880,1390682400,1376520,114589154.9652
"Bourne supremacy",1389471360,1485068256,95596896,114589154.9652
"Bourne supremacy",1389471360,1390077240,605880,114589154.9652
"Bourne supremacy",1389490020,1485068256,95578236,114589154.9652
"Bourne supremacy",1389490020,1389843780,353760,114589154.9652
"Bourne supremacy",1389656340,1485068256,95411916,114589154.9652
"Bourne supremacy",1389656340,1390351920,695580,114589154.9652
"Bourne supremacy",1389662700,1485068256,95405556,114589154.9652
"Bourne supremacy",1389662700,1390357560,694860,114589154.9652
"Bourne supremacy",1389736740,1485068256,95331516,114589154.9652
"Bourne supremacy",1389736740,1390338780,602040,114589154.9652
"Bourne supremacy",1389743280,1485068256,95324976,114589154.9652
"Bourne supremacy",1389747600,1485068256,95320656,114589154.9652
"Bourne supremacy",1389747600,1390956300,1208700,114589154.9652
"Bourne supremacy",1389821520,1485068256,95246736,114589154.9652
"Bourne supremacy",1389912780,1485068256,95155476,114589154.9652
"Bourne supremacy",1389912780,1390783680,870900,114589154.9652
"Bourne supremacy",1390004460,1485068256,95063796,114589154.9652
"Bourne supremacy",1390088580,1485068256,94979676,114589154.9652
"Bourne supremacy",1390088580,1390433460,344880,114589154.9652
"Bourne supremacy",1390092780,1485068256,94975476,114589154.9652
"Bourne supremacy",1390092780,1390349580,256800,114589154.9652
"Bourne supremacy",1390355880,1485068256,94712376,114589154.9652
"Bourne supremacy",1390505940,1485068256,94562316,114589154.9652
"Bourne supremacy",1390505940,1391641920,1135980,114589154.9652
"Bourne supremacy",1390515240,1485068256,94553016,114589154.9652
"Bourne supremacy",1390515240,1390872300,357060,114589154.9652
"Bourne supremacy",1390516920,1485068256,94551336,114589154.9652
"Bourne supremacy",1390516920,1391726700,1209780,114589154.9652
"Bourne supremacy",1390689600,1485068256,94378656,114589154.9652
"Bourne supremacy",1390689600,1391640600,951000,114589154.9652
"Bourne supremacy",1390784160,1485068256,94284096,114589154.9652
"Bourne supremacy",1390784160,1391287740,503580,114589154.9652
"Bourne supremacy",1390854180,1485068256,94214076,114589154.9652
"Bourne supremacy",1390854180,1391625840,771660,114589154.9652
"Bourne supremacy",1390870500,1485068256,94197756,114589154.9652
"Bourne supremacy",1390870500,1391819460,948960,114589154.9652
"Bourne supremacy",1390870560,1485068256,94197696,114589154.9652
"Bourne supremacy",1390870560,1391891640,1021080,114589154.9652
"Bourne supremacy",1390875240,1485068256,94193016,114589154.9652
"Bourne supremacy",1390875240,1392263580,1388340,114589154.9652
"Bourne supremacy",1390956780,1485068256,94111476,114589154.9652
"Bourne supremacy",1390956780,1392080580,1123800,114589154.9652
"Bourne supremacy",1391046060,1485068256,94022196,114589154.9652
"Bourne supremacy",1391046060,1391463240,417180,114589154.9652
"Bourne supremacy",1391209800,1485068256,93858456,114589154.9652
"Bourne supremacy",1391209800,1391541180,331380,114589154.9652
"Bourne supremacy",1391380140,1485068256,93688116,114589154.9652
"Bourne supremacy",1391380140,1391822940,442800,114589154.9652
"Bourne supremacy",1391382000,1485068256,93686256,114589154.9652
"Bourne supremacy",1391542680,1485068256,93525576,114589154.9652
"Bourne supremacy",1391542680,1392422820,880140,114589154.9652
"Bourne supremacy",1391659200,1485068256,93409056,114589154.9652
"Bourne supremacy",1391659200,1391910720,251520,114589154.9652
"Bourne supremacy",1391726580,1485068256,93341676,114589154.9652
"Bourne supremacy",1391726580,1392763680,1037100,114589154.9652
"Bourne supremacy",1391729880,1485068256,93338376,114589154.9652
"Bourne supremacy",1391729880,1391904840,174960,114589154.9652
"Bourne supremacy",1391806920,1485068256,93261336,114589154.9652
"Bourne supremacy",1391819820,1391819820,0,114589154.9652
"Bourne supremacy",1391885040,1485068256,93183216,114589154.9652
"Bourne supremacy",1391887500,1485068256,93180756,114589154.9652
"Bourne supremacy",1391887500,1392491640,604140,114589154.9652
"Bourne supremacy",1391901600,1485068256,93166656,114589154.9652
"Bourne supremacy",1391907120,1485068256,93161136,114589154.9652
"Bourne supremacy",1391907120,1393098660,1191540,114589154.9652
"Bourne supremacy",1391983200,1485068256,93085056,114589154.9652
"Bourne supremacy",1391983200,1393115040,1131840,114589154.9652
"Bourne supremacy",1391993040,1485068256,93075216,114589154.9652
"Bourne supremacy",1392069120,1485068256,92999136,114589154.9652
"Bourne supremacy",1392255840,1485068256,92812416,114589154.9652
"Bourne supremacy",1392255840,1392778740,522900,114589154.9652
"Bourne supremacy",1392318360,1485068256,92749896,114589154.9652
"Bourne supremacy",1392318360,1392748560,430200,114589154.9652
"Bourne supremacy",1392428760,1485068256,92639496,114589154.9652
"Bourne supremacy",1392428760,1392770100,341340,114589154.9652
"Bourne supremacy",1392511080,1485068256,92557176,114589154.9652
"Bourne supremacy",1392511080,1392779580,268500,114589154.9652
"Bourne supremacy",1392765360,1485068256,92302896,114589154.9652
"Bourne supremacy",1392765360,1393268520,503160,114589154.9652
"Bourne supremacy",1392838860,1485068256,92229396,114589154.9652
"Bourne supremacy",1392838860,1393281480,442620,114589154.9652
"Bourne supremacy",1392850920,1485068256,92217336,114589154.9652
"Bourne supremacy",1392864660,1485068256,92203596,114589154.9652
"Bourne supremacy",1392940920,1485068256,92127336,114589154.9652
"Bourne supremacy",1392940920,1393094700,153780,114589154.9652
"Bourne supremacy",1393006020,1485068256,92062236,114589154.9652
"Bourne supremacy",1393006020,1393443240,437220,114589154.9652
"Bourne supremacy",1393018320,1485068256,92049936,114589154.9652
"Bourne supremacy",1393018320,1395454380,2436060,114589154.9652
"Bourne supremacy",1393028580,1485068256,92039676,114589154.9652
"Bourne supremacy",1393028580,1395965340,2936760,114589154.9652
"Bourne supremacy",1393093920,1485068256,91974336,114589154.9652
"Bourne supremacy",1393093920,1393265700,171780,114589154.9652
"Bourne supremacy",1393108200,1485068256,91960056,114589154.9652
"Bourne supremacy",1393271520,1485068256,91796736,114589154.9652
"Bourne supremacy",1393271520,1393960920,689400,114589154.9652
"Bourne supremacy",1393358520,1485068256,91709736,114589154.9652
"Bourne supremacy",1393358520,1393622460,263940,114589154.9652
"Bourne supremacy",1393471680,1485068256,91596576,114589154.9652
"Bourne supremacy",1393471680,1393797420,325740,114589154.9652
"Bourne supremacy",1393472460,1485068256,91595796,114589154.9652
"Bourne supremacy",1393472460,1393532700,60240,114589154.9652
"Bourne supremacy",1393551600,1485068256,91516656,114589154.9652
"Bourne supremacy",1393551600,1393714980,163380,114589154.9652
"Bourne supremacy",1393635780,1485068256,91432476,114589154.9652
"Bourne supremacy",1393635780,1393901820,266040,114589154.9652
"Bourne supremacy",1393638120,1485068256,91430136,114589154.9652
"Bourne supremacy",1393638120,1394072820,434700,114589154.9652
"Bourne supremacy",1393709460,1485068256,91358796,114589154.9652
"Bourne supremacy",1393723860,1485068256,91344396,114589154.9652
"Bourne supremacy",1393723860,1394575980,852120,114589154.9652
"Bourne supremacy",1393793520,1485068256,91274736,114589154.9652
"Bourne supremacy",1393793520,1394403660,610140,114589154.9652
"Bourne supremacy",1393959300,1485068256,91108956,114589154.9652
"Bourne supremacy",1393959300,1394760060,800760,114589154.9652
"Bourne supremacy",1394053380,1485068256,91014876,114589154.9652
"Bourne supremacy",1394053380,1395356880,1303500,114589154.9652
"Bourne supremacy",1394061360,1485068256,91006896,114589154.9652
"Bourne supremacy",1394134980,1485068256,90933276,114589154.9652
"Bourne supremacy",1394134980,1394484540,349560,114589154.9652
"Bourne supremacy",1394144760,1485068256,90923496,114589154.9652
"Bourne supremacy",1394144760,1394321820,177060,114589154.9652
"Bourne supremacy",1394224920,1485068256,90843336,114589154.9652
"Bourne supremacy",1394224920,1394327760,102840,114589154.9652
"Bourne supremacy",1394400240,1485068256,90668016,114589154.9652
"Bourne supremacy",1394400240,1394482860,82620,114589154.9652
"Bourne supremacy",1394472180,1485068256,90596076,114589154.9652
"Bourne supremacy",1394472180,1394559840,87660,114589154.9652
"Bourne supremacy",1394479140,1485068256,90589116,114589154.9652
"Bourne supremacy",1394479140,1395425760,946620,114589154.9652
"Bourne supremacy",1394580660,1485068256,90487596,114589154.9652
"Bourne supremacy",1394580660,1395773880,1193220,114589154.9652
"Bourne supremacy",1394650620,1485068256,90417636,114589154.9652
"Bourne supremacy",1394650620,1394832900,182280,114589154.9652
"Bourne supremacy",1394745960,1485068256,90322296,114589154.9652
"Bourne supremacy",1394825160,1485068256,90243096,114589154.9652
"Bourne supremacy",1394825160,1395788760,963600,114589154.9652
"Bourne supremacy",1394830920,1485068256,90237336,114589154.9652
"Bourne supremacy",1394840820,1485068256,90227436,114589154.9652
"Bourne supremacy",1394840820,1400788800,5947980,114589154.9652
"Bourne supremacy",1394903460,1485068256,90164796,114589154.9652
"Bourne supremacy",1394903460,1395532800,629340,114589154.9652
"Bourne supremacy",1394903580,1485068256,90164676,114589154.9652
"Bourne supremacy",1394903580,1395336900,433320,114589154.9652
"Bourne supremacy",1395006540,1485068256,90061716,114589154.9652
"Bourne supremacy",1395006540,1395360840,354300,114589154.9652
"Bourne supremacy",1395098280,1485068256,89969976,114589154.9652
"Bourne supremacy",1395098280,1395702060,603780,114589154.9652
"Bourne supremacy",1395276960,1485068256,89791296,114589154.9652
"Bourne supremacy",1395276960,1400621580,5344620,114589154.9652
"Bourne supremacy",1395351480,1485068256,89716776,114589154.9652
"Bourne supremacy",1395351480,1397078760,1727280,114589154.9652
"Bourne supremacy",1395430320,1485068256,89637936,114589154.9652
"Bourne supremacy",1395430320,1395873720,443400,114589154.9652
"Bourne supremacy",1395512940,1485068256,89555316,114589154.9652
"Bourne supremacy",1395512940,1395794160,281220,114589154.9652
"Bourne supremacy",1395519360,1485068256,89548896,114589154.9652
"Bourne supremacy",1395519360,1395608100,88740,114589154.9652
"Bourne supremacy",1395532320,1485068256,89535936,114589154.9652
"Bourne supremacy",1395532320,1395611340,79020,114589154.9652
"Bourne supremacy",1395610560,1485068256,89457696,114589154.9652
"Bourne supremacy",1395685740,1485068256,89382516,114589154.9652
"Bourne supremacy",1395685740,1395853320,167580,114589154.9652
"Bourne supremacy",1395714060,1485068256,89354196,114589154.9652
"Bourne supremacy",1395714060,1396211820,497760,114589154.9652
"Bourne supremacy",1395779820,1396393020,613200,114589154.9652
"Bourne supremacy",1395870180,1396733160,862980,114589154.9652
"Bourne supremacy",1395955800,1397675460,1719660,114589154.9652
"Bourne supremacy",1396027560,1485068256,89040696,114589154.9652
"Bourne supremacy",1396027560,1396226040,198480,114589154.9652
"Bourne supremacy",1396133220,1485068256,88935036,114589154.9652
"Bourne supremacy",1396133220,1396305240,172020,114589154.9652
"Bourne supremacy",1396297740,1485068256,88770516,114589154.9652
"Bourne supremacy",1396314060,1485068256,88754196,114589154.9652
"Bourne supremacy",1396314060,1398109440,1795380,114589154.9652
"Bourne supremacy",1396375260,1485068256,88692996,114589154.9652
"Bourne supremacy",1396392600,1485068256,88675656,114589154.9652
"Bourne supremacy",1396392600,1397768100,1375500,114589154.9652
"Bourne supremacy",1396406700,1485068256,88661556,114589154.9652
"Bourne supremacy",1396475760,1485068256,88592496,114589154.9652
"Bourne supremacy",1396475760,1398800880,2325120,114589154.9652
"Bourne supremacy",1396634520,1485068256,88433736,114589154.9652
"Bourne supremacy",1396634520,1396725840,91320,114589154.9652
"Bourne supremacy",1396644060,1485068256,88424196,114589154.9652
"Bourne supremacy",1396644060,1397685300,1041240,114589154.9652
"Bourne supremacy",1396733700,1485068256,88334556,114589154.9652
"Bourne supremacy",1396738260,1485068256,88329996,114589154.9652
"Bourne supremacy",1396738260,1397940060,1201800,114589154.9652
"Bourne supremacy",1396740240,1485068256,88328016,114589154.9652
"Bourne supremacy",1396740240,1397085660,345420,114589154.9652
"Bourne supremacy",1396820340,1485068256,88247916,114589154.9652
"Bourne supremacy",1396903440,1485068256,88164816,114589154.9652
"Bourne supremacy",1396903440,1397845440,942000,114589154.9652
"Bourne supremacy",1396923420,1485068256,88144836,114589154.9652
"Bourne supremacy",1396923420,1397077320,153900,114589154.9652
"Bourne supremacy",1397250360,1485068256,87817896,114589154.9652
"Bourne supremacy",1397250360,1397765700,515340,114589154.9652
"Bourne supremacy",1397254140,1485068256,87814116,114589154.9652
"Bourne supremacy",1397254140,1397328480,74340,114589154.9652
"Bourne supremacy",1397340720,1485068256,87727536,114589154.9652
"Bourne supremacy",1397340720,1398204300,863580,114589154.9652
"Bourne supremacy",1397416500,1485068256,87651756,114589154.9652
"Bourne supremacy",1397416500,1398627000,1210500,114589154.9652
"Bourne supremacy",1397680800,1485068256,87387456,114589154.9652
"Bourne supremacy",1397680800,1400724060,3043260,114589154.9652
"Bourne supremacy",1397690820,1485068256,87377436,114589154.9652
"Bourne supremacy",1397690820,1398209880,519060,114589154.9652
"Bourne supremacy",1397765280,1485068256,87302976,114589154.9652
"Bourne supremacy",1397765280,1399337880,1572600,114589154.9652
"Bourne supremacy",1397768760,1485068256,87299496,114589154.9652
"Bourne supremacy",1397768760,1400207460,2438700,114589154.9652
"Bourne supremacy",1397933700,1485068256,87134556,114589154.9652
"Bourne supremacy",1397933700,1398884400,950700,114589154.9652
"Bourne supremacy",1397953080,1485068256,87115176,114589154.9652
"Bourne supremacy",1397953080,1398207480,254400,114589154.9652
"Bourne supremacy",1398289860,1485068256,86778396,114589154.9652
"Bourne supremacy",1398289860,1400031120,1741260,114589154.9652
"Bourne supremacy",1398290280,1485068256,86777976,114589154.9652
"Bourne supremacy",1398290280,1398896160,605880,114589154.9652
"Bourne supremacy",1398292500,1485068256,86775756,114589154.9652
"Bourne supremacy",1398292500,1398704700,412200,114589154.9652
"Bourne supremacy",1398304320,1485068256,86763936,114589154.9652
"Bourne supremacy",1398304320,1398733500,429180,114589154.9652
"Bourne supremacy",1398366060,1485068256,86702196,114589154.9652
"Bourne supremacy",1398366060,1398535560,169500,114589154.9652
"Bourne supremacy",1398471000,1485068256,86597256,114589154.9652
"Bourne supremacy",1398821100,1485068256,86247156,114589154.9652
"Bourne supremacy",1398821100,1398897480,76380,114589154.9652
"Bourne supremacy",1398889860,1485068256,86178396,114589154.9652
"Bourne supremacy",1398889860,1399330620,440760,114589154.9652
"Bourne supremacy",1398891720,1485068256,86176536,114589154.9652
"Bourne supremacy",1398891720,1400112600,1220880,114589154.9652
"Bourne supremacy",1398967380,1485068256,86100876,114589154.9652
"Bourne supremacy",1398967380,1399334520,367140,114589154.9652
"Bourne supremacy",1399066800,1485068256,86001456,114589154.9652
"Bourne supremacy",1399066800,1399587420,520620,114589154.9652
"Bourne supremacy",1399069680,1485068256,85998576,114589154.9652
"Bourne supremacy",1399069680,1399324560,254880,114589154.9652
"Bourne supremacy",1399588440,1485068256,85479816,114589154.9652
"Bourne supremacy",1399588440,1400279520,691080,114589154.9652
"Bourne supremacy",1399671780,1485068256,85396476,114589154.9652
"Bourne supremacy",1399671780,1400884860,1213080,114589154.9652
"Bourne supremacy",1399741860,1485068256,85326396,114589154.9652
"Bourne supremacy",1399741860,1400524620,782760,114589154.9652
"Bourne supremacy",1399762920,1485068256,85305336,114589154.9652
"Bourne supremacy",1399762920,1400712300,949380,114589154.9652
"Bourne supremacy",1399920840,1485068256,85147416,114589154.9652
"Bourne supremacy",1399920840,1401224700,1303860,114589154.9652
"Bourne supremacy",1399948980,1485068256,85119276,114589154.9652
"Bourne supremacy",1399948980,1400367840,418860,114589154.9652
"Bourne supremacy",1400184900,1485068256,84883356,114589154.9652
"Bourne supremacy",1400193480,1485068256,84874776,114589154.9652
"Bourne supremacy",1400193480,1401057960,864480,114589154.9652
"Bourne supremacy",1400288040,1485068256,84780216,114589154.9652
"Bourne supremacy",1400288040,1401416160,1128120,114589154.9652
"Bourne supremacy",1400446620,1485068256,84621636,114589154.9652
"Bourne supremacy",1400720160,1485068256,84348096,114589154.9652
"Bourne supremacy",1400720160,1401744540,1024380,114589154.9652
"Bourne supremacy",1400795580,1485068256,84272676,114589154.9652
"Bourne supremacy",1400877720,1485068256,84190536,114589154.9652
"Bourne supremacy",1400877720,1401326820,449100,114589154.9652
"Bourne supremacy",1400952720,1485068256,84115536,114589154.9652
"Bourne supremacy",1400952720,1402166880,1214160,114589154.9652
"Bourne supremacy",1400957940,1485068256,84110316,114589154.9652
"Bourne supremacy",1401048900,1485068256,84019356,114589154.9652
"Bourne supremacy",1401048900,1401297060,248160,114589154.9652
"Bourne supremacy",1401217560,1485068256,83850696,114589154.9652
"Bourne supremacy",1401217560,1402366800,1149240,114589154.9652
"Bourne supremacy",1401311820,1485068256,83756436,114589154.9652
"Bourne supremacy",1401311820,1402360080,1048260,114589154.9652
"Bourne supremacy",1401319020,1485068256,83749236,114589154.9652
"Bourne supremacy",1401319020,1401750060,431040,114589154.9652
"Bourne supremacy",1401491760,1485068256,83576496,114589154.9652
"Bourne supremacy",1401491760,1402004340,512580,114589154.9652
"Bourne supremacy",1401563880,1485068256,83504376,114589154.9652
"Bourne supremacy",1401563880,1404254580,2690700,114589154.9652
"Bourne supremacy",1401652860,1485068256,83415396,114589154.9652
"Bourne supremacy",1401652860,1402855200,1202340,114589154.9652
"Bourne supremacy",1401757680,1485068256,83310576,114589154.9652
"Bourne supremacy",1401838320,1485068256,83229936,114589154.9652
"Bourne supremacy",1402075680,1485068256,82992576,114589154.9652
"Bourne supremacy",1402075680,1402340640,264960,114589154.9652
"Bourne supremacy",1402083180,1485068256,82985076,114589154.9652
"Bourne supremacy",1402083180,1404949860,2866680,114589154.9652
"Bourne supremacy",1402266240,1485068256,82802016,114589154.9652
"Bourne supremacy",1402266240,1402874880,608640,114589154.9652
"Bourne supremacy",1402272420,1485068256,82795836,114589154.9652
"Bourne supremacy",1402449600,1485068256,82618656,114589154.9652
"Bourne supremacy",1402449600,1403651700,1202100,114589154.9652
"Bourne supremacy",1402510500,1485068256,82557756,114589154.9652
"Bourne supremacy",1402510500,1402600380,89880,114589154.9652
"Bourne supremacy",1402514400,1485068256,82553856,114589154.9652
"Bourne supremacy",1402610700,1485068256,82457556,114589154.9652
"Bourne supremacy",1402623300,1485068256,82444956,114589154.9652
"Bourne supremacy",1402693800,1485068256,82374456,114589154.9652
"Bourne supremacy",1402693800,1403475480,781680,114589154.9652
"Bourne supremacy",1402706040,1485068256,82362216,114589154.9652
"Bourne supremacy",1402706040,1402950420,244380,114589154.9652
"Bourne supremacy",1402961040,1485068256,82107216,114589154.9652
"Bourne supremacy",1402961040,1403914020,952980,114589154.9652
"Bourne supremacy",1403124240,1485068256,81944016,114589154.9652
"Bourne supremacy",1403124240,1405557060,2432820,114589154.9652
"Bourne supremacy",1403213640,1485068256,81854616,114589154.9652
"Bourne supremacy",1403213640,1405632660,2419020,114589154.9652
"Bourne supremacy",1403300520,1485068256,81767736,114589154.9652
"Bourne supremacy",1403300520,1403999160,698640,114589154.9652
"Bourne supremacy",1403473800,1485068256,81594456,114589154.9652
"Bourne supremacy",1403473800,1404775260,1301460,114589154.9652
"Bourne supremacy",1403478000,1485068256,81590256,114589154.9652
"Bourne supremacy",1403818380,1485068256,81249876,114589154.9652
"Bourne supremacy",1403818380,1404767220,948840,114589154.9652
"Bourne supremacy",1403825700,1485068256,81242556,114589154.9652
"Bourne supremacy",1403825700,1404348840,523140,114589154.9652
"Bourne supremacy",1403899020,1485068256,81169236,114589154.9652
"Bourne supremacy",1403899020,1403990700,91680,114589154.9652
"Bourne supremacy",1404077160,1485068256,80991096,114589154.9652
"Bourne supremacy",1404077160,1404434400,357240,114589154.9652
"Bourne supremacy",1404173940,1485068256,80894316,114589154.9652
"Bourne supremacy",1404173940,1404777600,603660,114589154.9652
"Bourne supremacy",1404235440,1485068256,80832816,114589154.9652
"Bourne supremacy",1404235440,1404764760,529320,114589154.9652
"Bourne supremacy",1404325080,1485068256,80743176,114589154.9652
"Bourne supremacy",1404325080,1405548660,1223580,114589154.9652
"Bourne supremacy",1404338820,1485068256,80729436,114589154.9652
"Bourne supremacy",1404420600,1485068256,80647656,114589154.9652
"Bourne supremacy",1404420600,1405977360,1556760,114589154.9652
"Bourne supremacy",1404765480,1485068256,80302776,114589154.9652
"Bourne supremacy",1404765480,1404768900,3420,114589154.9652
"Bourne supremacy",1404777600,1485068256,80290656,114589154.9652
"Bourne supremacy",1404777600,1406751540,1973940,114589154.9652
"Bourne supremacy",1404777600,1407968160,3190560,114589154.9652
"Bourne supremacy",1404862140,1485068256,80206116,114589154.9652
"Bourne supremacy",1404862140,1405991220,1129080,114589154.9652
"Bourne supremacy",1404938100,1485068256,80130156,114589154.9652
"Bourne supremacy",1404938100,1405018440,80340,114589154.9652
"Bourne supremacy",1404943920,1485068256,80124336,114589154.9652
"Bourne supremacy",1404943920,1410295380,5351460,114589154.9652
"Bourne supremacy",1404950820,1485068256,80117436,114589154.9652
"Bourne supremacy",1404950820,1407097980,2147160,114589154.9652
"Bourne supremacy",1405029000,1485068256,80039256,114589154.9652
"Bourne supremacy",1405029000,1407192540,2163540,114589154.9652
"Bourne supremacy",1405031040,1485068256,80037216,114589154.9652
"Bourne supremacy",1405031040,1405283580,252540,114589154.9652
"Bourne supremacy",1405046820,1485068256,80021436,114589154.9652
"Bourne supremacy",1405211460,1485068256,79856796,114589154.9652
"Bourne supremacy",1405211460,1408828260,3616800,114589154.9652
"Bourne supremacy",1405293540,1485068256,79774716,114589154.9652
"Bourne supremacy",1405293540,1407799020,2505480,114589154.9652
"Bourne supremacy",1405632720,1485068256,79435536,114589154.9652
"Bourne supremacy",1405632720,1405799580,166860,114589154.9652
"Bourne supremacy",1405708440,1485068256,79359816,114589154.9652
"Bourne supremacy",1405708440,1405971600,263160,114589154.9652
"Bourne supremacy",1405791840,1485068256,79276416,114589154.9652
"Bourne supremacy",1405791840,1406592960,801120,114589154.9652
"Bourne supremacy",1405792860,1485068256,79275396,114589154.9652
"Bourne supremacy",1405792860,1406243220,450360,114589154.9652
"Bourne supremacy",1405808520,1485068256,79259736,114589154.9652
"Bourne supremacy",1405808520,1406075880,267360,114589154.9652
"Bourne supremacy",1405810920,1485068256,79257336,114589154.9652
"Bourne supremacy",1405810920,1406422020,611100,114589154.9652
"Bourne supremacy",1405972680,1485068256,79095576,114589154.9652
"Bourne supremacy",1405972680,1407183120,1210440,114589154.9652
"Bourne supremacy",1406069640,1485068256,78998616,114589154.9652
"Bourne supremacy",1406222280,1485068256,78845976,114589154.9652
"Bourne supremacy",1406222280,1407175500,953220,114589154.9652
"Bourne supremacy",1406316000,1485068256,78752256,114589154.9652
"Bourne supremacy",1406316000,1407528600,1212600,114589154.9652
"Bourne supremacy",1406332020,1485068256,78736236,114589154.9652
"Bourne supremacy",1406671380,1485068256,78396876,114589154.9652
"Bourne supremacy",1406671380,1408146540,1475160,114589154.9652
"Bourne supremacy",1406860320,1485068256,78207936,114589154.9652
"Bourne supremacy",1406860320,1407292020,431700,114589154.9652
"Bourne supremacy",1407182040,1485068256,77886216,114589154.9652
"Bourne supremacy",1407182040,1410985740,3803700,114589154.9652
"Bourne supremacy",1407196800,1485068256,77871456,114589154.9652
"Bourne supremacy",1407278400,1485068256,77789856,114589154.9652
"Bourne supremacy",1407278400,1408227360,948960,114589154.9652
"Bourne supremacy",1407279180,1485068256,77789076,114589154.9652
"Bourne supremacy",1407279180,1407450480,171300,114589154.9652
"Bourne supremacy",1407282360,1485068256,77785896,114589154.9652
"Bourne supremacy",1407282360,1411259520,3977160,114589154.9652
"Bourne supremacy",1407437280,1485068256,77630976,114589154.9652
"Bourne supremacy",1407437280,1408039740,602460,114589154.9652
"Bourne supremacy",1407446100,1485068256,77622156,114589154.9652
"Bourne supremacy",1407446100,1408230720,784620,114589154.9652
"Bourne supremacy",1407455460,1485068256,77612796,114589154.9652
"Bourne supremacy",1407455460,1407622440,166980,114589154.9652
"Bourne supremacy",1407612780,1485068256,77455476,114589154.9652
"Bourne supremacy",1407884580,1485068256,77183676,114589154.9652
"Bourne supremacy",1407884580,1407964080,79500,114589154.9652
"Bourne supremacy",1407984060,1485068256,77084196,114589154.9652
"Bourne supremacy",1407984060,1408665120,681060,114589154.9652
"Bourne supremacy",1408066740,1485068256,77001516,114589154.9652
"Bourne supremacy",1408066740,1409274660,1207920,114589154.9652
"Bourne supremacy",1408304160,1485068256,76764096,114589154.9652
"Bourne supremacy",1408304160,1408816800,512640,114589154.9652
"Bourne supremacy",1408307700,1485068256,76760556,114589154.9652
"Bourne supremacy",1408307700,1409086860,779160,114589154.9652
"Bourne supremacy",1408406160,1485068256,76662096,114589154.9652
"Bourne supremacy",1408406160,1409160840,754680,114589154.9652
"Bourne supremacy",1408490520,1485068256,76577736,114589154.9652
"Bourne supremacy",1408490520,1409688240,1197720,114589154.9652
"Bourne supremacy",1408648200,1485068256,76420056,114589154.9652
"Bourne supremacy",1408648200,1408914600,266400,114589154.9652
"Bourne supremacy",1408672680,1485068256,76395576,114589154.9652
"Bourne supremacy",1408672680,1409439780,767100,114589154.9652
"Bourne supremacy",1408753200,1485068256,76315056,114589154.9652
"Bourne supremacy",1408753200,1408915260,162060,114589154.9652
"Bourne supremacy",1408914420,1485068256,76153836,114589154.9652
"Bourne supremacy",1409082240,1485068256,75986016,114589154.9652
"Bourne supremacy",1409082240,1410730560,1648320,114589154.9652
"Bourne supremacy",1409083020,1485068256,75985236,114589154.9652
"Bourne supremacy",1409083020,1410909480,1826460,114589154.9652
"Bourne supremacy",1409272140,1485068256,75796116,114589154.9652
"Bourne supremacy",1409272140,1411430700,2158560,114589154.9652
"Bourne supremacy",1409337240,1485068256,75731016,114589154.9652
"Bourne supremacy",1409337240,1409949060,611820,114589154.9652
"Bourne supremacy",1409785020,1485068256,75283236,114589154.9652
"Bourne supremacy",1409785020,1412210880,2425860,114589154.9652
"Bourne supremacy",1409860020,1485068256,75208236,114589154.9652
"Bourne supremacy",1409860020,1410123120,263100,114589154.9652
"Bourne supremacy",1410043980,1485068256,75024276,114589154.9652
"Bourne supremacy",1410043980,1410644880,600900,114589154.9652
"Bourne supremacy",1410286800,1485068256,74781456,114589154.9652
"Bourne supremacy",1410286800,1410375900,89100,114589154.9652
"Bourne supremacy",1410481860,1485068256,74586396,114589154.9652
"Bourne supremacy",1410481860,1411171860,690000,114589154.9652
"Bourne supremacy",1410490620,1485068256,74577636,114589154.9652
"Bourne supremacy",1410641820,1485068256,74426436,114589154.9652
"Bourne supremacy",1410641820,1410649200,7380,114589154.9652
"Bourne supremacy",1410815160,1485068256,74253096,114589154.9652
"Bourne supremacy",1410815160,1411947360,1132200,114589154.9652
"Bourne supremacy",1410895740,1485068256,74172516,114589154.9652
"Bourne supremacy",1410895740,1416443400,5547660,114589154.9652
"Bourne supremacy",1410913920,1485068256,74154336,114589154.9652
"Bourne supremacy",1411003740,1485068256,74064516,114589154.9652
"Bourne supremacy",1411003740,1412211720,1207980,114589154.9652
"Bourne supremacy",1411071660,1485068256,73996596,114589154.9652
"Bourne supremacy",1411071660,1413491580,2419920,114589154.9652
"Bourne supremacy",1411249920,1485068256,73818336,114589154.9652
"Bourne supremacy",1411249920,1412114880,864960,114589154.9652
"Bourne supremacy",1411514520,1485068256,73553736,114589154.9652
"Bourne supremacy",1411514520,1412029140,514620,114589154.9652
"Bourne supremacy",1411609860,1485068256,73458396,114589154.9652
"Bourne supremacy",1411680540,1485068256,73387716,114589154.9652
"Bourne supremacy",1411680540,1414104960,2424420,114589154.9652
"Bourne supremacy",1412040120,1485068256,73028136,114589154.9652
"Bourne supremacy",1412040120,1417388940,5348820,114589154.9652
"Bourne supremacy",1412192400,1485068256,72875856,114589154.9652
"Bourne supremacy",1412282520,1485068256,72785736,114589154.9652
"Bourne supremacy",1412282520,1413061080,778560,114589154.9652
"Bourne supremacy",1412286420,1485068256,72781836,114589154.9652
"Bourne supremacy",1412286420,1412718660,432240,114589154.9652
"Bourne supremacy",1412294940,1485068256,72773316,114589154.9652
"Bourne supremacy",1412294940,1412626260,331320,114589154.9652
"Bourne supremacy",1412371500,1485068256,72696756,114589154.9652
"Bourne supremacy",1412371500,1413925500,1554000,114589154.9652
"Bourne supremacy",1412465580,1485068256,72602676,114589154.9652
"Bourne supremacy",1412465580,1412821260,355680,114589154.9652
"Bourne supremacy",1412801940,1485068256,72266316,114589154.9652
"Bourne supremacy",1412801940,1413856620,1054680,114589154.9652
"Bourne supremacy",1412807280,1485068256,72260976,114589154.9652
"Bourne supremacy",1412807280,1415054340,2247060,114589154.9652
"Bourne supremacy",1413244260,1485068256,71823996,114589154.9652
"Bourne supremacy",1413244260,1416422640,3178380,114589154.9652
"Bourne supremacy",1413324540,1485068256,71743716,114589154.9652
"Bourne supremacy",1413324540,1413673320,348780,114589154.9652
"Bourne supremacy",1413398400,1485068256,71669856,114589154.9652
"Bourne supremacy",1413398400,1414088160,689760,114589154.9652
"Bourne supremacy",1413672420,1485068256,71395836,114589154.9652
"Bourne supremacy",1413672420,1414887240,1214820,114589154.9652
"Bourne supremacy",1413943740,1485068256,71124516,114589154.9652
"Bourne supremacy",1413943740,1415405040,1461300,114589154.9652
"Bourne supremacy",1414107780,1485068256,70960476,114589154.9652
"Bourne supremacy",1414107780,1414540140,432360,114589154.9652
"Bourne supremacy",1414462020,1485068256,70606236,114589154.9652
"Bourne supremacy",1414462020,1414631400,169380,114589154.9652
"Bourne supremacy",1414631700,1485068256,70436556,114589154.9652
"Bourne supremacy",1414794540,1485068256,70273716,114589154.9652
"Bourne supremacy",1414794540,1415051880,257340,114589154.9652
"Bourne supremacy",1414878960,1485068256,70189296,114589154.9652
"Bourne supremacy",1414878960,1415482380,603420,114589154.9652
"Bourne supremacy",1414963320,1485068256,70104936,114589154.9652
"Bourne supremacy",1415072040,1485068256,69996216,114589154.9652
"Bourne supremacy",1415132880,1485068256,69935376,114589154.9652
"Bourne supremacy",1415132880,1419280860,4147980,114589154.9652
"Bourne supremacy",1415142360,1485068256,69925896,114589154.9652
"Bourne supremacy",1415142360,1418081220,2938860,114589154.9652
"Bourne supremacy",1415655840,1485068256,69412416,114589154.9652
"Bourne supremacy",1415655840,1415927460,271620,114589154.9652
"Bourne supremacy",1415925300,1485068256,69142956,114589154.9652
"Bourne supremacy",1415925300,1416966360,1041060,114589154.9652
"Bourne supremacy",1416078960,1485068256,68989296,114589154.9652
"Bourne supremacy",1416078960,1416784440,705480,114589154.9652
"Bourne supremacy",1416089520,1485068256,68978736,114589154.9652
"Bourne supremacy",1416089520,1417394400,1304880,114589154.9652
"Bourne supremacy",1416245160,1485068256,68823096,114589154.9652
"Bourne supremacy",1416245160,1418691240,2446080,114589154.9652
"Bourne supremacy",1416691560,1485068256,68376696,114589154.9652
"Bourne supremacy",1416691560,1417467780,776220,114589154.9652
"Bourne supremacy",1417034820,1485068256,68033436,114589154.9652
"Bourne supremacy",1417034820,1418775240,1740420,114589154.9652
"Bourne supremacy",1417038960,1485068256,68029296,114589154.9652
"Bourne supremacy",1417038960,1417484160,445200,114589154.9652
"Bourne supremacy",1417297320,1485068256,67770936,114589154.9652
"Bourne supremacy",1417297320,1419719700,2422380,114589154.9652
"Bourne supremacy",1417663620,1485068256,67404636,114589154.9652
"Bourne supremacy",1417663620,1418516460,852840,114589154.9652
"Bourne supremacy",1417740360,1485068256,67327896,114589154.9652
"Bourne supremacy",1417740360,1417910760,170400,114589154.9652
"Bourne supremacy",1417917060,1485068256,67151196,114589154.9652
"Bourne supremacy",1417917060,1419028140,1111080,114589154.9652
"Bourne supremacy",1418766480,1485068256,66301776,114589154.9652
"Bourne supremacy",1418766480,1419894780,1128300,114589154.9652
"Bourne supremacy",1418771040,1485068256,66297216,114589154.9652
"Bourne supremacy",1418771040,1419618960,847920,114589154.9652
"Bourne supremacy",1418784060,1485068256,66284196,114589154.9652
"Bourne supremacy",1418784060,1419702720,918660,114589154.9652
"Bourne supremacy",1418844300,1485068256,66223956,114589154.9652
"Bourne supremacy",1419201900,1485068256,65866356,114589154.9652
"Bourne supremacy",1419201900,1419368940,167040,114589154.9652
"Bourne supremacy",1419300240,1485068256,65768016,114589154.9652
"Bourne supremacy",1419300240,1420509240,1209000,114589154.9652
"Bourne supremacy",1419629580,1485068256,65438676,114589154.9652
"Bourne supremacy",1419629580,1419973260,343680,114589154.9652
"Bourne supremacy",1419641940,1485068256,65426316,114589154.9652
"Bourne supremacy",1419641940,1420855800,1213860,114589154.9652
"Bourne supremacy",1419726780,1485068256,65341476,114589154.9652
"Bourne supremacy",1419726780,1419895500,168720,114589154.9652
"Bourne supremacy",1419803580,1485068256,65264676,114589154.9652
"Bourne supremacy",1419909300,1485068256,65158956,114589154.9652
"Bourne supremacy",1419975360,1485068256,65092896,114589154.9652
"Bourne supremacy",1419975360,1420488060,512700,114589154.9652
"Bourne supremacy",1419978000,1485068256,65090256,114589154.9652
"Bourne supremacy",1419992820,1485068256,65075436,114589154.9652
"Bourne supremacy",1419992820,1420239780,246960,114589154.9652
"Bourne supremacy",1420072080,1485068256,64996176,114589154.9652
"Bourne supremacy",1420072080,1421119320,1047240,114589154.9652
"Bourne supremacy",1420657680,1485068256,64410576,114589154.9652
"Bourne supremacy",1420657680,1421792640,1134960,114589154.9652
"Bourne supremacy",1420683360,1485068256,64384896,114589154.9652
"Bourne supremacy",1420683360,1421806560,1123200,114589154.9652
"Bourne supremacy",1420766100,1485068256,64302156,114589154.9652
"Bourne supremacy",1420766100,1421116860,350760,114589154.9652
"Bourne supremacy",1421177880,1485068256,63890376,114589154.9652
"Bourne supremacy",1421177880,1421881680,703800,114589154.9652
"Bourne supremacy",1421193720,1485068256,63874536,114589154.9652
"Bourne supremacy",1421617020,1485068256,63451236,114589154.9652
"Bourne supremacy",1421630880,1485068256,63437376,114589154.9652
"Bourne supremacy",1421630880,1424560440,2929560,114589154.9652
"Bourne supremacy",1421960520,1485068256,63107736,114589154.9652
"Bourne supremacy",1422126480,1485068256,62941776,114589154.9652
"Bourne supremacy",1422126480,1423020840,894360,114589154.9652
"Bourne supremacy",1422225600,1485068256,62842656,114589154.9652
"Bourne supremacy",1422225600,1422399780,174180,114589154.9652
"Bourne supremacy",1422299280,1485068256,62768976,114589154.9652
"Bourne supremacy",1422299280,1422646140,346860,114589154.9652
"Bourne supremacy",1422473520,1485068256,62594736,114589154.9652
"Bourne supremacy",1422473520,1422732660,259140,114589154.9652
"Bourne supremacy",1422737100,1485068256,62331156,114589154.9652
"Bourne supremacy",1422737100,1422917160,180060,114589154.9652
"Bourne supremacy",1422928260,1485068256,62139996,114589154.9652
"Bourne supremacy",1422933060,1485068256,62135196,114589154.9652
"Bourne supremacy",1423168860,1485068256,61899396,114589154.9652
"Bourne supremacy",1423168860,1424985720,1816860,114589154.9652
"Bourne supremacy",1423172340,1485068256,61895916,114589154.9652
"Bourne supremacy",1423172340,1423610220,437880,114589154.9652
"Bourne supremacy",1423262940,1485068256,61805316,114589154.9652
"Bourne supremacy",1423519680,1485068256,61548576,114589154.9652
"Bourne supremacy",1423519680,1423948380,428700,114589154.9652
"Bourne supremacy",1423769220,1485068256,61299036,114589154.9652
"Bourne supremacy",1424046360,1485068256,61021896,114589154.9652
"Bourne supremacy",1424046360,1425158760,1112400,114589154.9652
"Bourne supremacy",1424212440,1485068256,60855816,114589154.9652
"Bourne supremacy",1424212440,1424991660,779220,114589154.9652
"Bourne supremacy",1424311140,1485068256,60757116,114589154.9652
"Bourne supremacy",1424311140,1426645140,2334000,114589154.9652
"Bourne supremacy",1424640420,1485068256,60427836,114589154.9652
"Bourne supremacy",1424743740,1485068256,60324516,114589154.9652
"Bourne supremacy",1424743740,1424896560,152820,114589154.9652
"Bourne supremacy",1425004380,1485068256,60063876,114589154.9652
"Bourne supremacy",1425167640,1485068256,59900616,114589154.9652
"Bourne supremacy",1425171060,1485068256,59897196,114589154.9652
"Bourne supremacy",1425171060,1425334740,163680,114589154.9652
"Bourne supremacy",1425247500,1485068256,59820756,114589154.9652
"Bourne supremacy",1425247500,1425596760,349260,114589154.9652
"Bourne supremacy",1425343140,1485068256,59725116,114589154.9652
"Bourne supremacy",1425343140,1425848220,505080,114589154.9652
"Bourne supremacy",1425776160,1485068256,59292096,114589154.9652
"Bourne supremacy",1425776160,1427571360,1795200,114589154.9652
"Bourne supremacy",1425923400,1485068256,59144856,114589154.9652
"Bourne supremacy",1425923400,1426093920,170520,114589154.9652
"Bourne supremacy",1425934380,1485068256,59133876,114589154.9652
"Bourne supremacy",1425934380,1426118580,184200,114589154.9652
"Bourne supremacy",1426100820,1485068256,58967436,114589154.9652
"Bourne supremacy",1426109760,1485068256,58958496,114589154.9652
"Bourne supremacy",1426109760,1427068080,958320,114589154.9652
"Bourne supremacy",1426199580,1485068256,58868676,114589154.9652
"Bourne supremacy",1426199580,1427144880,945300,114589154.9652
"Bourne supremacy",1426267260,1485068256,58800996,114589154.9652
"Bourne supremacy",1426267260,1426450260,183000,114589154.9652
"Bourne supremacy",1426293480,1485068256,58774776,114589154.9652
"Bourne supremacy",1426637940,1485068256,58430316,114589154.9652
"Bourne supremacy",1426637940,1427752500,1114560,114589154.9652
"Bourne supremacy",1426713720,1485068256,58354536,114589154.9652
"Bourne supremacy",1426713720,1427146800,433080,114589154.9652
"Bourne supremacy",1427235000,1485068256,57833256,114589154.9652
"Bourne supremacy",1427235000,1427403720,168720,114589154.9652
"Bourne supremacy",1427478960,1485068256,57589296,114589154.9652
"Bourne supremacy",1427478960,1427490300,11340,114589154.9652
"Bourne supremacy",1427489820,1485068256,57578436,114589154.9652
"Bourne supremacy",1427770380,1485068256,57297876,114589154.9652
"Bourne supremacy",1427833860,1485068256,57234396,114589154.9652
"Bourne supremacy",1427908560,1485068256,57159696,114589154.9652
"Bourne supremacy",1427908560,1429139040,1230480,114589154.9652
"Bourne supremacy",1428000660,1485068256,57067596,114589154.9652
"Bourne supremacy",1428102240,1485068256,56966016,114589154.9652
"Bourne supremacy",1428102240,1429315800,1213560,114589154.9652
"Bourne supremacy",1428192360,1485068256,56875896,114589154.9652
"Bourne supremacy",1428439440,1485068256,56628816,114589154.9652
"Bourne supremacy",1428439440,1428520680,81240,114589154.9652
"Bourne supremacy",1428532440,1485068256,56535816,114589154.9652
"Bourne supremacy",1428532440,1428778620,246180,114589154.9652
"Bourne supremacy",1428874740,1485068256,56193516,114589154.9652
"Bourne supremacy",1428874740,1429304220,429480,114589154.9652
"Bourne supremacy",1429047540,1485068256,56020716,114589154.9652
"Bourne supremacy",1429047540,1429920180,872640,114589154.9652
"Bourne supremacy",1429385820,1485068256,55682436,114589154.9652
"Bourne supremacy",1429385820,1432409220,3023400,114589154.9652
"Bourne supremacy",1429583700,1485068256,55484556,114589154.9652
"Bourne supremacy",1429583700,1430005860,422160,114589154.9652
"Bourne supremacy",1430009160,1485068256,55059096,114589154.9652
"Bourne supremacy",1430009160,1430262840,253680,114589154.9652
"Bourne supremacy",1430091480,1485068256,54976776,114589154.9652
"Bourne supremacy",1430091900,1485068256,54976356,114589154.9652
"Bourne supremacy",1430091900,1431903600,1811700,114589154.9652
"Bourne supremacy",1430092200,1485068256,54976056,114589154.9652
"Bourne supremacy",1430092200,1430344980,252780,114589154.9652
"Bourne supremacy",1430440920,1485068256,54627336,114589154.9652
"Bourne supremacy",1430605440,1485068256,54462816,114589154.9652
"Bourne supremacy",1430790060,1485068256,54278196,114589154.9652
"Bourne supremacy",1430790060,1431904560,1114500,114589154.9652
"Bourne supremacy",1431378240,1485068256,53690016,114589154.9652
"Bourne supremacy",1431482820,1485068256,53585436,114589154.9652
"Bourne supremacy",1431482820,1431814500,331680,114589154.9652
"Bourne supremacy",1431809760,1485068256,53258496,114589154.9652
"Bourne supremacy",1431809760,1433103240,1293480,114589154.9652
"Bourne supremacy",1431908160,1485068256,53160096,114589154.9652
"Bourne supremacy",1431908160,1432081320,173160,114589154.9652
"Bourne supremacy",1432165800,1485068256,52902456,114589154.9652
"Bourne supremacy",1432165800,1432691340,525540,114589154.9652
"Bourne supremacy",1432315440,1485068256,52752816,114589154.9652
"Bourne supremacy",1432315440,1432412580,97140,114589154.9652
"Bourne supremacy",1432761900,1485068256,52306356,114589154.9652
"Bourne supremacy",1432761900,1435195200,2433300,114589154.9652
"Bourne supremacy",1433019540,1485068256,52048716,114589154.9652
"Bourne supremacy",1433287620,1485068256,51780636,114589154.9652
"Bourne supremacy",1433287620,1434069720,782100,114589154.9652
"Bourne supremacy",1433465700,1485068256,51602556,114589154.9652
"Bourne supremacy",1433465700,1434071880,606180,114589154.9652
"Bourne supremacy",1433634900,1485068256,51433356,114589154.9652
"Bourne supremacy",1433634900,1434242280,607380,114589154.9652
"Bourne supremacy",1434401580,1485068256,50666676,114589154.9652
"Bourne supremacy",1434401580,1435604640,1203060,114589154.9652
"Bourne supremacy",1434650520,1485068256,50417736,114589154.9652
"Bourne supremacy",1434650520,1434734400,83880,114589154.9652
"Bourne supremacy",1434749820,1485068256,50318436,114589154.9652
"Bourne supremacy",1434749820,1436558220,1808400,114589154.9652
"Bourne supremacy",1434820320,1485068256,50247936,114589154.9652
"Bourne supremacy",1434820320,1435097340,277020,114589154.9652
"Bourne supremacy",1435002540,1485068256,50065716,114589154.9652
"Bourne supremacy",1435002540,1435801620,799080,114589154.9652
"Bourne supremacy",1435191780,1485068256,49876476,114589154.9652
"Bourne supremacy",1435191780,1435797660,605880,114589154.9652
"Bourne supremacy",1435427820,1485068256,49640436,114589154.9652
"Bourne supremacy",1435427820,1437583020,2155200,114589154.9652
"Bourne supremacy",1435798440,1485068256,49269816,114589154.9652
"Bourne supremacy",1436305680,1485068256,48762576,114589154.9652
"Bourne supremacy",1436305680,1436815260,509580,114589154.9652
"Bourne supremacy",1436475420,1485068256,48592836,114589154.9652
"Bourne supremacy",1436475420,1437250920,775500,114589154.9652
"Bourne supremacy",1436842320,1485068256,48225936,114589154.9652
"Bourne supremacy",1436842320,1438135080,1292760,114589154.9652
"Bourne supremacy",1436970720,1485068256,48097536,114589154.9652
"Bourne supremacy",1436970720,1439420400,2449680,114589154.9652
"Bourne supremacy",1437170340,1485068256,47897916,114589154.9652
"Bourne supremacy",1437612960,1485068256,47455296,114589154.9652
"Bourne supremacy",1437612960,1438820640,1207680,114589154.9652
"Bourne supremacy",1438224780,1485068256,46843476,114589154.9652
"Bourne supremacy",1438224780,1438390080,165300,114589154.9652
"Bourne supremacy",1438652520,1485068256,46415736,114589154.9652
"Bourne supremacy",1438652520,1439258340,605820,114589154.9652
"Bourne supremacy",1438903800,1485068256,46164456,114589154.9652
"Bourne supremacy",1439331480,1485068256,45736776,114589154.9652
"Bourne supremacy",1439331480,1440371040,1039560,114589154.9652
"Bourne supremacy",1439433540,1485068256,45634716,114589154.9652
"Bourne supremacy",1439512320,1485068256,45555936,114589154.9652
"Bourne supremacy",1439512320,1439755980,243660,114589154.9652
"Bourne supremacy",1439686260,1485068256,45381996,114589154.9652
"Bourne supremacy",1439686260,1441577340,1891080,114589154.9652
"Bourne supremacy",1439832660,1485068256,45235596,114589154.9652
"Bourne supremacy",1439832660,1440103680,271020,114589154.9652
"Bourne supremacy",1439945220,1485068256,45123036,114589154.9652
"Bourne supremacy",1440190260,1485068256,44877996,114589154.9652
"Bourne supremacy",1440190260,1441130160,939900,114589154.9652
"Bourne supremacy",1440709200,1485068256,44359056,114589154.9652
"Bourne supremacy",1440880140,1485068256,44188116,114589154.9652
"Bourne supremacy",1441477080,1485068256,43591176,114589154.9652
"Bourne supremacy",1442518440,1485068256,42549816,114589154.9652
"Bourne supremacy",1442543520,1485068256,42524736,114589154.9652
"Bourne supremacy",1443306540,1485068256,41761716,114589154.9652
"Bourne supremacy",1443306540,1444514640,1208100,114589154.9652
"Bourne supremacy",1443485460,1485068256,41582796,114589154.9652
"Bourne supremacy",1443485460,1443489840,4380,114589154.9652
"Bourne supremacy",1443725040,1485068256,41343216,114589154.9652
"Bourne supremacy",1443725040,1446060300,2335260,114589154.9652
"Bourne supremacy",1444094940,1485068256,40973316,114589154.9652
"Bourne supremacy",1444094940,1445037060,942120,114589154.9652
"Bourne supremacy",1444704840,1485068256,40363416,114589154.9652
"Bourne supremacy",1444704840,1446000780,1295940,114589154.9652
"Bourne supremacy",1445196960,1485068256,39871296,114589154.9652
"Bourne supremacy",1445277960,1485068256,39790296,114589154.9652
"Bourne supremacy",1445277960,1446490920,1212960,114589154.9652
"Bourne supremacy",1446503460,1485068256,38564796,114589154.9652
"Bourne supremacy",1446503460,1447028760,525300,114589154.9652
"Bourne supremacy",1446764160,1485068256,38304096,114589154.9652
"Bourne supremacy",1446764160,1446764580,420,114589154.9652
"Bourne supremacy",1447376880,1485068256,37691376,114589154.9652
"Bourne supremacy",1447376880,1447896960,520080,114589154.9652
"Bourne supremacy",1447462260,1485068256,37605996,114589154.9652
"Bourne supremacy",1447462260,1452988140,5525880,114589154.9652
"Bourne supremacy",1448054580,1485068256,37013676,114589154.9652
"Bourne supremacy",1448489580,1485068256,36578676,114589154.9652
"Bourne supremacy",1448489580,1448925780,436200,114589154.9652
"Bourne supremacy",1448651580,1485068256,36416676,114589154.9652
"Bourne supremacy",1448651580,1451527680,2876100,114589154.9652
"Bourne supremacy",1449354840,1485068256,35713416,114589154.9652
"Bourne supremacy",1449354840,1451179920,1825080,114589154.9652
"Bourne supremacy",1449359160,1485068256,35709096,114589154.9652
"Bourne supremacy",1449359160,1449799920,440760,114589154.9652
"Bourne supremacy",1450910760,1485068256,34157496,114589154.9652
"Bourne supremacy",1450910760,1451425740,514980,114589154.9652
"Bourne supremacy",1451608740,1485068256,33459516,114589154.9652
"Bourne supremacy",1451608740,1452742620,1133880,114589154.9652
"Bourne supremacy",1451857920,1485068256,33210336,114589154.9652
"Bourne supremacy",1452373800,1485068256,32694456,114589154.9652
"Bourne supremacy",1452373800,1452799560,425760,114589154.9652
"Bourne supremacy",1453252860,1485068256,31815396,114589154.9652
"Bourne supremacy",1453336320,1485068256,31731936,114589154.9652
"Bourne supremacy",1453336320,1453508340,172020,114589154.9652
"Bourne supremacy",1453755840,1485068256,31312416,114589154.9652
"Bourne supremacy",1453755840,1454182800,426960,114589154.9652
"Bourne supremacy",1454204400,1485068256,30863856,114589154.9652
"Bourne supremacy",1454204400,1455411900,1207500,114589154.9652
"Bourne supremacy",1454459280,1485068256,30608976,114589154.9652
"Bourne supremacy",1454459280,1455138240,678960,114589154.9652
"Bourne supremacy",1454806800,1485068256,30261456,114589154.9652
"Bourne supremacy",1454806800,1455921420,1114620,114589154.9652
"Bourne supremacy",1455241620,1485068256,29826636,114589154.9652
"Bourne supremacy",1455241620,1455317700,76080,114589154.9652
"Bourne supremacy",1455390660,1485068256,29677596,114589154.9652
"Bourne supremacy",1456256280,1485068256,28811976,114589154.9652
"Bourne supremacy",1456256280,1458073320,1817040,114589154.9652
"Bourne supremacy",1456943340,1485068256,28124916,114589154.9652
"Bourne supremacy",1456943340,1458079500,1136160,114589154.9652
"Bourne supremacy",1456959180,1485068256,28109076,114589154.9652
"Bourne supremacy",1456959180,1457043960,84780,114589154.9652
"Bourne supremacy",1456968600,1485068256,28099656,114589154.9652
"Bourne supremacy",1456968600,1458179760,1211160,114589154.9652
"Bourne supremacy",1457114580,1485068256,27953676,114589154.9652
"Bourne supremacy",1457114580,1457373960,259380,114589154.9652
"Bourne supremacy",1457135280,1485068256,27932976,114589154.9652
"Bourne supremacy",1457135280,1457387400,252120,114589154.9652
"Bourne supremacy",1457139960,1485068256,27928296,114589154.9652
"Bourne supremacy",1457139960,1457472900,332940,114589154.9652
"Bourne supremacy",1457221260,1485068256,27846996,114589154.9652
"Bourne supremacy",1457221260,1458163140,941880,114589154.9652
"Bourne supremacy",1457661240,1485068256,27407016,114589154.9652
"Bourne supremacy",1457905020,1485068256,27163236,114589154.9652
"Bourne supremacy",1457905020,1458869280,964260,114589154.9652
"Bourne supremacy",1458083760,1485068256,26984496,114589154.9652
"Bourne supremacy",1458088320,1485068256,26979936,114589154.9652
"Bourne supremacy",1458088320,1459210500,1122180,114589154.9652
"Bourne supremacy",1458163740,1485068256,26904516,114589154.9652
"Bourne supremacy",1458163740,1458678840,515100,114589154.9652
"Bourne supremacy",1458251160,1485068256,26817096,114589154.9652
"Bourne supremacy",1458251160,1458412260,161100,114589154.9652
"Bourne supremacy",1458258900,1485068256,26809356,114589154.9652
"Bourne supremacy",1458258900,1459469280,1210380,114589154.9652
"Bourne supremacy",1458347880,1485068256,26720376,114589154.9652
"Bourne supremacy",1458347880,1458699960,352080,114589154.9652
"Bourne supremacy",1458591300,1485068256,26476956,114589154.9652
"Bourne supremacy",1458591300,1459198380,607080,114589154.9652
"Bourne supremacy",1458615540,1485068256,26452716,114589154.9652
"Bourne supremacy",1459300740,1485068256,25767516,114589154.9652
"Bourne supremacy",1459476540,1485068256,25591716,114589154.9652
"Bourne supremacy",1459478760,1485068256,25589496,114589154.9652
"Bourne supremacy",1459478760,1460429400,950640,114589154.9652
"Bourne supremacy",1459544820,1485068256,25523436,114589154.9652
"Bourne supremacy",1459544820,1460680200,1135380,114589154.9652
"Bourne supremacy",1459630140,1485068256,25438116,114589154.9652
"Bourne supremacy",1459630140,1459813980,183840,114589154.9652
"Bourne supremacy",1459634880,1485068256,25433376,114589154.9652
"Bourne supremacy",1459634880,1459809120,174240,114589154.9652
"Bourne supremacy",1459727340,1485068256,25340916,114589154.9652
"Bourne supremacy",1459791900,1485068256,25276356,114589154.9652
"Bourne supremacy",1459810860,1485068256,25257396,114589154.9652
"Bourne supremacy",1459822260,1485068256,25245996,114589154.9652
"Bourne supremacy",1459822260,1460427180,604920,114589154.9652
"Bourne supremacy",1459990140,1485068256,25078116,114589154.9652
"Bourne supremacy",1459990140,1461025920,1035780,114589154.9652
"Bourne supremacy",1460239620,1485068256,24828636,114589154.9652
"Bourne supremacy",1460239620,1460513520,273900,114589154.9652
"Bourne supremacy",1460404860,1485068256,24663396,114589154.9652
"Bourne supremacy",1460412300,1485068256,24655956,114589154.9652
"Bourne supremacy",1460412300,1460591820,179520,114589154.9652
"Bourne supremacy",1460511660,1485068256,24556596,114589154.9652
"Bourne supremacy",1460585340,1485068256,24482916,114589154.9652
"Bourne supremacy",1460585340,1461800880,1215540,114589154.9652
"Bourne supremacy",1460679720,1485068256,24388536,114589154.9652
"Bourne supremacy",1460679720,1461800280,1120560,114589154.9652
"Bourne supremacy",1460764560,1485068256,24303696,114589154.9652
"Bourne supremacy",1460926080,1485068256,24142176,114589154.9652
"Bourne supremacy",1460926080,1462214640,1288560,114589154.9652
"Bourne supremacy",1461013980,1485068256,24054276,114589154.9652
"Bourne supremacy",1461013980,1462133640,1119660,114589154.9652
"Bourne supremacy",1461114180,1485068256,23954076,114589154.9652
"Bourne supremacy",1461284220,1485068256,23784036,114589154.9652
"Bourne supremacy",1461284220,1461538740,254520,114589154.9652
"Bourne supremacy",1461793800,1485068256,23274456,114589154.9652
"Bourne supremacy",1461793800,1462396740,602940,114589154.9652
"Bourne supremacy",1462062240,1485068256,23006016,114589154.9652
"Bourne supremacy",1462133520,1485068256,22934736,114589154.9652
"Bourne supremacy",1462133520,1462555920,422400,114589154.9652
"Bourne supremacy",1462220640,1485068256,22847616,114589154.9652
"Bourne supremacy",1462220640,1467318540,5097900,114589154.9652
"Bourne supremacy",1462235400,1485068256,22832856,114589154.9652
"Bourne supremacy",1462235400,1462932180,696780,114589154.9652
"Bourne supremacy",1462312320,1485068256,22755936,114589154.9652
"Bourne supremacy",1462312320,1462832100,519780,114589154.9652
"Bourne supremacy",1462502520,1485068256,22565736,114589154.9652
"Bourne supremacy",1462502520,1464047760,1545240,114589154.9652
"Bourne supremacy",1462576800,1485068256,22491456,114589154.9652
"Bourne supremacy",1462576800,1462748100,171300,114589154.9652
"Bourne supremacy",1462668780,1485068256,22399476,114589154.9652
"Bourne supremacy",1462815960,1485068256,22252296,114589154.9652
"Bourne supremacy",1462815960,1465067700,2251740,114589154.9652
"Bourne supremacy",1462935180,1485068256,22133076,114589154.9652
"Bourne supremacy",1462935180,1463091960,156780,114589154.9652
"Bourne supremacy",1462992000,1485068256,22076256,114589154.9652
"Bourne supremacy",1462992000,1465072680,2080680,114589154.9652
"Bourne supremacy",1463005260,1485068256,22062996,114589154.9652
"Bourne supremacy",1463005260,1463181540,176280,114589154.9652
"Bourne supremacy",1463014500,1485068256,22053756,114589154.9652
"Bourne supremacy",1463271900,1485068256,21796356,114589154.9652
"Bourne supremacy",1463619300,1485068256,21448956,114589154.9652
"Bourne supremacy",1463619300,1464830340,1211040,114589154.9652
"Bourne supremacy",1463691960,1485068256,21376296,114589154.9652
"Bourne supremacy",1463691960,1466113440,2421480,114589154.9652
"Bourne supremacy",1464057480,1485068256,21010776,114589154.9652
"Bourne supremacy",1464057480,1466467800,2410320,114589154.9652
"Bourne supremacy",1464057480,1467857460,3799980,114589154.9652
"Bourne supremacy",1464058620,1485068256,21009636,114589154.9652
"Bourne supremacy",1464556140,1485068256,20512116,114589154.9652
"Bourne supremacy",1464556140,1465510800,954660,114589154.9652
"Bourne supremacy",1464559560,1485068256,20508696,114589154.9652
"Bourne supremacy",1464559560,1465170120,610560,114589154.9652
"Bourne supremacy",1464985560,1485068256,20082696,114589154.9652
"Bourne supremacy",1465168500,1485068256,19899756,114589154.9652
"Bourne supremacy",1465168500,1468288260,3119760,114589154.9652
"Bourne supremacy",1465341900,1485068256,19726356,114589154.9652
"Bourne supremacy",1465341900,1466040240,698340,114589154.9652
"Bourne supremacy",1465409160,1485068256,19659096,114589154.9652
"Bourne supremacy",1465409160,1465861200,452040,114589154.9652
"Bourne supremacy",1465508280,1485068256,19559976,114589154.9652
"Bourne supremacy",1465508280,1465690680,182400,114589154.9652
"Bourne supremacy",1465765080,1485068256,19303176,114589154.9652
"Bourne supremacy",1465941720,1485068256,19126536,114589154.9652
"Bourne supremacy",1465941720,1466453820,512100,114589154.9652
"Bourne supremacy",1466011560,1485068256,19056696,114589154.9652
"Bourne supremacy",1466011560,1467047340,1035780,114589154.9652
"Bourne supremacy",1466211000,1485068256,18857256,114589154.9652
"Bourne supremacy",1466211000,1466545500,334500,114589154.9652
"Bourne supremacy",1466475840,1485068256,18592416,114589154.9652
"Bourne supremacy",1466475840,1466620080,144240,114589154.9652
"Bourne supremacy",1466642040,1485068256,18426216,114589154.9652
"Bourne supremacy",1466642040,1466717700,75660,114589154.9652
"Bourne supremacy",1466790540,1485068256,18277716,114589154.9652
"Bourne supremacy",1466790540,1467324900,534360,114589154.9652
"Bourne supremacy",1466895840,1485068256,18172416,114589154.9652
"Bourne supremacy",1466897160,1485068256,18171096,114589154.9652
"Bourne supremacy",1466897160,1467850260,953100,114589154.9652
"Bourne supremacy",1467485100,1485068256,17583156,114589154.9652
"Bourne supremacy",1467489660,1485068256,17578596,114589154.9652
"Bourne supremacy",1467492360,1485068256,17575896,114589154.9652
"Bourne supremacy",1467492360,1468097460,605100,114589154.9652
"Bourne supremacy",1467583440,1485068256,17484816,114589154.9652
"Bourne supremacy",1467583440,1467943260,359820,114589154.9652
"Bourne supremacy",1467587460,1485068256,17480796,114589154.9652
"Bourne supremacy",1468021560,1485068256,17046696,114589154.9652
"Bourne supremacy",1468021560,1468192020,170460,114589154.9652
"Bourne supremacy",1468435560,1485068256,16632696,114589154.9652
"Bourne supremacy",1468435560,1469655600,1220040,114589154.9652
"Bourne supremacy",1468450320,1485068256,16617936,114589154.9652
"Bourne supremacy",1468450320,1469148000,697680,114589154.9652
"Bourne supremacy",1468521240,1485068256,16547016,114589154.9652
"Bourne supremacy",1468521240,1469402820,881580,114589154.9652
"Bourne supremacy",1468533540,1485068256,16534716,114589154.9652
"Bourne supremacy",1468542600,1468544160,1560,114589154.9652
"Bourne supremacy",1468700580,1485068256,16367676,114589154.9652
"Bourne supremacy",1469146500,1485068256,15921756,114589154.9652
"Bourne supremacy",1469146500,1470357840,1211340,114589154.9652
"Bourne supremacy",1469153580,1485068256,15914676,114589154.9652
"Bourne supremacy",1469153580,1470190500,1036920,114589154.9652
"Bourne supremacy",1469391600,1485068256,15676656,114589154.9652
"Bourne supremacy",1469391600,1470008280,616680,114589154.9652
"Bourne supremacy",1469491020,1485068256,15577236,114589154.9652
"Bourne supremacy",1469567760,1485068256,15500496,114589154.9652
"Bourne supremacy",1469567760,1469656440,88680,114589154.9652
"Bourne supremacy",1469730240,1485068256,15338016,114589154.9652
"Bourne supremacy",1469730240,1470867480,1137240,114589154.9652
"Bourne supremacy",1469907420,1485068256,15160836,114589154.9652
"Bourne supremacy",1469907420,1471110600,1203180,114589154.9652
"Bourne supremacy",1470081660,1485068256,14986596,114589154.9652
"Bourne supremacy",1470081660,1471135140,1053480,114589154.9652
"Bourne supremacy",1470175200,1485068256,14893056,114589154.9652
"Bourne supremacy",1470175200,1470606120,430920,114589154.9652
"Bourne supremacy",1470256740,1485068256,14811516,114589154.9652
"Bourne supremacy",1470256740,1471310700,1053960,114589154.9652
"Bourne supremacy",1470852300,1485068256,14215956,114589154.9652
"Bourne supremacy",1470852300,1471458660,606360,114589154.9652
"Bourne supremacy",1471038000,1485068256,14030256,114589154.9652
"Bourne supremacy",1471038000,1472252280,1214280,114589154.9652
"Bourne supremacy",1471048680,1485068256,14019576,114589154.9652
"Bourne supremacy",1471119780,1485068256,13948476,114589154.9652
"Bourne supremacy",1471119780,1472326680,1206900,114589154.9652
"Bourne supremacy",1471382940,1485068256,13685316,114589154.9652
"Bourne supremacy",1471382940,1472774700,1391760,114589154.9652
"Bourne supremacy",1471464960,1485068256,13603296,114589154.9652
"Bourne supremacy",1471812780,1485068256,13255476,114589154.9652
"Bourne supremacy",1471812780,1472329560,516780,114589154.9652
"Bourne supremacy",1472173740,1485068256,12894516,114589154.9652
"Bourne supremacy",1472173740,1472342040,168300,114589154.9652
"Bourne supremacy",1472319720,1485068256,12748536,114589154.9652
"Bourne supremacy",1472319720,1473535080,1215360,114589154.9652
"Bourne supremacy",1472576520,1485068256,12491736,114589154.9652
"Bourne supremacy",1472576520,1472924580,348060,114589154.9652
"Bourne supremacy",1472583300,1485068256,12484956,114589154.9652
"Bourne supremacy",1472583300,1473376740,793440,114589154.9652
"Bourne supremacy",1472666580,1485068256,12401676,114589154.9652
"Bourne supremacy",1472666580,1472861460,194880,114589154.9652
"Bourne supremacy",1472853720,1485068256,12214536,114589154.9652
"Bourne supremacy",1472853720,1473298140,444420,114589154.9652
"Bourne supremacy",1472943180,1485068256,12125076,114589154.9652
"Bourne supremacy",1473019860,1485068256,12048396,114589154.9652
"Bourne supremacy",1473019860,1473284940,265080,114589154.9652
"Bourne supremacy",1473192480,1485068256,11875776,114589154.9652
"Bourne supremacy",1473541920,1485068256,11526336,114589154.9652
"Bourne supremacy",1473541920,1474064220,522300,114589154.9652
"Bourne supremacy",1473627720,1485068256,11440536,114589154.9652
"Bourne supremacy",1473627720,1473814680,186960,114589154.9652
"Bourne supremacy",1473819000,1485068256,11249256,114589154.9652
"Bourne supremacy",1473819000,1474240680,421680,114589154.9652
"Bourne supremacy",1473972480,1485068256,11095776,114589154.9652
"Bourne supremacy",1473972480,1477009380,3036900,114589154.9652
"Bourne supremacy",1473981840,1485068256,11086416,114589154.9652
"Bourne supremacy",1473981840,1475094420,1112580,114589154.9652
"Bourne supremacy",1474319220,1485068256,10749036,114589154.9652
"Bourne supremacy",1474319220,1475009400,690180,114589154.9652
"Bourne supremacy",1474420740,1474421220,480,114589154.9652
"Bourne supremacy",1474497300,1485068256,10570956,114589154.9652
"Bourne supremacy",1474497300,1475709120,1211820,114589154.9652
"Bourne supremacy",1474578840,1485068256,10489416,114589154.9652
"Bourne supremacy",1474742700,1485068256,10325556,114589154.9652
"Bourne supremacy",1474835400,1485068256,10232856,114589154.9652
"Bourne supremacy",1474835400,1475536380,700980,114589154.9652
"Bourne supremacy",1475097840,1485068256,9970416,114589154.9652
"Bourne supremacy",1475097840,1476387720,1289880,114589154.9652
"Bourne supremacy",1475194020,1485068256,9874236,114589154.9652
"Bourne supremacy",1475194020,1476747300,1553280,114589154.9652
"Bourne supremacy",1475531820,1485068256,9536436,114589154.9652
"Bourne supremacy",1475537400,1485068256,9530856,114589154.9652
"Bourne supremacy",1475537400,1475627220,89820,114589154.9652
"Bourne supremacy",1475799840,1485068256,9268416,114589154.9652
"Bourne supremacy",1475799840,1477259040,1459200,114589154.9652
"Bourne supremacy",1475876940,1485068256,9191316,114589154.9652
"Bourne supremacy",1475876940,1477691640,1814700,114589154.9652
"Bourne supremacy",1475882100,1485068256,9186156,114589154.9652
"Bourne supremacy",1475882100,1476121500,239400,114589154.9652
"Bourne supremacy",1476054360,1485068256,9013896,114589154.9652
"Bourne supremacy",1476054360,1476736680,682320,114589154.9652
"Bourne supremacy",1476320400,1485068256,8747856,114589154.9652
"Bourne supremacy",1476320400,1476731700,411300,114589154.9652
"Bourne supremacy",1476566760,1485068256,8501496,114589154.9652
"Bourne supremacy",1476566760,1478035620,1468860,114589154.9652
"Bourne supremacy",1476833880,1476834000,120,114589154.9652
"Bourne supremacy",1477096800,1485068256,7971456,114589154.9652
"Bourne supremacy",1477158900,1485068256,7909356,114589154.9652
"Bourne supremacy",1477170060,1485068256,7898196,114589154.9652
"Bourne supremacy",1477180560,1477180680,120,114589154.9652
"Bourne supremacy",1477429380,1485068256,7638876,114589154.9652
"Bourne supremacy",1477429380,1477867200,437820,114589154.9652
"Bourne supremacy",1477511940,1485068256,7556316,114589154.9652
"Bourne supremacy",1477511940,1478208300,696360,114589154.9652
"Bourne supremacy",1477867260,1485068256,7200996,114589154.9652
"Bourne supremacy",1477867260,1480206180,2338920,114589154.9652
"Bourne supremacy",1477934580,1485068256,7133676,114589154.9652
"Bourne supremacy",1478227860,1485068256,6840396,114589154.9652
"Bourne supremacy",1478468160,1485068256,6600096,114589154.9652
"Bourne supremacy",1478566620,1485068256,6501636,114589154.9652
"Bourne supremacy",1478566620,1480198260,1631640,114589154.9652
"Bourne supremacy",1478716380,1485068256,6351876,114589154.9652
"Bourne supremacy",1478716380,1479435780,719400,114589154.9652
"Bourne supremacy",1478980380,1485068256,6087876,114589154.9652
"Bourne supremacy",1478980380,1479756660,776280,114589154.9652
"Bourne supremacy",1479416640,1485068256,5651616,114589154.9652
"Bourne supremacy",1479416640,1479582000,165360,114589154.9652
"Bourne supremacy",1479595920,1485068256,5472336,114589154.9652
"Bourne supremacy",1479595920,1480712100,1116180,114589154.9652
"Bourne supremacy",1479765180,1485068256,5303076,114589154.9652
"Bourne supremacy",1479765180,1480120980,355800,114589154.9652
"Bourne supremacy",1479938940,1485068256,5129316,114589154.9652
"Bourne supremacy",1480202580,1485068256,4865676,114589154.9652
"Bourne supremacy",1480202580,1480728720,526140,114589154.9652
"Bourne supremacy",1480202640,1485068256,4865616,114589154.9652
"Bourne supremacy",1480292880,1485068256,4775376,114589154.9652
"Bourne supremacy",1480292880,1480456200,163320,114589154.9652
"Bourne supremacy",1480458720,1485068256,4609536,114589154.9652
"Bourne supremacy",1480564200,1485068256,4504056,114589154.9652
"Bourne supremacy",1480564200,1481767680,1203480,114589154.9652
"Bourne supremacy",1480713960,1485068256,4354296,114589154.9652
"Bourne supremacy",1480713960,1483738740,3024780,114589154.9652
"Bourne supremacy",1480716480,1485068256,4351776,114589154.9652
"Bourne supremacy",1480716480,1481915100,1198620,114589154.9652
"Bourne supremacy",1480791900,1485068256,4276356,114589154.9652
"Bourne supremacy",1480798080,1485068256,4270176,114589154.9652
"Bourne supremacy",1481073180,1485068256,3995076,114589154.9652
"Bourne supremacy",1481073180,1481332920,259740,114589154.9652
"Bourne supremacy",1481929980,1485068256,3138276,114589154.9652
"Bourne supremacy",1481929980,1482368220,438240,114589154.9652
"Bourne supremacy",1482351720,1485068256,2716536,114589154.9652
"Bourne supremacy",1482351720,1483397160,1045440,114589154.9652
"Bourne supremacy",1482451260,1485068256,2616996,114589154.9652
"Bourne supremacy",1482451260,1483658520,1207260,114589154.9652
"Bourne supremacy",1482520980,1485068256,2547276,114589154.9652
"Bourne supremacy",1482520980,1482890220,369240,114589154.9652
"Bourne supremacy",1482808920,1485068256,2259336,114589154.9652
"Bourne supremacy",1482808920,1484008380,1199460,114589154.9652
"Bourne supremacy",1482862440,1485068256,2205816,114589154.9652
"Bourne supremacy",1482862440,1483413060,550620,114589154.9652
"Bourne supremacy",1483062840,1485068256,2005416,114589154.9652
"Bourne supremacy",1483062840,1483580100,517260,114589154.9652
"Bourne supremacy",1483554780,1485068256,1513476,114589154.9652
"Bourne supremacy",1483554780,1483914300,359520,114589154.9652
"Bourne supremacy",1483821600,1485068256,1246656,114589154.9652
"Bourne supremacy",1483821600,1483913760,92160,114589154.9652
"Bourne supremacy",1483922700,1485068256,1145556,114589154.9652
"Bourne supremacy",1483922700,1484525280,602580,114589154.9652
"Bourne supremacy",1484008140,1484008260,120,114589154.9652
"Bourne supremacy",1484093880,1485068256,974376,114589154.9652
"Bourne supremacy",1484094240,1485068256,974016,114589154.9652
"Bourne supremacy",1484347800,1485068256,720456,114589154.9652
"Bourne supremacy",1484347800,1484776620,428820,114589154.9652
"Bourne supremacy",1484351040,1485068256,717216,114589154.9652
"Bourne supremacy",1484420940,1485068256,647316,114589154.9652
"Bourne supremacy",1484693460,1485068256,374796,114589154.9652
"Bourne supremacy",1484944920,1485068256,123336,114589154.9652
"Bourne legacy",1355440980,1485068256,129627276,52102885.7748
"Bourne legacy",1355440980,1356048660,607680,52102885.7748
"Bourne legacy",1355446620,1485068256,129621636,52102885.7748
"Bourne legacy",1355446620,1356653640,1207020,52102885.7748
"Bourne legacy",1355449260,1485068256,129618996,52102885.7748
"Bourne legacy",1355449260,1356059160,609900,52102885.7748
"Bourne legacy",1355466060,1485068256,129602196,52102885.7748
"Bourne legacy",1355510220,1485068256,129558036,52102885.7748
"Bourne legacy",1355510220,1355602320,92100,52102885.7748
"Bourne legacy",1355510400,1485068256,129557856,52102885.7748
"Bourne legacy",1355510400,1356028260,517860,52102885.7748
"Bourne legacy",1355510820,1485068256,129557436,52102885.7748
"Bourne legacy",1355511840,1485068256,129556416,52102885.7748
"Bourne legacy",1355511840,1355948220,436380,52102885.7748
"Bourne legacy",1355513640,1485068256,129554616,52102885.7748
"Bourne legacy",1355516160,1485068256,129552096,52102885.7748
"Bourne legacy",1355516160,1356049440,533280,52102885.7748
"Bourne legacy",1355517120,1485068256,129551136,52102885.7748
"Bourne legacy",1355517120,1356059700,542580,52102885.7748
"Bourne legacy",1355519580,1485068256,129548676,52102885.7748
"Bourne legacy",1355519580,1356567600,1048020,52102885.7748
"Bourne legacy",1355521440,1485068256,129546816,52102885.7748
"Bourne legacy",1355521440,1356564060,1042620,52102885.7748
"Bourne legacy",1355523900,1485068256,129544356,52102885.7748
"Bourne legacy",1355523900,1356656820,1132920,52102885.7748
"Bourne legacy",1355525760,1485068256,129542496,52102885.7748
"Bourne legacy",1355525760,1356632040,1106280,52102885.7748
"Bourne legacy",1355526840,1485068256,129541416,52102885.7748
"Bourne legacy",1355528040,1485068256,129540216,52102885.7748
"Bourne legacy",1355528040,1356551520,1023480,52102885.7748
"Bourne legacy",1355528580,1485068256,129539676,52102885.7748
"Bourne legacy",1355528580,1356216840,688260,52102885.7748
"Bourne legacy",1355529960,1485068256,129538296,52102885.7748
"Bourne legacy",1355530320,1485068256,129537936,52102885.7748
"Bourne legacy",1355530320,1355782020,251700,52102885.7748
"Bourne legacy",1355531100,1485068256,129537156,52102885.7748
"Bourne legacy",1355531100,1356035580,504480,52102885.7748
"Bourne legacy",1355531700,1485068256,129536556,52102885.7748
"Bourne legacy",1355532720,1485068256,129535536,52102885.7748
"Bourne legacy",1355533560,1485068256,129534696,52102885.7748
"Bourne legacy",1355533560,1356044040,510480,52102885.7748
"Bourne legacy",1355536140,1485068256,129532116,52102885.7748
"Bourne legacy",1355536140,1355777760,241620,52102885.7748
"Bourne legacy",1355536620,1485068256,129531636,52102885.7748
"Bourne legacy",1355536620,1356124620,588000,52102885.7748
"Bourne legacy",1355595300,1485068256,129472956,52102885.7748
"Bourne legacy",1355597520,1485068256,129470736,52102885.7748
"Bourne legacy",1355598900,1485068256,129469356,52102885.7748
"Bourne legacy",1355598900,1356136080,537180,52102885.7748
"Bourne legacy",1355599680,1485068256,129468576,52102885.7748
"Bourne legacy",1355600640,1485068256,129467616,52102885.7748
"Bourne legacy",1355600640,1356639600,1038960,52102885.7748
"Bourne legacy",1355600940,1485068256,129467316,52102885.7748
"Bourne legacy",1355600940,1356121020,520080,52102885.7748
"Bourne legacy",1355601720,1485068256,129466536,52102885.7748
"Bourne legacy",1355601720,1356306960,705240,52102885.7748
"Bourne legacy",1355602440,1485068256,129465816,52102885.7748
"Bourne legacy",1355602440,1356909060,1306620,52102885.7748
"Bourne legacy",1355604060,1485068256,129464196,52102885.7748
"Bourne legacy",1355604060,1356555780,951720,52102885.7748
"Bourne legacy",1355605080,1485068256,129463176,52102885.7748
"Bourne legacy",1355605080,1356652920,1047840,52102885.7748
"Bourne legacy",1355605200,1485068256,129463056,52102885.7748
"Bourne legacy",1355605200,1356043920,438720,52102885.7748
"Bourne legacy",1355605260,1485068256,129462996,52102885.7748
"Bourne legacy",1355605260,1356026880,421620,52102885.7748
"Bourne legacy",1355605500,1485068256,129462756,52102885.7748
"Bourne legacy",1355605500,1356214860,609360,52102885.7748
"Bourne legacy",1355605560,1485068256,129462696,52102885.7748
"Bourne legacy",1355605560,1356210660,605100,52102885.7748
"Bourne legacy",1355605680,1485068256,129462576,52102885.7748
"Bourne legacy",1355605800,1485068256,129462456,52102885.7748
"Bourne legacy",1355605800,1485068256,129462456,52102885.7748
"Bourne legacy",1355605800,1355961000,355200,52102885.7748
"Bourne legacy",1355605800,1356642000,1036200,52102885.7748
"Bourne legacy",1355606820,1485068256,129461436,52102885.7748
"Bourne legacy",1355606820,1356988980,1382160,52102885.7748
"Bourne legacy",1355607000,1485068256,129461256,52102885.7748
"Bourne legacy",1355607000,1356816600,1209600,52102885.7748
"Bourne legacy",1355611440,1485068256,129456816,52102885.7748
"Bourne legacy",1355611440,1355956680,345240,52102885.7748
"Bourne legacy",1355613000,1485068256,129455256,52102885.7748
"Bourne legacy",1355613000,1355860260,247260,52102885.7748
"Bourne legacy",1355613180,1485068256,129455076,52102885.7748
"Bourne legacy",1355613180,1356650640,1037460,52102885.7748
"Bourne legacy",1355614080,1485068256,129454176,52102885.7748
"Bourne legacy",1355614080,1356217800,603720,52102885.7748
"Bourne legacy",1355614980,1485068256,129453276,52102885.7748
"Bourne legacy",1355616300,1485068256,129451956,52102885.7748
"Bourne legacy",1355616600,1485068256,129451656,52102885.7748
"Bourne legacy",1355616600,1355793480,176880,52102885.7748
"Bourne legacy",1355618760,1485068256,129449496,52102885.7748
"Bourne legacy",1355619000,1485068256,129449256,52102885.7748
"Bourne legacy",1355619000,1356829860,1210860,52102885.7748
"Bourne legacy",1355619300,1485068256,129448956,52102885.7748
"Bourne legacy",1355621340,1485068256,129446916,52102885.7748
"Bourne legacy",1355621340,1356832080,1210740,52102885.7748
"Bourne legacy",1355621580,1485068256,129446676,52102885.7748
"Bourne legacy",1355621580,1356826620,1205040,52102885.7748
"Bourne legacy",1355622480,1485068256,129445776,52102885.7748
"Bourne legacy",1355622720,1485068256,129445536,52102885.7748
"Bourne legacy",1355622840,1485068256,129445416,52102885.7748
"Bourne legacy",1355683800,1485068256,129384456,52102885.7748
"Bourne legacy",1355693580,1485068256,129374676,52102885.7748
"Bourne legacy",1355693580,1356733920,1040340,52102885.7748
"Bourne legacy",1355694720,1485068256,129373536,52102885.7748
"Bourne legacy",1355695920,1485068256,129372336,52102885.7748
"Bourne legacy",1355696460,1485068256,129371796,52102885.7748
"Bourne legacy",1355701080,1485068256,129367176,52102885.7748
"Bourne legacy",1355701080,1355782980,81900,52102885.7748
"Bourne legacy",1355701500,1485068256,129366756,52102885.7748
"Bourne legacy",1355701500,1356305820,604320,52102885.7748
"Bourne legacy",1355703540,1485068256,129364716,52102885.7748
"Bourne legacy",1355703540,1356214140,510600,52102885.7748
"Bourne legacy",1355703600,1485068256,129364656,52102885.7748
"Bourne legacy",1355703960,1485068256,129364296,52102885.7748
"Bourne legacy",1355703960,1356139260,435300,52102885.7748
"Bourne legacy",1355769540,1485068256,129298716,52102885.7748
"Bourne legacy",1355769540,1356655740,886200,52102885.7748
"Bourne legacy",1355770680,1485068256,129297576,52102885.7748
"Bourne legacy",1355775840,1485068256,129292416,52102885.7748
"Bourne legacy",1355775840,1356220200,444360,52102885.7748
"Bourne legacy",1355778060,1485068256,129290196,52102885.7748
"Bourne legacy",1355778060,1356128280,350220,52102885.7748
"Bourne legacy",1355778120,1485068256,129290136,52102885.7748
"Bourne legacy",1355783340,1485068256,129284916,52102885.7748
"Bourne legacy",1355784360,1485068256,129283896,52102885.7748
"Bourne legacy",1355784360,1356816600,1032240,52102885.7748
"Bourne legacy",1355786160,1485068256,129282096,52102885.7748
"Bourne legacy",1355786160,1357234980,1448820,52102885.7748
"Bourne legacy",1355786640,1485068256,129281616,52102885.7748
"Bourne legacy",1355786640,1356831240,1044600,52102885.7748
"Bourne legacy",1355788020,1485068256,129280236,52102885.7748
"Bourne legacy",1355790660,1485068256,129277596,52102885.7748
"Bourne legacy",1355797440,1485068256,129270816,52102885.7748
"Bourne legacy",1355798160,1485068256,129270096,52102885.7748
"Bourne legacy",1355857980,1485068256,129210276,52102885.7748
"Bourne legacy",1355860140,1485068256,129208116,52102885.7748
"Bourne legacy",1355860320,1485068256,129207936,52102885.7748
"Bourne legacy",1355860320,1356049860,189540,52102885.7748
"Bourne legacy",1355861220,1485068256,129207036,52102885.7748
"Bourne legacy",1355861220,1356059100,197880,52102885.7748
"Bourne legacy",1355861520,1485068256,129206736,52102885.7748
"Bourne legacy",1355861520,1356634020,772500,52102885.7748
"Bourne legacy",1355867460,1485068256,129200796,52102885.7748
"Bourne legacy",1355867460,1356556140,688680,52102885.7748
"Bourne legacy",1355873040,1485068256,129195216,52102885.7748
"Bourne legacy",1355873040,1357168200,1295160,52102885.7748
"Bourne legacy",1355877060,1485068256,129191196,52102885.7748
"Bourne legacy",1355877060,1357430640,1553580,52102885.7748
"Bourne legacy",1355884620,1485068256,129183636,52102885.7748
"Bourne legacy",1355884620,1356994920,1110300,52102885.7748
"Bourne legacy",1355889480,1485068256,129178776,52102885.7748
"Bourne legacy",1355942280,1485068256,129125976,52102885.7748
"Bourne legacy",1355942280,1357163460,1221180,52102885.7748
"Bourne legacy",1355946900,1485068256,129121356,52102885.7748
"Bourne legacy",1355946900,1356737400,790500,52102885.7748
"Bourne legacy",1355949240,1485068256,129119016,52102885.7748
"Bourne legacy",1355949240,1356300240,351000,52102885.7748
"Bourne legacy",1355956620,1485068256,129111636,52102885.7748
"Bourne legacy",1355961600,1485068256,129106656,52102885.7748
"Bourne legacy",1355961600,1356809460,847860,52102885.7748
"Bourne legacy",1355963220,1485068256,129105036,52102885.7748
"Bourne legacy",1355963700,1485068256,129104556,52102885.7748
"Bourne legacy",1355963700,1356026460,62760,52102885.7748
"Bourne legacy",1356037020,1485068256,129031236,52102885.7748
"Bourne legacy",1356037020,1356908460,871440,52102885.7748
"Bourne legacy",1356040860,1485068256,129027396,52102885.7748
"Bourne legacy",1356040860,1356814380,773520,52102885.7748
"Bourne legacy",1356042540,1485068256,129025716,52102885.7748
"Bourne legacy",1356042540,1357249020,1206480,52102885.7748
"Bourne legacy",1356045360,1485068256,129022896,52102885.7748
"Bourne legacy",1356045360,1357170540,1125180,52102885.7748
"Bourne legacy",1356046980,1485068256,129021276,52102885.7748
"Bourne legacy",1356046980,1356909300,862320,52102885.7748
"Bourne legacy",1356049380,1485068256,129018876,52102885.7748
"Bourne legacy",1356052080,1485068256,129016176,52102885.7748
"Bourne legacy",1356052080,1357149360,1097280,52102885.7748
"Bourne legacy",1356052140,1485068256,129016116,52102885.7748
"Bourne legacy",1356052140,1357329840,1277700,52102885.7748
"Bourne legacy",1356059700,1485068256,129008556,52102885.7748
"Bourne legacy",1356116220,1485068256,128952036,52102885.7748
"Bourne legacy",1356118140,1485068256,128950116,52102885.7748
"Bourne legacy",1356118140,1356561540,443400,52102885.7748
"Bourne legacy",1356122820,1485068256,128945436,52102885.7748
"Bourne legacy",1356124500,1485068256,128943756,52102885.7748
"Bourne legacy",1356124500,1356745020,620520,52102885.7748
"Bourne legacy",1356133140,1485068256,128935116,52102885.7748
"Bourne legacy",1356133140,1356569220,436080,52102885.7748
"Bourne legacy",1356136020,1485068256,128932236,52102885.7748
"Bourne legacy",1356139860,1485068256,128928396,52102885.7748
"Bourne legacy",1356139860,1357691160,1551300,52102885.7748
"Bourne legacy",1356199560,1485068256,128868696,52102885.7748
"Bourne legacy",1356203100,1485068256,128865156,52102885.7748
"Bourne legacy",1356203100,1357415940,1212840,52102885.7748
"Bourne legacy",1356203340,1485068256,128864916,52102885.7748
"Bourne legacy",1356203340,1356805500,602160,52102885.7748
"Bourne legacy",1356207660,1485068256,128860596,52102885.7748
"Bourne legacy",1356207660,1356569880,362220,52102885.7748
"Bourne legacy",1356209460,1485068256,128858796,52102885.7748
"Bourne legacy",1356211800,1356211800,0,52102885.7748
"Bourne legacy",1356211860,1485068256,128856396,52102885.7748
"Bourne legacy",1356211860,1356565740,353880,52102885.7748
"Bourne legacy",1356212640,1485068256,128855616,52102885.7748
"Bourne legacy",1356212640,1357431480,1218840,52102885.7748
"Bourne legacy",1356215880,1485068256,128852376,52102885.7748
"Bourne legacy",1356215880,1356547260,331380,52102885.7748
"Bourne legacy",1356216060,1485068256,128852196,52102885.7748
"Bourne legacy",1356216060,1357166520,950460,52102885.7748
"Bourne legacy",1356219180,1485068256,128849076,52102885.7748
"Bourne legacy",1356220260,1485068256,128847996,52102885.7748
"Bourne legacy",1356221820,1485068256,128846436,52102885.7748
"Bourne legacy",1356221820,1356815160,593340,52102885.7748
"Bourne legacy",1356221880,1485068256,128846376,52102885.7748
"Bourne legacy",1356221880,1356823980,602100,52102885.7748
"Bourne legacy",1356223440,1485068256,128844816,52102885.7748
"Bourne legacy",1356223440,1357428960,1205520,52102885.7748
"Bourne legacy",1356224040,1485068256,128844216,52102885.7748
"Bourne legacy",1356224040,1356824400,600360,52102885.7748
"Bourne legacy",1356224460,1485068256,128843796,52102885.7748
"Bourne legacy",1356226140,1485068256,128842116,52102885.7748
"Bourne legacy",1356292320,1485068256,128775936,52102885.7748
"Bourne legacy",1356292320,1358198100,1905780,52102885.7748
"Bourne legacy",1356296640,1485068256,128771616,52102885.7748
"Bourne legacy",1356296640,1357509780,1213140,52102885.7748
"Bourne legacy",1356297420,1485068256,128770836,52102885.7748
"Bourne legacy",1356297420,1358112720,1815300,52102885.7748
"Bourne legacy",1356299580,1485068256,128768676,52102885.7748
"Bourne legacy",1356300060,1485068256,128768196,52102885.7748
"Bourne legacy",1356300060,1357520160,1220100,52102885.7748
"Bourne legacy",1356303360,1485068256,128764896,52102885.7748
"Bourne legacy",1356303360,1357594740,1291380,52102885.7748
"Bourne legacy",1356308400,1485068256,128759856,52102885.7748
"Bourne legacy",1356308400,1356826500,518100,52102885.7748
"Bourne legacy",1356545100,1485068256,128523156,52102885.7748
"Bourne legacy",1356545100,1357591620,1046520,52102885.7748
"Bourne legacy",1356548940,1485068256,128519316,52102885.7748
"Bourne legacy",1356548940,1356828840,279900,52102885.7748
"Bourne legacy",1356550920,1485068256,128517336,52102885.7748
"Bourne legacy",1356550920,1357261320,710400,52102885.7748
"Bourne legacy",1356556140,1485068256,128512116,52102885.7748
"Bourne legacy",1356556140,1357339140,783000,52102885.7748
"Bourne legacy",1356559380,1485068256,128508876,52102885.7748
"Bourne legacy",1356559380,1357173780,614400,52102885.7748
"Bourne legacy",1356559800,1485068256,128508456,52102885.7748
"Bourne legacy",1356559800,1357601700,1041900,52102885.7748
"Bourne legacy",1356564600,1485068256,128503656,52102885.7748
"Bourne legacy",1356566100,1485068256,128502156,52102885.7748
"Bourne legacy",1356566100,1357693980,1127880,52102885.7748
"Bourne legacy",1356566400,1485068256,128501856,52102885.7748
"Bourne legacy",1356568020,1485068256,128500236,52102885.7748
"Bourne legacy",1356568680,1485068256,128499576,52102885.7748
"Bourne legacy",1356568680,1356803340,234660,52102885.7748
"Bourne legacy",1356568740,1485068256,128499516,52102885.7748
"Bourne legacy",1356568740,1357506900,938160,52102885.7748
"Bourne legacy",1356568980,1485068256,128499276,52102885.7748
"Bourne legacy",1356569400,1485068256,128498856,52102885.7748
"Bourne legacy",1356569400,1357429680,860280,52102885.7748
"Bourne legacy",1356569460,1485068256,128498796,52102885.7748
"Bourne legacy",1356571200,1485068256,128497056,52102885.7748
"Bourne legacy",1356571200,1357344600,773400,52102885.7748
"Bourne legacy",1356574680,1485068256,128493576,52102885.7748
"Bourne legacy",1356636720,1485068256,128431536,52102885.7748
"Bourne legacy",1356636720,1357699500,1062780,52102885.7748
"Bourne legacy",1356642660,1485068256,128425596,52102885.7748
"Bourne legacy",1356642660,1357506360,863700,52102885.7748
"Bourne legacy",1356644880,1485068256,128423376,52102885.7748
"Bourne legacy",1356644880,1356998160,353280,52102885.7748
"Bourne legacy",1356650280,1485068256,128417976,52102885.7748
"Bourne legacy",1356650280,1356911520,261240,52102885.7748
"Bourne legacy",1356651360,1485068256,128416896,52102885.7748
"Bourne legacy",1356651360,1357842420,1191060,52102885.7748
"Bourne legacy",1356654420,1485068256,128413836,52102885.7748
"Bourne legacy",1356655440,1485068256,128412816,52102885.7748
"Bourne legacy",1356655440,1357875300,1219860,52102885.7748
"Bourne legacy",1356659100,1485068256,128409156,52102885.7748
"Bourne legacy",1356660060,1485068256,128408196,52102885.7748
"Bourne legacy",1356719820,1485068256,128348436,52102885.7748
"Bourne legacy",1356731880,1485068256,128336376,52102885.7748
"Bourne legacy",1356736740,1485068256,128331516,52102885.7748
"Bourne legacy",1356741420,1485068256,128326836,52102885.7748
"Bourne legacy",1356741420,1357417320,675900,52102885.7748
"Bourne legacy",1356742440,1485068256,128325816,52102885.7748
"Bourne legacy",1356804540,1485068256,128263716,52102885.7748
"Bourne legacy",1356804540,1357327620,523080,52102885.7748
"Bourne legacy",1356811680,1485068256,128256576,52102885.7748
"Bourne legacy",1356811680,1356996480,184800,52102885.7748
"Bourne legacy",1356812280,1485068256,128255976,52102885.7748
"Bourne legacy",1356812280,1357763040,950760,52102885.7748
"Bourne legacy",1356812700,1485068256,128255556,52102885.7748
"Bourne legacy",1356814020,1485068256,128254236,52102885.7748
"Bourne legacy",1356814020,1357616820,802800,52102885.7748
"Bourne legacy",1356818400,1485068256,128249856,52102885.7748
"Bourne legacy",1356818400,1358627220,1808820,52102885.7748
"Bourne legacy",1356819180,1485068256,128249076,52102885.7748
"Bourne legacy",1356819180,1358122560,1303380,52102885.7748
"Bourne legacy",1356822000,1485068256,128246256,52102885.7748
"Bourne legacy",1356822000,1358035860,1213860,52102885.7748
"Bourne legacy",1356824220,1485068256,128244036,52102885.7748
"Bourne legacy",1356824700,1485068256,128243556,52102885.7748
"Bourne legacy",1356824700,1357674960,850260,52102885.7748
"Bourne legacy",1356827460,1485068256,128240796,52102885.7748
"Bourne legacy",1356828780,1485068256,128239476,52102885.7748
"Bourne legacy",1356830400,1485068256,128237856,52102885.7748
"Bourne legacy",1356830640,1485068256,128237616,52102885.7748
"Bourne legacy",1356830640,1357513860,683220,52102885.7748
"Bourne legacy",1356831720,1485068256,128236536,52102885.7748
"Bourne legacy",1356831720,1485068256,128236536,52102885.7748
"Bourne legacy",1356831720,1358029860,1198140,52102885.7748
"Bourne legacy",1356831720,1358472780,1641060,52102885.7748
"Bourne legacy",1356906000,1485068256,128162256,52102885.7748
"Bourne legacy",1356906000,1357771680,865680,52102885.7748
"Bourne legacy",1356907560,1485068256,128160696,52102885.7748
"Bourne legacy",1356907560,1357932240,1024680,52102885.7748
"Bourne legacy",1356911640,1485068256,128156616,52102885.7748
"Bourne legacy",1356911640,1357769760,858120,52102885.7748
"Bourne legacy",1356915240,1485068256,128153016,52102885.7748
"Bourne legacy",1356915480,1485068256,128152776,52102885.7748
"Bourne legacy",1356915480,1357342740,427260,52102885.7748
"Bourne legacy",1356985140,1485068256,128083116,52102885.7748
"Bourne legacy",1356985140,1357510500,525360,52102885.7748
"Bourne legacy",1356991080,1485068256,128077176,52102885.7748
"Bourne legacy",1356991080,1357172040,180960,52102885.7748
"Bourne legacy",1356991500,1485068256,128076756,52102885.7748
"Bourne legacy",1356991500,1357337640,346140,52102885.7748
"Bourne legacy",1356992040,1485068256,128076216,52102885.7748
"Bourne legacy",1356992040,1357420200,428160,52102885.7748
"Bourne legacy",1356995700,1485068256,128072556,52102885.7748
"Bourne legacy",1356995700,1357599540,603840,52102885.7748
"Bourne legacy",1356995880,1485068256,128072376,52102885.7748
"Bourne legacy",1356996120,1485068256,128072136,52102885.7748
"Bourne legacy",1356996420,1485068256,128071836,52102885.7748
"Bourne legacy",1356996420,1358289360,1292940,52102885.7748
"Bourne legacy",1356997320,1485068256,128070936,52102885.7748
"Bourne legacy",1356997320,1357597680,600360,52102885.7748
"Bourne legacy",1356997440,1485068256,128070816,52102885.7748
"Bourne legacy",1356997440,1357350540,353100,52102885.7748
"Bourne legacy",1356999900,1485068256,128068356,52102885.7748
"Bourne legacy",1356999900,1358021400,1021500,52102885.7748
"Bourne legacy",1357000080,1485068256,128068176,52102885.7748
"Bourne legacy",1357000080,1357677360,677280,52102885.7748
"Bourne legacy",1357004160,1485068256,128064096,52102885.7748
"Bourne legacy",1357004160,1358034900,1030740,52102885.7748
"Bourne legacy",1357151640,1485068256,127916616,52102885.7748
"Bourne legacy",1357156020,1485068256,127912236,52102885.7748
"Bourne legacy",1357156020,1357156080,60,52102885.7748
"Bourne legacy",1357157040,1485068256,127911216,52102885.7748
"Bourne legacy",1357159140,1485068256,127909116,52102885.7748
"Bourne legacy",1357164120,1485068256,127904136,52102885.7748
"Bourne legacy",1357164120,1358373120,1209000,52102885.7748
"Bourne legacy",1357164600,1485068256,127903656,52102885.7748
"Bourne legacy",1357164600,1357602960,438360,52102885.7748
"Bourne legacy",1357169160,1485068256,127899096,52102885.7748
"Bourne legacy",1357169160,1358380860,1211700,52102885.7748
"Bourne legacy",1357175040,1485068256,127893216,52102885.7748
"Bourne legacy",1357177980,1485068256,127890276,52102885.7748
"Bourne legacy",1357177980,1357431180,253200,52102885.7748
"Bourne legacy",1357179840,1485068256,127888416,52102885.7748
"Bourne legacy",1357179840,1357594620,414780,52102885.7748
"Bourne legacy",1357179960,1485068256,127888296,52102885.7748
"Bourne legacy",1357227000,1485068256,127841256,52102885.7748
"Bourne legacy",1357227000,1360962780,3735780,52102885.7748
"Bourne legacy",1357241880,1485068256,127826376,52102885.7748
"Bourne legacy",1357241880,1357594920,353040,52102885.7748
"Bourne legacy",1357241940,1485068256,127826316,52102885.7748
"Bourne legacy",1357241940,1357846500,604560,52102885.7748
"Bourne legacy",1357243680,1485068256,127824576,52102885.7748
"Bourne legacy",1357243680,1357591080,347400,52102885.7748
"Bourne legacy",1357245780,1485068256,127822476,52102885.7748
"Bourne legacy",1357249200,1485068256,127819056,52102885.7748
"Bourne legacy",1357250160,1485068256,127818096,52102885.7748
"Bourne legacy",1357250280,1485068256,127817976,52102885.7748
"Bourne legacy",1357250280,1357783740,533460,52102885.7748
"Bourne legacy",1357252980,1485068256,127815276,52102885.7748
"Bourne legacy",1357252980,1357513320,260340,52102885.7748
"Bourne legacy",1357256160,1485068256,127812096,52102885.7748
"Bourne legacy",1357260000,1485068256,127808256,52102885.7748
"Bourne legacy",1357261320,1485068256,127806936,52102885.7748
"Bourne legacy",1357261320,1357693980,432660,52102885.7748
"Bourne legacy",1357262760,1485068256,127805496,52102885.7748
"Bourne legacy",1357262760,1357415520,152760,52102885.7748
"Bourne legacy",1357263420,1485068256,127804836,52102885.7748
"Bourne legacy",1357263780,1485068256,127804476,52102885.7748
"Bourne legacy",1357263780,1357770060,506280,52102885.7748
"Bourne legacy",1357266960,1485068256,127801296,52102885.7748
"Bourne legacy",1357266960,1358385000,1118040,52102885.7748
"Bourne legacy",1357325460,1485068256,127742796,52102885.7748
"Bourne legacy",1357325460,1357928640,603180,52102885.7748
"Bourne legacy",1357331340,1485068256,127736916,52102885.7748
"Bourne legacy",1357345920,1485068256,127722336,52102885.7748
"Bourne legacy",1357345920,1357876620,530700,52102885.7748
"Bourne legacy",1357347000,1485068256,127721256,52102885.7748
"Bourne legacy",1357347000,1358897580,1550580,52102885.7748
"Bourne legacy",1357349580,1485068256,127718676,52102885.7748
"Bourne legacy",1357411140,1485068256,127657116,52102885.7748
"Bourne legacy",1357411140,1357785180,374040,52102885.7748
"Bourne legacy",1357411320,1485068256,127656936,52102885.7748
"Bourne legacy",1357411320,1357607940,196620,52102885.7748
"Bourne legacy",1357414200,1485068256,127654056,52102885.7748
"Bourne legacy",1357414200,1358474760,1060560,52102885.7748
"Bourne legacy",1357418100,1485068256,127650156,52102885.7748
"Bourne legacy",1357418100,1358642400,1224300,52102885.7748
"Bourne legacy",1357418280,1485068256,127649976,52102885.7748
"Bourne legacy",1357418280,1357872360,454080,52102885.7748
"Bourne legacy",1357421520,1485068256,127646736,52102885.7748
"Bourne legacy",1357421520,1358027220,605700,52102885.7748
"Bourne legacy",1357422000,1485068256,127646256,52102885.7748
"Bourne legacy",1357422000,1358023800,601800,52102885.7748
"Bourne legacy",1357423020,1485068256,127645236,52102885.7748
"Bourne legacy",1357423020,1358029560,606540,52102885.7748
"Bourne legacy",1357423500,1485068256,127644756,52102885.7748
"Bourne legacy",1357423500,1358288460,864960,52102885.7748
"Bourne legacy",1357428360,1485068256,127639896,52102885.7748
"Bourne legacy",1357428360,1358552520,1124160,52102885.7748
"Bourne legacy",1357431720,1485068256,127636536,52102885.7748
"Bourne legacy",1357437180,1485068256,127631076,52102885.7748
"Bourne legacy",1357437180,1358720160,1282980,52102885.7748
"Bourne legacy",1357506600,1485068256,127561656,52102885.7748
"Bourne legacy",1357508940,1485068256,127559316,52102885.7748
"Bourne legacy",1357514820,1485068256,127553436,52102885.7748
"Bourne legacy",1357514820,1358119200,604380,52102885.7748
"Bourne legacy",1357515300,1485068256,127552956,52102885.7748
"Bourne legacy",1357515300,1357852860,337560,52102885.7748
"Bourne legacy",1357591140,1485068256,127477116,52102885.7748
"Bourne legacy",1357591140,1358453640,862500,52102885.7748
"Bourne legacy",1357591980,1485068256,127476276,52102885.7748
"Bourne legacy",1357591980,1358625660,1033680,52102885.7748
"Bourne legacy",1357592640,1485068256,127475616,52102885.7748
"Bourne legacy",1357592640,1358458680,866040,52102885.7748
"Bourne legacy",1357593900,1485068256,127474356,52102885.7748
"Bourne legacy",1357593900,1357849620,255720,52102885.7748
"Bourne legacy",1357595340,1485068256,127472916,52102885.7748
"Bourne legacy",1357595340,1358900520,1305180,52102885.7748
"Bourne legacy",1357595640,1485068256,127472616,52102885.7748
"Bourne legacy",1357595640,1358541780,946140,52102885.7748
"Bourne legacy",1357596960,1485068256,127471296,52102885.7748
"Bourne legacy",1357596960,1358200680,603720,52102885.7748
"Bourne legacy",1357606080,1485068256,127462176,52102885.7748
"Bourne legacy",1357670700,1485068256,127397556,52102885.7748
"Bourne legacy",1357670700,1358719440,1048740,52102885.7748
"Bourne legacy",1357674000,1485068256,127394256,52102885.7748
"Bourne legacy",1357674240,1485068256,127394016,52102885.7748
"Bourne legacy",1357674240,1358196660,522420,52102885.7748
"Bourne legacy",1357677180,1485068256,127391076,52102885.7748
"Bourne legacy",1357677180,1358364600,687420,52102885.7748
"Bourne legacy",1357679100,1485068256,127389156,52102885.7748
"Bourne legacy",1357679640,1485068256,127388616,52102885.7748
"Bourne legacy",1357681320,1485068256,127386936,52102885.7748
"Bourne legacy",1357682400,1485068256,127385856,52102885.7748
"Bourne legacy",1357684380,1485068256,127383876,52102885.7748
"Bourne legacy",1357684380,1357772280,87900,52102885.7748
"Bourne legacy",1357684680,1485068256,127383576,52102885.7748
"Bourne legacy",1357684680,1358034360,349680,52102885.7748
"Bourne legacy",1357689000,1485068256,127379256,52102885.7748
"Bourne legacy",1357689000,1358207700,518700,52102885.7748
"Bourne legacy",1357689060,1485068256,127379196,52102885.7748
"Bourne legacy",1357689060,1358379720,690660,52102885.7748
"Bourne legacy",1357689240,1485068256,127379016,52102885.7748
"Bourne legacy",1357689240,1358624640,935400,52102885.7748
"Bourne legacy",1357689600,1485068256,127378656,52102885.7748
"Bourne legacy",1357689600,1358909400,1219800,52102885.7748
"Bourne legacy",1357691760,1485068256,127376496,52102885.7748
"Bourne legacy",1357691760,1358115540,423780,52102885.7748
"Bourne legacy",1357691820,1485068256,127376436,52102885.7748
"Bourne legacy",1357691820,1358885940,1194120,52102885.7748
"Bourne legacy",1357698900,1485068256,127369356,52102885.7748
"Bourne legacy",1357757100,1485068256,127311156,52102885.7748
"Bourne legacy",1357757100,1357954140,197040,52102885.7748
"Bourne legacy",1357764540,1485068256,127303716,52102885.7748
"Bourne legacy",1357764540,1358198760,434220,52102885.7748
"Bourne legacy",1357766580,1485068256,127301676,52102885.7748
"Bourne legacy",1357771560,1485068256,127296696,52102885.7748
"Bourne legacy",1357777320,1485068256,127290936,52102885.7748
"Bourne legacy",1357777320,1358027580,250260,52102885.7748
"Bourne legacy",1357777680,1485068256,127290576,52102885.7748
"Bourne legacy",1357777680,1358968200,1190520,52102885.7748
"Bourne legacy",1357778520,1485068256,127289736,52102885.7748
"Bourne legacy",1357778880,1485068256,127289376,52102885.7748
"Bourne legacy",1357779840,1485068256,127288416,52102885.7748
"Bourne legacy",1357780920,1485068256,127287336,52102885.7748
"Bourne legacy",1357780920,1359423960,1643040,52102885.7748
"Bourne legacy",1357782060,1485068256,127286196,52102885.7748
"Bourne legacy",1357782060,1358640240,858180,52102885.7748
"Bourne legacy",1357783260,1485068256,127284996,52102885.7748
"Bourne legacy",1357783260,1358993820,1210560,52102885.7748
"Bourne legacy",1357786380,1485068256,127281876,52102885.7748
"Bourne legacy",1357786560,1485068256,127281696,52102885.7748
"Bourne legacy",1357843680,1485068256,127224576,52102885.7748
"Bourne legacy",1357843680,1359084720,1241040,52102885.7748
"Bourne legacy",1357861260,1485068256,127206996,52102885.7748
"Bourne legacy",1357868940,1485068256,127199316,52102885.7748
"Bourne legacy",1357869240,1485068256,127199016,52102885.7748
"Bourne legacy",1357869600,1485068256,127198656,52102885.7748
"Bourne legacy",1357869600,1358388600,519000,52102885.7748
"Bourne legacy",1357872360,1485068256,127195896,52102885.7748
"Bourne legacy",1357872360,1358544000,671640,52102885.7748
"Bourne legacy",1357875300,1485068256,127192956,52102885.7748
"Bourne legacy",1357875840,1357875960,120,52102885.7748
"Bourne legacy",1357876020,1485068256,127192236,52102885.7748
"Bourne legacy",1357928220,1485068256,127140036,52102885.7748
"Bourne legacy",1357928220,1358308800,380580,52102885.7748
"Bourne legacy",1357930620,1485068256,127137636,52102885.7748
"Bourne legacy",1357930620,1358728440,797820,52102885.7748
"Bourne legacy",1357936080,1485068256,127132176,52102885.7748
"Bourne legacy",1357936080,1359142020,1205940,52102885.7748
"Bourne legacy",1357936980,1485068256,127131276,52102885.7748
"Bourne legacy",1357936980,1359054840,1117860,52102885.7748
"Bourne legacy",1357937880,1485068256,127130376,52102885.7748
"Bourne legacy",1357937880,1359244320,1306440,52102885.7748
"Bourne legacy",1357940940,1485068256,127127316,52102885.7748
"Bourne legacy",1357940940,1359428220,1487280,52102885.7748
"Bourne legacy",1357941360,1485068256,127126896,52102885.7748
"Bourne legacy",1357943760,1485068256,127124496,52102885.7748
"Bourne legacy",1357943760,1359414060,1470300,52102885.7748
"Bourne legacy",1357943880,1485068256,127124376,52102885.7748
"Bourne legacy",1357943880,1359070680,1126800,52102885.7748
"Bourne legacy",1357945380,1485068256,127122876,52102885.7748
"Bourne legacy",1357945380,1358206860,261480,52102885.7748
"Bourne legacy",1357948080,1485068256,127120176,52102885.7748
"Bourne legacy",1357948080,1359154020,1205940,52102885.7748
"Bourne legacy",1357950480,1485068256,127117776,52102885.7748
"Bourne legacy",1357950480,1359238980,1288500,52102885.7748
"Bourne legacy",1357951380,1485068256,127116876,52102885.7748
"Bourne legacy",1357951380,1358216940,265560,52102885.7748
"Bourne legacy",1357952940,1485068256,127115316,52102885.7748
"Bourne legacy",1357952940,1359160380,1207440,52102885.7748
"Bourne legacy",1357953120,1485068256,127115136,52102885.7748
"Bourne legacy",1358013900,1485068256,127054356,52102885.7748
"Bourne legacy",1358013960,1485068256,127054296,52102885.7748
"Bourne legacy",1358013960,1358532600,518640,52102885.7748
"Bourne legacy",1358017980,1485068256,127050276,52102885.7748
"Bourne legacy",1358020380,1485068256,127047876,52102885.7748
"Bourne legacy",1358020380,1358367900,347520,52102885.7748
"Bourne legacy",1358020440,1485068256,127047816,52102885.7748
"Bourne legacy",1358020440,1358641200,620760,52102885.7748
"Bourne legacy",1358022060,1485068256,127046196,52102885.7748
"Bourne legacy",1358022120,1485068256,127046136,52102885.7748
"Bourne legacy",1358022120,1358532780,510660,52102885.7748
"Bourne legacy",1358022300,1485068256,127045956,52102885.7748
"Bourne legacy",1358022300,1358537640,515340,52102885.7748
"Bourne legacy",1358023200,1485068256,127045056,52102885.7748
"Bourne legacy",1358023200,1358465580,442380,52102885.7748
"Bourne legacy",1358025360,1485068256,127042896,52102885.7748
"Bourne legacy",1358025360,1359237180,1211820,52102885.7748
"Bourne legacy",1358025480,1485068256,127042776,52102885.7748
"Bourne legacy",1358030880,1485068256,127037376,52102885.7748
"Bourne legacy",1358030880,1359239460,1208580,52102885.7748
"Bourne legacy",1358031540,1485068256,127036716,52102885.7748
"Bourne legacy",1358034060,1485068256,127034196,52102885.7748
"Bourne legacy",1358034060,1358722320,688260,52102885.7748
"Bourne legacy",1358034720,1485068256,127033536,52102885.7748
"Bourne legacy",1358034720,1358722800,688080,52102885.7748
"Bourne legacy",1358037540,1485068256,127030716,52102885.7748
"Bourne legacy",1358037540,1358635440,597900,52102885.7748
"Bourne legacy",1358112300,1485068256,126955956,52102885.7748
"Bourne legacy",1358115360,1485068256,126952896,52102885.7748
"Bourne legacy",1358115360,1358990700,875340,52102885.7748
"Bourne legacy",1358116020,1485068256,126952236,52102885.7748
"Bourne legacy",1358123700,1485068256,126944556,52102885.7748
"Bourne legacy",1358124000,1485068256,126944256,52102885.7748
"Bourne legacy",1358203860,1485068256,126864396,52102885.7748
"Bourne legacy",1358203860,1358904900,701040,52102885.7748
"Bourne legacy",1358203980,1485068256,126864276,52102885.7748
"Bourne legacy",1358211300,1485068256,126856956,52102885.7748
"Bourne legacy",1358211300,1358718720,507420,52102885.7748
"Bourne legacy",1358213460,1485068256,126854796,52102885.7748
"Bourne legacy",1358213460,1359505440,1291980,52102885.7748
"Bourne legacy",1358216040,1485068256,126852216,52102885.7748
"Bourne legacy",1358216040,1359577200,1361160,52102885.7748
"Bourne legacy",1358221020,1358221020,0,52102885.7748
"Bourne legacy",1358282280,1485068256,126785976,52102885.7748
"Bourne legacy",1358283840,1485068256,126784416,52102885.7748
"Bourne legacy",1358283840,1358893260,609420,52102885.7748
"Bourne legacy",1358283960,1485068256,126784296,52102885.7748
"Bourne legacy",1358283960,1359323940,1039980,52102885.7748
"Bourne legacy",1358290080,1485068256,126778176,52102885.7748
"Bourne legacy",1358290080,1359067260,777180,52102885.7748
"Bourne legacy",1358290440,1485068256,126777816,52102885.7748
"Bourne legacy",1358290440,1359503760,1213320,52102885.7748
"Bourne legacy",1358298540,1485068256,126769716,52102885.7748
"Bourne legacy",1358298540,1359418320,1119780,52102885.7748
"Bourne legacy",1358299080,1485068256,126769176,52102885.7748
"Bourne legacy",1358299080,1359076680,777600,52102885.7748
"Bourne legacy",1358308020,1485068256,126760236,52102885.7748
"Bourne legacy",1358308020,1359665880,1357860,52102885.7748
"Bourne legacy",1358364720,1485068256,126703536,52102885.7748
"Bourne legacy",1358382480,1485068256,126685776,52102885.7748
"Bourne legacy",1358382480,1359329760,947280,52102885.7748
"Bourne legacy",1358384160,1485068256,126684096,52102885.7748
"Bourne legacy",1358384160,1358997480,613320,52102885.7748
"Bourne legacy",1358384460,1485068256,126683796,52102885.7748
"Bourne legacy",1358384460,1359242100,857640,52102885.7748
"Bourne legacy",1358386440,1485068256,126681816,52102885.7748
"Bourne legacy",1358389140,1485068256,126679116,52102885.7748
"Bourne legacy",1358389140,1485068256,126679116,52102885.7748
"Bourne legacy",1358389140,1358722380,333240,52102885.7748
"Bourne legacy",1358393100,1485068256,126675156,52102885.7748
"Bourne legacy",1358393100,1358999160,606060,52102885.7748
"Bourne legacy",1358395140,1485068256,126673116,52102885.7748
"Bourne legacy",1358395140,1359604200,1209060,52102885.7748
"Bourne legacy",1358446500,1358448600,2100,52102885.7748
"Bourne legacy",1358453280,1485068256,126614976,52102885.7748
"Bourne legacy",1358453280,1359241320,788040,52102885.7748
"Bourne legacy",1358461440,1485068256,126606816,52102885.7748
"Bourne legacy",1358461440,1359250320,788880,52102885.7748
"Bourne legacy",1358462340,1485068256,126605916,52102885.7748
"Bourne legacy",1358467140,1485068256,126601116,52102885.7748
"Bourne legacy",1358467140,1358902860,435720,52102885.7748
"Bourne legacy",1358467800,1485068256,126600456,52102885.7748
"Bourne legacy",1358467800,1359069420,601620,52102885.7748
"Bourne legacy",1358469660,1485068256,126598596,52102885.7748
"Bourne legacy",1358469660,1359332340,862680,52102885.7748
"Bourne legacy",1358469960,1485068256,126598296,52102885.7748
"Bourne legacy",1358469960,1359587700,1117740,52102885.7748
"Bourne legacy",1358472000,1485068256,126596256,52102885.7748
"Bourne legacy",1358474160,1485068256,126594096,52102885.7748
"Bourne legacy",1358474700,1485068256,126593556,52102885.7748
"Bourne legacy",1358474700,1359428700,954000,52102885.7748
"Bourne legacy",1358481240,1485068256,126587016,52102885.7748
"Bourne legacy",1358481240,1359689640,1208400,52102885.7748
"Bourne legacy",1358532900,1485068256,126535356,52102885.7748
"Bourne legacy",1358547720,1485068256,126520536,52102885.7748
"Bourne legacy",1358547720,1358899200,351480,52102885.7748
"Bourne legacy",1358549460,1485068256,126518796,52102885.7748
"Bourne legacy",1358549460,1358639760,90300,52102885.7748
"Bourne legacy",1358550000,1485068256,126518256,52102885.7748
"Bourne legacy",1358552640,1485068256,126515616,52102885.7748
"Bourne legacy",1358552640,1359238560,685920,52102885.7748
"Bourne legacy",1358558400,1485068256,126509856,52102885.7748
"Bourne legacy",1358558400,1359331200,772800,52102885.7748
"Bourne legacy",1358558640,1485068256,126509616,52102885.7748
"Bourne legacy",1358558640,1359683580,1124940,52102885.7748
"Bourne legacy",1358559000,1485068256,126509256,52102885.7748
"Bourne legacy",1358559000,1359586440,1027440,52102885.7748
"Bourne legacy",1358623740,1485068256,126444516,52102885.7748
"Bourne legacy",1358623740,1359240840,617100,52102885.7748
"Bourne legacy",1358627460,1485068256,126440796,52102885.7748
"Bourne legacy",1358627460,1359855660,1228200,52102885.7748
"Bourne legacy",1358627700,1485068256,126440556,52102885.7748
"Bourne legacy",1358627700,1359069240,441540,52102885.7748
"Bourne legacy",1358628780,1485068256,126439476,52102885.7748
"Bourne legacy",1358628780,1358910780,282000,52102885.7748
"Bourne legacy",1358630820,1485068256,126437436,52102885.7748
"Bourne legacy",1358633520,1485068256,126434736,52102885.7748
"Bourne legacy",1358633520,1360033980,1400460,52102885.7748
"Bourne legacy",1358645040,1485068256,126423216,52102885.7748
"Bourne legacy",1358646300,1485068256,126421956,52102885.7748
"Bourne legacy",1358646300,1359426300,780000,52102885.7748
"Bourne legacy",1358719260,1485068256,126348996,52102885.7748
"Bourne legacy",1358719260,1360014300,1295040,52102885.7748
"Bourne legacy",1358732100,1485068256,126336156,52102885.7748
"Bourne legacy",1358890380,1485068256,126177876,52102885.7748
"Bourne legacy",1358890380,1359684360,793980,52102885.7748
"Bourne legacy",1358891400,1485068256,126176856,52102885.7748
"Bourne legacy",1358891400,1359237780,346380,52102885.7748
"Bourne legacy",1358892660,1485068256,126175596,52102885.7748
"Bourne legacy",1358892660,1360110060,1217400,52102885.7748
"Bourne legacy",1358892780,1485068256,126175476,52102885.7748
"Bourne legacy",1358892780,1359498480,605700,52102885.7748
"Bourne legacy",1358893260,1485068256,126174996,52102885.7748
"Bourne legacy",1358893260,1359316800,423540,52102885.7748
"Bourne legacy",1358893860,1485068256,126174396,52102885.7748
"Bourne legacy",1358893860,1359931980,1038120,52102885.7748
"Bourne legacy",1358896680,1485068256,126171576,52102885.7748
"Bourne legacy",1358896680,1360019880,1123200,52102885.7748
"Bourne legacy",1358898720,1485068256,126169536,52102885.7748
"Bourne legacy",1358898720,1360020960,1122240,52102885.7748
"Bourne legacy",1358900520,1485068256,126167736,52102885.7748
"Bourne legacy",1358900520,1359429240,528720,52102885.7748
"Bourne legacy",1358903580,1485068256,126164676,52102885.7748
"Bourne legacy",1358903580,1360095540,1191960,52102885.7748
"Bourne legacy",1358903820,1485068256,126164436,52102885.7748
"Bourne legacy",1358903820,1360112580,1208760,52102885.7748
"Bourne legacy",1358904300,1485068256,126163956,52102885.7748
"Bourne legacy",1358904300,1360088580,1184280,52102885.7748
"Bourne legacy",1358904960,1485068256,126163296,52102885.7748
"Bourne legacy",1358905440,1485068256,126162816,52102885.7748
"Bourne legacy",1358905440,1360033740,1128300,52102885.7748
"Bourne legacy",1358906520,1485068256,126161736,52102885.7748
"Bourne legacy",1358906520,1359065880,159360,52102885.7748
"Bourne legacy",1358911740,1485068256,126156516,52102885.7748
"Bourne legacy",1358911740,1359594420,682680,52102885.7748
"Bourne legacy",1358964780,1485068256,126103476,52102885.7748
"Bourne legacy",1358968560,1485068256,126099696,52102885.7748
"Bourne legacy",1358968560,1359505380,536820,52102885.7748
"Bourne legacy",1358971020,1485068256,126097236,52102885.7748
"Bourne legacy",1358971020,1359479940,508920,52102885.7748
"Bourne legacy",1358976600,1485068256,126091656,52102885.7748
"Bourne legacy",1358976600,1359161460,184860,52102885.7748
"Bourne legacy",1358978040,1485068256,126090216,52102885.7748
"Bourne legacy",1358978040,1359242640,264600,52102885.7748
"Bourne legacy",1358983500,1485068256,126084756,52102885.7748
"Bourne legacy",1358985540,1485068256,126082716,52102885.7748
"Bourne legacy",1358985540,1359596280,610740,52102885.7748
"Bourne legacy",1358987460,1485068256,126080796,52102885.7748
"Bourne legacy",1358987460,1359586140,598680,52102885.7748
"Bourne legacy",1358988000,1485068256,126080256,52102885.7748
"Bourne legacy",1359058080,1485068256,126010176,52102885.7748
"Bourne legacy",1359070200,1485068256,125998056,52102885.7748
"Bourne legacy",1359070320,1485068256,125997936,52102885.7748
"Bourne legacy",1359070320,1360542000,1471680,52102885.7748
"Bourne legacy",1359072000,1485068256,125996256,52102885.7748
"Bourne legacy",1359072000,1359496740,424740,52102885.7748
"Bourne legacy",1359073860,1485068256,125994396,52102885.7748
"Bourne legacy",1359074280,1485068256,125993976,52102885.7748
"Bourne legacy",1359074280,1359928020,853740,52102885.7748
"Bourne legacy",1359074640,1485068256,125993616,52102885.7748
"Bourne legacy",1359074640,1360015980,941340,52102885.7748
"Bourne legacy",1359077400,1485068256,125990856,52102885.7748
"Bourne legacy",1359077400,1359511620,434220,52102885.7748
"Bourne legacy",1359137220,1485068256,125931036,52102885.7748
"Bourne legacy",1359144960,1485068256,125923296,52102885.7748
"Bourne legacy",1359144960,1359768600,623640,52102885.7748
"Bourne legacy",1359151560,1485068256,125916696,52102885.7748
"Bourne legacy",1359151560,1360186680,1035120,52102885.7748
"Bourne legacy",1359152400,1485068256,125915856,52102885.7748
"Bourne legacy",1359152400,1361570640,2418240,52102885.7748
"Bourne legacy",1359163620,1485068256,125904636,52102885.7748
"Bourne legacy",1359227760,1485068256,125840496,52102885.7748
"Bourne legacy",1359233220,1485068256,125835036,52102885.7748
"Bourne legacy",1359233220,1359764460,531240,52102885.7748
"Bourne legacy",1359233580,1485068256,125834676,52102885.7748
"Bourne legacy",1359234960,1485068256,125833296,52102885.7748
"Bourne legacy",1359234960,1360438260,1203300,52102885.7748
"Bourne legacy",1359238020,1485068256,125830236,52102885.7748
"Bourne legacy",1359238020,1359936600,698580,52102885.7748
"Bourne legacy",1359238380,1485068256,125829876,52102885.7748
"Bourne legacy",1359238380,1360621740,1383360,52102885.7748
"Bourne legacy",1359240840,1485068256,125827416,52102885.7748
"Bourne legacy",1359240840,1360436880,1196040,52102885.7748
"Bourne legacy",1359241260,1485068256,125826996,52102885.7748
"Bourne legacy",1359241260,1359850980,609720,52102885.7748
"Bourne legacy",1359241980,1485068256,125826276,52102885.7748
"Bourne legacy",1359241980,1359838260,596280,52102885.7748
"Bourne legacy",1359247740,1485068256,125820516,52102885.7748
"Bourne legacy",1359248520,1485068256,125819736,52102885.7748
"Bourne legacy",1359248520,1360460940,1212420,52102885.7748
"Bourne legacy",1359248940,1485068256,125819316,52102885.7748
"Bourne legacy",1359249000,1485068256,125819256,52102885.7748
"Bourne legacy",1359249000,1360451880,1202880,52102885.7748
"Bourne legacy",1359322560,1485068256,125745696,52102885.7748
"Bourne legacy",1359323040,1485068256,125745216,52102885.7748
"Bourne legacy",1359323040,1360103700,780660,52102885.7748
"Bourne legacy",1359323580,1485068256,125744676,52102885.7748
"Bourne legacy",1359323580,1360458480,1134900,52102885.7748
"Bourne legacy",1359326520,1485068256,125741736,52102885.7748
"Bourne legacy",1359326520,1360010640,684120,52102885.7748
"Bourne legacy",1359327240,1485068256,125741016,52102885.7748
"Bourne legacy",1359331260,1485068256,125736996,52102885.7748
"Bourne legacy",1359332520,1485068256,125735736,52102885.7748
"Bourne legacy",1359396360,1485068256,125671896,52102885.7748
"Bourne legacy",1359402180,1485068256,125666076,52102885.7748
"Bourne legacy",1359402180,1359748800,346620,52102885.7748
"Bourne legacy",1359410040,1485068256,125658216,52102885.7748
"Bourne legacy",1359410040,1360187520,777480,52102885.7748
"Bourne legacy",1359413940,1359413940,0,52102885.7748
"Bourne legacy",1359415380,1485068256,125652876,52102885.7748
"Bourne legacy",1359415380,1359832920,417540,52102885.7748
"Bourne legacy",1359416940,1485068256,125651316,52102885.7748
"Bourne legacy",1359419940,1485068256,125648316,52102885.7748
"Bourne legacy",1359421620,1485068256,125646636,52102885.7748
"Bourne legacy",1359426780,1485068256,125641476,52102885.7748
"Bourne legacy",1359426780,1360291980,865200,52102885.7748
"Bourne legacy",1359427980,1485068256,125640276,52102885.7748
"Bourne legacy",1359427980,1359757740,329760,52102885.7748
"Bourne legacy",1359428580,1485068256,125639676,52102885.7748
"Bourne legacy",1359430140,1485068256,125638116,52102885.7748
"Bourne legacy",1359430800,1485068256,125637456,52102885.7748
"Bourne legacy",1359430800,1359939000,508200,52102885.7748
"Bourne legacy",1359487560,1485068256,125580696,52102885.7748
"Bourne legacy",1359491040,1485068256,125577216,52102885.7748
"Bourne legacy",1359491040,1360701480,1210440,52102885.7748
"Bourne legacy",1359493500,1485068256,125574756,52102885.7748
"Bourne legacy",1359493500,1359598140,104640,52102885.7748
"Bourne legacy",1359500100,1485068256,125568156,52102885.7748
"Bourne legacy",1359500100,1359603000,102900,52102885.7748
"Bourne legacy",1359502200,1485068256,125566056,52102885.7748
"Bourne legacy",1359502200,1360627680,1125480,52102885.7748
"Bourne legacy",1359505560,1485068256,125562696,52102885.7748
"Bourne legacy",1359510960,1485068256,125557296,52102885.7748
"Bourne legacy",1359510960,1360633740,1122780,52102885.7748
"Bourne legacy",1359576300,1485068256,125491956,52102885.7748
"Bourne legacy",1359576300,1359760080,183780,52102885.7748
"Bourne legacy",1359577680,1485068256,125490576,52102885.7748
"Bourne legacy",1359577680,1360785180,1207500,52102885.7748
"Bourne legacy",1359579660,1485068256,125488596,52102885.7748
"Bourne legacy",1359579660,1360021800,442140,52102885.7748
"Bourne legacy",1359580620,1485068256,125487636,52102885.7748
"Bourne legacy",1359580620,1360441980,861360,52102885.7748
"Bourne legacy",1359580860,1485068256,125487396,52102885.7748
"Bourne legacy",1359581400,1485068256,125486856,52102885.7748
"Bourne legacy",1359581400,1359845040,263640,52102885.7748
"Bourne legacy",1359587640,1485068256,125480616,52102885.7748
"Bourne legacy",1359587640,1359935040,347400,52102885.7748
"Bourne legacy",1359588780,1485068256,125479476,52102885.7748
"Bourne legacy",1359588780,1360441260,852480,52102885.7748
"Bourne legacy",1359589380,1485068256,125478876,52102885.7748
"Bourne legacy",1359590700,1485068256,125477556,52102885.7748
"Bourne legacy",1359590700,1360458180,867480,52102885.7748
"Bourne legacy",1359590880,1485068256,125477376,52102885.7748
"Bourne legacy",1359595740,1485068256,125472516,52102885.7748
"Bourne legacy",1359595740,1360028160,432420,52102885.7748
"Bourne legacy",1359595800,1485068256,125472456,52102885.7748
"Bourne legacy",1359595800,1360095420,499620,52102885.7748
"Bourne legacy",1359596340,1485068256,125471916,52102885.7748
"Bourne legacy",1359598620,1485068256,125469636,52102885.7748
"Bourne legacy",1359600540,1485068256,125467716,52102885.7748
"Bourne legacy",1359600540,1361330280,1729740,52102885.7748
"Bourne legacy",1359656760,1485068256,125411496,52102885.7748
"Bourne legacy",1359656760,1360282620,625860,52102885.7748
"Bourne legacy",1359657960,1485068256,125410296,52102885.7748
"Bourne legacy",1359660000,1485068256,125408256,52102885.7748
"Bourne legacy",1359660000,1360782780,1122780,52102885.7748
"Bourne legacy",1359665700,1485068256,125402556,52102885.7748
"Bourne legacy",1359665700,1360617660,951960,52102885.7748
"Bourne legacy",1359666000,1485068256,125402256,52102885.7748
"Bourne legacy",1359669900,1485068256,125398356,52102885.7748
"Bourne legacy",1359671460,1485068256,125396796,52102885.7748
"Bourne legacy",1359671460,1360446780,775320,52102885.7748
"Bourne legacy",1359672840,1485068256,125395416,52102885.7748
"Bourne legacy",1359672840,1360608420,935580,52102885.7748
"Bourne legacy",1359675060,1485068256,125393196,52102885.7748
"Bourne legacy",1359675060,1359929580,254520,52102885.7748
"Bourne legacy",1359675720,1485068256,125392536,52102885.7748
"Bourne legacy",1359675900,1485068256,125392356,52102885.7748
"Bourne legacy",1359675900,1360452720,776820,52102885.7748
"Bourne legacy",1359676680,1485068256,125391576,52102885.7748
"Bourne legacy",1359678060,1485068256,125390196,52102885.7748
"Bourne legacy",1359678060,1360196040,517980,52102885.7748
"Bourne legacy",1359678360,1485068256,125389896,52102885.7748
"Bourne legacy",1359678360,1359928740,250380,52102885.7748
"Bourne legacy",1359679500,1485068256,125388756,52102885.7748
"Bourne legacy",1359679500,1360714860,1035360,52102885.7748
"Bourne legacy",1359679920,1485068256,125388336,52102885.7748
"Bourne legacy",1359679920,1360714200,1034280,52102885.7748
"Bourne legacy",1359679980,1485068256,125388276,52102885.7748
"Bourne legacy",1359680880,1485068256,125387376,52102885.7748
"Bourne legacy",1359680880,1360806540,1125660,52102885.7748
"Bourne legacy",1359682920,1485068256,125385336,52102885.7748
"Bourne legacy",1359682920,1360286340,603420,52102885.7748
"Bourne legacy",1359684000,1485068256,125384256,52102885.7748
"Bourne legacy",1359684000,1360531620,847620,52102885.7748
"Bourne legacy",1359687480,1485068256,125380776,52102885.7748
"Bourne legacy",1359742080,1485068256,125326176,52102885.7748
"Bourne legacy",1359742080,1360716900,974820,52102885.7748
"Bourne legacy",1359747060,1485068256,125321196,52102885.7748
"Bourne legacy",1359747060,1360976400,1229340,52102885.7748
"Bourne legacy",1359747240,1485068256,125321016,52102885.7748
"Bourne legacy",1359747240,1360634040,886800,52102885.7748
"Bourne legacy",1359750840,1359751080,240,52102885.7748
"Bourne legacy",1359751260,1485068256,125316996,52102885.7748
"Bourne legacy",1359755280,1485068256,125312976,52102885.7748
"Bourne legacy",1359756900,1485068256,125311356,52102885.7748
"Bourne legacy",1359756900,1360118640,361740,52102885.7748
"Bourne legacy",1359757980,1485068256,125310276,52102885.7748
"Bourne legacy",1359757980,1361329800,1571820,52102885.7748
"Bourne legacy",1359763200,1485068256,125305056,52102885.7748
"Bourne legacy",1359763200,1360885500,1122300,52102885.7748
"Bourne legacy",1359769500,1485068256,125298756,52102885.7748
"Bourne legacy",1359769500,1359855420,85920,52102885.7748
"Bourne legacy",1359769620,1485068256,125298636,52102885.7748
"Bourne legacy",1359829620,1485068256,125238636,52102885.7748
"Bourne legacy",1359829620,1361314140,1484520,52102885.7748
"Bourne legacy",1359831480,1485068256,125236776,52102885.7748
"Bourne legacy",1359832260,1485068256,125235996,52102885.7748
"Bourne legacy",1359832260,1359932580,100320,52102885.7748
"Bourne legacy",1359833040,1485068256,125235216,52102885.7748
"Bourne legacy",1359834600,1485068256,125233656,52102885.7748
"Bourne legacy",1359834600,1361046840,1212240,52102885.7748
"Bourne legacy",1359835080,1485068256,125233176,52102885.7748
"Bourne legacy",1359835080,1360875840,1040760,52102885.7748
"Bourne legacy",1359836340,1485068256,125231916,52102885.7748
"Bourne legacy",1359836340,1361395260,1558920,52102885.7748
"Bourne legacy",1359837000,1485068256,125231256,52102885.7748
"Bourne legacy",1359838560,1485068256,125229696,52102885.7748
"Bourne legacy",1359838560,1360624320,785760,52102885.7748
"Bourne legacy",1359840420,1485068256,125227836,52102885.7748
"Bourne legacy",1359841740,1485068256,125226516,52102885.7748
"Bourne legacy",1359841740,1360712340,870600,52102885.7748
"Bourne legacy",1359842100,1485068256,125226156,52102885.7748
"Bourne legacy",1359843660,1485068256,125224596,52102885.7748
"Bourne legacy",1359843660,1360455900,612240,52102885.7748
"Bourne legacy",1359845340,1485068256,125222916,52102885.7748
"Bourne legacy",1359845340,1361042700,1197360,52102885.7748
"Bourne legacy",1359846240,1485068256,125222016,52102885.7748
"Bourne legacy",1359847500,1485068256,125220756,52102885.7748
"Bourne legacy",1359847500,1360116360,268860,52102885.7748
"Bourne legacy",1359848100,1485068256,125220156,52102885.7748
"Bourne legacy",1359848100,1360277760,429660,52102885.7748
"Bourne legacy",1359850200,1485068256,125218056,52102885.7748
"Bourne legacy",1359850200,1361057880,1207680,52102885.7748
"Bourne legacy",1359850500,1485068256,125217756,52102885.7748
"Bourne legacy",1359850500,1360289700,439200,52102885.7748
"Bourne legacy",1359851760,1485068256,125216496,52102885.7748
"Bourne legacy",1359851760,1360028160,176400,52102885.7748
"Bourne legacy",1359852360,1485068256,125215896,52102885.7748
"Bourne legacy",1359852360,1361061660,1209300,52102885.7748
"Bourne legacy",1359852540,1485068256,125215716,52102885.7748
"Bourne legacy",1359852540,1360290720,438180,52102885.7748
"Bourne legacy",1359853860,1485068256,125214396,52102885.7748
"Bourne legacy",1359922620,1485068256,125145636,52102885.7748
"Bourne legacy",1359922620,1361048760,1126140,52102885.7748
"Bourne legacy",1359926100,1485068256,125142156,52102885.7748
"Bourne legacy",1359926100,1361578860,1652760,52102885.7748
"Bourne legacy",1359927360,1485068256,125140896,52102885.7748
"Bourne legacy",1359927360,1360813620,886260,52102885.7748
"Bourne legacy",1359927960,1485068256,125140296,52102885.7748
"Bourne legacy",1359927960,1360359960,432000,52102885.7748
"Bourne legacy",1359928920,1485068256,125139336,52102885.7748
"Bourne legacy",1359930540,1485068256,125137716,52102885.7748
"Bourne legacy",1359931320,1485068256,125136936,52102885.7748
"Bourne legacy",1359933120,1485068256,125135136,52102885.7748
"Bourne legacy",1359933120,1361141580,1208460,52102885.7748
"Bourne legacy",1359933660,1485068256,125134596,52102885.7748
"Bourne legacy",1359937560,1485068256,125130696,52102885.7748
"Bourne legacy",1359939420,1485068256,125128836,52102885.7748
"Bourne legacy",1359939420,1361144280,1204860,52102885.7748
"Bourne legacy",1359942900,1485068256,125125356,52102885.7748
"Bourne legacy",1360003920,1485068256,125064336,52102885.7748
"Bourne legacy",1360003920,1361305740,1301820,52102885.7748
"Bourne legacy",1360006920,1485068256,125061336,52102885.7748
"Bourne legacy",1360006920,1360534320,527400,52102885.7748
"Bourne legacy",1360007040,1485068256,125061216,52102885.7748
"Bourne legacy",1360009080,1485068256,125059176,52102885.7748
"Bourne legacy",1360009080,1360635720,626640,52102885.7748
"Bourne legacy",1360011840,1485068256,125056416,52102885.7748
"Bourne legacy",1360011840,1360619100,607260,52102885.7748
"Bourne legacy",1360013160,1485068256,125055096,52102885.7748
"Bourne legacy",1360023840,1485068256,125044416,52102885.7748
"Bourne legacy",1360023840,1360708800,684960,52102885.7748
"Bourne legacy",1360026240,1485068256,125042016,52102885.7748
"Bourne legacy",1360026240,1360727460,701220,52102885.7748
"Bourne legacy",1360027260,1485068256,125040996,52102885.7748
"Bourne legacy",1360027740,1485068256,125040516,52102885.7748
"Bourne legacy",1360029000,1485068256,125039256,52102885.7748
"Bourne legacy",1360029240,1485068256,125039016,52102885.7748
"Bourne legacy",1360029240,1361647800,1618560,52102885.7748
"Bourne legacy",1360030800,1485068256,125037456,52102885.7748
"Bourne legacy",1360030800,1360284780,253980,52102885.7748
"Bourne legacy",1360036500,1485068256,125031756,52102885.7748
"Bourne legacy",1360036500,1485068256,125031756,52102885.7748
"Bourne legacy",1360036500,1360606680,570180,52102885.7748
"Bourne legacy",1360036500,1361328000,1291500,52102885.7748
"Bourne legacy",1360096200,1360096260,60,52102885.7748
"Bourne legacy",1360101420,1485068256,124966836,52102885.7748
"Bourne legacy",1360101420,1364335680,4234260,52102885.7748
"Bourne legacy",1360102080,1485068256,124966176,52102885.7748
"Bourne legacy",1360105920,1485068256,124962336,52102885.7748
"Bourne legacy",1360105920,1360724400,618480,52102885.7748
"Bourne legacy",1360106880,1485068256,124961376,52102885.7748
"Bourne legacy",1360113420,1485068256,124954836,52102885.7748
"Bourne legacy",1360113420,1360191060,77640,52102885.7748
"Bourne legacy",1360116360,1485068256,124951896,52102885.7748
"Bourne legacy",1360116360,1361327340,1210980,52102885.7748
"Bourne legacy",1360117980,1485068256,124950276,52102885.7748
"Bourne legacy",1360117980,1360713240,595260,52102885.7748
"Bourne legacy",1360120080,1485068256,124948176,52102885.7748
"Bourne legacy",1360120080,1361315880,1195800,52102885.7748
"Bourne legacy",1360120380,1485068256,124947876,52102885.7748
"Bourne legacy",1360120380,1361641080,1520700,52102885.7748
"Bourne legacy",1360121640,1485068256,124946616,52102885.7748
"Bourne legacy",1360121640,1361332020,1210380,52102885.7748
"Bourne legacy",1360174560,1485068256,124893696,52102885.7748
"Bourne legacy",1360174560,1361396100,1221540,52102885.7748
"Bourne legacy",1360175220,1485068256,124893036,52102885.7748
"Bourne legacy",1360175220,1360532040,356820,52102885.7748
"Bourne legacy",1360179960,1485068256,124888296,52102885.7748
"Bourne legacy",1360179960,1360442220,262260,52102885.7748
"Bourne legacy",1360181580,1485068256,124886676,52102885.7748
"Bourne legacy",1360183680,1485068256,124884576,52102885.7748
"Bourne legacy",1360184220,1485068256,124884036,52102885.7748
"Bourne legacy",1360187220,1485068256,124881036,52102885.7748
"Bourne legacy",1360187220,1485068256,124881036,52102885.7748
"Bourne legacy",1360187220,1360879680,692460,52102885.7748
"Bourne legacy",1360187220,1361392080,1204860,52102885.7748
"Bourne legacy",1360187580,1485068256,124880676,52102885.7748
"Bourne legacy",1360187580,1361391780,1204200,52102885.7748
"Bourne legacy",1360188300,1485068256,124879956,52102885.7748
"Bourne legacy",1360190340,1485068256,124877916,52102885.7748
"Bourne legacy",1360197240,1485068256,124871016,52102885.7748
"Bourne legacy",1360197240,1361495880,1298640,52102885.7748
"Bourne legacy",1360200300,1485068256,124867956,52102885.7748
"Bourne legacy",1360200300,1361053080,852780,52102885.7748
"Bourne legacy",1360200840,1485068256,124867416,52102885.7748
"Bourne legacy",1360200840,1360972680,771840,52102885.7748
"Bourne legacy",1360204620,1485068256,124863636,52102885.7748
"Bourne legacy",1360206240,1485068256,124862016,52102885.7748
"Bourne legacy",1360206240,1361065800,859560,52102885.7748
"Bourne legacy",1360262700,1485068256,124805556,52102885.7748
"Bourne legacy",1360262700,1360878000,615300,52102885.7748
"Bourne legacy",1360263120,1485068256,124805136,52102885.7748
"Bourne legacy",1360263120,1361315040,1051920,52102885.7748
"Bourne legacy",1360274880,1485068256,124793376,52102885.7748
"Bourne legacy",1360280700,1485068256,124787556,52102885.7748
"Bourne legacy",1360280700,1360291140,10440,52102885.7748
"Bourne legacy",1360281240,1485068256,124787016,52102885.7748
"Bourne legacy",1360281240,1361405340,1124100,52102885.7748
"Bourne legacy",1360281360,1485068256,124786896,52102885.7748
"Bourne legacy",1360281420,1485068256,124786836,52102885.7748
"Bourne legacy",1360283940,1485068256,124784316,52102885.7748
"Bourne legacy",1360284960,1485068256,124783296,52102885.7748
"Bourne legacy",1360284960,1360536540,251580,52102885.7748
"Bourne legacy",1360287000,1485068256,124781256,52102885.7748
"Bourne legacy",1360287180,1485068256,124781076,52102885.7748
"Bourne legacy",1360287180,1360952520,665340,52102885.7748
"Bourne legacy",1360288200,1485068256,124780056,52102885.7748
"Bourne legacy",1360288200,1361310540,1022340,52102885.7748
"Bourne legacy",1360288260,1485068256,124779996,52102885.7748
"Bourne legacy",1360288980,1485068256,124779276,52102885.7748
"Bourne legacy",1360289040,1485068256,124779216,52102885.7748
"Bourne legacy",1360354020,1485068256,124714236,52102885.7748
"Bourne legacy",1360354020,1361558460,1204440,52102885.7748
"Bourne legacy",1360354440,1485068256,124713816,52102885.7748
"Bourne legacy",1360354440,1361577000,1222560,52102885.7748
"Bourne legacy",1360354560,1485068256,124713696,52102885.7748
"Bourne legacy",1360354560,1361560440,1205880,52102885.7748
"Bourne legacy",1360361760,1485068256,124706496,52102885.7748
"Bourne legacy",1360361760,1360977060,615300,52102885.7748
"Bourne legacy",1360364040,1485068256,124704216,52102885.7748
"Bourne legacy",1360364760,1485068256,124703496,52102885.7748
"Bourne legacy",1360364760,1361837940,1473180,52102885.7748
"Bourne legacy",1360374720,1485068256,124693536,52102885.7748
"Bourne legacy",1360374720,1360443240,68520,52102885.7748
"Bourne legacy",1360374960,1485068256,124693296,52102885.7748
"Bourne legacy",1360374960,1360634940,259980,52102885.7748
"Bourne legacy",1360375200,1485068256,124693056,52102885.7748
"Bourne legacy",1360375200,1361503920,1128720,52102885.7748
"Bourne legacy",1360434000,1485068256,124634256,52102885.7748
"Bourne legacy",1360435560,1485068256,124632696,52102885.7748
"Bourne legacy",1360435560,1361654160,1218600,52102885.7748
"Bourne legacy",1360435800,1485068256,124632456,52102885.7748
"Bourne legacy",1360435800,1361652720,1216920,52102885.7748
"Bourne legacy",1360437900,1485068256,124630356,52102885.7748
"Bourne legacy",1360437900,1361816760,1378860,52102885.7748
"Bourne legacy",1360439520,1485068256,124628736,52102885.7748
"Bourne legacy",1360439520,1360889820,450300,52102885.7748
"Bourne legacy",1360440420,1485068256,124627836,52102885.7748
"Bourne legacy",1360441980,1485068256,124626276,52102885.7748
"Bourne legacy",1360441980,1362073500,1631520,52102885.7748
"Bourne legacy",1360445340,1485068256,124622916,52102885.7748
"Bourne legacy",1360445340,1361656680,1211340,52102885.7748
"Bourne legacy",1360447680,1485068256,124620576,52102885.7748
"Bourne legacy",1360447680,1361657280,1209600,52102885.7748
"Bourne legacy",1360449360,1485068256,124618896,52102885.7748
"Bourne legacy",1360449900,1485068256,124618356,52102885.7748
"Bourne legacy",1360449900,1360630500,180600,52102885.7748
"Bourne legacy",1360450380,1485068256,124617876,52102885.7748
"Bourne legacy",1360450380,1360972920,522540,52102885.7748
"Bourne legacy",1360454640,1485068256,124613616,52102885.7748
"Bourne legacy",1360458060,1485068256,124610196,52102885.7748
"Bourne legacy",1360460940,1485068256,124607316,52102885.7748
"Bourne legacy",1360460940,1361667900,1206960,52102885.7748
"Bourne legacy",1360528620,1485068256,124539636,52102885.7748
"Bourne legacy",1360530660,1485068256,124537596,52102885.7748
"Bourne legacy",1360530660,1361053380,522720,52102885.7748
"Bourne legacy",1360531500,1485068256,124536756,52102885.7748
"Bourne legacy",1360531500,1360973400,441900,52102885.7748
"Bourne legacy",1360531740,1485068256,124536516,52102885.7748
"Bourne legacy",1360531740,1361395980,864240,52102885.7748
"Bourne legacy",1360532040,1485068256,124536216,52102885.7748
"Bourne legacy",1360532040,1360714080,182040,52102885.7748
"Bourne legacy",1360532280,1485068256,124535976,52102885.7748
"Bourne legacy",1360532280,1361751420,1219140,52102885.7748
"Bourne legacy",1360532640,1485068256,124535616,52102885.7748
"Bourne legacy",1360532640,1361303280,770640,52102885.7748
"Bourne legacy",1360532880,1485068256,124535376,52102885.7748
"Bourne legacy",1360532880,1361756640,1223760,52102885.7748
"Bourne legacy",1360536900,1485068256,124531356,52102885.7748
"Bourne legacy",1360536900,1361664000,1127100,52102885.7748
"Bourne legacy",1360537800,1485068256,124530456,52102885.7748
"Bourne legacy",1360537800,1361751420,1213620,52102885.7748
"Bourne legacy",1360539420,1485068256,124528836,52102885.7748
"Bourne legacy",1360539420,1361141940,602520,52102885.7748
"Bourne legacy",1360539900,1485068256,124528356,52102885.7748
"Bourne legacy",1360539900,1361386980,847080,52102885.7748
"Bourne legacy",1360543800,1485068256,124524456,52102885.7748
"Bourne legacy",1360543800,1361046600,502800,52102885.7748
"Bourne legacy",1360611120,1485068256,124457136,52102885.7748
"Bourne legacy",1360611120,1361847780,1236660,52102885.7748
"Bourne legacy",1360617660,1485068256,124450596,52102885.7748
"Bourne legacy",1360617660,1360968600,350940,52102885.7748
"Bourne legacy",1360617780,1485068256,124450476,52102885.7748
"Bourne legacy",1360617780,1361826360,1208580,52102885.7748
"Bourne legacy",1360627380,1485068256,124440876,52102885.7748
"Bourne legacy",1360627380,1361582880,955500,52102885.7748
"Bourne legacy",1360629840,1485068256,124438416,52102885.7748
"Bourne legacy",1360630920,1485068256,124437336,52102885.7748
"Bourne legacy",1360631340,1485068256,124436916,52102885.7748
"Bourne legacy",1360631340,1360635720,4380,52102885.7748
"Bourne legacy",1360633500,1485068256,124434756,52102885.7748
"Bourne legacy",1360633500,1361912100,1278600,52102885.7748
"Bourne legacy",1360636860,1360636920,60,52102885.7748
"Bourne legacy",1360695900,1485068256,124372356,52102885.7748
"Bourne legacy",1360695900,1361748480,1052580,52102885.7748
"Bourne legacy",1360700040,1485068256,124368216,52102885.7748
"Bourne legacy",1360701900,1485068256,124366356,52102885.7748
"Bourne legacy",1360701900,1361824140,1122240,52102885.7748
"Bourne legacy",1360714020,1485068256,124354236,52102885.7748
"Bourne legacy",1360714020,1361917380,1203360,52102885.7748
"Bourne legacy",1360724340,1485068256,124343916,52102885.7748
"Bourne legacy",1360724340,1361322120,597780,52102885.7748
"Bourne legacy",1360783680,1485068256,124284576,52102885.7748
"Bourne legacy",1360783680,1361324880,541200,52102885.7748
"Bourne legacy",1360787580,1485068256,124280676,52102885.7748
"Bourne legacy",1360787580,1361914680,1127100,52102885.7748
"Bourne legacy",1360788300,1485068256,124279956,52102885.7748
"Bourne legacy",1360788300,1361748180,959880,52102885.7748
"Bourne legacy",1360788660,1485068256,124279596,52102885.7748
"Bourne legacy",1360788660,1361655000,866340,52102885.7748
"Bourne legacy",1360790100,1485068256,124278156,52102885.7748
"Bourne legacy",1360790100,1361058660,268560,52102885.7748
"Bourne legacy",1360792320,1485068256,124275936,52102885.7748
"Bourne legacy",1360794180,1485068256,124274076,52102885.7748
"Bourne legacy",1360794180,1361750580,956400,52102885.7748
"Bourne legacy",1360794420,1485068256,124273836,52102885.7748
"Bourne legacy",1360794420,1361143500,349080,52102885.7748
"Bourne legacy",1360798320,1485068256,124269936,52102885.7748
"Bourne legacy",1360798320,1360966500,168180,52102885.7748
"Bourne legacy",1360802580,1485068256,124265676,52102885.7748
"Bourne legacy",1360802580,1361484480,681900,52102885.7748
"Bourne legacy",1360803600,1485068256,124264656,52102885.7748
"Bourne legacy",1360805760,1485068256,124262496,52102885.7748
"Bourne legacy",1360806000,1485068256,124262256,52102885.7748
"Bourne legacy",1360806000,1362106740,1300740,52102885.7748
"Bourne legacy",1360809060,1485068256,124259196,52102885.7748
"Bourne legacy",1360809060,1362016560,1207500,52102885.7748
"Bourne legacy",1360810680,1485068256,124257576,52102885.7748
"Bourne legacy",1360810680,1361668560,857880,52102885.7748
"Bourne legacy",1360875180,1485068256,124193076,52102885.7748
"Bourne legacy",1360877040,1485068256,124191216,52102885.7748
"Bourne legacy",1360877040,1361490240,613200,52102885.7748
"Bourne legacy",1360879680,1485068256,124188576,52102885.7748
"Bourne legacy",1360879680,1362108660,1228980,52102885.7748
"Bourne legacy",1360880160,1485068256,124188096,52102885.7748
"Bourne legacy",1360880160,1361392740,512580,52102885.7748
"Bourne legacy",1360882080,1485068256,124186176,52102885.7748
"Bourne legacy",1360882080,1361305140,423060,52102885.7748
"Bourne legacy",1360885500,1485068256,124182756,52102885.7748
"Bourne legacy",1360885500,1362092760,1207260,52102885.7748
"Bourne legacy",1360886160,1485068256,124182096,52102885.7748
"Bourne legacy",1360891740,1485068256,124176516,52102885.7748
"Bourne legacy",1360891740,1362265140,1373400,52102885.7748
"Bourne legacy",1360892400,1485068256,124175856,52102885.7748
"Bourne legacy",1360893060,1485068256,124175196,52102885.7748
"Bourne legacy",1360893060,1362275340,1382280,52102885.7748
"Bourne legacy",1360893300,1485068256,124174956,52102885.7748
"Bourne legacy",1360895640,1485068256,124172616,52102885.7748
"Bourne legacy",1360951920,1485068256,124116336,52102885.7748
"Bourne legacy",1360958160,1485068256,124110096,52102885.7748
"Bourne legacy",1360958160,1361912040,953880,52102885.7748
"Bourne legacy",1360960620,1485068256,124107636,52102885.7748
"Bourne legacy",1360960620,1361309340,348720,52102885.7748
"Bourne legacy",1360960920,1485068256,124107336,52102885.7748
"Bourne legacy",1360960920,1362100020,1139100,52102885.7748
"Bourne legacy",1360960980,1485068256,124107276,52102885.7748
"Bourne legacy",1360962480,1485068256,124105776,52102885.7748
"Bourne legacy",1360962480,1361392500,430020,52102885.7748
"Bourne legacy",1360964580,1485068256,124103676,52102885.7748
"Bourne legacy",1360969800,1485068256,124098456,52102885.7748
"Bourne legacy",1360969800,1361324100,354300,52102885.7748
"Bourne legacy",1360971300,1485068256,124096956,52102885.7748
"Bourne legacy",1360971300,1361571960,600660,52102885.7748
"Bourne legacy",1360972560,1485068256,124095696,52102885.7748
"Bourne legacy",1360972560,1361395320,422760,52102885.7748
"Bourne legacy",1360973820,1485068256,124094436,52102885.7748
"Bourne legacy",1360975980,1485068256,124092276,52102885.7748
"Bourne legacy",1360975980,1362186660,1210680,52102885.7748
"Bourne legacy",1360978800,1485068256,124089456,52102885.7748
"Bourne legacy",1361040360,1485068256,124027896,52102885.7748
"Bourne legacy",1361040360,1361747880,707520,52102885.7748
"Bourne legacy",1361041980,1485068256,124026276,52102885.7748
"Bourne legacy",1361041980,1361306040,264060,52102885.7748
"Bourne legacy",1361043540,1485068256,124024716,52102885.7748
"Bourne legacy",1361043540,1362273660,1230120,52102885.7748
"Bourne legacy",1361043900,1485068256,124024356,52102885.7748
"Bourne legacy",1361043900,1361558520,514620,52102885.7748
"Bourne legacy",1361044320,1485068256,124023936,52102885.7748
"Bourne legacy",1361044320,1362176880,1132560,52102885.7748
"Bourne legacy",1361046060,1485068256,124022196,52102885.7748
"Bourne legacy",1361046060,1361136660,90600,52102885.7748
"Bourne legacy",1361046240,1485068256,124022016,52102885.7748
"Bourne legacy",1361046540,1485068256,124021716,52102885.7748
"Bourne legacy",1361050980,1485068256,124017276,52102885.7748
"Bourne legacy",1361050980,1361311020,260040,52102885.7748
"Bourne legacy",1361055840,1485068256,124012416,52102885.7748
"Bourne legacy",1361055840,1362094140,1038300,52102885.7748
"Bourne legacy",1361056080,1485068256,124012176,52102885.7748
"Bourne legacy",1361056080,1361664480,608400,52102885.7748
"Bourne legacy",1361057040,1485068256,124011216,52102885.7748
"Bourne legacy",1361057040,1364165100,3108060,52102885.7748
"Bourne legacy",1361057700,1485068256,124010556,52102885.7748
"Bourne legacy",1361057700,1361736420,678720,52102885.7748
"Bourne legacy",1361060460,1485068256,124007796,52102885.7748
"Bourne legacy",1361062500,1485068256,124005756,52102885.7748
"Bourne legacy",1361062500,1362272880,1210380,52102885.7748
"Bourne legacy",1361065440,1485068256,124002816,52102885.7748
"Bourne legacy",1361065440,1361136900,71460,52102885.7748
"Bourne legacy",1361136480,1485068256,123931776,52102885.7748
"Bourne legacy",1361136480,1361320560,184080,52102885.7748
"Bourne legacy",1361136540,1485068256,123931716,52102885.7748
"Bourne legacy",1361136540,1362269460,1132920,52102885.7748
"Bourne legacy",1361137140,1485068256,123931116,52102885.7748
"Bourne legacy",1361137200,1485068256,123931056,52102885.7748
"Bourne legacy",1361137200,1361667840,530640,52102885.7748
"Bourne legacy",1361137320,1485068256,123930936,52102885.7748
"Bourne legacy",1361141400,1485068256,123926856,52102885.7748
"Bourne legacy",1361141400,1362015960,874560,52102885.7748
"Bourne legacy",1361145540,1485068256,123922716,52102885.7748
"Bourne legacy",1361145540,1361485560,340020,52102885.7748
"Bourne legacy",1361146260,1485068256,123921996,52102885.7748
"Bourne legacy",1361146740,1485068256,123921516,52102885.7748
"Bourne legacy",1361148000,1485068256,123920256,52102885.7748
"Bourne legacy",1361148000,1362171780,1023780,52102885.7748
"Bourne legacy",1361149260,1485068256,123918996,52102885.7748
"Bourne legacy",1361149260,1361936100,786840,52102885.7748
"Bourne legacy",1361301000,1485068256,123767256,52102885.7748
"Bourne legacy",1361301000,1362439740,1138740,52102885.7748
"Bourne legacy",1361305740,1485068256,123762516,52102885.7748
"Bourne legacy",1361305740,1362873180,1567440,52102885.7748
"Bourne legacy",1361310780,1485068256,123757476,52102885.7748
"Bourne legacy",1361310780,1362448260,1137480,52102885.7748
"Bourne legacy",1361314680,1485068256,123753576,52102885.7748
"Bourne legacy",1361314680,1361911620,596940,52102885.7748
"Bourne legacy",1361318820,1485068256,123749436,52102885.7748
"Bourne legacy",1361318820,1363225560,1906740,52102885.7748
"Bourne legacy",1361319180,1485068256,123749076,52102885.7748
"Bourne legacy",1361319300,1485068256,123748956,52102885.7748
"Bourne legacy",1361319300,1361657100,337800,52102885.7748
"Bourne legacy",1361319540,1485068256,123748716,52102885.7748
"Bourne legacy",1361319540,1362711540,1392000,52102885.7748
"Bourne legacy",1361320680,1485068256,123747576,52102885.7748
"Bourne legacy",1361320680,1362442380,1121700,52102885.7748
"Bourne legacy",1361323920,1485068256,123744336,52102885.7748
"Bourne legacy",1361324520,1485068256,123743736,52102885.7748
"Bourne legacy",1361324520,1361844180,519660,52102885.7748
"Bourne legacy",1361325000,1485068256,123743256,52102885.7748
"Bourne legacy",1361326200,1485068256,123742056,52102885.7748
"Bourne legacy",1361326200,1362271320,945120,52102885.7748
"Bourne legacy",1361329680,1485068256,123738576,52102885.7748
"Bourne legacy",1361332620,1485068256,123735636,52102885.7748
"Bourne legacy",1361332620,1362269400,936780,52102885.7748
"Bourne legacy",1361384400,1485068256,123683856,52102885.7748
"Bourne legacy",1361384400,1361577240,192840,52102885.7748
"Bourne legacy",1361387220,1485068256,123681036,52102885.7748
"Bourne legacy",1361391600,1485068256,123676656,52102885.7748
"Bourne legacy",1361391600,1361661540,269940,52102885.7748
"Bourne legacy",1361392080,1485068256,123676176,52102885.7748
"Bourne legacy",1361395560,1485068256,123672696,52102885.7748
"Bourne legacy",1361395560,1362449880,1054320,52102885.7748
"Bourne legacy",1361395920,1485068256,123672336,52102885.7748
"Bourne legacy",1361395920,1362529380,1133460,52102885.7748
"Bourne legacy",1361397420,1485068256,123670836,52102885.7748
"Bourne legacy",1361397660,1485068256,123670596,52102885.7748
"Bourne legacy",1361397660,1361837040,439380,52102885.7748
"Bourne legacy",1361399400,1485068256,123668856,52102885.7748
"Bourne legacy",1361399400,1362612300,1212900,52102885.7748
"Bourne legacy",1361400540,1485068256,123667716,52102885.7748
"Bourne legacy",1361400540,1362357300,956760,52102885.7748
"Bourne legacy",1361400660,1485068256,123667596,52102885.7748
"Bourne legacy",1361400660,1362615540,1214880,52102885.7748
"Bourne legacy",1361401080,1485068256,123667176,52102885.7748
"Bourne legacy",1361401080,1362002520,601440,52102885.7748
"Bourne legacy",1361403120,1485068256,123665136,52102885.7748
"Bourne legacy",1361403120,1362441000,1037880,52102885.7748
"Bourne legacy",1361405820,1485068256,123662436,52102885.7748
"Bourne legacy",1361405820,1361831700,425880,52102885.7748
"Bourne legacy",1361406120,1485068256,123662136,52102885.7748
"Bourne legacy",1361406120,1362444420,1038300,52102885.7748
"Bourne legacy",1361407020,1485068256,123661236,52102885.7748
"Bourne legacy",1361407020,1362091620,684600,52102885.7748
"Bourne legacy",1361407800,1485068256,123660456,52102885.7748
"Bourne legacy",1361407860,1485068256,123660396,52102885.7748
"Bourne legacy",1361407860,1362443820,1035960,52102885.7748
"Bourne legacy",1361411880,1485068256,123656376,52102885.7748
"Bourne legacy",1361411880,1361646660,234780,52102885.7748
"Bourne legacy",1361415900,1485068256,123652356,52102885.7748
"Bourne legacy",1361415900,1362603480,1187580,52102885.7748
"Bourne legacy",1361483160,1485068256,123585096,52102885.7748
"Bourne legacy",1361483160,1362699000,1215840,52102885.7748
"Bourne legacy",1361483280,1485068256,123584976,52102885.7748
"Bourne legacy",1361484720,1485068256,123583536,52102885.7748
"Bourne legacy",1361484720,1361578680,93960,52102885.7748
"Bourne legacy",1361485200,1485068256,123583056,52102885.7748
"Bourne legacy",1361485200,1361752800,267600,52102885.7748
"Bourne legacy",1361489040,1485068256,123579216,52102885.7748
"Bourne legacy",1361489040,1361913840,424800,52102885.7748
"Bourne legacy",1361494020,1485068256,123574236,52102885.7748
"Bourne legacy",1361496840,1485068256,123571416,52102885.7748
"Bourne legacy",1361496840,1361916000,419160,52102885.7748
"Bourne legacy",1361497620,1485068256,123570636,52102885.7748
"Bourne legacy",1361497620,1362022860,525240,52102885.7748
"Bourne legacy",1361498220,1485068256,123570036,52102885.7748
"Bourne legacy",1361498220,1362438120,939900,52102885.7748
"Bourne legacy",1361560020,1485068256,123508236,52102885.7748
"Bourne legacy",1361560020,1363975980,2415960,52102885.7748
"Bourne legacy",1361560260,1485068256,123507996,52102885.7748
"Bourne legacy",1361560260,1362255120,694860,52102885.7748
"Bourne legacy",1361560800,1485068256,123507456,52102885.7748
"Bourne legacy",1361560800,1362424080,863280,52102885.7748
"Bourne legacy",1361560980,1485068256,123507276,52102885.7748
"Bourne legacy",1361560980,1362165480,604500,52102885.7748
"Bourne legacy",1361562000,1485068256,123506256,52102885.7748
"Bourne legacy",1361562000,1361657220,95220,52102885.7748
"Bourne legacy",1361564940,1485068256,123503316,52102885.7748
"Bourne legacy",1361564940,1362096480,531540,52102885.7748
"Bourne legacy",1361572680,1485068256,123495576,52102885.7748
"Bourne legacy",1361572680,1362785700,1213020,52102885.7748
"Bourne legacy",1361573640,1485068256,123494616,52102885.7748
"Bourne legacy",1361573640,1363990020,2416380,52102885.7748
"Bourne legacy",1361577060,1485068256,123491196,52102885.7748
"Bourne legacy",1361577060,1362611580,1034520,52102885.7748
"Bourne legacy",1361580300,1485068256,123487956,52102885.7748
"Bourne legacy",1361580300,1362185520,605220,52102885.7748
"Bourne legacy",1361580720,1485068256,123487536,52102885.7748
"Bourne legacy",1361580720,1362089400,508680,52102885.7748
"Bourne legacy",1361582220,1485068256,123486036,52102885.7748
"Bourne legacy",1361582220,1362014160,431940,52102885.7748
"Bourne legacy",1361584020,1485068256,123484236,52102885.7748
"Bourne legacy",1361584020,1363462500,1878480,52102885.7748
"Bourne legacy",1361642880,1485068256,123425376,52102885.7748
"Bourne legacy",1361642880,1362252300,609420,52102885.7748
"Bourne legacy",1361643480,1485068256,123424776,52102885.7748
"Bourne legacy",1361643480,1362695700,1052220,52102885.7748
"Bourne legacy",1361644620,1485068256,123423636,52102885.7748
"Bourne legacy",1361644620,1362865380,1220760,52102885.7748
"Bourne legacy",1361646300,1485068256,123421956,52102885.7748
"Bourne legacy",1361646300,1362345240,698940,52102885.7748
"Bourne legacy",1361647440,1485068256,123420816,52102885.7748
"Bourne legacy",1361647440,1362254400,606960,52102885.7748
"Bourne legacy",1361649120,1485068256,123419136,52102885.7748
"Bourne legacy",1361649900,1485068256,123418356,52102885.7748
"Bourne legacy",1361649960,1485068256,123418296,52102885.7748
"Bourne legacy",1361649960,1361743860,93900,52102885.7748
"Bourne legacy",1361650020,1485068256,123418236,52102885.7748
"Bourne legacy",1361650020,1362263460,613440,52102885.7748
"Bourne legacy",1361651340,1485068256,123416916,52102885.7748
"Bourne legacy",1361651340,1362873300,1221960,52102885.7748
"Bourne legacy",1361652300,1485068256,123415956,52102885.7748
"Bourne legacy",1361652300,1362880440,1228140,52102885.7748
"Bourne legacy",1361655540,1485068256,123412716,52102885.7748
"Bourne legacy",1361657460,1485068256,123410796,52102885.7748
"Bourne legacy",1361657460,1362260940,603480,52102885.7748
"Bourne legacy",1361659440,1485068256,123408816,52102885.7748
"Bourne legacy",1361660520,1485068256,123407736,52102885.7748
"Bourne legacy",1361661900,1485068256,123406356,52102885.7748
"Bourne legacy",1361663880,1485068256,123404376,52102885.7748
"Bourne legacy",1361663880,1362946080,1282200,52102885.7748
"Bourne legacy",1361664240,1485068256,123404016,52102885.7748
"Bourne legacy",1361664240,1362877740,1213500,52102885.7748
"Bourne legacy",1361665560,1485068256,123402696,52102885.7748
"Bourne legacy",1361665560,1362176640,511080,52102885.7748
"Bourne legacy",1361667360,1485068256,123400896,52102885.7748
"Bourne legacy",1361667360,1362011640,344280,52102885.7748
"Bourne legacy",1361667420,1485068256,123400836,52102885.7748
"Bourne legacy",1361667420,1362875400,1207980,52102885.7748
"Bourne legacy",1361669640,1485068256,123398616,52102885.7748
"Bourne legacy",1361669640,1362877860,1208220,52102885.7748
"Bourne legacy",1361670480,1485068256,123397776,52102885.7748
"Bourne legacy",1361670960,1485068256,123397296,52102885.7748
"Bourne legacy",1361670960,1485068256,123397296,52102885.7748
"Bourne legacy",1361670960,1362875100,1204140,52102885.7748
"Bourne legacy",1361742480,1485068256,123325776,52102885.7748
"Bourne legacy",1361742480,1362530940,788460,52102885.7748
"Bourne legacy",1361746860,1485068256,123321396,52102885.7748
"Bourne legacy",1361746860,1363295040,1548180,52102885.7748
"Bourne legacy",1361747100,1361747280,180,52102885.7748
"Bourne legacy",1361748060,1361748060,0,52102885.7748
"Bourne legacy",1361750160,1485068256,123318096,52102885.7748
"Bourne legacy",1361750160,1361751300,1140,52102885.7748
"Bourne legacy",1361750340,1485068256,123317916,52102885.7748
"Bourne legacy",1361750340,1362702420,952080,52102885.7748
"Bourne legacy",1361751300,1485068256,123316956,52102885.7748
"Bourne legacy",1361751300,1362015420,264120,52102885.7748
"Bourne legacy",1361752860,1485068256,123315396,52102885.7748
"Bourne legacy",1361752860,1362880620,1127760,52102885.7748
"Bourne legacy",1361816520,1485068256,123251736,52102885.7748
"Bourne legacy",1361816520,1362508860,692340,52102885.7748
"Bourne legacy",1361818800,1485068256,123249456,52102885.7748
"Bourne legacy",1361818800,1364234100,2415300,52102885.7748
"Bourne legacy",1361818920,1485068256,123249336,52102885.7748
"Bourne legacy",1361819100,1485068256,123249156,52102885.7748
"Bourne legacy",1361819100,1362506760,687660,52102885.7748
"Bourne legacy",1361824320,1485068256,123243936,52102885.7748
"Bourne legacy",1361824620,1485068256,123243636,52102885.7748
"Bourne legacy",1361824620,1363129080,1304460,52102885.7748
"Bourne legacy",1361826060,1485068256,123242196,52102885.7748
"Bourne legacy",1361826060,1362857460,1031400,52102885.7748
"Bourne legacy",1361831220,1485068256,123237036,52102885.7748
"Bourne legacy",1361832120,1485068256,123236136,52102885.7748
"Bourne legacy",1361832420,1485068256,123235836,52102885.7748
"Bourne legacy",1361832420,1362696900,864480,52102885.7748
"Bourne legacy",1361838900,1485068256,123229356,52102885.7748
"Bourne legacy",1361838900,1362684720,845820,52102885.7748
"Bourne legacy",1361845200,1485068256,123223056,52102885.7748
"Bourne legacy",1361845200,1362423600,578400,52102885.7748
"Bourne legacy",1361846220,1485068256,123222036,52102885.7748
"Bourne legacy",1361846220,1362865020,1018800,52102885.7748
"Bourne legacy",1361904480,1485068256,123163776,52102885.7748
"Bourne legacy",1361904480,1362508500,604020,52102885.7748
"Bourne legacy",1361920860,1485068256,123147396,52102885.7748
"Bourne legacy",1361920860,1362081060,160200,52102885.7748
"Bourne legacy",1361920920,1485068256,123147336,52102885.7748
"Bourne legacy",1361924880,1485068256,123143376,52102885.7748
"Bourne legacy",1361925900,1485068256,123142356,52102885.7748
"Bourne legacy",1361925900,1362347520,421620,52102885.7748
"Bourne legacy",1361989440,1485068256,123078816,52102885.7748
"Bourne legacy",1361989440,1362454500,465060,52102885.7748
"Bourne legacy",1361991840,1485068256,123076416,52102885.7748
"Bourne legacy",1361991840,1363032180,1040340,52102885.7748
"Bourne legacy",1361995980,1485068256,123072276,52102885.7748
"Bourne legacy",1361995980,1362609360,613380,52102885.7748
"Bourne legacy",1361996100,1485068256,123072156,52102885.7748
"Bourne legacy",1361996100,1362684960,688860,52102885.7748
"Bourne legacy",1361998080,1485068256,123070176,52102885.7748
"Bourne legacy",1361998080,1363212540,1214460,52102885.7748
"Bourne legacy",1362001260,1485068256,123066996,52102885.7748
"Bourne legacy",1362001260,1362535620,534360,52102885.7748
"Bourne legacy",1362006300,1485068256,123061956,52102885.7748
"Bourne legacy",1362006300,1362869040,862740,52102885.7748
"Bourne legacy",1362006660,1485068256,123061596,52102885.7748
"Bourne legacy",1362006660,1362522120,515460,52102885.7748
"Bourne legacy",1362008760,1485068256,123059496,52102885.7748
"Bourne legacy",1362008760,1363041060,1032300,52102885.7748
"Bourne legacy",1362010500,1485068256,123057756,52102885.7748
"Bourne legacy",1362010500,1363131780,1121280,52102885.7748
"Bourne legacy",1362011340,1485068256,123056916,52102885.7748
"Bourne legacy",1362011340,1362102960,91620,52102885.7748
"Bourne legacy",1362012780,1485068256,123055476,52102885.7748
"Bourne legacy",1362014040,1485068256,123054216,52102885.7748
"Bourne legacy",1362014040,1362696000,681960,52102885.7748
"Bourne legacy",1362014760,1485068256,123053496,52102885.7748
"Bourne legacy",1362079680,1485068256,122988576,52102885.7748
"Bourne legacy",1362079680,1363119240,1039560,52102885.7748
"Bourne legacy",1362082860,1485068256,122985396,52102885.7748
"Bourne legacy",1362082860,1362595380,512520,52102885.7748
"Bourne legacy",1362086460,1485068256,122981796,52102885.7748
"Bourne legacy",1362087060,1485068256,122981196,52102885.7748
"Bourne legacy",1362087060,1362785880,698820,52102885.7748
"Bourne legacy",1362087240,1485068256,122981016,52102885.7748
"Bourne legacy",1362087660,1485068256,122980596,52102885.7748
"Bourne legacy",1362087660,1362273960,186300,52102885.7748
"Bourne legacy",1362089580,1485068256,122978676,52102885.7748
"Bourne legacy",1362089580,1363127580,1038000,52102885.7748
"Bourne legacy",1362092520,1485068256,122975736,52102885.7748
"Bourne legacy",1362092520,1363027560,935040,52102885.7748
"Bourne legacy",1362093600,1485068256,122974656,52102885.7748
"Bourne legacy",1362093600,1363113420,1019820,52102885.7748
"Bourne legacy",1362094860,1485068256,122973396,52102885.7748
"Bourne legacy",1362094860,1362700320,605460,52102885.7748
"Bourne legacy",1362097620,1485068256,122970636,52102885.7748
"Bourne legacy",1362097620,1362266340,168720,52102885.7748
"Bourne legacy",1362100380,1485068256,122967876,52102885.7748
"Bourne legacy",1362100380,1363213560,1113180,52102885.7748
"Bourne legacy",1362100620,1485068256,122967636,52102885.7748
"Bourne legacy",1362100620,1363048320,947700,52102885.7748
"Bourne legacy",1362102900,1485068256,122965356,52102885.7748
"Bourne legacy",1362102960,1485068256,122965296,52102885.7748
"Bourne legacy",1362102960,1362621720,518760,52102885.7748
"Bourne legacy",1362104760,1485068256,122963496,52102885.7748
"Bourne legacy",1362104760,1362956340,851580,52102885.7748
"Bourne legacy",1362108420,1485068256,122959836,52102885.7748
"Bourne legacy",1362108420,1362699900,591480,52102885.7748
"Bourne legacy",1362161040,1485068256,122907216,52102885.7748
"Bourne legacy",1362161340,1485068256,122906916,52102885.7748
"Bourne legacy",1362161340,1363023540,862200,52102885.7748
"Bourne legacy",1362161580,1485068256,122906676,52102885.7748
"Bourne legacy",1362161580,1362856320,694740,52102885.7748
"Bourne legacy",1362171780,1485068256,122896476,52102885.7748
"Bourne legacy",1362171780,1362782880,611100,52102885.7748
"Bourne legacy",1362174720,1485068256,122893536,52102885.7748
"Bourne legacy",1362174720,1362624360,449640,52102885.7748
"Bourne legacy",1362176580,1485068256,122891676,52102885.7748
"Bourne legacy",1362176580,1363385460,1208880,52102885.7748
"Bourne legacy",1362180420,1485068256,122887836,52102885.7748
"Bourne legacy",1362180480,1485068256,122887776,52102885.7748
"Bourne legacy",1362180480,1363392780,1212300,52102885.7748
"Bourne legacy",1362184740,1485068256,122883516,52102885.7748
"Bourne legacy",1362184740,1362353100,168360,52102885.7748
"Bourne legacy",1362185280,1485068256,122882976,52102885.7748
"Bourne legacy",1362252060,1485068256,122816196,52102885.7748
"Bourne legacy",1362252060,1363551360,1299300,52102885.7748
"Bourne legacy",1362252960,1485068256,122815296,52102885.7748
"Bourne legacy",1362252960,1363026060,773100,52102885.7748
"Bourne legacy",1362254040,1485068256,122814216,52102885.7748
"Bourne legacy",1362254040,1363832100,1578060,52102885.7748
"Bourne legacy",1362255540,1485068256,122812716,52102885.7748
"Bourne legacy",1362255540,1363379460,1123920,52102885.7748
"Bourne legacy",1362260940,1485068256,122807316,52102885.7748
"Bourne legacy",1362267780,1485068256,122800476,52102885.7748
"Bourne legacy",1362267780,1363378500,1110720,52102885.7748
"Bourne legacy",1362267840,1485068256,122800416,52102885.7748
"Bourne legacy",1362267840,1485068256,122800416,52102885.7748
"Bourne legacy",1362267840,1362863040,595200,52102885.7748
"Bourne legacy",1362267840,1363466760,1198920,52102885.7748
"Bourne legacy",1362268620,1485068256,122799636,52102885.7748
"Bourne legacy",1362270660,1485068256,122797596,52102885.7748
"Bourne legacy",1362270660,1363479960,1209300,52102885.7748
"Bourne legacy",1362273240,1485068256,122795016,52102885.7748
"Bourne legacy",1362273240,1362792840,519600,52102885.7748
"Bourne legacy",1362273900,1485068256,122794356,52102885.7748
"Bourne legacy",1362273900,1362958740,684840,52102885.7748
"Bourne legacy",1362345960,1485068256,122722296,52102885.7748
"Bourne legacy",1362345960,1362877200,531240,52102885.7748
"Bourne legacy",1362346620,1485068256,122721636,52102885.7748
"Bourne legacy",1362348240,1485068256,122720016,52102885.7748
"Bourne legacy",1362354240,1485068256,122714016,52102885.7748
"Bourne legacy",1362355020,1485068256,122713236,52102885.7748
"Bourne legacy",1362355020,1363111560,756540,52102885.7748
"Bourne legacy",1362358260,1485068256,122709996,52102885.7748
"Bourne legacy",1362421620,1485068256,122646636,52102885.7748
"Bourne legacy",1362421620,1362525840,104220,52102885.7748
"Bourne legacy",1362422460,1485068256,122645796,52102885.7748
"Bourne legacy",1362422460,1362695940,273480,52102885.7748
"Bourne legacy",1362426660,1485068256,122641596,52102885.7748
"Bourne legacy",1362431700,1485068256,122636556,52102885.7748
"Bourne legacy",1362433140,1485068256,122635116,52102885.7748
"Bourne legacy",1362433140,1362614220,181080,52102885.7748
"Bourne legacy",1362434940,1485068256,122633316,52102885.7748
"Bourne legacy",1362434940,1364412360,1977420,52102885.7748
"Bourne legacy",1362438780,1485068256,122629476,52102885.7748
"Bourne legacy",1362438780,1363383300,944520,52102885.7748
"Bourne legacy",1362439200,1485068256,122629056,52102885.7748
"Bourne legacy",1362439200,1363731660,1292460,52102885.7748
"Bourne legacy",1362439680,1485068256,122628576,52102885.7748
"Bourne legacy",1362439920,1485068256,122628336,52102885.7748
"Bourne legacy",1362439920,1363217280,777360,52102885.7748
"Bourne legacy",1362440460,1485068256,122627796,52102885.7748
"Bourne legacy",1362440460,1363650780,1210320,52102885.7748
"Bourne legacy",1362443100,1485068256,122625156,52102885.7748
"Bourne legacy",1362444120,1485068256,122624136,52102885.7748
"Bourne legacy",1362445920,1485068256,122622336,52102885.7748
"Bourne legacy",1362445980,1485068256,122622276,52102885.7748
"Bourne legacy",1362445980,1363907640,1461660,52102885.7748
"Bourne legacy",1362447600,1485068256,122620656,52102885.7748
"Bourne legacy",1362508140,1485068256,122560116,52102885.7748
"Bourne legacy",1362508140,1363124460,616320,52102885.7748
"Bourne legacy",1362511740,1485068256,122556516,52102885.7748
"Bourne legacy",1362511740,1363631220,1119480,52102885.7748
"Bourne legacy",1362518820,1485068256,122549436,52102885.7748
"Bourne legacy",1362518820,1362951780,432960,52102885.7748
"Bourne legacy",1362522060,1485068256,122546196,52102885.7748
"Bourne legacy",1362522060,1363741680,1219620,52102885.7748
"Bourne legacy",1362523680,1485068256,122544576,52102885.7748
"Bourne legacy",1362523680,1363050240,526560,52102885.7748
"Bourne legacy",1362524940,1485068256,122543316,52102885.7748
"Bourne legacy",1362524940,1362619200,94260,52102885.7748
"Bourne legacy",1362528180,1485068256,122540076,52102885.7748
"Bourne legacy",1362528180,1363884300,1356120,52102885.7748
"Bourne legacy",1362530760,1485068256,122537496,52102885.7748
"Bourne legacy",1362535740,1485068256,122532516,52102885.7748
"Bourne legacy",1362535740,1362869160,333420,52102885.7748
"Bourne legacy",1362540840,1485068256,122527416,52102885.7748
"Bourne legacy",1362593640,1485068256,122474616,52102885.7748
"Bourne legacy",1362593640,1363730040,1136400,52102885.7748
"Bourne legacy",1362606840,1485068256,122461416,52102885.7748
"Bourne legacy",1362606840,1363908780,1301940,52102885.7748
"Bourne legacy",1362608100,1485068256,122460156,52102885.7748
"Bourne legacy",1362608100,1363634280,1026180,52102885.7748
"Bourne legacy",1362609720,1485068256,122458536,52102885.7748
"Bourne legacy",1362609720,1364075220,1465500,52102885.7748
"Bourne legacy",1362613860,1485068256,122454396,52102885.7748
"Bourne legacy",1362613860,1363215000,601140,52102885.7748
"Bourne legacy",1362614040,1485068256,122454216,52102885.7748
"Bourne legacy",1362616500,1485068256,122451756,52102885.7748
"Bourne legacy",1362616500,1363464780,848280,52102885.7748
"Bourne legacy",1362616980,1485068256,122451276,52102885.7748
"Bourne legacy",1362616980,1363285440,668460,52102885.7748
"Bourne legacy",1362617460,1362617700,240,52102885.7748
"Bourne legacy",1362619620,1485068256,122448636,52102885.7748
"Bourne legacy",1362619620,1363824600,1204980,52102885.7748
"Bourne legacy",1362628440,1485068256,122439816,52102885.7748
"Bourne legacy",1362628440,1362946020,317580,52102885.7748
"Bourne legacy",1362685680,1485068256,122382576,52102885.7748
"Bourne legacy",1362685680,1363716180,1030500,52102885.7748
"Bourne legacy",1362692040,1485068256,122376216,52102885.7748
"Bourne legacy",1362692040,1363289760,597720,52102885.7748
"Bourne legacy",1362692580,1485068256,122375676,52102885.7748
"Bourne legacy",1362692580,1363207500,514920,52102885.7748
"Bourne legacy",1362698580,1485068256,122369676,52102885.7748
"Bourne legacy",1362698580,1363313880,615300,52102885.7748
"Bourne legacy",1362700260,1485068256,122367996,52102885.7748
"Bourne legacy",1362700440,1485068256,122367816,52102885.7748
"Bourne legacy",1362700440,1363734900,1034460,52102885.7748
"Bourne legacy",1362700500,1485068256,122367756,52102885.7748
"Bourne legacy",1362700500,1363735260,1034760,52102885.7748
"Bourne legacy",1362703260,1485068256,122364996,52102885.7748
"Bourne legacy",1362703260,1363117200,413940,52102885.7748
"Bourne legacy",1362704880,1485068256,122363376,52102885.7748
"Bourne legacy",1362704880,1363198200,493320,52102885.7748
"Bourne legacy",1362710100,1485068256,122358156,52102885.7748
"Bourne legacy",1362710100,1363225620,515520,52102885.7748
"Bourne legacy",1362711900,1485068256,122356356,52102885.7748
"Bourne legacy",1362712980,1485068256,122355276,52102885.7748
"Bourne legacy",1362712980,1362959520,246540,52102885.7748
"Bourne legacy",1362766260,1485068256,122301996,52102885.7748
"Bourne legacy",1362766260,1363392900,626640,52102885.7748
"Bourne legacy",1362767580,1485068256,122300676,52102885.7748
"Bourne legacy",1362768480,1485068256,122299776,52102885.7748
"Bourne legacy",1362768480,1363713720,945240,52102885.7748
"Bourne legacy",1362771600,1485068256,122296656,52102885.7748
"Bourne legacy",1362771600,1363730160,958560,52102885.7748
"Bourne legacy",1362775380,1485068256,122292876,52102885.7748
"Bourne legacy",1362775380,1363214580,439200,52102885.7748
"Bourne legacy",1362780300,1485068256,122287956,52102885.7748
"Bourne legacy",1362780540,1485068256,122287716,52102885.7748
"Bourne legacy",1362782160,1485068256,122286096,52102885.7748
"Bourne legacy",1362782160,1363986720,1204560,52102885.7748
"Bourne legacy",1362784500,1485068256,122283756,52102885.7748
"Bourne legacy",1362784500,1364256780,1472280,52102885.7748
"Bourne legacy",1362789960,1485068256,122278296,52102885.7748
"Bourne legacy",1362789960,1363219380,429420,52102885.7748
"Bourne legacy",1362792300,1362792360,60,52102885.7748
"Bourne legacy",1362854400,1362854460,60,52102885.7748
"Bourne legacy",1362856440,1485068256,122211816,52102885.7748
"Bourne legacy",1362856800,1485068256,122211456,52102885.7748
"Bourne legacy",1362856800,1363140240,283440,52102885.7748
"Bourne legacy",1362857100,1485068256,122211156,52102885.7748
"Bourne legacy",1362857280,1485068256,122210976,52102885.7748
"Bourne legacy",1362859320,1485068256,122208936,52102885.7748
"Bourne legacy",1362860040,1485068256,122208216,52102885.7748
"Bourne legacy",1362860040,1363910100,1050060,52102885.7748
"Bourne legacy",1362860940,1485068256,122207316,52102885.7748
"Bourne legacy",1362860940,1363052100,191160,52102885.7748
"Bourne legacy",1362861240,1485068256,122207016,52102885.7748
"Bourne legacy",1362861240,1363470240,609000,52102885.7748
"Bourne legacy",1362863040,1485068256,122205216,52102885.7748
"Bourne legacy",1362863040,1363478040,615000,52102885.7748
"Bourne legacy",1362863820,1485068256,122204436,52102885.7748
"Bourne legacy",1362863820,1363912020,1048200,52102885.7748
"Bourne legacy",1362865260,1485068256,122202996,52102885.7748
"Bourne legacy",1362865260,1363470600,605340,52102885.7748
"Bourne legacy",1362867300,1485068256,122200956,52102885.7748
"Bourne legacy",1362867300,1363745100,877800,52102885.7748
"Bourne legacy",1362868500,1485068256,122199756,52102885.7748
"Bourne legacy",1362868500,1363123080,254580,52102885.7748
"Bourne legacy",1362869460,1485068256,122198796,52102885.7748
"Bourne legacy",1362870000,1485068256,122198256,52102885.7748
"Bourne legacy",1362870000,1363557960,687960,52102885.7748
"Bourne legacy",1362874440,1485068256,122193816,52102885.7748
"Bourne legacy",1362874440,1363649880,775440,52102885.7748
"Bourne legacy",1362874500,1485068256,122193756,52102885.7748
"Bourne legacy",1362874500,1363723800,849300,52102885.7748
"Bourne legacy",1362875400,1485068256,122192856,52102885.7748
"Bourne legacy",1362875460,1485068256,122192796,52102885.7748
"Bourne legacy",1362875460,1364163060,1287600,52102885.7748
"Bourne legacy",1362875640,1485068256,122192616,52102885.7748
"Bourne legacy",1362877080,1485068256,122191176,52102885.7748
"Bourne legacy",1362877500,1485068256,122190756,52102885.7748
"Bourne legacy",1362877500,1363657800,780300,52102885.7748
"Bourne legacy",1362880560,1485068256,122187696,52102885.7748
"Bourne legacy",1362945780,1485068256,122122476,52102885.7748
"Bourne legacy",1362945780,1363822260,876480,52102885.7748
"Bourne legacy",1362945960,1485068256,122122296,52102885.7748
"Bourne legacy",1362945960,1363210860,264900,52102885.7748
"Bourne legacy",1362947700,1485068256,122120556,52102885.7748
"Bourne legacy",1362950880,1362950940,60,52102885.7748
"Bourne legacy",1362951300,1485068256,122116956,52102885.7748
"Bourne legacy",1362951720,1485068256,122116536,52102885.7748
"Bourne legacy",1362951720,1363128240,176520,52102885.7748
"Bourne legacy",1362954600,1485068256,122113656,52102885.7748
"Bourne legacy",1362954600,1364067780,1113180,52102885.7748
"Bourne legacy",1362955080,1485068256,122113176,52102885.7748
"Bourne legacy",1362955080,1364082720,1127640,52102885.7748
"Bourne legacy",1362956280,1485068256,122111976,52102885.7748
"Bourne legacy",1362956280,1364160960,1204680,52102885.7748
"Bourne legacy",1362959760,1485068256,122108496,52102885.7748
"Bourne legacy",1363036740,1485068256,122031516,52102885.7748
"Bourne legacy",1363036740,1364482140,1445400,52102885.7748
"Bourne legacy",1363037400,1485068256,122030856,52102885.7748
"Bourne legacy",1363037400,1363470480,433080,52102885.7748
"Bourne legacy",1363039140,1485068256,122029116,52102885.7748
"Bourne legacy",1363039140,1363822080,782940,52102885.7748
"Bourne legacy",1363043640,1485068256,122024616,52102885.7748
"Bourne legacy",1363043640,1363305840,262200,52102885.7748
"Bourne legacy",1363046100,1485068256,122022156,52102885.7748
"Bourne legacy",1363046100,1363651920,605820,52102885.7748
"Bourne legacy",1363047540,1485068256,122020716,52102885.7748
"Bourne legacy",1363047540,1364238300,1190760,52102885.7748
"Bourne legacy",1363048320,1485068256,122019936,52102885.7748
"Bourne legacy",1363048320,1364080680,1032360,52102885.7748
"Bourne legacy",1363048440,1485068256,122019816,52102885.7748
"Bourne legacy",1363048440,1364254080,1205640,52102885.7748
"Bourne legacy",1363048800,1485068256,122019456,52102885.7748
"Bourne legacy",1363048800,1363229040,180240,52102885.7748
"Bourne legacy",1363048980,1485068256,122019276,52102885.7748
"Bourne legacy",1363048980,1364522400,1473420,52102885.7748
"Bourne legacy",1363050360,1485068256,122017896,52102885.7748
"Bourne legacy",1363050360,1364261160,1210800,52102885.7748
"Bourne legacy",1363056900,1485068256,122011356,52102885.7748
"Bourne legacy",1363112400,1485068256,121955856,52102885.7748
"Bourne legacy",1363112400,1364238840,1126440,52102885.7748
"Bourne legacy",1363118700,1485068256,121949556,52102885.7748
"Bourne legacy",1363118700,1363723440,604740,52102885.7748
"Bourne legacy",1363122720,1485068256,121945536,52102885.7748
"Bourne legacy",1363122720,1363297380,174660,52102885.7748
"Bourne legacy",1363124460,1485068256,121943796,52102885.7748
"Bourne legacy",1363124460,1364341080,1216620,52102885.7748
"Bourne legacy",1363129200,1485068256,121939056,52102885.7748
"Bourne legacy",1363129200,1364254560,1125360,52102885.7748
"Bourne legacy",1363130040,1485068256,121938216,52102885.7748
"Bourne legacy",1363130040,1364350560,1220520,52102885.7748
"Bourne legacy",1363132440,1485068256,121935816,52102885.7748
"Bourne legacy",1363134840,1485068256,121933416,52102885.7748
"Bourne legacy",1363134840,1363474740,339900,52102885.7748
"Bourne legacy",1363135560,1485068256,121932696,52102885.7748
"Bourne legacy",1363135560,1485068256,121932696,52102885.7748
"Bourne legacy",1363135560,1364264820,1129260,52102885.7748
"Bourne legacy",1363141860,1485068256,121926396,52102885.7748
"Bourne legacy",1363141860,1364431560,1289700,52102885.7748
"Bourne legacy",1363199400,1485068256,121868856,52102885.7748
"Bourne legacy",1363199400,1363375200,175800,52102885.7748
"Bourne legacy",1363199520,1485068256,121868736,52102885.7748
"Bourne legacy",1363199520,1363730220,530700,52102885.7748
"Bourne legacy",1363201260,1485068256,121866996,52102885.7748
"Bourne legacy",1363201260,1364430720,1229460,52102885.7748
"Bourne legacy",1363205040,1485068256,121863216,52102885.7748
"Bourne legacy",1363205040,1363817100,612060,52102885.7748
"Bourne legacy",1363210680,1485068256,121857576,52102885.7748
"Bourne legacy",1363210680,1363901280,690600,52102885.7748
"Bourne legacy",1363216860,1485068256,121851396,52102885.7748
"Bourne legacy",1363216860,1365032460,1815600,52102885.7748
"Bourne legacy",1363217520,1485068256,121850736,52102885.7748
"Bourne legacy",1363217520,1364352000,1134480,52102885.7748
"Bourne legacy",1363222500,1485068256,121845756,52102885.7748
"Bourne legacy",1363222500,1365462720,2240220,52102885.7748
"Bourne legacy",1363223820,1485068256,121844436,52102885.7748
"Bourne legacy",1363229580,1485068256,121838676,52102885.7748
"Bourne legacy",1363287660,1485068256,121780596,52102885.7748
"Bourne legacy",1363287660,1363992600,704940,52102885.7748
"Bourne legacy",1363291680,1485068256,121776576,52102885.7748
"Bourne legacy",1363291680,1363646460,354780,52102885.7748
"Bourne legacy",1363292880,1485068256,121775376,52102885.7748
"Bourne legacy",1363292880,1363820580,527700,52102885.7748
"Bourne legacy",1363292940,1485068256,121775316,52102885.7748
"Bourne legacy",1363295220,1485068256,121773036,52102885.7748
"Bourne legacy",1363295220,1364261220,966000,52102885.7748
"Bourne legacy",1363295640,1485068256,121772616,52102885.7748
"Bourne legacy",1363295640,1363480320,184680,52102885.7748
"Bourne legacy",1363295820,1485068256,121772436,52102885.7748
"Bourne legacy",1363295820,1364442120,1146300,52102885.7748
"Bourne legacy",1363301520,1485068256,121766736,52102885.7748
"Bourne legacy",1363301520,1364688540,1387020,52102885.7748
"Bourne legacy",1363307580,1485068256,121760676,52102885.7748
"Bourne legacy",1363307580,1363817460,509880,52102885.7748
"Bourne legacy",1363312440,1485068256,121755816,52102885.7748
"Bourne legacy",1363369920,1485068256,121698336,52102885.7748
"Bourne legacy",1363369920,1364581020,1211100,52102885.7748
"Bourne legacy",1363376280,1485068256,121691976,52102885.7748
"Bourne legacy",1363376280,1363731900,355620,52102885.7748
"Bourne legacy",1363379520,1485068256,121688736,52102885.7748
"Bourne legacy",1363379520,1366402320,3022800,52102885.7748
"Bourne legacy",1363381320,1485068256,121686936,52102885.7748
"Bourne legacy",1363381320,1363644480,263160,52102885.7748
"Bourne legacy",1363381380,1485068256,121686876,52102885.7748
"Bourne legacy",1363381380,1363992240,610860,52102885.7748
"Bourne legacy",1363383780,1485068256,121684476,52102885.7748
"Bourne legacy",1363383780,1364515320,1131540,52102885.7748
"Bourne legacy",1363385340,1485068256,121682916,52102885.7748
"Bourne legacy",1363385340,1363732980,347640,52102885.7748
"Bourne legacy",1363387320,1485068256,121680936,52102885.7748
"Bourne legacy",1363388700,1485068256,121679556,52102885.7748
"Bourne legacy",1363388700,1363731120,342420,52102885.7748
"Bourne legacy",1363392240,1485068256,121676016,52102885.7748
"Bourne legacy",1363392240,1364081880,689640,52102885.7748
"Bourne legacy",1363392360,1485068256,121675896,52102885.7748
"Bourne legacy",1363392360,1364602080,1209720,52102885.7748
"Bourne legacy",1363392960,1485068256,121675296,52102885.7748
"Bourne legacy",1363394160,1485068256,121674096,52102885.7748
"Bourne legacy",1363394160,1363812780,418620,52102885.7748
"Bourne legacy",1363395000,1485068256,121673256,52102885.7748
"Bourne legacy",1363395000,1364000100,605100,52102885.7748
"Bourne legacy",1363457400,1485068256,121610856,52102885.7748
"Bourne legacy",1363458900,1485068256,121609356,52102885.7748
"Bourne legacy",1363458900,1364071200,612300,52102885.7748
"Bourne legacy",1363461540,1485068256,121606716,52102885.7748
"Bourne legacy",1363461540,1364669460,1207920,52102885.7748
"Bourne legacy",1363462980,1485068256,121605276,52102885.7748
"Bourne legacy",1363462980,1363890060,427080,52102885.7748
"Bourne legacy",1363463220,1485068256,121605036,52102885.7748
"Bourne legacy",1363463220,1364677500,1214280,52102885.7748
"Bourne legacy",1363465020,1485068256,121603236,52102885.7748
"Bourne legacy",1363465020,1364676720,1211700,52102885.7748
"Bourne legacy",1363465440,1485068256,121602816,52102885.7748
"Bourne legacy",1363465440,1363470660,5220,52102885.7748
"Bourne legacy",1363466460,1363466820,360,52102885.7748
"Bourne legacy",1363466520,1485068256,121601736,52102885.7748
"Bourne legacy",1363466820,1485068256,121601436,52102885.7748
"Bourne legacy",1363466820,1364686260,1219440,52102885.7748
"Bourne legacy",1363471320,1485068256,121596936,52102885.7748
"Bourne legacy",1363471320,1364680380,1209060,52102885.7748
"Bourne legacy",1363471680,1485068256,121596576,52102885.7748
"Bourne legacy",1363471680,1365275700,1804020,52102885.7748
"Bourne legacy",1363472340,1485068256,121595916,52102885.7748
"Bourne legacy",1363473780,1485068256,121594476,52102885.7748
"Bourne legacy",1363473780,1365124320,1650540,52102885.7748
"Bourne legacy",1363473900,1485068256,121594356,52102885.7748
"Bourne legacy",1363474320,1485068256,121593936,52102885.7748
"Bourne legacy",1363474320,1364085720,611400,52102885.7748
"Bourne legacy",1363475040,1485068256,121593216,52102885.7748
"Bourne legacy",1363477080,1485068256,121591176,52102885.7748
"Bourne legacy",1363477740,1485068256,121590516,52102885.7748
"Bourne legacy",1363477740,1365625020,2147280,52102885.7748
"Bourne legacy",1363480740,1485068256,121587516,52102885.7748
"Bourne legacy",1363480800,1485068256,121587456,52102885.7748
"Bourne legacy",1363480800,1363815840,335040,52102885.7748
"Bourne legacy",1363481220,1485068256,121587036,52102885.7748
"Bourne legacy",1363481220,1364169960,688740,52102885.7748
"Bourne legacy",1363536000,1485068256,121532256,52102885.7748
"Bourne legacy",1363539120,1485068256,121529136,52102885.7748
"Bourne legacy",1363539120,1366074720,2535600,52102885.7748
"Bourne legacy",1363556880,1485068256,121511376,52102885.7748
"Bourne legacy",1363556880,1364772840,1215960,52102885.7748
"Bourne legacy",1363559460,1485068256,121508796,52102885.7748
"Bourne legacy",1363559460,1364242140,682680,52102885.7748
"Bourne legacy",1363559580,1485068256,121508676,52102885.7748
"Bourne legacy",1363559580,1364079480,519900,52102885.7748
"Bourne legacy",1363628340,1485068256,121439916,52102885.7748
"Bourne legacy",1363628340,1363982520,354180,52102885.7748
"Bourne legacy",1363629660,1485068256,121438596,52102885.7748
"Bourne legacy",1363643580,1485068256,121424676,52102885.7748
"Bourne legacy",1363643580,1363649400,5820,52102885.7748
"Bourne legacy",1363648800,1485068256,121419456,52102885.7748
"Bourne legacy",1363650300,1485068256,121417956,52102885.7748
"Bourne legacy",1363650300,1364252580,602280,52102885.7748
"Bourne legacy",1363650900,1485068256,121417356,52102885.7748
"Bourne legacy",1363650900,1365462240,1811340,52102885.7748
"Bourne legacy",1363650900,1366062960,2412060,52102885.7748
"Bourne legacy",1363651740,1485068256,121416516,52102885.7748
"Bourne legacy",1363656480,1485068256,121411776,52102885.7748
"Bourne legacy",1363658700,1485068256,121409556,52102885.7748
"Bourne legacy",1363660320,1485068256,121407936,52102885.7748
"Bourne legacy",1363660320,1363735320,75000,52102885.7748
"Bourne legacy",1363716300,1485068256,121351956,52102885.7748
"Bourne legacy",1363716300,1364852100,1135800,52102885.7748
"Bourne legacy",1363721760,1363722060,300,52102885.7748
"Bourne legacy",1363725600,1485068256,121342656,52102885.7748
"Bourne legacy",1363725600,1365188940,1463340,52102885.7748
"Bourne legacy",1363729200,1485068256,121339056,52102885.7748
"Bourne legacy",1363729200,1364342760,613560,52102885.7748
"Bourne legacy",1363730460,1485068256,121337796,52102885.7748
"Bourne legacy",1363730460,1364595840,865380,52102885.7748
"Bourne legacy",1363730580,1485068256,121337676,52102885.7748
"Bourne legacy",1363730580,1364932500,1201920,52102885.7748
"Bourne legacy",1363734720,1485068256,121333536,52102885.7748
"Bourne legacy",1363734720,1364767620,1032900,52102885.7748
"Bourne legacy",1363735920,1485068256,121332336,52102885.7748
"Bourne legacy",1363735920,1364432400,696480,52102885.7748
"Bourne legacy",1363739460,1485068256,121328796,52102885.7748
"Bourne legacy",1363741500,1485068256,121326756,52102885.7748
"Bourne legacy",1363802100,1485068256,121266156,52102885.7748
"Bourne legacy",1363802400,1485068256,121265856,52102885.7748
"Bourne legacy",1363802400,1364591940,789540,52102885.7748
"Bourne legacy",1363805220,1485068256,121263036,52102885.7748
"Bourne legacy",1363805220,1365025380,1220160,52102885.7748
"Bourne legacy",1363809600,1485068256,121258656,52102885.7748
"Bourne legacy",1363812360,1485068256,121255896,52102885.7748
"Bourne legacy",1363812360,1364851800,1039440,52102885.7748
"Bourne legacy",1363818120,1485068256,121250136,52102885.7748
"Bourne legacy",1363818120,1364853660,1035540,52102885.7748
"Bourne legacy",1363819860,1485068256,121248396,52102885.7748
"Bourne legacy",1363819860,1364350140,530280,52102885.7748
"Bourne legacy",1363826580,1485068256,121241676,52102885.7748
"Bourne legacy",1363826760,1485068256,121241496,52102885.7748
"Bourne legacy",1363829280,1485068256,121238976,52102885.7748
"Bourne legacy",1363829280,1364687460,858180,52102885.7748
"Bourne legacy",1363830720,1485068256,121237536,52102885.7748
"Bourne legacy",1363830720,1365039840,1209120,52102885.7748
"Bourne legacy",1363833060,1485068256,121235196,52102885.7748
"Bourne legacy",1363886400,1485068256,121181856,52102885.7748
"Bourne legacy",1363886400,1364504580,618180,52102885.7748
"Bourne legacy",1363892400,1485068256,121175856,52102885.7748
"Bourne legacy",1363892400,1364600040,707640,52102885.7748
"Bourne legacy",1363894740,1485068256,121173516,52102885.7748
"Bourne legacy",1363896900,1485068256,121171356,52102885.7748
"Bourne legacy",1363896900,1364410620,513720,52102885.7748
"Bourne legacy",1363904580,1485068256,121163676,52102885.7748
"Bourne legacy",1363906440,1485068256,121161816,52102885.7748
"Bourne legacy",1363906440,1364860560,954120,52102885.7748
"Bourne legacy",1363907280,1485068256,121160976,52102885.7748
"Bourne legacy",1363907280,1365121020,1213740,52102885.7748
"Bourne legacy",1363907400,1485068256,121160856,52102885.7748
"Bourne legacy",1363911180,1485068256,121157076,52102885.7748
"Bourne legacy",1363911180,1364688840,777660,52102885.7748
"Bourne legacy",1363913640,1485068256,121154616,52102885.7748
"Bourne legacy",1363914000,1485068256,121154256,52102885.7748
"Bourne legacy",1363914000,1365198720,1284720,52102885.7748
"Bourne legacy",1363969500,1485068256,121098756,52102885.7748
"Bourne legacy",1363969500,1366993740,3024240,52102885.7748
"Bourne legacy",1363970340,1485068256,121097916,52102885.7748
"Bourne legacy",1363970340,1365022560,1052220,52102885.7748
"Bourne legacy",1363971780,1485068256,121096476,52102885.7748
"Bourne legacy",1363980000,1485068256,121088256,52102885.7748
"Bourne legacy",1363983180,1485068256,121085076,52102885.7748
"Bourne legacy",1363983180,1365184500,1201320,52102885.7748
"Bourne legacy",1363987560,1485068256,121080696,52102885.7748
"Bourne legacy",1363987560,1364848440,860880,52102885.7748
"Bourne legacy",1363989540,1485068256,121078716,52102885.7748
"Bourne legacy",1363989540,1365283020,1293480,52102885.7748
"Bourne legacy",1363995420,1485068256,121072836,52102885.7748
"Bourne legacy",1363998060,1485068256,121070196,52102885.7748
"Bourne legacy",1363998780,1485068256,121069476,52102885.7748
"Bourne legacy",1363998780,1364430900,432120,52102885.7748
"Bourne legacy",1364061000,1485068256,121007256,52102885.7748
"Bourne legacy",1364061000,1364236680,175680,52102885.7748
"Bourne legacy",1364061420,1485068256,121006836,52102885.7748
"Bourne legacy",1364061420,1365115020,1053600,52102885.7748
"Bourne legacy",1364061900,1485068256,121006356,52102885.7748
"Bourne legacy",1364061900,1364247240,185340,52102885.7748
"Bourne legacy",1364062560,1485068256,121005696,52102885.7748
"Bourne legacy",1364062560,1365027540,964980,52102885.7748
"Bourne legacy",1364062920,1485068256,121005336,52102885.7748
"Bourne legacy",1364062920,1365458100,1395180,52102885.7748
"Bourne legacy",1364064000,1485068256,121004256,52102885.7748
"Bourne legacy",1364064000,1364680380,616380,52102885.7748
"Bourne legacy",1364066340,1485068256,121001916,52102885.7748
"Bourne legacy",1364069220,1485068256,120999036,52102885.7748
"Bourne legacy",1364070600,1485068256,120997656,52102885.7748
"Bourne legacy",1364072220,1485068256,120996036,52102885.7748
"Bourne legacy",1364072220,1365208320,1136100,52102885.7748
"Bourne legacy",1364072460,1485068256,120995796,52102885.7748
"Bourne legacy",1364072460,1365284160,1211700,52102885.7748
"Bourne legacy",1364075460,1485068256,120992796,52102885.7748
"Bourne legacy",1364075460,1365635880,1560420,52102885.7748
"Bourne legacy",1364075700,1485068256,120992556,52102885.7748
"Bourne legacy",1364075700,1365279660,1203960,52102885.7748
"Bourne legacy",1364076660,1485068256,120991596,52102885.7748
"Bourne legacy",1364076660,1365295500,1218840,52102885.7748
"Bourne legacy",1364077920,1485068256,120990336,52102885.7748
"Bourne legacy",1364078580,1485068256,120989676,52102885.7748
"Bourne legacy",1364078580,1365200820,1122240,52102885.7748
"Bourne legacy",1364082300,1485068256,120985956,52102885.7748
"Bourne legacy",1364082300,1364424780,342480,52102885.7748
"Bourne legacy",1364085480,1485068256,120982776,52102885.7748
"Bourne legacy",1364085480,1365293100,1207620,52102885.7748
"Bourne legacy",1364085600,1485068256,120982656,52102885.7748
"Bourne legacy",1364085600,1364506020,420420,52102885.7748
"Bourne legacy",1364155560,1485068256,120912696,52102885.7748
"Bourne legacy",1364155560,1365373380,1217820,52102885.7748
"Bourne legacy",1364156820,1485068256,120911436,52102885.7748
"Bourne legacy",1364162160,1485068256,120906096,52102885.7748
"Bourne legacy",1364162160,1364351880,189720,52102885.7748
"Bourne legacy",1364163600,1485068256,120904656,52102885.7748
"Bourne legacy",1364163600,1364869380,705780,52102885.7748
"Bourne legacy",1364164020,1485068256,120904236,52102885.7748
"Bourne legacy",1364165340,1485068256,120902916,52102885.7748
"Bourne legacy",1364165340,1365368280,1202940,52102885.7748
"Bourne legacy",1364167680,1485068256,120900576,52102885.7748
"Bourne legacy",1364167680,1364424480,256800,52102885.7748
"Bourne legacy",1364168280,1485068256,120899976,52102885.7748
"Bourne legacy",1364168280,1365285180,1116900,52102885.7748
"Bourne legacy",1364232480,1485068256,120835776,52102885.7748
"Bourne legacy",1364232480,1366651080,2418600,52102885.7748
"Bourne legacy",1364238420,1485068256,120829836,52102885.7748
"Bourne legacy",1364245920,1485068256,120822336,52102885.7748
"Bourne legacy",1364245920,1364850720,604800,52102885.7748
"Bourne legacy",1364245980,1485068256,120822276,52102885.7748
"Bourne legacy",1364245980,1365457860,1211880,52102885.7748
"Bourne legacy",1364249280,1485068256,120818976,52102885.7748
"Bourne legacy",1364250060,1485068256,120818196,52102885.7748
"Bourne legacy",1364250060,1364509380,259320,52102885.7748
"Bourne legacy",1364252160,1485068256,120816096,52102885.7748
"Bourne legacy",1364256360,1485068256,120811896,52102885.7748
"Bourne legacy",1364256360,1365203640,947280,52102885.7748
"Bourne legacy",1364257080,1485068256,120811176,52102885.7748
"Bourne legacy",1364257080,1367797080,3540000,52102885.7748
"Bourne legacy",1364257140,1485068256,120811116,52102885.7748
"Bourne legacy",1364257140,1365458100,1200960,52102885.7748
"Bourne legacy",1364257440,1485068256,120810816,52102885.7748
"Bourne legacy",1364258340,1485068256,120809916,52102885.7748
"Bourne legacy",1364264880,1485068256,120803376,52102885.7748
"Bourne legacy",1364265420,1485068256,120802836,52102885.7748
"Bourne legacy",1364265420,1364428020,162600,52102885.7748
"Bourne legacy",1364266680,1485068256,120801576,52102885.7748
"Bourne legacy",1364321280,1485068256,120746976,52102885.7748
"Bourne legacy",1364321280,1365459660,1138380,52102885.7748
"Bourne legacy",1364337480,1485068256,120730776,52102885.7748
"Bourne legacy",1364337480,1364599380,261900,52102885.7748
"Bourne legacy",1364342700,1485068256,120725556,52102885.7748
"Bourne legacy",1364342700,1366761960,2419260,52102885.7748
"Bourne legacy",1364344020,1364345580,1560,52102885.7748
"Bourne legacy",1364344320,1485068256,120723936,52102885.7748
"Bourne legacy",1364344320,1365561420,1217100,52102885.7748
"Bourne legacy",1364404680,1485068256,120663576,52102885.7748
"Bourne legacy",1364404680,1365014640,609960,52102885.7748
"Bourne legacy",1364405640,1485068256,120662616,52102885.7748
"Bourne legacy",1364405640,1365017640,612000,52102885.7748
"Bourne legacy",1364406780,1485068256,120661476,52102885.7748
"Bourne legacy",1364407440,1485068256,120660816,52102885.7748
"Bourne legacy",1364413500,1485068256,120654756,52102885.7748
"Bourne legacy",1364413500,1366309980,1896480,52102885.7748
"Bourne legacy",1364415780,1485068256,120652476,52102885.7748
"Bourne legacy",1364417520,1485068256,120650736,52102885.7748
"Bourne legacy",1364417520,1365623880,1206360,52102885.7748
"Bourne legacy",1364422320,1485068256,120645936,52102885.7748
"Bourne legacy",1364422320,1364954400,532080,52102885.7748
"Bourne legacy",1364423100,1485068256,120645156,52102885.7748
"Bourne legacy",1364423100,1364768460,345360,52102885.7748
"Bourne legacy",1364427660,1485068256,120640596,52102885.7748
"Bourne legacy",1364427660,1365373200,945540,52102885.7748
"Bourne legacy",1364427960,1485068256,120640296,52102885.7748
"Bourne legacy",1364429700,1485068256,120638556,52102885.7748
"Bourne legacy",1364429700,1365631740,1202040,52102885.7748
"Bourne legacy",1364434920,1485068256,120633336,52102885.7748
"Bourne legacy",1364434920,1365281340,846420,52102885.7748
"Bourne legacy",1364435040,1485068256,120633216,52102885.7748
"Bourne legacy",1364435040,1365732660,1297620,52102885.7748
"Bourne legacy",1364435580,1485068256,120632676,52102885.7748
"Bourne legacy",1364435580,1365377220,941640,52102885.7748
"Bourne legacy",1364435940,1485068256,120632316,52102885.7748
"Bourne legacy",1364435940,1365545820,1109880,52102885.7748
"Bourne legacy",1364437740,1485068256,120630516,52102885.7748
"Bourne legacy",1364437740,1364864040,426300,52102885.7748
"Bourne legacy",1364497560,1485068256,120570696,52102885.7748
"Bourne legacy",1364497560,1364854380,356820,52102885.7748
"Bourne legacy",1364504400,1485068256,120563856,52102885.7748
"Bourne legacy",1364505900,1485068256,120562356,52102885.7748
"Bourne legacy",1364507640,1485068256,120560616,52102885.7748
"Bourne legacy",1364509500,1485068256,120558756,52102885.7748
"Bourne legacy",1364509500,1364851980,342480,52102885.7748
"Bourne legacy",1364509920,1485068256,120558336,52102885.7748
"Bourne legacy",1364510880,1485068256,120557376,52102885.7748
"Bourne legacy",1364510880,1364856060,345180,52102885.7748
"Bourne legacy",1364511900,1485068256,120556356,52102885.7748
"Bourne legacy",1364512140,1485068256,120556116,52102885.7748
"Bourne legacy",1364512140,1365465180,953040,52102885.7748
"Bourne legacy",1364513700,1485068256,120554556,52102885.7748
"Bourne legacy",1364513700,1365881160,1367460,52102885.7748
"Bourne legacy",1364514000,1485068256,120554256,52102885.7748
"Bourne legacy",1364514000,1365036780,522780,52102885.7748
"Bourne legacy",1364516520,1485068256,120551736,52102885.7748
"Bourne legacy",1364516520,1365732960,1216440,52102885.7748
"Bourne legacy",1364582160,1485068256,120486096,52102885.7748
"Bourne legacy",1364582160,1365619140,1036980,52102885.7748
"Bourne legacy",1364583660,1485068256,120484596,52102885.7748
"Bourne legacy",1364583660,1365123180,539520,52102885.7748
"Bourne legacy",1364587080,1485068256,120481176,52102885.7748
"Bourne legacy",1364591940,1485068256,120476316,52102885.7748
"Bourne legacy",1364591940,1364596560,4620,52102885.7748
"Bourne legacy",1364592780,1485068256,120475476,52102885.7748
"Bourne legacy",1364592780,1365789180,1196400,52102885.7748
"Bourne legacy",1364595240,1485068256,120473016,52102885.7748
"Bourne legacy",1364595240,1365637080,1041840,52102885.7748
"Bourne legacy",1364598480,1485068256,120469776,52102885.7748
"Bourne legacy",1364598480,1364678700,80220,52102885.7748
"Bourne legacy",1364599680,1485068256,120468576,52102885.7748
"Bourne legacy",1364599680,1365293760,694080,52102885.7748
"Bourne legacy",1364599980,1485068256,120468276,52102885.7748
"Bourne legacy",1364600400,1485068256,120467856,52102885.7748
"Bourne legacy",1364600400,1364943780,343380,52102885.7748
"Bourne legacy",1364664420,1485068256,120403836,52102885.7748
"Bourne legacy",1364664420,1365786840,1122420,52102885.7748
"Bourne legacy",1364666760,1485068256,120401496,52102885.7748
"Bourne legacy",1364671800,1485068256,120396456,52102885.7748
"Bourne legacy",1364671800,1365884640,1212840,52102885.7748
"Bourne legacy",1364671860,1485068256,120396396,52102885.7748
"Bourne legacy",1364671860,1365875520,1203660,52102885.7748
"Bourne legacy",1364672040,1485068256,120396216,52102885.7748
"Bourne legacy",1364672220,1485068256,120396036,52102885.7748
"Bourne legacy",1364672220,1365284400,612180,52102885.7748
"Bourne legacy",1364674860,1485068256,120393396,52102885.7748
"Bourne legacy",1364675100,1485068256,120393156,52102885.7748
"Bourne legacy",1364675100,1365887100,1212000,52102885.7748
"Bourne legacy",1364676240,1485068256,120392016,52102885.7748
"Bourne legacy",1364679720,1485068256,120388536,52102885.7748
"Bourne legacy",1364679720,1366068480,1388760,52102885.7748
"Bourne legacy",1364680740,1485068256,120387516,52102885.7748
"Bourne legacy",1364680740,1366052640,1371900,52102885.7748
"Bourne legacy",1364684940,1485068256,120383316,52102885.7748
"Bourne legacy",1364684940,1365023700,338760,52102885.7748
"Bourne legacy",1364686800,1485068256,120381456,52102885.7748
"Bourne legacy",1364686800,1364953140,266340,52102885.7748
"Bourne legacy",1364687160,1485068256,120381096,52102885.7748
"Bourne legacy",1364687160,1365559020,871860,52102885.7748
"Bourne legacy",1364687580,1485068256,120380676,52102885.7748
"Bourne legacy",1364687580,1364957220,269640,52102885.7748
"Bourne legacy",1364687820,1485068256,120380436,52102885.7748
"Bourne legacy",1364687820,1365888000,1200180,52102885.7748
"Bourne legacy",1364687940,1485068256,120380316,52102885.7748
"Bourne legacy",1364687940,1365899340,1211400,52102885.7748
"Bourne legacy",1364688000,1485068256,120380256,52102885.7748
"Bourne legacy",1364688000,1365628080,940080,52102885.7748
"Bourne legacy",1364688660,1485068256,120379596,52102885.7748
"Bourne legacy",1364688660,1365375240,686580,52102885.7748
"Bourne legacy",1364689560,1485068256,120378696,52102885.7748
"Bourne legacy",1364689560,1365890040,1200480,52102885.7748
"Bourne legacy",1364691000,1485068256,120377256,52102885.7748
"Bourne legacy",1364691000,1365893400,1202400,52102885.7748
"Bourne legacy",1364761080,1485068256,120307176,52102885.7748
"Bourne legacy",1364761080,1365891180,1130100,52102885.7748
"Bourne legacy",1364762640,1485068256,120305616,52102885.7748
"Bourne legacy",1364762640,1365192420,429780,52102885.7748
"Bourne legacy",1364836080,1485068256,120232176,52102885.7748
"Bourne legacy",1364836080,1365282420,446340,52102885.7748
"Bourne legacy",1364839320,1485068256,120228936,52102885.7748
"Bourne legacy",1364839320,1365712080,872760,52102885.7748
"Bourne legacy",1364841000,1485068256,120227256,52102885.7748
"Bourne legacy",1364841000,1365373740,532740,52102885.7748
"Bourne legacy",1364841060,1485068256,120227196,52102885.7748
"Bourne legacy",1364841060,1365469620,628560,52102885.7748
"Bourne legacy",1364845500,1485068256,120222756,52102885.7748
"Bourne legacy",1364845500,1365446220,600720,52102885.7748
"Bourne legacy",1364845740,1485068256,120222516,52102885.7748
"Bourne legacy",1364845740,1366047600,1201860,52102885.7748
"Bourne legacy",1364850000,1485068256,120218256,52102885.7748
"Bourne legacy",1364855280,1485068256,120212976,52102885.7748
"Bourne legacy",1364855280,1365462600,607320,52102885.7748
"Bourne legacy",1364856600,1485068256,120211656,52102885.7748
"Bourne legacy",1364856600,1365889320,1032720,52102885.7748
"Bourne legacy",1364859600,1485068256,120208656,52102885.7748
"Bourne legacy",1364859600,1365882480,1022880,52102885.7748
"Bourne legacy",1364860020,1485068256,120208236,52102885.7748
"Bourne legacy",1364860020,1365550680,690660,52102885.7748
"Bourne legacy",1364861520,1485068256,120206736,52102885.7748
"Bourne legacy",1364865240,1485068256,120203016,52102885.7748
"Bourne legacy",1364866140,1485068256,120202116,52102885.7748
"Bourne legacy",1364932320,1485068256,120135936,52102885.7748
"Bourne legacy",1364932320,1366142580,1210260,52102885.7748
"Bourne legacy",1364936280,1485068256,120131976,52102885.7748
"Bourne legacy",1364936280,1365538740,602460,52102885.7748
"Bourne legacy",1364940600,1485068256,120127656,52102885.7748
"Bourne legacy",1364940600,1365376380,435780,52102885.7748
"Bourne legacy",1364941080,1485068256,120127176,52102885.7748
"Bourne legacy",1364941080,1366585500,1644420,52102885.7748
"Bourne legacy",1364943180,1485068256,120125076,52102885.7748
"Bourne legacy",1364943180,1365270660,327480,52102885.7748
"Bourne legacy",1364944500,1485068256,120123756,52102885.7748
"Bourne legacy",1364944500,1365723360,778860,52102885.7748
"Bourne legacy",1364944800,1485068256,120123456,52102885.7748
"Bourne legacy",1364944800,1366244640,1299840,52102885.7748
"Bourne legacy",1364944860,1485068256,120123396,52102885.7748
"Bourne legacy",1364947740,1485068256,120120516,52102885.7748
"Bourne legacy",1364947740,1365560580,612840,52102885.7748
"Bourne legacy",1364947920,1485068256,120120336,52102885.7748
"Bourne legacy",1364948100,1485068256,120120156,52102885.7748
"Bourne legacy",1364948100,1365806820,858720,52102885.7748
"Bourne legacy",1364949660,1485068256,120118596,52102885.7748
"Bourne legacy",1364949660,1365733860,784200,52102885.7748
"Bourne legacy",1365010740,1485068256,120057516,52102885.7748
"Bourne legacy",1365010740,1365443100,432360,52102885.7748
"Bourne legacy",1365012180,1485068256,120056076,52102885.7748
"Bourne legacy",1365012180,1365017580,5400,52102885.7748
"Bourne legacy",1365015000,1485068256,120053256,52102885.7748
"Bourne legacy",1365015000,1365892980,877980,52102885.7748
"Bourne legacy",1365016500,1485068256,120051756,52102885.7748
"Bourne legacy",1365016500,1365189840,173340,52102885.7748
"Bourne legacy",1365017220,1485068256,120051036,52102885.7748
"Bourne legacy",1365017220,1365119880,102660,52102885.7748
"Bourne legacy",1365018780,1485068256,120049476,52102885.7748
"Bourne legacy",1365018780,1365461100,442320,52102885.7748
"Bourne legacy",1365019740,1485068256,120048516,52102885.7748
"Bourne legacy",1365019740,1365542280,522540,52102885.7748
"Bourne legacy",1365024180,1485068256,120044076,52102885.7748
"Bourne legacy",1365029940,1485068256,120038316,52102885.7748
"Bourne legacy",1365032100,1485068256,120036156,52102885.7748
"Bourne legacy",1365032100,1365891540,859440,52102885.7748
"Bourne legacy",1365033360,1485068256,120034896,52102885.7748
"Bourne legacy",1365033360,1485068256,120034896,52102885.7748
"Bourne legacy",1365033360,1365291000,257640,52102885.7748
"Bourne legacy",1365033360,1365367860,334500,52102885.7748
"Bourne legacy",1365034140,1485068256,120034116,52102885.7748
"Bourne legacy",1365034140,1365894960,860820,52102885.7748
"Bourne legacy",1365101520,1485068256,119966736,52102885.7748
"Bourne legacy",1365101520,1365102840,1320,52102885.7748
"Bourne legacy",1365101700,1485068256,119966556,52102885.7748
"Bourne legacy",1365101700,1366324980,1223280,52102885.7748
"Bourne legacy",1365102060,1485068256,119966196,52102885.7748
"Bourne legacy",1365102060,1365616620,514560,52102885.7748
"Bourne legacy",1365107160,1485068256,119961096,52102885.7748
"Bourne legacy",1365107160,1366330740,1223580,52102885.7748
"Bourne legacy",1365108060,1485068256,119960196,52102885.7748
"Bourne legacy",1365108060,1365641280,533220,52102885.7748
"Bourne legacy",1365111000,1485068256,119957256,52102885.7748
"Bourne legacy",1365111000,1365977040,866040,52102885.7748
"Bourne legacy",1365121980,1485068256,119946276,52102885.7748
"Bourne legacy",1365121980,1365813780,691800,52102885.7748
"Bourne legacy",1365123180,1485068256,119945076,52102885.7748
"Bourne legacy",1365123180,1365472260,349080,52102885.7748
"Bourne legacy",1365123840,1485068256,119944416,52102885.7748
"Bourne legacy",1365124560,1485068256,119943696,52102885.7748
"Bourne legacy",1365124560,1366417680,1293120,52102885.7748
"Bourne legacy",1365125040,1485068256,119943216,52102885.7748
"Bourne legacy",1365125040,1365561240,436200,52102885.7748
"Bourne legacy",1365127680,1485068256,119940576,52102885.7748
"Bourne legacy",1365127680,1365559920,432240,52102885.7748
"Bourne legacy",1365129720,1485068256,119938536,52102885.7748
"Bourne legacy",1365129720,1365378180,248460,52102885.7748
"Bourne legacy",1365130620,1485068256,119937636,52102885.7748
"Bourne legacy",1365130620,1365979080,848460,52102885.7748
"Bourne legacy",1365181860,1485068256,119886396,52102885.7748
"Bourne legacy",1365184260,1485068256,119883996,52102885.7748
"Bourne legacy",1365186600,1485068256,119881656,52102885.7748
"Bourne legacy",1365186600,1365447900,261300,52102885.7748
"Bourne legacy",1365187020,1485068256,119881236,52102885.7748
"Bourne legacy",1365187020,1366322160,1135140,52102885.7748
"Bourne legacy",1365188580,1485068256,119879676,52102885.7748
"Bourne legacy",1365188580,1366401840,1213260,52102885.7748
"Bourne legacy",1365196200,1485068256,119872056,52102885.7748
"Bourne legacy",1365196200,1365640980,444780,52102885.7748
"Bourne legacy",1365199380,1485068256,119868876,52102885.7748
"Bourne legacy",1365199380,1368395760,3196380,52102885.7748
"Bourne legacy",1365200040,1485068256,119868216,52102885.7748
"Bourne legacy",1365200040,1366415400,1215360,52102885.7748
"Bourne legacy",1365201540,1485068256,119866716,52102885.7748
"Bourne legacy",1365201540,1365726660,525120,52102885.7748
"Bourne legacy",1365202380,1485068256,119865876,52102885.7748
"Bourne legacy",1365202380,1365290820,88440,52102885.7748
"Bourne legacy",1365269940,1485068256,119798316,52102885.7748
"Bourne legacy",1365271380,1485068256,119796876,52102885.7748
"Bourne legacy",1365271380,1366504260,1232880,52102885.7748
"Bourne legacy",1365272880,1485068256,119795376,52102885.7748
"Bourne legacy",1365272880,1367713200,2440320,52102885.7748
"Bourne legacy",1365274800,1485068256,119793456,52102885.7748
"Bourne legacy",1365274800,1365453780,178980,52102885.7748
"Bourne legacy",1365276240,1485068256,119792016,52102885.7748
"Bourne legacy",1365276240,1365638820,362580,52102885.7748
"Bourne legacy",1365276600,1485068256,119791656,52102885.7748
"Bourne legacy",1365276600,1365897900,621300,52102885.7748
"Bourne legacy",1365277020,1485068256,119791236,52102885.7748
"Bourne legacy",1365277020,1365883920,606900,52102885.7748
"Bourne legacy",1365280860,1485068256,119787396,52102885.7748
"Bourne legacy",1365284220,1485068256,119784036,52102885.7748
"Bourne legacy",1365284220,1365631560,347340,52102885.7748
"Bourne legacy",1365284700,1485068256,119783556,52102885.7748
"Bourne legacy",1365284700,1366490640,1205940,52102885.7748
"Bourne legacy",1365285600,1485068256,119782656,52102885.7748
"Bourne legacy",1365287520,1485068256,119780736,52102885.7748
"Bourne legacy",1365287520,1366329420,1041900,52102885.7748
"Bourne legacy",1365290280,1485068256,119777976,52102885.7748
"Bourne legacy",1365290280,1365626460,336180,52102885.7748
"Bourne legacy",1365290460,1485068256,119777796,52102885.7748
"Bourne legacy",1365290460,1366063860,773400,52102885.7748
"Bourne legacy",1365292980,1485068256,119775276,52102885.7748
"Bourne legacy",1365292980,1367437440,2144460,52102885.7748
"Bourne legacy",1365294060,1485068256,119774196,52102885.7748
"Bourne legacy",1365294180,1485068256,119774076,52102885.7748
"Bourne legacy",1365294180,1365888600,594420,52102885.7748
"Bourne legacy",1365295260,1485068256,119772996,52102885.7748
"Bourne legacy",1365295260,1365640380,345120,52102885.7748
"Bourne legacy",1365295800,1485068256,119772456,52102885.7748
"Bourne legacy",1365295800,1365898440,602640,52102885.7748
"Bourne legacy",1365296040,1485068256,119772216,52102885.7748
"Bourne legacy",1365365160,1485068256,119703096,52102885.7748
"Bourne legacy",1365365520,1485068256,119702736,52102885.7748
"Bourne legacy",1365365520,1365539100,173580,52102885.7748
"Bourne legacy",1365372900,1485068256,119695356,52102885.7748
"Bourne legacy",1365372900,1366148640,775740,52102885.7748
"Bourne legacy",1365374940,1485068256,119693316,52102885.7748
"Bourne legacy",1365376080,1485068256,119692176,52102885.7748
"Bourne legacy",1365376080,1367187540,1811460,52102885.7748
"Bourne legacy",1365443160,1485068256,119625096,52102885.7748
"Bourne legacy",1365443160,1366932600,1489440,52102885.7748
"Bourne legacy",1365445020,1485068256,119623236,52102885.7748
"Bourne legacy",1365445020,1366238580,793560,52102885.7748
"Bourne legacy",1365447660,1485068256,119620596,52102885.7748
"Bourne legacy",1365447660,1367867880,2420220,52102885.7748
"Bourne legacy",1365456540,1485068256,119611716,52102885.7748
"Bourne legacy",1365456540,1365631020,174480,52102885.7748
"Bourne legacy",1365458040,1485068256,119610216,52102885.7748
"Bourne legacy",1365458040,1367615580,2157540,52102885.7748
"Bourne legacy",1365458880,1485068256,119609376,52102885.7748
"Bourne legacy",1365458880,1367621520,2162640,52102885.7748
"Bourne legacy",1365460380,1485068256,119607876,52102885.7748
"Bourne legacy",1365466200,1485068256,119602056,52102885.7748
"Bourne legacy",1365466200,1366329060,862860,52102885.7748
"Bourne legacy",1365469800,1485068256,119598456,52102885.7748
"Bourne legacy",1365469800,1366334160,864360,52102885.7748
"Bourne legacy",1365472800,1485068256,119595456,52102885.7748
"Bourne legacy",1365472800,1366404720,931920,52102885.7748
"Bourne legacy",1365475680,1485068256,119592576,52102885.7748
"Bourne legacy",1365475680,1366078920,603240,52102885.7748
"Bourne legacy",1365475740,1485068256,119592516,52102885.7748
"Bourne legacy",1365475740,1366167240,691500,52102885.7748
"Bourne legacy",1365537600,1485068256,119530656,52102885.7748
"Bourne legacy",1365537600,1366065960,528360,52102885.7748
"Bourne legacy",1365539040,1485068256,119529216,52102885.7748
"Bourne legacy",1365539040,1366657860,1118820,52102885.7748
"Bourne legacy",1365543420,1485068256,119524836,52102885.7748
"Bourne legacy",1365543420,1366761720,1218300,52102885.7748
"Bourne legacy",1365543960,1485068256,119524296,52102885.7748
"Bourne legacy",1365543960,1366583700,1039740,52102885.7748
"Bourne legacy",1365548880,1485068256,119519376,52102885.7748
"Bourne legacy",1365549720,1485068256,119518536,52102885.7748
"Bourne legacy",1365549720,1365881640,331920,52102885.7748
"Bourne legacy",1365551340,1485068256,119516916,52102885.7748
"Bourne legacy",1365551340,1366752420,1201080,52102885.7748
"Bourne legacy",1365553500,1485068256,119514756,52102885.7748
"Bourne legacy",1365555840,1485068256,119512416,52102885.7748
"Bourne legacy",1365618540,1485068256,119449716,52102885.7748
"Bourne legacy",1365620880,1485068256,119447376,52102885.7748
"Bourne legacy",1365620880,1366840620,1219740,52102885.7748
"Bourne legacy",1365626940,1485068256,119441316,52102885.7748
"Bourne legacy",1365628200,1485068256,119440056,52102885.7748
"Bourne legacy",1365628200,1368222060,2593860,52102885.7748
"Bourne legacy",1365628740,1485068256,119439516,52102885.7748
"Bourne legacy",1365628740,1369350180,3721440,52102885.7748
"Bourne legacy",1365632640,1485068256,119435616,52102885.7748
"Bourne legacy",1365632640,1366496460,863820,52102885.7748
"Bourne legacy",1365636660,1485068256,119431596,52102885.7748
"Bourne legacy",1365636660,1366668840,1032180,52102885.7748
"Bourne legacy",1365640200,1485068256,119428056,52102885.7748
"Bourne legacy",1365640200,1365896700,256500,52102885.7748
"Bourne legacy",1365640740,1485068256,119427516,52102885.7748
"Bourne legacy",1365641040,1485068256,119427216,52102885.7748
"Bourne legacy",1365641040,1369966680,4325640,52102885.7748
"Bourne legacy",1365641220,1485068256,119427036,52102885.7748
"Bourne legacy",1365641220,1369104420,3463200,52102885.7748
"Bourne legacy",1365641340,1485068256,119426916,52102885.7748
"Bourne legacy",1365641340,1366678080,1036740,52102885.7748
"Bourne legacy",1365642120,1485068256,119426136,52102885.7748
"Bourne legacy",1365644700,1485068256,119423556,52102885.7748
"Bourne legacy",1365644700,1366079460,434760,52102885.7748
"Bourne legacy",1365646440,1485068256,119421816,52102885.7748
"Bourne legacy",1365646440,1366586400,939960,52102885.7748
"Bourne legacy",1365646500,1485068256,119421756,52102885.7748
"Bourne legacy",1365646500,1366251360,604860,52102885.7748
"Bourne legacy",1365647820,1485068256,119420436,52102885.7748
"Bourne legacy",1365711120,1485068256,119357136,52102885.7748
"Bourne legacy",1365711120,1368728580,3017460,52102885.7748
"Bourne legacy",1365713760,1485068256,119354496,52102885.7748
"Bourne legacy",1365713760,1366485780,772020,52102885.7748
"Bourne legacy",1365718260,1485068256,119349996,52102885.7748
"Bourne legacy",1365721020,1485068256,119347236,52102885.7748
"Bourne legacy",1365721020,1367109120,1388100,52102885.7748
"Bourne legacy",1365721560,1485068256,119346696,52102885.7748
"Bourne legacy",1365721560,1366148880,427320,52102885.7748
"Bourne legacy",1365722580,1365722640,60,52102885.7748
"Bourne legacy",1365723840,1485068256,119344416,52102885.7748
"Bourne legacy",1365723840,1365899100,175260,52102885.7748
"Bourne legacy",1365724500,1485068256,119343756,52102885.7748
"Bourne legacy",1365724500,1367978700,2254200,52102885.7748
"Bourne legacy",1365726720,1485068256,119341536,52102885.7748
"Bourne legacy",1365726720,1367091540,1364820,52102885.7748
"Bourne legacy",1365727740,1485068256,119340516,52102885.7748
"Bourne legacy",1365727740,1366685820,958080,52102885.7748
"Bourne legacy",1365728400,1485068256,119339856,52102885.7748
"Bourne legacy",1365730380,1485068256,119337876,52102885.7748
"Bourne legacy",1365787440,1485068256,119280816,52102885.7748
"Bourne legacy",1365787440,1366069080,281640,52102885.7748
"Bourne legacy",1365793140,1485068256,119275116,52102885.7748
"Bourne legacy",1365793140,1365887640,94500,52102885.7748
"Bourne legacy",1365795180,1485068256,119273076,52102885.7748
"Bourne legacy",1365795180,1366833420,1038240,52102885.7748
"Bourne legacy",1365802080,1485068256,119266176,52102885.7748
"Bourne legacy",1365803580,1485068256,119264676,52102885.7748
"Bourne legacy",1365805140,1485068256,119263116,52102885.7748
"Bourne legacy",1365805140,1366408860,603720,52102885.7748
"Bourne legacy",1365807180,1485068256,119261076,52102885.7748
"Bourne legacy",1365807180,1366929540,1122360,52102885.7748
"Bourne legacy",1365808980,1485068256,119259276,52102885.7748
"Bourne legacy",1365808980,1366758360,949380,52102885.7748
"Bourne legacy",1365811620,1485068256,119256636,52102885.7748
"Bourne legacy",1365811620,1367893020,2081400,52102885.7748
"Bourne legacy",1365811800,1485068256,119256456,52102885.7748
"Bourne legacy",1365811800,1366752000,940200,52102885.7748
"Bourne legacy",1365813900,1485068256,119254356,52102885.7748
"Bourne legacy",1365813900,1369609920,3796020,52102885.7748
"Bourne legacy",1365814500,1485068256,119253756,52102885.7748
"Bourne legacy",1365814500,1366130460,315960,52102885.7748
"Bourne legacy",1365814860,1485068256,119253396,52102885.7748
"Bourne legacy",1365814860,1367449620,1634760,52102885.7748
"Bourne legacy",1365872880,1485068256,119195376,52102885.7748
"Bourne legacy",1365874980,1485068256,119193276,52102885.7748
"Bourne legacy",1365874980,1366418340,543360,52102885.7748
"Bourne legacy",1365876000,1485068256,119192256,52102885.7748
"Bourne legacy",1365876540,1485068256,119191716,52102885.7748
"Bourne legacy",1365876540,1369511940,3635400,52102885.7748
"Bourne legacy",1365879540,1485068256,119188716,52102885.7748
"Bourne legacy",1365879540,1366307580,428040,52102885.7748
"Bourne legacy",1365882900,1485068256,119185356,52102885.7748
"Bourne legacy",1365882900,1366046280,163380,52102885.7748
"Bourne legacy",1365883560,1485068256,119184696,52102885.7748
"Bourne legacy",1365883560,1367021820,1138260,52102885.7748
"Bourne legacy",1365884340,1485068256,119183916,52102885.7748
"Bourne legacy",1365884340,1366479300,594960,52102885.7748
"Bourne legacy",1365886200,1485068256,119182056,52102885.7748
"Bourne legacy",1365886200,1366748520,862320,52102885.7748
"Bourne legacy",1365888240,1485068256,119180016,52102885.7748
"Bourne legacy",1365888240,1366495020,606780,52102885.7748
"Bourne legacy",1365889080,1485068256,119179176,52102885.7748
"Bourne legacy",1365893220,1485068256,119175036,52102885.7748
"Bourne legacy",1365893220,1366057320,164100,52102885.7748
"Bourne legacy",1365894540,1485068256,119173716,52102885.7748
"Bourne legacy",1365894540,1366327920,433380,52102885.7748
"Bourne legacy",1365895260,1485068256,119172996,52102885.7748
"Bourne legacy",1365895260,1369605960,3710700,52102885.7748
"Bourne legacy",1365895380,1485068256,119172876,52102885.7748
"Bourne legacy",1365895380,1366581780,686400,52102885.7748
"Bourne legacy",1365895980,1485068256,119172276,52102885.7748
"Bourne legacy",1365895980,1369521960,3625980,52102885.7748
"Bourne legacy",1365897720,1485068256,119170536,52102885.7748
"Bourne legacy",1365897720,1366585620,687900,52102885.7748
"Bourne legacy",1365898020,1485068256,119170236,52102885.7748
"Bourne legacy",1365898020,1366334640,436620,52102885.7748
"Bourne legacy",1365899340,1485068256,119168916,52102885.7748
"Bourne legacy",1365899340,1368308460,2409120,52102885.7748
"Bourne legacy",1365900180,1485068256,119168076,52102885.7748
"Bourne legacy",1365900240,1485068256,119168016,52102885.7748
"Bourne legacy",1365900240,1366155900,255660,52102885.7748
"Bourne legacy",1365969720,1485068256,119098536,52102885.7748
"Bourne legacy",1365970320,1485068256,119097936,52102885.7748
"Bourne legacy",1365970320,1367260260,1289940,52102885.7748
"Bourne legacy",1365970440,1485068256,119097816,52102885.7748
"Bourne legacy",1365970440,1366499820,529380,52102885.7748
"Bourne legacy",1365970620,1485068256,119097636,52102885.7748
"Bourne legacy",1365970620,1365980220,9600,52102885.7748
"Bourne legacy",1365973680,1485068256,119094576,52102885.7748
"Bourne legacy",1365973680,1366318680,345000,52102885.7748
"Bourne legacy",1365977040,1485068256,119091216,52102885.7748
"Bourne legacy",1365978660,1485068256,119089596,52102885.7748
"Bourne legacy",1365978660,1369191300,3212640,52102885.7748
"Bourne legacy",1365979860,1485068256,119088396,52102885.7748
"Bourne legacy",1365979860,1366077000,97140,52102885.7748
"Bourne legacy",1365980220,1485068256,119088036,52102885.7748
"Bourne legacy",1365981540,1485068256,119086716,52102885.7748
"Bourne legacy",1365982680,1485068256,119085576,52102885.7748
"Bourne legacy",1365982680,1366243380,260700,52102885.7748
"Bourne legacy",1366047480,1485068256,119020776,52102885.7748
"Bourne legacy",1366047480,1366314540,267060,52102885.7748
"Bourne legacy",1366054500,1485068256,119013756,52102885.7748
"Bourne legacy",1366054500,1366911000,856500,52102885.7748
"Bourne legacy",1366058760,1485068256,119009496,52102885.7748
"Bourne legacy",1366058760,1366839540,780780,52102885.7748
"Bourne legacy",1366064700,1485068256,119003556,52102885.7748
"Bourne legacy",1366064760,1485068256,119003496,52102885.7748
"Bourne legacy",1366064760,1366334280,269520,52102885.7748
"Bourne legacy",1366070220,1485068256,118998036,52102885.7748
"Bourne legacy",1366078980,1485068256,118989276,52102885.7748
"Bourne legacy",1366078980,1367358060,1279080,52102885.7748
"Bourne legacy",1366134960,1485068256,118933296,52102885.7748
"Bourne legacy",1366135140,1485068256,118933116,52102885.7748
"Bourne legacy",1366135140,1367023560,888420,52102885.7748
"Bourne legacy",1366136340,1485068256,118931916,52102885.7748
"Bourne legacy",1366136340,1366227060,90720,52102885.7748
"Bourne legacy",1366137360,1485068256,118930896,52102885.7748
"Bourne legacy",1366137360,1369788900,3651540,52102885.7748
"Bourne legacy",1366145640,1485068256,118922616,52102885.7748
"Bourne legacy",1366145640,1366247400,101760,52102885.7748
"Bourne legacy",1366149120,1485068256,118919136,52102885.7748
"Bourne legacy",1366149120,1366851060,701940,52102885.7748
"Bourne legacy",1366153500,1485068256,118914756,52102885.7748
"Bourne legacy",1366153500,1366226400,72900,52102885.7748
"Bourne legacy",1366154820,1485068256,118913436,52102885.7748
"Bourne legacy",1366154820,1366410840,256020,52102885.7748
"Bourne legacy",1366157760,1485068256,118910496,52102885.7748
"Bourne legacy",1366157760,1366504620,346860,52102885.7748
"Bourne legacy",1366159020,1485068256,118909236,52102885.7748
"Bourne legacy",1366159020,1367289060,1130040,52102885.7748
"Bourne legacy",1366159800,1485068256,118908456,52102885.7748
"Bourne legacy",1366159800,1369184100,3024300,52102885.7748
"Bourne legacy",1366161660,1485068256,118906596,52102885.7748
"Bourne legacy",1366161660,1367457900,1296240,52102885.7748
"Bourne legacy",1366166760,1485068256,118901496,52102885.7748
"Bourne legacy",1366166760,1366682580,515820,52102885.7748
"Bourne legacy",1366225980,1485068256,118842276,52102885.7748
"Bourne legacy",1366225980,1366837800,611820,52102885.7748
"Bourne legacy",1366226760,1485068256,118841496,52102885.7748
"Bourne legacy",1366226760,1366584360,357600,52102885.7748
"Bourne legacy",1366229580,1485068256,118838676,52102885.7748
"Bourne legacy",1366229580,1368060420,1830840,52102885.7748
"Bourne legacy",1366230060,1485068256,118838196,52102885.7748
"Bourne legacy",1366230060,1366835040,604980,52102885.7748
"Bourne legacy",1366231020,1485068256,118837236,52102885.7748
"Bourne legacy",1366231020,1366414860,183840,52102885.7748
"Bourne legacy",1366235580,1485068256,118832676,52102885.7748
"Bourne legacy",1366239120,1485068256,118829136,52102885.7748
"Bourne legacy",1366239840,1485068256,118828416,52102885.7748
"Bourne legacy",1366240860,1485068256,118827396,52102885.7748
"Bourne legacy",1366240860,1366577100,336240,52102885.7748
"Bourne legacy",1366242840,1485068256,118825416,52102885.7748
"Bourne legacy",1366242840,1366766100,523260,52102885.7748
"Bourne legacy",1366246920,1485068256,118821336,52102885.7748
"Bourne legacy",1366246920,1366823460,576540,52102885.7748
"Bourne legacy",1366247880,1485068256,118820376,52102885.7748
"Bourne legacy",1366247880,1368924000,2676120,52102885.7748
"Bourne legacy",1366248300,1485068256,118819956,52102885.7748
"Bourne legacy",1366248300,1367012100,763800,52102885.7748
"Bourne legacy",1366250760,1485068256,118817496,52102885.7748
"Bourne legacy",1366250760,1367024040,773280,52102885.7748
"Bourne legacy",1366252920,1485068256,118815336,52102885.7748
"Bourne legacy",1366311060,1485068256,118757196,52102885.7748
"Bourne legacy",1366311060,1366394520,83460,52102885.7748
"Bourne legacy",1366312800,1485068256,118755456,52102885.7748
"Bourne legacy",1366312800,1366655400,342600,52102885.7748
"Bourne legacy",1366312920,1485068256,118755336,52102885.7748
"Bourne legacy",1366315620,1485068256,118752636,52102885.7748
"Bourne legacy",1366315620,1366752180,436560,52102885.7748
"Bourne legacy",1366319400,1485068256,118748856,52102885.7748
"Bourne legacy",1366319400,1368834480,2515080,52102885.7748
"Bourne legacy",1366325040,1485068256,118743216,52102885.7748
"Bourne legacy",1366325400,1485068256,118742856,52102885.7748
"Bourne legacy",1366325400,1366934100,608700,52102885.7748
"Bourne legacy",1366325700,1485068256,118742556,52102885.7748
"Bourne legacy",1366325700,1366682520,356820,52102885.7748
"Bourne legacy",1366328640,1485068256,118739616,52102885.7748
"Bourne legacy",1366328640,1368733560,2404920,52102885.7748
"Bourne legacy",1366330080,1485068256,118738176,52102885.7748
"Bourne legacy",1366330080,1367454780,1124700,52102885.7748
"Bourne legacy",1366335480,1485068256,118732776,52102885.7748
"Bourne legacy",1366335480,1366588140,252660,52102885.7748
"Bourne legacy",1366392360,1485068256,118675896,52102885.7748
"Bourne legacy",1366392360,1366771320,378960,52102885.7748
"Bourne legacy",1366396860,1485068256,118671396,52102885.7748
"Bourne legacy",1366396860,1367602980,1206120,52102885.7748
"Bourne legacy",1366397280,1485068256,118670976,52102885.7748
"Bourne legacy",1366397280,1368817800,2420520,52102885.7748
"Bourne legacy",1366401300,1485068256,118666956,52102885.7748
"Bourne legacy",1366401300,1367628720,1227420,52102885.7748
"Bourne legacy",1366401780,1485068256,118666476,52102885.7748
"Bourne legacy",1366402620,1485068256,118665636,52102885.7748
"Bourne legacy",1366402620,1368822000,2419380,52102885.7748
"Bourne legacy",1366409880,1485068256,118658376,52102885.7748
"Bourne legacy",1366409880,1368388020,1978140,52102885.7748
"Bourne legacy",1366410360,1485068256,118657896,52102885.7748
"Bourne legacy",1366413900,1485068256,118654356,52102885.7748
"Bourne legacy",1366413900,1367461620,1047720,52102885.7748
"Bourne legacy",1366417260,1485068256,118650996,52102885.7748
"Bourne legacy",1366418460,1366418460,0,52102885.7748
"Bourne legacy",1366477560,1485068256,118590696,52102885.7748
"Bourne legacy",1366477560,1367541660,1064100,52102885.7748
"Bourne legacy",1366478640,1485068256,118589616,52102885.7748
"Bourne legacy",1366478640,1366678440,199800,52102885.7748
"Bourne legacy",1366480680,1485068256,118587576,52102885.7748
"Bourne legacy",1366480680,1366840560,359880,52102885.7748
"Bourne legacy",1366481760,1485068256,118586496,52102885.7748
"Bourne legacy",1366482180,1485068256,118586076,52102885.7748
"Bourne legacy",1366482180,1367695980,1213800,52102885.7748
"Bourne legacy",1366486440,1485068256,118581816,52102885.7748
"Bourne legacy",1366486440,1367091060,604620,52102885.7748
"Bourne legacy",1366488540,1485068256,118579716,52102885.7748
"Bourne legacy",1366488540,1370219400,3730860,52102885.7748
"Bourne legacy",1366490880,1485068256,118577376,52102885.7748
"Bourne legacy",1366490880,1367711460,1220580,52102885.7748
"Bourne legacy",1366494000,1485068256,118574256,52102885.7748
"Bourne legacy",1366496100,1485068256,118572156,52102885.7748
"Bourne legacy",1366496100,1366583520,87420,52102885.7748
"Bourne legacy",1366498380,1485068256,118569876,52102885.7748
"Bourne legacy",1366499640,1485068256,118568616,52102885.7748
"Bourne legacy",1366499640,1367449500,949860,52102885.7748
"Bourne legacy",1366503600,1485068256,118564656,52102885.7748
"Bourne legacy",1366503600,1366841100,337500,52102885.7748
"Bourne legacy",1366505100,1485068256,118563156,52102885.7748
"Bourne legacy",1366505100,1367955600,1450500,52102885.7748
"Bourne legacy",1366574460,1485068256,118493796,52102885.7748
"Bourne legacy",1366574460,1366751100,176640,52102885.7748
"Bourne legacy",1366574940,1485068256,118493316,52102885.7748
"Bourne legacy",1366574940,1367106360,531420,52102885.7748
"Bourne legacy",1366576800,1485068256,118491456,52102885.7748
"Bourne legacy",1366576800,1367373300,796500,52102885.7748
"Bourne legacy",1366579200,1485068256,118489056,52102885.7748
"Bourne legacy",1366579200,1367285640,706440,52102885.7748
"Bourne legacy",1366579740,1485068256,118488516,52102885.7748
"Bourne legacy",1366579740,1367369160,789420,52102885.7748
"Bourne legacy",1366581300,1485068256,118486956,52102885.7748
"Bourne legacy",1366581300,1367095860,514560,52102885.7748
"Bourne legacy",1366581660,1485068256,118486596,52102885.7748
"Bourne legacy",1366581660,1366917960,336300,52102885.7748
"Bourne legacy",1366582260,1485068256,118485996,52102885.7748
"Bourne legacy",1366582260,1367714520,1132260,52102885.7748
"Bourne legacy",1366582980,1485068256,118485276,52102885.7748
"Bourne legacy",1366582980,1366856040,273060,52102885.7748
"Bourne legacy",1366584060,1485068256,118484196,52102885.7748
"Bourne legacy",1366584060,1367713260,1129200,52102885.7748
"Bourne legacy",1366584420,1485068256,118483836,52102885.7748
"Bourne legacy",1366584420,1366922700,338280,52102885.7748
"Bourne legacy",1366584960,1485068256,118483296,52102885.7748
"Bourne legacy",1366584960,1367527500,942540,52102885.7748
"Bourne legacy",1366585020,1485068256,118483236,52102885.7748
"Bourne legacy",1366585020,1367451540,866520,52102885.7748
"Bourne legacy",1366586040,1485068256,118482216,52102885.7748
"Bourne legacy",1366586040,1367796720,1210680,52102885.7748
"Bourne legacy",1366650780,1485068256,118417476,52102885.7748
"Bourne legacy",1366650780,1367255460,604680,52102885.7748
"Bourne legacy",1366652160,1485068256,118416096,52102885.7748
"Bourne legacy",1366652160,1367256300,604140,52102885.7748
"Bourne legacy",1366653060,1485068256,118415196,52102885.7748
"Bourne legacy",1366653060,1367971680,1318620,52102885.7748
"Bourne legacy",1366654800,1485068256,118413456,52102885.7748
"Bourne legacy",1366654800,1366832340,177540,52102885.7748
"Bourne legacy",1366658220,1485068256,118410036,52102885.7748
"Bourne legacy",1366660380,1485068256,118407876,52102885.7748
"Bourne legacy",1366660380,1368128220,1467840,52102885.7748
"Bourne legacy",1366663740,1485068256,118404516,52102885.7748
"Bourne legacy",1366663740,1367100180,436440,52102885.7748
"Bourne legacy",1366666380,1485068256,118401876,52102885.7748
"Bourne legacy",1366666380,1367262960,596580,52102885.7748
"Bourne legacy",1366667760,1485068256,118400496,52102885.7748
"Bourne legacy",1366667820,1485068256,118400436,52102885.7748
"Bourne legacy",1366668600,1485068256,118399656,52102885.7748
"Bourne legacy",1366668600,1485068256,118399656,52102885.7748
"Bourne legacy",1366668600,1367533440,864840,52102885.7748
"Bourne legacy",1366668960,1485068256,118399296,52102885.7748
"Bourne legacy",1366668960,1367869680,1200720,52102885.7748
"Bourne legacy",1366670880,1485068256,118397376,52102885.7748
"Bourne legacy",1366670880,1367790360,1119480,52102885.7748
"Bourne legacy",1366673280,1485068256,118394976,52102885.7748
"Bourne legacy",1366673280,1367892960,1219680,52102885.7748
"Bourne legacy",1366673820,1485068256,118394436,52102885.7748
"Bourne legacy",1366673820,1367185920,512100,52102885.7748
"Bourne legacy",1366674480,1485068256,118393776,52102885.7748
"Bourne legacy",1366674480,1366933680,259200,52102885.7748
"Bourne legacy",1366676220,1485068256,118392036,52102885.7748
"Bourne legacy",1366676220,1370393100,3716880,52102885.7748
"Bourne legacy",1366679220,1485068256,118389036,52102885.7748
"Bourne legacy",1366679220,1367542440,863220,52102885.7748
"Bourne legacy",1366681620,1485068256,118386636,52102885.7748
"Bourne legacy",1366681620,1369093260,2411640,52102885.7748
"Bourne legacy",1366751940,1485068256,118316316,52102885.7748
"Bourne legacy",1366751940,1366997460,245520,52102885.7748
"Bourne legacy",1366754340,1485068256,118313916,52102885.7748
"Bourne legacy",1366754340,1367366160,611820,52102885.7748
"Bourne legacy",1366756500,1485068256,118311756,52102885.7748
"Bourne legacy",1366756500,1368478500,1722000,52102885.7748
"Bourne legacy",1366757940,1485068256,118310316,52102885.7748
"Bourne legacy",1366757940,1369190880,2432940,52102885.7748
"Bourne legacy",1366762740,1485068256,118305516,52102885.7748
"Bourne legacy",1366762740,1367091060,328320,52102885.7748
"Bourne legacy",1366765560,1485068256,118302696,52102885.7748
"Bourne legacy",1366765560,1368049740,1284180,52102885.7748
"Bourne legacy",1366767900,1485068256,118300356,52102885.7748
"Bourne legacy",1366768140,1485068256,118300116,52102885.7748
"Bourne legacy",1366768140,1485068256,118300116,52102885.7748
"Bourne legacy",1366768140,1367374740,606600,52102885.7748
"Bourne legacy",1366768140,1368302460,1534320,52102885.7748
"Bourne legacy",1366835160,1485068256,118233096,52102885.7748
"Bourne legacy",1366840380,1485068256,118227876,52102885.7748
"Bourne legacy",1366840380,1367973060,1132680,52102885.7748
"Bourne legacy",1366845780,1485068256,118222476,52102885.7748
"Bourne legacy",1366845780,1366911600,65820,52102885.7748
"Bourne legacy",1366850280,1485068256,118217976,52102885.7748
"Bourne legacy",1366850280,1368646020,1795740,52102885.7748
"Bourne legacy",1366852260,1485068256,118215996,52102885.7748
"Bourne legacy",1366852260,1369271220,2418960,52102885.7748
"Bourne legacy",1366854840,1485068256,118213416,52102885.7748
"Bourne legacy",1366857180,1485068256,118211076,52102885.7748
"Bourne legacy",1366857180,1367281320,424140,52102885.7748
"Bourne legacy",1366857540,1485068256,118210716,52102885.7748
"Bourne legacy",1366857540,1368057120,1199580,52102885.7748
"Bourne legacy",1366858260,1485068256,118209996,52102885.7748
"Bourne legacy",1366858260,1368062340,1204080,52102885.7748
"Bourne legacy",1366912560,1485068256,118155696,52102885.7748
"Bourne legacy",1366912560,1368123960,1211400,52102885.7748
"Bourne legacy",1366915560,1485068256,118152696,52102885.7748
"Bourne legacy",1366915560,1368056940,1141380,52102885.7748
"Bourne legacy",1366915920,1485068256,118152336,52102885.7748
"Bourne legacy",1366915920,1368120480,1204560,52102885.7748
"Bourne legacy",1366916400,1485068256,118151856,52102885.7748
"Bourne legacy",1366916400,1367432880,516480,52102885.7748
"Bourne legacy",1366925580,1485068256,118142676,52102885.7748
"Bourne legacy",1366925580,1367189280,263700,52102885.7748
"Bourne legacy",1366929960,1485068256,118138296,52102885.7748
"Bourne legacy",1366929960,1367972580,1042620,52102885.7748
"Bourne legacy",1366931340,1485068256,118136916,52102885.7748
"Bourne legacy",1366931340,1367536380,605040,52102885.7748
"Bourne legacy",1366931640,1485068256,118136616,52102885.7748
"Bourne legacy",1366931640,1369177020,2245380,52102885.7748
"Bourne legacy",1366933260,1485068256,118134996,52102885.7748
"Bourne legacy",1366933260,1367099640,166380,52102885.7748
"Bourne legacy",1366935660,1485068256,118132596,52102885.7748
"Bourne legacy",1366935660,1367102100,166440,52102885.7748
"Bourne legacy",1366939800,1485068256,118128456,52102885.7748
"Bourne legacy",1366939800,1367105640,165840,52102885.7748
"Bourne legacy",1366943760,1485068256,118124496,52102885.7748
"Bourne legacy",1366943760,1367279460,335700,52102885.7748
"Bourne legacy",1366944960,1485068256,118123296,52102885.7748
"Bourne legacy",1366997460,1485068256,118070796,52102885.7748
"Bourne legacy",1366997460,1369416180,2418720,52102885.7748
"Bourne legacy",1366997700,1485068256,118070556,52102885.7748
"Bourne legacy",1366997700,1367963640,965940,52102885.7748
"Bourne legacy",1366998600,1485068256,118069656,52102885.7748
"Bourne legacy",1367002140,1485068256,118066116,52102885.7748
"Bourne legacy",1367002140,1367514420,512280,52102885.7748
"Bourne legacy",1367002860,1485068256,118065396,52102885.7748
"Bourne legacy",1367002860,1368228600,1225740,52102885.7748
"Bourne legacy",1367005980,1485068256,118062276,52102885.7748
"Bourne legacy",1367005980,1367441220,435240,52102885.7748
"Bourne legacy",1367014800,1485068256,118053456,52102885.7748
"Bourne legacy",1367014800,1368741120,1726320,52102885.7748
"Bourne legacy",1367020260,1485068256,118047996,52102885.7748
"Bourne legacy",1367020260,1368140100,1119840,52102885.7748
"Bourne legacy",1367021580,1485068256,118046676,52102885.7748
"Bourne legacy",1367021580,1367626680,605100,52102885.7748
"Bourne legacy",1367084220,1485068256,117984036,52102885.7748
"Bourne legacy",1367084220,1367861580,777360,52102885.7748
"Bourne legacy",1367087640,1485068256,117980616,52102885.7748
"Bourne legacy",1367087640,1368480540,1392900,52102885.7748
"Bourne legacy",1367090580,1485068256,117977676,52102885.7748
"Bourne legacy",1367090580,1368305460,1214880,52102885.7748
"Bourne legacy",1367091300,1485068256,117976956,52102885.7748
"Bourne legacy",1367091300,1368037620,946320,52102885.7748
"Bourne legacy",1367098560,1485068256,117969696,52102885.7748
"Bourne legacy",1367098560,1368047760,949200,52102885.7748
"Bourne legacy",1367102340,1485068256,117965916,52102885.7748
"Bourne legacy",1367102340,1370304840,3202500,52102885.7748
"Bourne legacy",1367104140,1485068256,117964116,52102885.7748
"Bourne legacy",1367104140,1367702220,598080,52102885.7748
"Bourne legacy",1367107920,1485068256,117960336,52102885.7748
"Bourne legacy",1367107920,1367531160,423240,52102885.7748
"Bourne legacy",1367108820,1485068256,117959436,52102885.7748
"Bourne legacy",1367108820,1368467100,1358280,52102885.7748
"Bourne legacy",1367110260,1485068256,117957996,52102885.7748
"Bourne legacy",1367110380,1485068256,117957876,52102885.7748
"Bourne legacy",1367110380,1367189220,78840,52102885.7748
"Bourne legacy",1367177040,1485068256,117891216,52102885.7748
"Bourne legacy",1367177040,1367600880,423840,52102885.7748
"Bourne legacy",1367177220,1485068256,117891036,52102885.7748
"Bourne legacy",1367177220,1368900600,1723380,52102885.7748
"Bourne legacy",1367177340,1485068256,117890916,52102885.7748
"Bourne legacy",1367177340,1367525220,347880,52102885.7748
"Bourne legacy",1367177700,1485068256,117890556,52102885.7748
"Bourne legacy",1367177700,1367428560,250860,52102885.7748
"Bourne legacy",1367178060,1485068256,117890196,52102885.7748
"Bourne legacy",1367178060,1368066240,888180,52102885.7748
"Bourne legacy",1367179740,1485068256,117888516,52102885.7748
"Bourne legacy",1367179740,1368757500,1577760,52102885.7748
"Bourne legacy",1367183220,1485068256,117885036,52102885.7748
"Bourne legacy",1367183220,1367267100,83880,52102885.7748
"Bourne legacy",1367188140,1485068256,117880116,52102885.7748
"Bourne legacy",1367188140,1368397440,1209300,52102885.7748
"Bourne legacy",1367188800,1485068256,117879456,52102885.7748
"Bourne legacy",1367188800,1367611980,423180,52102885.7748
"Bourne legacy",1367190420,1485068256,117877836,52102885.7748
"Bourne legacy",1367190420,1368399000,1208580,52102885.7748
"Bourne legacy",1367193480,1485068256,117874776,52102885.7748
"Bourne legacy",1367193480,1370991480,3798000,52102885.7748
"Bourne legacy",1367255340,1485068256,117812916,52102885.7748
"Bourne legacy",1367255340,1369261140,2005800,52102885.7748
"Bourne legacy",1367262120,1485068256,117806136,52102885.7748
"Bourne legacy",1367262120,1367438640,176520,52102885.7748
"Bourne legacy",1367262300,1485068256,117805956,52102885.7748
"Bourne legacy",1367262300,1367361120,98820,52102885.7748
"Bourne legacy",1367267760,1485068256,117800496,52102885.7748
"Bourne legacy",1367267760,1368484440,1216680,52102885.7748
"Bourne legacy",1367270820,1485068256,117797436,52102885.7748
"Bourne legacy",1367281020,1485068256,117787236,52102885.7748
"Bourne legacy",1367281020,1367363280,82260,52102885.7748
"Bourne legacy",1367283960,1485068256,117784296,52102885.7748
"Bourne legacy",1367283960,1368068040,784080,52102885.7748
"Bourne legacy",1367289180,1485068256,117779076,52102885.7748
"Bourne legacy",1367289180,1367976240,687060,52102885.7748
"Bourne legacy",1367341980,1485068256,117726276,52102885.7748
"Bourne legacy",1367341980,1368206100,864120,52102885.7748
"Bourne legacy",1367350620,1485068256,117717636,52102885.7748
"Bourne legacy",1367350620,1368484680,1134060,52102885.7748
"Bourne legacy",1367359500,1485068256,117708756,52102885.7748
"Bourne legacy",1367365860,1485068256,117702396,52102885.7748
"Bourne legacy",1367365860,1368569280,1203420,52102885.7748
"Bourne legacy",1367371320,1485068256,117696936,52102885.7748
"Bourne legacy",1367371320,1368233760,862440,52102885.7748
"Bourne legacy",1367376120,1485068256,117692136,52102885.7748
"Bourne legacy",1367376120,1371151680,3775560,52102885.7748
"Bourne legacy",1367431080,1485068256,117637176,52102885.7748
"Bourne legacy",1367436180,1485068256,117632076,52102885.7748
"Bourne legacy",1367436180,1367694300,258120,52102885.7748
"Bourne legacy",1367441400,1485068256,117626856,52102885.7748
"Bourne legacy",1367441400,1367787900,346500,52102885.7748
"Bourne legacy",1367442180,1485068256,117626076,52102885.7748
"Bourne legacy",1367442180,1367514360,72180,52102885.7748
"Bourne legacy",1367442840,1485068256,117625416,52102885.7748
"Bourne legacy",1367443020,1485068256,117625236,52102885.7748
"Bourne legacy",1367443020,1368639720,1196700,52102885.7748
"Bourne legacy",1367445840,1485068256,117622416,52102885.7748
"Bourne legacy",1367446440,1485068256,117621816,52102885.7748
"Bourne legacy",1367446440,1368555000,1108560,52102885.7748
"Bourne legacy",1367446980,1485068256,117621276,52102885.7748
"Bourne legacy",1367446980,1368666960,1219980,52102885.7748
"Bourne legacy",1367447760,1485068256,117620496,52102885.7748
"Bourne legacy",1367447760,1367786400,338640,52102885.7748
"Bourne legacy",1367447940,1485068256,117620316,52102885.7748
"Bourne legacy",1367447940,1370732880,3284940,52102885.7748
"Bourne legacy",1367450700,1485068256,117617556,52102885.7748
"Bourne legacy",1367450700,1370473440,3022740,52102885.7748
"Bourne legacy",1367453940,1485068256,117614316,52102885.7748
"Bourne legacy",1367453940,1367791920,337980,52102885.7748
"Bourne legacy",1367527320,1485068256,117540936,52102885.7748
"Bourne legacy",1367527320,1368563760,1036440,52102885.7748
"Bourne legacy",1367529300,1485068256,117538956,52102885.7748
"Bourne legacy",1367529300,1368468420,939120,52102885.7748
"Bourne legacy",1367529660,1485068256,117538596,52102885.7748
"Bourne legacy",1367529660,1369355820,1826160,52102885.7748
"Bourne legacy",1367533380,1485068256,117534876,52102885.7748
"Bourne legacy",1367533380,1369087080,1553700,52102885.7748
"Bourne legacy",1367533680,1485068256,117534576,52102885.7748
"Bourne legacy",1367533680,1368575580,1041900,52102885.7748
"Bourne legacy",1367537820,1485068256,117530436,52102885.7748
"Bourne legacy",1367537820,1368402780,864960,52102885.7748
"Bourne legacy",1367539380,1485068256,117528876,52102885.7748
"Bourne legacy",1367539380,1368580980,1041600,52102885.7748
"Bourne legacy",1367540700,1485068256,117527556,52102885.7748
"Bourne legacy",1367600580,1485068256,117467676,52102885.7748
"Bourne legacy",1367600580,1367791440,190860,52102885.7748
"Bourne legacy",1367606700,1485068256,117461556,52102885.7748
"Bourne legacy",1367606700,1368672360,1065660,52102885.7748
"Bourne legacy",1367606940,1485068256,117461316,52102885.7748
"Bourne legacy",1367606940,1368489840,882900,52102885.7748
"Bourne legacy",1367608680,1485068256,117459576,52102885.7748
"Bourne legacy",1367608680,1368662700,1054020,52102885.7748
"Bourne legacy",1367625180,1485068256,117443076,52102885.7748
"Bourne legacy",1367625180,1368917820,1292640,52102885.7748
"Bourne legacy",1367625840,1485068256,117442416,52102885.7748
"Bourne legacy",1367625840,1368467520,841680,52102885.7748
"Bourne legacy",1367691660,1485068256,117376596,52102885.7748
"Bourne legacy",1367691660,1367952480,260820,52102885.7748
"Bourne legacy",1367691960,1485068256,117376296,52102885.7748
"Bourne legacy",1367691960,1367959080,267120,52102885.7748
"Bourne legacy",1367693100,1485068256,117375156,52102885.7748
"Bourne legacy",1367693100,1369250520,1557420,52102885.7748
"Bourne legacy",1367698860,1485068256,117369396,52102885.7748
"Bourne legacy",1367698860,1368302820,603960,52102885.7748
"Bourne legacy",1367700060,1485068256,117368196,52102885.7748
"Bourne legacy",1367700060,1368067560,367500,52102885.7748
"Bourne legacy",1367700600,1485068256,117367656,52102885.7748
"Bourne legacy",1367700600,1367886780,186180,52102885.7748
"Bourne legacy",1367701860,1485068256,117366396,52102885.7748
"Bourne legacy",1367701860,1368315480,613620,52102885.7748
"Bourne legacy",1367782080,1485068256,117286176,52102885.7748
"Bourne legacy",1367782080,1369001340,1219260,52102885.7748
"Bourne legacy",1367782740,1485068256,117285516,52102885.7748
"Bourne legacy",1367782740,1368482760,700020,52102885.7748
"Bourne legacy",1367787000,1485068256,117281256,52102885.7748
"Bourne legacy",1367787000,1368394680,607680,52102885.7748
"Bourne legacy",1367792940,1485068256,117275316,52102885.7748
"Bourne legacy",1367792940,1369001340,1208400,52102885.7748
"Bourne legacy",1367794140,1485068256,117274116,52102885.7748
"Bourne legacy",1367861220,1485068256,117207036,52102885.7748
"Bourne legacy",1367861220,1368040920,179700,52102885.7748
"Bourne legacy",1367862480,1485068256,117205776,52102885.7748
"Bourne legacy",1367862480,1368918240,1055760,52102885.7748
"Bourne legacy",1367865600,1485068256,117202656,52102885.7748
"Bourne legacy",1367870820,1485068256,117197436,52102885.7748
"Bourne legacy",1367870820,1368833340,962520,52102885.7748
"Bourne legacy",1367871480,1485068256,117196776,52102885.7748
"Bourne legacy",1367871480,1368146280,274800,52102885.7748
"Bourne legacy",1367875500,1485068256,117192756,52102885.7748
"Bourne legacy",1367875500,1369073100,1197600,52102885.7748
"Bourne legacy",1367878140,1485068256,117190116,52102885.7748
"Bourne legacy",1367878140,1368569640,691500,52102885.7748
"Bourne legacy",1367878620,1485068256,117189636,52102885.7748
"Bourne legacy",1367878620,1368488160,609540,52102885.7748
"Bourne legacy",1367879400,1485068256,117188856,52102885.7748
"Bourne legacy",1367882760,1485068256,117185496,52102885.7748
"Bourne legacy",1367882820,1485068256,117185436,52102885.7748
"Bourne legacy",1367882820,1368487140,604320,52102885.7748
"Bourne legacy",1367884380,1485068256,117183876,52102885.7748
"Bourne legacy",1367884380,1369099260,1214880,52102885.7748
"Bourne legacy",1367886600,1485068256,117181656,52102885.7748
"Bourne legacy",1367886600,1368733380,846780,52102885.7748
"Bourne legacy",1367891940,1485068256,117176316,52102885.7748
"Bourne legacy",1367891940,1367952300,60360,52102885.7748
"Bourne legacy",1367893440,1485068256,117174816,52102885.7748
"Bourne legacy",1367893440,1368206160,312720,52102885.7748
"Bourne legacy",1367956020,1485068256,117112236,52102885.7748
"Bourne legacy",1367956020,1368395280,439260,52102885.7748
"Bourne legacy",1367971140,1485068256,117097116,52102885.7748
"Bourne legacy",1367971140,1368147180,176040,52102885.7748
"Bourne legacy",1367972340,1485068256,117095916,52102885.7748
"Bourne legacy",1367972340,1369426500,1454160,52102885.7748
"Bourne legacy",1367981100,1485068256,117087156,52102885.7748
"Bourne legacy",1368039960,1485068256,117028296,52102885.7748
"Bourne legacy",1368039960,1368917400,877440,52102885.7748
"Bourne legacy",1368040680,1485068256,117027576,52102885.7748
"Bourne legacy",1368040680,1369088580,1047900,52102885.7748
"Bourne legacy",1368040800,1485068256,117027456,52102885.7748
"Bourne legacy",1368043380,1485068256,117024876,52102885.7748
"Bourne legacy",1368043380,1369943880,1900500,52102885.7748
"Bourne legacy",1368046380,1485068256,117021876,52102885.7748
"Bourne legacy",1368046380,1371068100,3021720,52102885.7748
"Bourne legacy",1368046680,1485068256,117021576,52102885.7748
"Bourne legacy",1368046680,1369509480,1462800,52102885.7748
"Bourne legacy",1368049620,1485068256,117018636,52102885.7748
"Bourne legacy",1368049620,1369262640,1213020,52102885.7748
"Bourne legacy",1368056820,1485068256,117011436,52102885.7748
"Bourne legacy",1368056820,1369795320,1738500,52102885.7748
"Bourne legacy",1368058020,1485068256,117010236,52102885.7748
"Bourne legacy",1368058020,1369254960,1196940,52102885.7748
"Bourne legacy",1368059940,1485068256,117008316,52102885.7748
"Bourne legacy",1368059940,1369263780,1203840,52102885.7748
"Bourne legacy",1368061620,1485068256,117006636,52102885.7748
"Bourne legacy",1368061620,1369272120,1210500,52102885.7748
"Bourne legacy",1368062400,1485068256,117005856,52102885.7748
"Bourne legacy",1368062400,1369443120,1380720,52102885.7748
"Bourne legacy",1368064980,1485068256,117003276,52102885.7748
"Bourne legacy",1368064980,1370126460,2061480,52102885.7748
"Bourne legacy",1368119700,1485068256,116948556,52102885.7748
"Bourne legacy",1368119700,1373667240,5547540,52102885.7748
"Bourne legacy",1368120540,1485068256,116947716,52102885.7748
"Bourne legacy",1368120540,1371248520,3127980,52102885.7748
"Bourne legacy",1368120660,1485068256,116947596,52102885.7748
"Bourne legacy",1368123120,1485068256,116945136,52102885.7748
"Bourne legacy",1368123120,1369165380,1042260,52102885.7748
"Bourne legacy",1368127200,1485068256,116941056,52102885.7748
"Bourne legacy",1368127200,1368745980,618780,52102885.7748
"Bourne legacy",1368129720,1485068256,116938536,52102885.7748
"Bourne legacy",1368129720,1369356000,1226280,52102885.7748
"Bourne legacy",1368142260,1485068256,116925996,52102885.7748
"Bourne legacy",1368144900,1485068256,116923356,52102885.7748
"Bourne legacy",1368144900,1485068256,116923356,52102885.7748
"Bourne legacy",1368144900,1368478740,333840,52102885.7748
"Bourne legacy",1368145620,1485068256,116922636,52102885.7748
"Bourne legacy",1368145620,1368755040,609420,52102885.7748
"Bourne legacy",1368146760,1485068256,116921496,52102885.7748
"Bourne legacy",1368146760,1368640440,493680,52102885.7748
"Bourne legacy",1368151140,1485068256,116917116,52102885.7748
"Bourne legacy",1368151140,1370570820,2419680,52102885.7748
"Bourne legacy",1368154440,1485068256,116913816,52102885.7748
"Bourne legacy",1368208620,1485068256,116859636,52102885.7748
"Bourne legacy",1368208620,1371232200,3023580,52102885.7748
"Bourne legacy",1368224040,1485068256,116844216,52102885.7748
"Bourne legacy",1368224040,1368296640,72600,52102885.7748
"Bourne legacy",1368225120,1485068256,116843136,52102885.7748
"Bourne legacy",1368225120,1368661020,435900,52102885.7748
"Bourne legacy",1368226560,1485068256,116841696,52102885.7748
"Bourne legacy",1368226560,1369094340,867780,52102885.7748
"Bourne legacy",1368226980,1485068256,116841276,52102885.7748
"Bourne legacy",1368226980,1368389520,162540,52102885.7748
"Bourne legacy",1368227160,1485068256,116841096,52102885.7748
"Bourne legacy",1368227160,1369104900,877740,52102885.7748
"Bourne legacy",1368228240,1485068256,116840016,52102885.7748
"Bourne legacy",1368228360,1485068256,116839896,52102885.7748
"Bourne legacy",1368228360,1368751560,523200,52102885.7748
"Bourne legacy",1368292740,1485068256,116775516,52102885.7748
"Bourne legacy",1368292740,1368996300,703560,52102885.7748
"Bourne legacy",1368295080,1485068256,116773176,52102885.7748
"Bourne legacy",1368295080,1368396180,101100,52102885.7748
"Bourne legacy",1368300000,1485068256,116768256,52102885.7748
"Bourne legacy",1368300000,1368396840,96840,52102885.7748
"Bourne legacy",1368301740,1485068256,116766516,52102885.7748
"Bourne legacy",1368301740,1369525800,1224060,52102885.7748
"Bourne legacy",1368312120,1485068256,116756136,52102885.7748
"Bourne legacy",1368312120,1369522200,1210080,52102885.7748
"Bourne legacy",1368313500,1485068256,116754756,52102885.7748
"Bourne legacy",1368313500,1369526760,1213260,52102885.7748
"Bourne legacy",1368317940,1485068256,116750316,52102885.7748
"Bourne legacy",1368319260,1485068256,116748996,52102885.7748
"Bourne legacy",1368319260,1370545740,2226480,52102885.7748
"Bourne legacy",1368319920,1485068256,116748336,52102885.7748
"Bourne legacy",1368319920,1369097640,777720,52102885.7748
"Bourne legacy",1368395460,1485068256,116672796,52102885.7748
"Bourne legacy",1368395460,1368757200,361740,52102885.7748
"Bourne legacy",1368396120,1485068256,116672136,52102885.7748
"Bourne legacy",1368396120,1368583560,187440,52102885.7748
"Bourne legacy",1368396840,1485068256,116671416,52102885.7748
"Bourne legacy",1368396840,1370885280,2488440,52102885.7748
"Bourne legacy",1368400560,1485068256,116667696,52102885.7748
"Bourne legacy",1368400560,1369430400,1029840,52102885.7748
"Bourne legacy",1368465660,1485068256,116602596,52102885.7748
"Bourne legacy",1368475140,1485068256,116593116,52102885.7748
"Bourne legacy",1368475140,1369789620,1314480,52102885.7748
"Bourne legacy",1368479940,1485068256,116588316,52102885.7748
"Bourne legacy",1368479940,1369775160,1295220,52102885.7748
"Bourne legacy",1368487620,1485068256,116580636,52102885.7748
"Bourne legacy",1368487620,1368920220,432600,52102885.7748
"Bourne legacy",1368493440,1485068256,116574816,52102885.7748
"Bourne legacy",1368493440,1368993060,499620,52102885.7748
"Bourne legacy",1368496140,1485068256,116572116,52102885.7748
"Bourne legacy",1368496140,1369605900,1109760,52102885.7748
"Bourne legacy",1368498420,1485068256,116569836,52102885.7748
"Bourne legacy",1368498420,1369874640,1376220,52102885.7748
"Bourne legacy",1368499500,1485068256,116568756,52102885.7748
"Bourne legacy",1368552960,1485068256,116515296,52102885.7748
"Bourne legacy",1368552960,1368896460,343500,52102885.7748
"Bourne legacy",1368557100,1485068256,116511156,52102885.7748
"Bourne legacy",1368566820,1485068256,116501436,52102885.7748
"Bourne legacy",1368566820,1369858140,1291320,52102885.7748
"Bourne legacy",1368569160,1485068256,116499096,52102885.7748
"Bourne legacy",1368569160,1369768080,1198920,52102885.7748
"Bourne legacy",1368570240,1485068256,116498016,52102885.7748
"Bourne legacy",1368570240,1368647700,77460,52102885.7748
"Bourne legacy",1368572400,1485068256,116495856,52102885.7748
"Bourne legacy",1368572400,1368738600,166200,52102885.7748
"Bourne legacy",1368574020,1485068256,116494236,52102885.7748
"Bourne legacy",1368574020,1371163140,2589120,52102885.7748
"Bourne legacy",1368574380,1485068256,116493876,52102885.7748
"Bourne legacy",1368574380,1371581400,3007020,52102885.7748
"Bourne legacy",1368575280,1485068256,116492976,52102885.7748
"Bourne legacy",1368575280,1369182120,606840,52102885.7748
"Bourne legacy",1368576540,1485068256,116491716,52102885.7748
"Bourne legacy",1368576540,1368746340,169800,52102885.7748
"Bourne legacy",1368577080,1485068256,116491176,52102885.7748
"Bourne legacy",1368577080,1368993840,416760,52102885.7748
"Bourne legacy",1368582840,1485068256,116485416,52102885.7748
"Bourne legacy",1368582840,1368999840,417000,52102885.7748
"Bourne legacy",1368639120,1485068256,116429136,52102885.7748
"Bourne legacy",1368639120,1369082460,443340,52102885.7748
"Bourne legacy",1368646500,1485068256,116421756,52102885.7748
"Bourne legacy",1368648240,1485068256,116420016,52102885.7748
"Bourne legacy",1368651180,1485068256,116417076,52102885.7748
"Bourne legacy",1368651180,1369001880,350700,52102885.7748
"Bourne legacy",1368658080,1485068256,116410176,52102885.7748
"Bourne legacy",1368667740,1485068256,116400516,52102885.7748
"Bourne legacy",1368667740,1369429740,762000,52102885.7748
"Bourne legacy",1368671940,1485068256,116396316,52102885.7748
"Bourne legacy",1368671940,1369879980,1208040,52102885.7748
"Bourne legacy",1368725880,1485068256,116342376,52102885.7748
"Bourne legacy",1368725880,1369416120,690240,52102885.7748
"Bourne legacy",1368727560,1485068256,116340696,52102885.7748
"Bourne legacy",1368731280,1485068256,116336976,52102885.7748
"Bourne legacy",1368731280,1371864900,3133620,52102885.7748
"Bourne legacy",1368733620,1485068256,116334636,52102885.7748
"Bourne legacy",1368733620,1369255920,522300,52102885.7748
"Bourne legacy",1368740040,1485068256,116328216,52102885.7748
"Bourne legacy",1368740040,1369257780,517740,52102885.7748
"Bourne legacy",1368741120,1485068256,116327136,52102885.7748
"Bourne legacy",1368741120,1369101300,360180,52102885.7748
"Bourne legacy",1368745080,1485068256,116323176,52102885.7748
"Bourne legacy",1368745080,1371856200,3111120,52102885.7748
"Bourne legacy",1368745200,1485068256,116323056,52102885.7748
"Bourne legacy",1368745200,1371863100,3117900,52102885.7748
"Bourne legacy",1368746400,1485068256,116321856,52102885.7748
"Bourne legacy",1368747060,1485068256,116321196,52102885.7748
"Bourne legacy",1368747060,1369957200,1210140,52102885.7748
"Bourne legacy",1368811440,1485068256,116256816,52102885.7748
"Bourne legacy",1368811440,1368993780,182340,52102885.7748
"Bourne legacy",1368825060,1485068256,116243196,52102885.7748
"Bourne legacy",1368825060,1370039820,1214760,52102885.7748
"Bourne legacy",1368826860,1485068256,116241396,52102885.7748
"Bourne legacy",1368826860,1369174860,348000,52102885.7748
"Bourne legacy",1368829800,1485068256,116238456,52102885.7748
"Bourne legacy",1368829800,1369344480,514680,52102885.7748
"Bourne legacy",1368829980,1485068256,116238276,52102885.7748
"Bourne legacy",1368829980,1369080600,250620,52102885.7748
"Bourne legacy",1368831900,1485068256,116236356,52102885.7748
"Bourne legacy",1368832560,1485068256,116235696,52102885.7748
"Bourne legacy",1368832560,1369187520,354960,52102885.7748
"Bourne legacy",1368834300,1485068256,116233956,52102885.7748
"Bourne legacy",1368834300,1370984820,2150520,52102885.7748
"Bourne legacy",1368835020,1485068256,116233236,52102885.7748
"Bourne legacy",1368835020,1369159920,324900,52102885.7748
"Bourne legacy",1368835320,1485068256,116232936,52102885.7748
"Bourne legacy",1368837960,1485068256,116230296,52102885.7748
"Bourne legacy",1368896760,1485068256,116171496,52102885.7748
"Bourne legacy",1368897060,1485068256,116171196,52102885.7748
"Bourne legacy",1368897060,1369415400,518340,52102885.7748
"Bourne legacy",1368902220,1485068256,116166036,52102885.7748
"Bourne legacy",1368902220,1370128260,1226040,52102885.7748
"Bourne legacy",1368902280,1485068256,116165976,52102885.7748
"Bourne legacy",1368902280,1370300280,1398000,52102885.7748
"Bourne legacy",1368906660,1485068256,116161596,52102885.7748
"Bourne legacy",1368907560,1485068256,116160696,52102885.7748
"Bourne legacy",1368907560,1369347540,439980,52102885.7748
"Bourne legacy",1368908820,1485068256,116159436,52102885.7748
"Bourne legacy",1368908820,1370811900,1903080,52102885.7748
"Bourne legacy",1368916620,1485068256,116151636,52102885.7748
"Bourne legacy",1368916620,1369874940,958320,52102885.7748
"Bourne legacy",1368991560,1485068256,116076696,52102885.7748
"Bourne legacy",1368991560,1369075980,84420,52102885.7748
"Bourne legacy",1368992160,1485068256,116076096,52102885.7748
"Bourne legacy",1368992160,1369432380,440220,52102885.7748
"Bourne legacy",1368999900,1485068256,116068356,52102885.7748
"Bourne legacy",1368999900,1369502760,502860,52102885.7748
"Bourne legacy",1369002120,1485068256,116066136,52102885.7748
"Bourne legacy",1369002240,1485068256,116066016,52102885.7748
"Bourne legacy",1369002240,1369958280,956040,52102885.7748
"Bourne legacy",1369002420,1485068256,116065836,52102885.7748
"Bourne legacy",1369004640,1485068256,116063616,52102885.7748
"Bourne legacy",1369004640,1370130600,1125960,52102885.7748
"Bourne legacy",1369005900,1485068256,116062356,52102885.7748
"Bourne legacy",1369005900,1369795680,789780,52102885.7748
"Bourne legacy",1369006440,1485068256,116061816,52102885.7748
"Bourne legacy",1369006440,1369872480,866040,52102885.7748
"Bourne legacy",1369010940,1485068256,116057316,52102885.7748
"Bourne legacy",1369010940,1369435620,424680,52102885.7748
"Bourne legacy",1369067280,1485068256,116000976,52102885.7748
"Bourne legacy",1369082940,1485068256,115985316,52102885.7748
"Bourne legacy",1369083720,1485068256,115984536,52102885.7748
"Bourne legacy",1369083720,1369443960,360240,52102885.7748
"Bourne legacy",1369089660,1485068256,115978596,52102885.7748
"Bourne legacy",1369089660,1369782960,693300,52102885.7748
"Bourne legacy",1369089960,1485068256,115978296,52102885.7748
"Bourne legacy",1369090320,1485068256,115977936,52102885.7748
"Bourne legacy",1369090320,1369333320,243000,52102885.7748
"Bourne legacy",1369091520,1485068256,115976736,52102885.7748
"Bourne legacy",1369091520,1370391780,1300260,52102885.7748
"Bourne legacy",1369093200,1485068256,115975056,52102885.7748
"Bourne legacy",1369093200,1370303880,1210680,52102885.7748
"Bourne legacy",1369094640,1485068256,115973616,52102885.7748
"Bourne legacy",1369094640,1371860340,2765700,52102885.7748
"Bourne legacy",1369096920,1485068256,115971336,52102885.7748
"Bourne legacy",1369096920,1369183320,86400,52102885.7748
"Bourne legacy",1369097580,1485068256,115970676,52102885.7748
"Bourne legacy",1369098480,1485068256,115969776,52102885.7748
"Bourne legacy",1369100460,1485068256,115967796,52102885.7748
"Bourne legacy",1369100460,1370292300,1191840,52102885.7748
"Bourne legacy",1369103220,1485068256,115965036,52102885.7748
"Bourne legacy",1369103220,1369608840,505620,52102885.7748
"Bourne legacy",1369103400,1485068256,115964856,52102885.7748
"Bourne legacy",1369103400,1369855620,752220,52102885.7748
"Bourne legacy",1369157520,1485068256,115910736,52102885.7748
"Bourne legacy",1369157520,1372803660,3646140,52102885.7748
"Bourne legacy",1369162020,1485068256,115906236,52102885.7748
"Bourne legacy",1369162020,1371574860,2412840,52102885.7748
"Bourne legacy",1369163340,1485068256,115904916,52102885.7748
"Bourne legacy",1369163340,1370122500,959160,52102885.7748
"Bourne legacy",1369167120,1485068256,115901136,52102885.7748
"Bourne legacy",1369167120,1369248300,81180,52102885.7748
"Bourne legacy",1369171260,1485068256,115896996,52102885.7748
"Bourne legacy",1369171260,1369424220,252960,52102885.7748
"Bourne legacy",1369174080,1485068256,115894176,52102885.7748
"Bourne legacy",1369174080,1369329960,155880,52102885.7748
"Bourne legacy",1369175400,1485068256,115892856,52102885.7748
"Bourne legacy",1369180440,1485068256,115887816,52102885.7748
"Bourne legacy",1369180440,1369779300,598860,52102885.7748
"Bourne legacy",1369184760,1485068256,115883496,52102885.7748
"Bourne legacy",1369184760,1369859040,674280,52102885.7748
"Bourne legacy",1369186740,1485068256,115881516,52102885.7748
"Bourne legacy",1369187760,1485068256,115880496,52102885.7748
"Bourne legacy",1369187760,1369937460,749700,52102885.7748
"Bourne legacy",1369191060,1485068256,115877196,52102885.7748
"Bourne legacy",1369191060,1369363200,172140,52102885.7748
"Bourne legacy",1369242960,1485068256,115825296,52102885.7748
"Bourne legacy",1369242960,1369760880,517920,52102885.7748
"Bourne legacy",1369243380,1485068256,115824876,52102885.7748
"Bourne legacy",1369243380,1370387820,1144440,52102885.7748
"Bourne legacy",1369243500,1485068256,115824756,52102885.7748
"Bourne legacy",1369243500,1369847520,604020,52102885.7748
"Bourne legacy",1369259280,1485068256,115808976,52102885.7748
"Bourne legacy",1369259280,1370020140,760860,52102885.7748
"Bourne legacy",1369265280,1485068256,115802976,52102885.7748
"Bourne legacy",1369265280,1370999100,1733820,52102885.7748
"Bourne legacy",1369266780,1485068256,115801476,52102885.7748
"Bourne legacy",1369266780,1370216700,949920,52102885.7748
"Bourne legacy",1369273860,1485068256,115794396,52102885.7748
"Bourne legacy",1369273860,1370304960,1031100,52102885.7748
"Bourne legacy",1369329420,1485068256,115738836,52102885.7748
"Bourne legacy",1369334460,1485068256,115733796,52102885.7748
"Bourne legacy",1369334460,1370294220,959760,52102885.7748
"Bourne legacy",1369334520,1485068256,115733736,52102885.7748
"Bourne legacy",1369334520,1370477760,1143240,52102885.7748
"Bourne legacy",1369338000,1485068256,115730256,52102885.7748
"Bourne legacy",1369338000,1370550480,1212480,52102885.7748
"Bourne legacy",1369343460,1485068256,115724796,52102885.7748
"Bourne legacy",1369346880,1485068256,115721376,52102885.7748
"Bourne legacy",1369346880,1369851900,505020,52102885.7748
"Bourne legacy",1369357380,1485068256,115710876,52102885.7748
"Bourne legacy",1369357380,1370738640,1381260,52102885.7748
"Bourne legacy",1369362420,1485068256,115705836,52102885.7748
"Bourne legacy",1369416120,1485068256,115652136,52102885.7748
"Bourne legacy",1369416120,1370312220,896100,52102885.7748
"Bourne legacy",1369416360,1485068256,115651896,52102885.7748
"Bourne legacy",1369416360,1372440540,3024180,52102885.7748
"Bourne legacy",1369421820,1485068256,115646436,52102885.7748
"Bourne legacy",1369421820,1369786620,364800,52102885.7748
"Bourne legacy",1369423440,1485068256,115644816,52102885.7748
"Bourne legacy",1369423440,1369513200,89760,52102885.7748
"Bourne legacy",1369428480,1485068256,115639776,52102885.7748
"Bourne legacy",1369428480,1369775520,347040,52102885.7748
"Bourne legacy",1369430820,1485068256,115637436,52102885.7748
"Bourne legacy",1369432140,1485068256,115636116,52102885.7748
"Bourne legacy",1369432140,1369768020,335880,52102885.7748
"Bourne legacy",1369434660,1485068256,115633596,52102885.7748
"Bourne legacy",1369434660,1369788180,353520,52102885.7748
"Bourne legacy",1369435020,1485068256,115633236,52102885.7748
"Bourne legacy",1369435020,1369523160,88140,52102885.7748
"Bourne legacy",1369438320,1485068256,115629936,52102885.7748
"Bourne legacy",1369438320,1372809720,3371400,52102885.7748
"Bourne legacy",1369440180,1485068256,115628076,52102885.7748
"Bourne legacy",1369440180,1369852860,412680,52102885.7748
"Bourne legacy",1369442760,1485068256,115625496,52102885.7748
"Bourne legacy",1369442760,1369773120,330360,52102885.7748
"Bourne legacy",1369502880,1485068256,115565376,52102885.7748
"Bourne legacy",1369502880,1370107860,604980,52102885.7748
"Bourne legacy",1369506060,1485068256,115562196,52102885.7748
"Bourne legacy",1369510080,1485068256,115558176,52102885.7748
"Bourne legacy",1369510080,1370115480,605400,52102885.7748
"Bourne legacy",1369524900,1485068256,115543356,52102885.7748
"Bourne legacy",1369524900,1371166140,1641240,52102885.7748
"Bourne legacy",1369525500,1485068256,115542756,52102885.7748
"Bourne legacy",1369525500,1370724240,1198740,52102885.7748
"Bourne legacy",1369525800,1485068256,115542456,52102885.7748
"Bourne legacy",1369525800,1370730600,1204800,52102885.7748
"Bourne legacy",1369525920,1485068256,115542336,52102885.7748
"Bourne legacy",1369595700,1485068256,115472556,52102885.7748
"Bourne legacy",1369595700,1369762680,166980,52102885.7748
"Bourne legacy",1369599840,1485068256,115468416,52102885.7748
"Bourne legacy",1369599840,1370282520,682680,52102885.7748
"Bourne legacy",1369600440,1485068256,115467816,52102885.7748
"Bourne legacy",1369600440,1371765480,2165040,52102885.7748
"Bourne legacy",1369602000,1485068256,115466256,52102885.7748
"Bourne legacy",1369602000,1369768980,166980,52102885.7748
"Bourne legacy",1369605120,1485068256,115463136,52102885.7748
"Bourne legacy",1369609020,1485068256,115459236,52102885.7748
"Bourne legacy",1369609020,1370121900,512880,52102885.7748
"Bourne legacy",1369610640,1485068256,115457616,52102885.7748
"Bourne legacy",1369610640,1370045460,434820,52102885.7748
"Bourne legacy",1369610820,1485068256,115457436,52102885.7748
"Bourne legacy",1369610880,1485068256,115457376,52102885.7748
"Bourne legacy",1369610880,1370739360,1128480,52102885.7748
"Bourne legacy",1369613160,1485068256,115455096,52102885.7748
"Bourne legacy",1369613160,1370121480,508320,52102885.7748
"Bourne legacy",1369762080,1485068256,115306176,52102885.7748
"Bourne legacy",1369762080,1370886000,1123920,52102885.7748
"Bourne legacy",1369763520,1485068256,115304736,52102885.7748
"Bourne legacy",1369763520,1370282940,519420,52102885.7748
"Bourne legacy",1369764540,1485068256,115303716,52102885.7748
"Bourne legacy",1369764540,1371665400,1900860,52102885.7748
"Bourne legacy",1369770900,1485068256,115297356,52102885.7748
"Bourne legacy",1369770900,1370821440,1050540,52102885.7748
"Bourne legacy",1369774080,1485068256,115294176,52102885.7748
"Bourne legacy",1369774080,1370468700,694620,52102885.7748
"Bourne legacy",1369774320,1485068256,115293936,52102885.7748
"Bourne legacy",1369774320,1370461740,687420,52102885.7748
"Bourne legacy",1369777860,1485068256,115290396,52102885.7748
"Bourne legacy",1369777860,1370559780,781920,52102885.7748
"Bourne legacy",1369778640,1485068256,115289616,52102885.7748
"Bourne legacy",1369778640,1370043300,264660,52102885.7748
"Bourne legacy",1369779600,1485068256,115288656,52102885.7748
"Bourne legacy",1369779600,1370470080,690480,52102885.7748
"Bourne legacy",1369788360,1485068256,115279896,52102885.7748
"Bourne legacy",1369788360,1371076500,1288140,52102885.7748
"Bourne legacy",1369788420,1485068256,115279836,52102885.7748
"Bourne legacy",1369789380,1485068256,115278876,52102885.7748
"Bourne legacy",1369789380,1370916960,1127580,52102885.7748
"Bourne legacy",1369790280,1485068256,115277976,52102885.7748
"Bourne legacy",1369790280,1369954740,164460,52102885.7748
"Bourne legacy",1369790580,1485068256,115277676,52102885.7748
"Bourne legacy",1369790580,1370884560,1093980,52102885.7748
"Bourne legacy",1369848360,1485068256,115219896,52102885.7748
"Bourne legacy",1369850760,1485068256,115217496,52102885.7748
"Bourne legacy",1369850760,1371255360,1404600,52102885.7748
"Bourne legacy",1369851780,1485068256,115216476,52102885.7748
"Bourne legacy",1369851780,1485068256,115216476,52102885.7748
"Bourne legacy",1369851780,1372099080,2247300,52102885.7748
"Bourne legacy",1369857060,1485068256,115211196,52102885.7748
"Bourne legacy",1369857060,1370895300,1038240,52102885.7748
"Bourne legacy",1369867980,1485068256,115200276,52102885.7748
"Bourne legacy",1369870620,1485068256,115197636,52102885.7748
"Bourne legacy",1369870620,1370378520,507900,52102885.7748
"Bourne legacy",1369874520,1485068256,115193736,52102885.7748
"Bourne legacy",1369874520,1370723940,849420,52102885.7748
"Bourne legacy",1369879620,1485068256,115188636,52102885.7748
"Bourne legacy",1369879620,1373158020,3278400,52102885.7748
"Bourne legacy",1369935120,1485068256,115133136,52102885.7748
"Bourne legacy",1369939080,1485068256,115129176,52102885.7748
"Bourne legacy",1369939080,1370641560,702480,52102885.7748
"Bourne legacy",1369940700,1485068256,115127556,52102885.7748
"Bourne legacy",1369940700,1371153420,1212720,52102885.7748
"Bourne legacy",1369941180,1485068256,115127076,52102885.7748
"Bourne legacy",1369943640,1485068256,115124616,52102885.7748
"Bourne legacy",1369943640,1370810520,866880,52102885.7748
"Bourne legacy",1369944060,1485068256,115124196,52102885.7748
"Bourne legacy",1369944060,1371752880,1808820,52102885.7748
"Bourne legacy",1369950960,1485068256,115117296,52102885.7748
"Bourne legacy",1369950960,1372536480,2585520,52102885.7748
"Bourne legacy",1369956600,1485068256,115111656,52102885.7748
"Bourne legacy",1369957320,1485068256,115110936,52102885.7748
"Bourne legacy",1369957320,1370903880,946560,52102885.7748
"Bourne legacy",1369958220,1485068256,115110036,52102885.7748
"Bourne legacy",1369958220,1370210760,252540,52102885.7748
"Bourne legacy",1369958400,1485068256,115109856,52102885.7748
"Bourne legacy",1369958400,1370207820,249420,52102885.7748
"Bourne legacy",1369958460,1485068256,115109796,52102885.7748
"Bourne legacy",1369958460,1371176880,1218420,52102885.7748
"Bourne legacy",1369961820,1485068256,115106436,52102885.7748
"Bourne legacy",1369961820,1370115300,153480,52102885.7748
"Bourne legacy",1369961940,1485068256,115106316,52102885.7748
"Bourne legacy",1369961940,1371156240,1194300,52102885.7748
"Bourne legacy",1369963440,1485068256,115104816,52102885.7748
"Bourne legacy",1369963440,1370381760,418320,52102885.7748
"Bourne legacy",1369967820,1485068256,115100436,52102885.7748
"Bourne legacy",1369967820,1371686100,1718280,52102885.7748
"Bourne legacy",1370022300,1485068256,115045956,52102885.7748
"Bourne legacy",1370022300,1371176700,1154400,52102885.7748
"Bourne legacy",1370024460,1485068256,115043796,52102885.7748
"Bourne legacy",1370024460,1370885280,860820,52102885.7748
"Bourne legacy",1370026020,1485068256,115042236,52102885.7748
"Bourne legacy",1370026380,1485068256,115041876,52102885.7748
"Bourne legacy",1370026380,1370365740,339360,52102885.7748
"Bourne legacy",1370027700,1485068256,115040556,52102885.7748
"Bourne legacy",1370027700,1370635860,608160,52102885.7748
"Bourne legacy",1370031480,1485068256,115036776,52102885.7748
"Bourne legacy",1370031480,1371241920,1210440,52102885.7748
"Bourne legacy",1370031540,1485068256,115036716,52102885.7748
"Bourne legacy",1370031540,1371161940,1130400,52102885.7748
"Bourne legacy",1370035020,1485068256,115033236,52102885.7748
"Bourne legacy",1370035020,1370452020,417000,52102885.7748
"Bourne legacy",1370040600,1485068256,115027656,52102885.7748
"Bourne legacy",1370040600,1370290320,249720,52102885.7748
"Bourne legacy",1370116920,1485068256,114951336,52102885.7748
"Bourne legacy",1370116920,1373746080,3629160,52102885.7748
"Bourne legacy",1370122560,1485068256,114945696,52102885.7748
"Bourne legacy",1370122560,1371497640,1375080,52102885.7748
"Bourne legacy",1370124840,1485068256,114943416,52102885.7748
"Bourne legacy",1370124840,1371327360,1202520,52102885.7748
"Bourne legacy",1370125680,1485068256,114942576,52102885.7748
"Bourne legacy",1370125680,1371076920,951240,52102885.7748
"Bourne legacy",1370132640,1485068256,114935616,52102885.7748
"Bourne legacy",1370132640,1370476380,343740,52102885.7748
"Bourne legacy",1370132820,1485068256,114935436,52102885.7748
"Bourne legacy",1370132820,1370728920,596100,52102885.7748
"Bourne legacy",1370133360,1485068256,114934896,52102885.7748
"Bourne legacy",1370133360,1370380560,247200,52102885.7748
"Bourne legacy",1370134560,1485068256,114933696,52102885.7748
"Bourne legacy",1370134560,1371686340,1551780,52102885.7748
"Bourne legacy",1370201400,1485068256,114866856,52102885.7748
"Bourne legacy",1370201400,1370470980,269580,52102885.7748
"Bourne legacy",1370201400,1370978700,777300,52102885.7748
"Bourne legacy",1370207820,1485068256,114860436,52102885.7748
"Bourne legacy",1370207820,1371001860,794040,52102885.7748
"Bourne legacy",1370210040,1485068256,114858216,52102885.7748
"Bourne legacy",1370210040,1371074760,864720,52102885.7748
"Bourne legacy",1370217480,1485068256,114850776,52102885.7748
"Bourne legacy",1370279880,1485068256,114788376,52102885.7748
"Bourne legacy",1370279880,1370541360,261480,52102885.7748
"Bourne legacy",1370280300,1485068256,114787956,52102885.7748
"Bourne legacy",1370280300,1371332040,1051740,52102885.7748
"Bourne legacy",1370280840,1485068256,114787416,52102885.7748
"Bourne legacy",1370280840,1370651700,370860,52102885.7748
"Bourne legacy",1370283780,1485068256,114784476,52102885.7748
"Bourne legacy",1370283780,1371488520,1204740,52102885.7748
"Bourne legacy",1370284680,1485068256,114783576,52102885.7748
"Bourne legacy",1370287560,1485068256,114780696,52102885.7748
"Bourne legacy",1370287560,1372814280,2526720,52102885.7748
"Bourne legacy",1370291160,1485068256,114777096,52102885.7748
"Bourne legacy",1370291160,1370650680,359520,52102885.7748
"Bourne legacy",1370292000,1485068256,114776256,52102885.7748
"Bourne legacy",1370292480,1485068256,114775776,52102885.7748
"Bourne legacy",1370292480,1370553720,261240,52102885.7748
"Bourne legacy",1370293620,1485068256,114774636,52102885.7748
"Bourne legacy",1370304360,1485068256,114763896,52102885.7748
"Bourne legacy",1370304360,1370896560,592200,52102885.7748
"Bourne legacy",1370306640,1485068256,114761616,52102885.7748
"Bourne legacy",1370306640,1371516540,1209900,52102885.7748
"Bourne legacy",1370314200,1485068256,114754056,52102885.7748
"Bourne legacy",1370314200,1371247020,932820,52102885.7748
"Bourne legacy",1370370720,1485068256,114697536,52102885.7748
"Bourne legacy",1370371320,1485068256,114696936,52102885.7748
"Bourne legacy",1370371320,1371241080,869760,52102885.7748
"Bourne legacy",1370377140,1485068256,114691116,52102885.7748
"Bourne legacy",1370377140,1370894580,517440,52102885.7748
"Bourne legacy",1370380680,1485068256,114687576,52102885.7748
"Bourne legacy",1370380680,1375126080,4745400,52102885.7748
"Bourne legacy",1370383080,1485068256,114685176,52102885.7748
"Bourne legacy",1370394360,1485068256,114673896,52102885.7748
"Bourne legacy",1370396760,1485068256,114671496,52102885.7748
"Bourne legacy",1370455260,1485068256,114612996,52102885.7748
"Bourne legacy",1370455260,1370973480,518220,52102885.7748
"Bourne legacy",1370455320,1485068256,114612936,52102885.7748
"Bourne legacy",1370455320,1370641860,186540,52102885.7748
"Bourne legacy",1370457120,1485068256,114611136,52102885.7748
"Bourne legacy",1370457120,1370731740,274620,52102885.7748
"Bourne legacy",1370463540,1485068256,114604716,52102885.7748
"Bourne legacy",1370466300,1485068256,114601956,52102885.7748
"Bourne legacy",1370466300,1371594060,1127760,52102885.7748
"Bourne legacy",1370467320,1485068256,114600936,52102885.7748
"Bourne legacy",1370468400,1485068256,114599856,52102885.7748
"Bourne legacy",1370468820,1485068256,114599436,52102885.7748
"Bourne legacy",1370472180,1485068256,114596076,52102885.7748
"Bourne legacy",1370472180,1370980980,508800,52102885.7748
"Bourne legacy",1370473020,1485068256,114595236,52102885.7748
"Bourne legacy",1370473020,1371597060,1124040,52102885.7748
"Bourne legacy",1370476020,1485068256,114592236,52102885.7748
"Bourne legacy",1370476020,1371595440,1119420,52102885.7748
"Bourne legacy",1370476980,1485068256,114591276,52102885.7748
"Bourne legacy",1370479620,1485068256,114588636,52102885.7748
"Bourne legacy",1370479620,1371078360,598740,52102885.7748
"Bourne legacy",1370480100,1485068256,114588156,52102885.7748
"Bourne legacy",1370480100,1371599520,1119420,52102885.7748
"Bourne legacy",1370485920,1485068256,114582336,52102885.7748
"Bourne legacy",1370485920,1370885640,399720,52102885.7748
"Bourne legacy",1370540160,1485068256,114528096,52102885.7748
"Bourne legacy",1370540160,1370886900,346740,52102885.7748
"Bourne legacy",1370546340,1485068256,114521916,52102885.7748
"Bourne legacy",1370546340,1370636040,89700,52102885.7748
"Bourne legacy",1370548380,1485068256,114519876,52102885.7748
"Bourne legacy",1370548380,1370719980,171600,52102885.7748
"Bourne legacy",1370552280,1485068256,114515976,52102885.7748
"Bourne legacy",1370552280,1372025100,1472820,52102885.7748
"Bourne legacy",1370631120,1485068256,114437136,52102885.7748
"Bourne legacy",1370631120,1370721180,90060,52102885.7748
"Bourne legacy",1370632020,1485068256,114436236,52102885.7748
"Bourne legacy",1370632020,1371163260,531240,52102885.7748
"Bourne legacy",1370634240,1485068256,114434016,52102885.7748
"Bourne legacy",1370641980,1485068256,114426276,52102885.7748
"Bourne legacy",1370641980,1371425700,783720,52102885.7748
"Bourne legacy",1370644860,1485068256,114423396,52102885.7748
"Bourne legacy",1370644860,1371691620,1046760,52102885.7748
"Bourne legacy",1370645460,1485068256,114422796,52102885.7748
"Bourne legacy",1370645460,1370899380,253920,52102885.7748
"Bourne legacy",1370645760,1485068256,114422496,52102885.7748
"Bourne legacy",1370645760,1371574860,929100,52102885.7748
"Bourne legacy",1370646300,1485068256,114421956,52102885.7748
"Bourne legacy",1370646300,1371763860,1117560,52102885.7748
"Bourne legacy",1370649960,1485068256,114418296,52102885.7748
"Bourne legacy",1370649960,1370909880,259920,52102885.7748
"Bourne legacy",1370651760,1485068256,114416496,52102885.7748
"Bourne legacy",1370651760,1371766800,1115040,52102885.7748
"Bourne legacy",1370712360,1485068256,114355896,52102885.7748
"Bourne legacy",1370712360,1370884020,171660,52102885.7748
"Bourne legacy",1370717520,1485068256,114350736,52102885.7748
"Bourne legacy",1370718900,1485068256,114349356,52102885.7748
"Bourne legacy",1370718900,1372292340,1573440,52102885.7748
"Bourne legacy",1370723700,1485068256,114344556,52102885.7748
"Bourne legacy",1370723940,1485068256,114344316,52102885.7748
"Bourne legacy",1370723940,1371148560,424620,52102885.7748
"Bourne legacy",1370734200,1485068256,114334056,52102885.7748
"Bourne legacy",1370734200,1371584640,850440,52102885.7748
"Bourne legacy",1370735040,1485068256,114333216,52102885.7748
"Bourne legacy",1370805900,1485068256,114262356,52102885.7748
"Bourne legacy",1370805900,1370889600,83700,52102885.7748
"Bourne legacy",1370809440,1485068256,114258816,52102885.7748
"Bourne legacy",1370809440,1371421620,612180,52102885.7748
"Bourne legacy",1370817480,1485068256,114250776,52102885.7748
"Bourne legacy",1370817480,1371161040,343560,52102885.7748
"Bourne legacy",1370818380,1485068256,114249876,52102885.7748
"Bourne legacy",1370818380,1371342660,524280,52102885.7748
"Bourne legacy",1370820720,1485068256,114247536,52102885.7748
"Bourne legacy",1370820720,1371147900,327180,52102885.7748
"Bourne legacy",1370890620,1485068256,114177636,52102885.7748
"Bourne legacy",1370890620,1371419040,528420,52102885.7748
"Bourne legacy",1370892420,1485068256,114175836,52102885.7748
"Bourne legacy",1370892420,1371747720,855300,52102885.7748
"Bourne legacy",1370894940,1485068256,114173316,52102885.7748
"Bourne legacy",1370894940,1371057120,162180,52102885.7748
"Bourne legacy",1370896440,1485068256,114171816,52102885.7748
"Bourne legacy",1370896440,1371162000,265560,52102885.7748
"Bourne legacy",1370899380,1485068256,114168876,52102885.7748
"Bourne legacy",1370899380,1372108320,1208940,52102885.7748
"Bourne legacy",1370916840,1485068256,114151416,52102885.7748
"Bourne legacy",1370916840,1371679560,762720,52102885.7748
"Bourne legacy",1370977380,1485068256,114090876,52102885.7748
"Bourne legacy",1370977380,1371498540,521160,52102885.7748
"Bourne legacy",1370977860,1485068256,114090396,52102885.7748
"Bourne legacy",1370977860,1371863280,885420,52102885.7748
"Bourne legacy",1370983020,1485068256,114085236,52102885.7748
"Bourne legacy",1370983020,1372202160,1219140,52102885.7748
"Bourne legacy",1370983320,1485068256,114084936,52102885.7748
"Bourne legacy",1370983320,1371336360,353040,52102885.7748
"Bourne legacy",1370989500,1485068256,114078756,52102885.7748
"Bourne legacy",1370989500,1371252240,262740,52102885.7748
"Bourne legacy",1371002280,1485068256,114065976,52102885.7748
"Bourne legacy",1371002280,1371332640,330360,52102885.7748
"Bourne legacy",1371004440,1485068256,114063816,52102885.7748
"Bourne legacy",1371004440,1371514620,510180,52102885.7748
"Bourne legacy",1371059760,1485068256,114008496,52102885.7748
"Bourne legacy",1371059760,1371230640,170880,52102885.7748
"Bourne legacy",1371069780,1485068256,113998476,52102885.7748
"Bourne legacy",1371069780,1373235720,2165940,52102885.7748
"Bourne legacy",1371078360,1485068256,113989896,52102885.7748
"Bourne legacy",1371078360,1371850080,771720,52102885.7748
"Bourne legacy",1371083280,1485068256,113984976,52102885.7748
"Bourne legacy",1371083280,1372279560,1196280,52102885.7748
"Bourne legacy",1371087720,1485068256,113980536,52102885.7748
"Bourne legacy",1371087720,1373499420,2411700,52102885.7748
"Bourne legacy",1371087780,1485068256,113980476,52102885.7748
"Bourne legacy",1371087780,1371692700,604920,52102885.7748
"Bourne legacy",1371091020,1485068256,113977236,52102885.7748
"Bourne legacy",1371091020,1372296720,1205700,52102885.7748
"Bourne legacy",1371152160,1485068256,113916096,52102885.7748
"Bourne legacy",1371152160,1371674220,522060,52102885.7748
"Bourne legacy",1371154080,1485068256,113914176,52102885.7748
"Bourne legacy",1371155880,1485068256,113912376,52102885.7748
"Bourne legacy",1371155880,1374280500,3124620,52102885.7748
"Bourne legacy",1371157620,1485068256,113910636,52102885.7748
"Bourne legacy",1371157620,1372371000,1213380,52102885.7748
"Bourne legacy",1371157740,1485068256,113910516,52102885.7748
"Bourne legacy",1371157740,1372364400,1206660,52102885.7748
"Bourne legacy",1371158100,1485068256,113910156,52102885.7748
"Bourne legacy",1371158100,1371410220,252120,52102885.7748
"Bourne legacy",1371163740,1485068256,113904516,52102885.7748
"Bourne legacy",1371163740,1375142640,3978900,52102885.7748
"Bourne legacy",1371164160,1485068256,113904096,52102885.7748
"Bourne legacy",1371164160,1371677340,513180,52102885.7748
"Bourne legacy",1371167520,1485068256,113900736,52102885.7748
"Bourne legacy",1371167520,1374253800,3086280,52102885.7748
"Bourne legacy",1371168000,1485068256,113900256,52102885.7748
"Bourne legacy",1371171780,1485068256,113896476,52102885.7748
"Bourne legacy",1371171780,1372633080,1461300,52102885.7748
"Bourne legacy",1371172620,1485068256,113895636,52102885.7748
"Bourne legacy",1371172620,1371753840,581220,52102885.7748
"Bourne legacy",1371173280,1485068256,113894976,52102885.7748
"Bourne legacy",1371173280,1371510540,337260,52102885.7748
"Bourne legacy",1371228840,1485068256,113839416,52102885.7748
"Bourne legacy",1371228840,1373648100,2419260,52102885.7748
"Bourne legacy",1371234300,1485068256,113833956,52102885.7748
"Bourne legacy",1371234300,1371666240,431940,52102885.7748
"Bourne legacy",1371240360,1485068256,113827896,52102885.7748
"Bourne legacy",1371240360,1371581940,341580,52102885.7748
"Bourne legacy",1371241260,1485068256,113826996,52102885.7748
"Bourne legacy",1371241260,1372698300,1457040,52102885.7748
"Bourne legacy",1371243840,1485068256,113824416,52102885.7748
"Bourne legacy",1371244380,1485068256,113823876,52102885.7748
"Bourne legacy",1371247560,1485068256,113820696,52102885.7748
"Bourne legacy",1371247560,1372198140,950580,52102885.7748
"Bourne legacy",1371249060,1485068256,113819196,52102885.7748
"Bourne legacy",1371249060,1372387500,1138440,52102885.7748
"Bourne legacy",1371249900,1485068256,113818356,52102885.7748
"Bourne legacy",1371249900,1372375380,1125480,52102885.7748
"Bourne legacy",1371256680,1485068256,113811576,52102885.7748
"Bourne legacy",1371256680,1373415300,2158620,52102885.7748
"Bourne legacy",1371316200,1485068256,113752056,52102885.7748
"Bourne legacy",1371316200,1372014840,698640,52102885.7748
"Bourne legacy",1371316260,1485068256,113751996,52102885.7748
"Bourne legacy",1371316260,1371488700,172440,52102885.7748
"Bourne legacy",1371322260,1485068256,113745996,52102885.7748
"Bourne legacy",1371325140,1485068256,113743116,52102885.7748
"Bourne legacy",1371325140,1371585660,260520,52102885.7748
"Bourne legacy",1371327900,1485068256,113740356,52102885.7748
"Bourne legacy",1371327900,1372014240,686340,52102885.7748
"Bourne legacy",1371335340,1485068256,113732916,52102885.7748
"Bourne legacy",1371335340,1372531200,1195860,52102885.7748
"Bourne legacy",1371338340,1485068256,113729916,52102885.7748
"Bourne legacy",1371338340,1371941820,603480,52102885.7748
"Bourne legacy",1371338460,1485068256,113729796,52102885.7748
"Bourne legacy",1371338460,1371930600,592140,52102885.7748
"Bourne legacy",1371338700,1485068256,113729556,52102885.7748
"Bourne legacy",1371338700,1373677560,2338860,52102885.7748
"Bourne legacy",1371409020,1485068256,113659236,52102885.7748
"Bourne legacy",1371409020,1373931000,2521980,52102885.7748
"Bourne legacy",1371412080,1485068256,113656176,52102885.7748
"Bourne legacy",1371412080,1371696960,284880,52102885.7748
"Bourne legacy",1371414120,1485068256,113654136,52102885.7748
"Bourne legacy",1371414120,1371859020,444900,52102885.7748
"Bourne legacy",1371417840,1485068256,113650416,52102885.7748
"Bourne legacy",1371417840,1485068256,113650416,52102885.7748
"Bourne legacy",1371417840,1485068256,113650416,52102885.7748
"Bourne legacy",1371417840,1371588420,170580,52102885.7748
"Bourne legacy",1371417840,1372022160,604320,52102885.7748
"Bourne legacy",1371417840,1372379100,961260,52102885.7748
"Bourne legacy",1371418020,1485068256,113650236,52102885.7748
"Bourne legacy",1371418020,1371606300,188280,52102885.7748
"Bourne legacy",1371419940,1485068256,113648316,52102885.7748
"Bourne legacy",1371419940,1371690900,270960,52102885.7748
"Bourne legacy",1371420780,1485068256,113647476,52102885.7748
"Bourne legacy",1371420780,1372188420,767640,52102885.7748
"Bourne legacy",1371422400,1485068256,113645856,52102885.7748
"Bourne legacy",1371422400,1371597660,175260,52102885.7748
"Bourne legacy",1371422880,1485068256,113645376,52102885.7748
"Bourne legacy",1371422880,1372019520,596640,52102885.7748
"Bourne legacy",1371424080,1485068256,113644176,52102885.7748
"Bourne legacy",1371424080,1372025100,601020,52102885.7748
"Bourne legacy",1371426900,1485068256,113641356,52102885.7748
"Bourne legacy",1371426900,1371943740,516840,52102885.7748
"Bourne legacy",1371490740,1485068256,113577516,52102885.7748
"Bourne legacy",1371492060,1485068256,113576196,52102885.7748
"Bourne legacy",1371492060,1372710120,1218060,52102885.7748
"Bourne legacy",1371492360,1485068256,113575896,52102885.7748
"Bourne legacy",1371492360,1371760020,267660,52102885.7748
"Bourne legacy",1371493320,1485068256,113574936,52102885.7748
"Bourne legacy",1371493320,1371847620,354300,52102885.7748
"Bourne legacy",1371510660,1485068256,113557596,52102885.7748
"Bourne legacy",1371510660,1371671460,160800,52102885.7748
"Bourne legacy",1371515040,1485068256,113553216,52102885.7748
"Bourne legacy",1371517920,1485068256,113550336,52102885.7748
"Bourne legacy",1371517920,1372122060,604140,52102885.7748
"Bourne legacy",1371518700,1485068256,113549556,52102885.7748
"Bourne legacy",1371518700,1371927000,408300,52102885.7748
"Bourne legacy",1371523920,1485068256,113544336,52102885.7748
"Bourne legacy",1371523920,1373055360,1531440,52102885.7748
"Bourne legacy",1371577920,1485068256,113490336,52102885.7748
"Bourne legacy",1371581820,1485068256,113486436,52102885.7748
"Bourne legacy",1371581820,1373664960,2083140,52102885.7748
"Bourne legacy",1371588060,1485068256,113480196,52102885.7748
"Bourne legacy",1371588060,1372727460,1139400,52102885.7748
"Bourne legacy",1371591060,1485068256,113477196,52102885.7748
"Bourne legacy",1371591060,1371855000,263940,52102885.7748
"Bourne legacy",1371591300,1485068256,113476956,52102885.7748
"Bourne legacy",1371591300,1373420340,1829040,52102885.7748
"Bourne legacy",1371591540,1485068256,113476716,52102885.7748
"Bourne legacy",1371591540,1374170940,2579400,52102885.7748
"Bourne legacy",1371591960,1485068256,113476296,52102885.7748
"Bourne legacy",1371591960,1371846960,255000,52102885.7748
"Bourne legacy",1371594000,1485068256,113474256,52102885.7748
"Bourne legacy",1371594000,1372364580,770580,52102885.7748
"Bourne legacy",1371594120,1485068256,113474136,52102885.7748
"Bourne legacy",1371609600,1485068256,113458656,52102885.7748
"Bourne legacy",1371662580,1485068256,113405676,52102885.7748
"Bourne legacy",1371662580,1372267860,605280,52102885.7748
"Bourne legacy",1371664920,1485068256,113403336,52102885.7748
"Bourne legacy",1371664920,1372108620,443700,52102885.7748
"Bourne legacy",1371668220,1485068256,113400036,52102885.7748
"Bourne legacy",1371668220,1373147580,1479360,52102885.7748
"Bourne legacy",1371668580,1485068256,113399676,52102885.7748
"Bourne legacy",1371668580,1373480100,1811520,52102885.7748
"Bourne legacy",1371674880,1485068256,113393376,52102885.7748
"Bourne legacy",1371674880,1374094200,2419320,52102885.7748
"Bourne legacy",1371675120,1485068256,113393136,52102885.7748
"Bourne legacy",1371675120,1374094320,2419200,52102885.7748
"Bourne legacy",1371677580,1485068256,113390676,52102885.7748
"Bourne legacy",1371687960,1485068256,113380296,52102885.7748
"Bourne legacy",1371687960,1374187500,2499540,52102885.7748
"Bourne legacy",1371688320,1371690060,1740,52102885.7748
"Bourne legacy",1371688740,1485068256,113379516,52102885.7748
"Bourne legacy",1371688740,1371781620,92880,52102885.7748
"Bourne legacy",1371694800,1485068256,113373456,52102885.7748
"Bourne legacy",1371694800,1373942580,2247780,52102885.7748
"Bourne legacy",1371745980,1485068256,113322276,52102885.7748
"Bourne legacy",1371745980,1374197400,2451420,52102885.7748
"Bourne legacy",1371749340,1485068256,113318916,52102885.7748
"Bourne legacy",1371753060,1485068256,113315196,52102885.7748
"Bourne legacy",1371755040,1485068256,113313216,52102885.7748
"Bourne legacy",1371755040,1372105320,350280,52102885.7748
"Bourne legacy",1371755640,1485068256,113312616,52102885.7748
"Bourne legacy",1371755640,1372272540,516900,52102885.7748
"Bourne legacy",1371757860,1485068256,113310396,52102885.7748
"Bourne legacy",1371757860,1373057640,1299780,52102885.7748
"Bourne legacy",1371758640,1485068256,113309616,52102885.7748
"Bourne legacy",1371758640,1374178680,2420040,52102885.7748
"Bourne legacy",1371759060,1485068256,113309196,52102885.7748
"Bourne legacy",1371762660,1485068256,113305596,52102885.7748
"Bourne legacy",1371762660,1372370880,608220,52102885.7748
"Bourne legacy",1371765660,1485068256,113302596,52102885.7748
"Bourne legacy",1371765660,1372280880,515220,52102885.7748
"Bourne legacy",1371766260,1485068256,113301996,52102885.7748
"Bourne legacy",1371766260,1372376520,610260,52102885.7748
"Bourne legacy",1371769320,1485068256,113298936,52102885.7748
"Bourne legacy",1371772920,1485068256,113295336,52102885.7748
"Bourne legacy",1371772920,1374200460,2427540,52102885.7748
"Bourne legacy",1371773160,1485068256,113295096,52102885.7748
"Bourne legacy",1371773160,1374276540,2503380,52102885.7748
"Bourne legacy",1371773640,1485068256,113294616,52102885.7748
"Bourne legacy",1371773640,1374275520,2501880,52102885.7748
"Bourne legacy",1371776340,1485068256,113291916,52102885.7748
"Bourne legacy",1371776340,1372899420,1123080,52102885.7748
"Bourne legacy",1371778140,1485068256,113290116,52102885.7748
"Bourne legacy",1371778140,1372205040,426900,52102885.7748
"Bourne legacy",1371840360,1485068256,113227896,52102885.7748
"Bourne legacy",1371841260,1485068256,113226996,52102885.7748
"Bourne legacy",1371841260,1372123320,282060,52102885.7748
"Bourne legacy",1371843300,1485068256,113224956,52102885.7748
"Bourne legacy",1371843300,1372905180,1061880,52102885.7748
"Bourne legacy",1371844440,1485068256,113223816,52102885.7748
"Bourne legacy",1371844440,1372188960,344520,52102885.7748
"Bourne legacy",1371846120,1485068256,113222136,52102885.7748
"Bourne legacy",1371846120,1374265380,2419260,52102885.7748
"Bourne legacy",1371847980,1485068256,113220276,52102885.7748
"Bourne legacy",1371847980,1374871380,3023400,52102885.7748
"Bourne legacy",1371852300,1485068256,113215956,52102885.7748
"Bourne legacy",1371852300,1372030020,177720,52102885.7748
"Bourne legacy",1371852780,1485068256,113215476,52102885.7748
"Bourne legacy",1371852780,1372717920,865140,52102885.7748
"Bourne legacy",1371853560,1485068256,113214696,52102885.7748
"Bourne legacy",1371853560,1485068256,113214696,52102885.7748
"Bourne legacy",1371853560,1371932220,78660,52102885.7748
"Bourne legacy",1371853560,1372441980,588420,52102885.7748
"Bourne legacy",1371857100,1485068256,113211156,52102885.7748
"Bourne legacy",1371857100,1373676420,1819320,52102885.7748
"Bourne legacy",1371860460,1485068256,113207796,52102885.7748
"Bourne legacy",1371860460,1372542000,681540,52102885.7748
"Bourne legacy",1371862560,1485068256,113205696,52102885.7748
"Bourne legacy",1371862560,1374025920,2163360,52102885.7748
"Bourne legacy",1371920520,1485068256,113147736,52102885.7748
"Bourne legacy",1371920520,1373228940,1308420,52102885.7748
"Bourne legacy",1371931320,1485068256,113136936,52102885.7748
"Bourne legacy",1371931320,1372372740,441420,52102885.7748
"Bourne legacy",1371938100,1485068256,113130156,52102885.7748
"Bourne legacy",1371938100,1373146440,1208340,52102885.7748
"Bourne legacy",1371940920,1485068256,113127336,52102885.7748
"Bourne legacy",1371940920,1372195740,254820,52102885.7748
"Bourne legacy",1371941880,1485068256,113126376,52102885.7748
"Bourne legacy",1371942000,1485068256,113126256,52102885.7748
"Bourne legacy",1371942000,1373152260,1210260,52102885.7748
"Bourne legacy",1371943020,1485068256,113125236,52102885.7748
"Bourne legacy",1371943020,1372113840,170820,52102885.7748
"Bourne legacy",1371945300,1485068256,113122956,52102885.7748
"Bourne legacy",1371945300,1372701480,756180,52102885.7748
"Bourne legacy",1371945600,1485068256,113122656,52102885.7748
"Bourne legacy",1371945600,1375559580,3613980,52102885.7748
"Bourne legacy",1371946140,1485068256,113122116,52102885.7748
"Bourne legacy",1371946140,1374358560,2412420,52102885.7748
"Bourne legacy",1371946740,1485068256,113121516,52102885.7748
"Bourne legacy",1371948360,1485068256,113119896,52102885.7748
"Bourne legacy",1371948360,1372125900,177540,52102885.7748
"Bourne legacy",1372019160,1485068256,113049096,52102885.7748
"Bourne legacy",1372019160,1372189380,170220,52102885.7748
"Bourne legacy",1372019640,1485068256,113048616,52102885.7748
"Bourne legacy",1372019640,1372203180,183540,52102885.7748
"Bourne legacy",1372029720,1485068256,113038536,52102885.7748
"Bourne legacy",1372029720,1485068256,113038536,52102885.7748
"Bourne legacy",1372029720,1372185180,155460,52102885.7748
"Bourne legacy",1372029720,1372717140,687420,52102885.7748
"Bourne legacy",1372094880,1485068256,112973376,52102885.7748
"Bourne legacy",1372094880,1375308660,3213780,52102885.7748
"Bourne legacy",1372095240,1485068256,112973016,52102885.7748
"Bourne legacy",1372095240,1374513900,2418660,52102885.7748
"Bourne legacy",1372098360,1485068256,112969896,52102885.7748
"Bourne legacy",1372098360,1374516120,2417760,52102885.7748
"Bourne legacy",1372100880,1485068256,112967376,52102885.7748
"Bourne legacy",1372102860,1485068256,112965396,52102885.7748
"Bourne legacy",1372102860,1374112380,2009520,52102885.7748
"Bourne legacy",1372107720,1485068256,112960536,52102885.7748
"Bourne legacy",1372108920,1485068256,112959336,52102885.7748
"Bourne legacy",1372108920,1373235300,1126380,52102885.7748
"Bourne legacy",1372109700,1485068256,112958556,52102885.7748
"Bourne legacy",1372109700,1373321820,1212120,52102885.7748
"Bourne legacy",1372110720,1485068256,112957536,52102885.7748
"Bourne legacy",1372110720,1372443720,333000,52102885.7748
"Bourne legacy",1372114860,1485068256,112953396,52102885.7748
"Bourne legacy",1372114860,1372715760,600900,52102885.7748
"Bourne legacy",1372116780,1485068256,112951476,52102885.7748
"Bourne legacy",1372116780,1372812000,695220,52102885.7748
"Bourne legacy",1372118760,1485068256,112949496,52102885.7748
"Bourne legacy",1372123020,1485068256,112945236,52102885.7748
"Bourne legacy",1372123020,1373234100,1111080,52102885.7748
"Bourne legacy",1372123680,1485068256,112944576,52102885.7748
"Bourne legacy",1372123680,1372891740,768060,52102885.7748
"Bourne legacy",1372123740,1485068256,112944516,52102885.7748
"Bourne legacy",1372123740,1373231280,1107540,52102885.7748
"Bourne legacy",1372124400,1485068256,112943856,52102885.7748
"Bourne legacy",1372124400,1373334120,1209720,52102885.7748
"Bourne legacy",1372125120,1485068256,112943136,52102885.7748
"Bourne legacy",1372125120,1373422860,1297740,52102885.7748
"Bourne legacy",1372125360,1485068256,112942896,52102885.7748
"Bourne legacy",1372125360,1372198200,72840,52102885.7748
"Bourne legacy",1372127640,1485068256,112940616,52102885.7748
"Bourne legacy",1372127640,1372904340,776700,52102885.7748
"Bourne legacy",1372180200,1485068256,112888056,52102885.7748
"Bourne legacy",1372183500,1485068256,112884756,52102885.7748
"Bourne legacy",1372183500,1372456260,272760,52102885.7748
"Bourne legacy",1372193640,1485068256,112874616,52102885.7748
"Bourne legacy",1372193640,1372543140,349500,52102885.7748
"Bourne legacy",1372194660,1485068256,112873596,52102885.7748
"Bourne legacy",1372194660,1485068256,112873596,52102885.7748
"Bourne legacy",1372194660,1373316480,1121820,52102885.7748
"Bourne legacy",1372197300,1485068256,112870956,52102885.7748
"Bourne legacy",1372197300,1372629120,431820,52102885.7748
"Bourne legacy",1372199460,1485068256,112868796,52102885.7748
"Bourne legacy",1372199460,1372525920,326460,52102885.7748
"Bourne legacy",1372201920,1485068256,112866336,52102885.7748
"Bourne legacy",1372201920,1372368180,166260,52102885.7748
"Bourne legacy",1372205220,1485068256,112863036,52102885.7748
"Bourne legacy",1372205220,1372623060,417840,52102885.7748
"Bourne legacy",1372206120,1485068256,112862136,52102885.7748
"Bourne legacy",1372206120,1373330520,1124400,52102885.7748
"Bourne legacy",1372207320,1485068256,112860936,52102885.7748
"Bourne legacy",1372207320,1373921700,1714380,52102885.7748
"Bourne legacy",1372267920,1485068256,112800336,52102885.7748
"Bourne legacy",1372267920,1485068256,112800336,52102885.7748
"Bourne legacy",1372267920,1373136300,868380,52102885.7748
"Bourne legacy",1372267920,1373136360,868440,52102885.7748
"Bourne legacy",1372297080,1485068256,112771176,52102885.7748
"Bourne legacy",1372297080,1373320320,1023240,52102885.7748
"Bourne legacy",1372300500,1485068256,112767756,52102885.7748
"Bourne legacy",1372300500,1372729860,429360,52102885.7748
"Bourne legacy",1372356540,1485068256,112711716,52102885.7748
"Bourne legacy",1372359720,1485068256,112708536,52102885.7748
"Bourne legacy",1372366080,1485068256,112702176,52102885.7748
"Bourne legacy",1372366080,1373409060,1042980,52102885.7748
"Bourne legacy",1372366440,1485068256,112701816,52102885.7748
"Bourne legacy",1372366440,1372546440,180000,52102885.7748
"Bourne legacy",1372367520,1485068256,112700736,52102885.7748
"Bourne legacy",1372367520,1373058360,690840,52102885.7748
"Bourne legacy",1372374300,1485068256,112693956,52102885.7748
"Bourne legacy",1372374300,1372718520,344220,52102885.7748
"Bourne legacy",1372376820,1485068256,112691436,52102885.7748
"Bourne legacy",1372376820,1373670540,1293720,52102885.7748
"Bourne legacy",1372378680,1485068256,112689576,52102885.7748
"Bourne legacy",1372441320,1485068256,112626936,52102885.7748
"Bourne legacy",1372441560,1485068256,112626696,52102885.7748
"Bourne legacy",1372441560,1374859380,2417820,52102885.7748
"Bourne legacy",1372442700,1485068256,112625556,52102885.7748
"Bourne legacy",1372442700,1372888200,445500,52102885.7748
"Bourne legacy",1372444260,1485068256,112623996,52102885.7748
"Bourne legacy",1372444260,1372726680,282420,52102885.7748
"Bourne legacy",1372446240,1485068256,112622016,52102885.7748
"Bourne legacy",1372446240,1373140680,694440,52102885.7748
"Bourne legacy",1372452540,1485068256,112615716,52102885.7748
"Bourne legacy",1372452540,1374449160,1996620,52102885.7748
"Bourne legacy",1372453440,1485068256,112614816,52102885.7748
"Bourne legacy",1372456140,1485068256,112612116,52102885.7748
"Bourne legacy",1372456140,1373049540,593400,52102885.7748
"Bourne legacy",1372458960,1485068256,112609296,52102885.7748
"Bourne legacy",1372458960,1373314560,855600,52102885.7748
"Bourne legacy",1372528140,1485068256,112540116,52102885.7748
"Bourne legacy",1372528140,1373148960,620820,52102885.7748
"Bourne legacy",1372528620,1485068256,112539636,52102885.7748
"Bourne legacy",1372528620,1374967740,2439120,52102885.7748
"Bourne legacy",1372529760,1485068256,112538496,52102885.7748
"Bourne legacy",1372529760,1373146920,617160,52102885.7748
"Bourne legacy",1372533720,1485068256,112534536,52102885.7748
"Bourne legacy",1372533720,1373054640,520920,52102885.7748
"Bourne legacy",1372533960,1485068256,112534296,52102885.7748
"Bourne legacy",1372533960,1372714500,180540,52102885.7748
"Bourne legacy",1372534020,1485068256,112534236,52102885.7748
"Bourne legacy",1372534200,1485068256,112534056,52102885.7748
"Bourne legacy",1372534200,1375571460,3037260,52102885.7748
"Bourne legacy",1372540860,1485068256,112527396,52102885.7748
"Bourne legacy",1372540860,1485068256,112527396,52102885.7748
"Bourne legacy",1372540860,1372709220,168360,52102885.7748
"Bourne legacy",1372540860,1373571600,1030740,52102885.7748
"Bourne legacy",1372544460,1485068256,112523796,52102885.7748
"Bourne legacy",1372544460,1373149500,605040,52102885.7748
"Bourne legacy",1372548720,1485068256,112519536,52102885.7748
"Bourne legacy",1372548720,1374707580,2158860,52102885.7748
"Bourne legacy",1372553820,1485068256,112514436,52102885.7748
"Bourne legacy",1372553820,1373155380,601560,52102885.7748
"Bourne legacy",1372553880,1485068256,112514376,52102885.7748
"Bourne legacy",1372553880,1372716360,162480,52102885.7748
"Bourne legacy",1372632840,1485068256,112435416,52102885.7748
"Bourne legacy",1372632840,1373150280,517440,52102885.7748
"Bourne legacy",1372699020,1485068256,112369236,52102885.7748
"Bourne legacy",1372699020,1373739660,1040640,52102885.7748
"Bourne legacy",1372700880,1485068256,112367376,52102885.7748
"Bourne legacy",1372700880,1372876080,175200,52102885.7748
"Bourne legacy",1372705140,1485068256,112363116,52102885.7748
"Bourne legacy",1372705140,1372875660,170520,52102885.7748
"Bourne legacy",1372709520,1485068256,112358736,52102885.7748
"Bourne legacy",1372709520,1375474620,2765100,52102885.7748
"Bourne legacy",1372709760,1485068256,112358496,52102885.7748
"Bourne legacy",1372709760,1373232060,522300,52102885.7748
"Bourne legacy",1372710960,1485068256,112357296,52102885.7748
"Bourne legacy",1372716060,1485068256,112352196,52102885.7748
"Bourne legacy",1372716060,1375738980,3022920,52102885.7748
"Bourne legacy",1372721100,1485068256,112347156,52102885.7748
"Bourne legacy",1372721100,1373762100,1041000,52102885.7748
"Bourne legacy",1372725180,1485068256,112343076,52102885.7748
"Bourne legacy",1372725180,1373235360,510180,52102885.7748
"Bourne legacy",1372725540,1485068256,112342716,52102885.7748
"Bourne legacy",1372725540,1372881240,155700,52102885.7748
"Bourne legacy",1372731540,1485068256,112336716,52102885.7748
"Bourne legacy",1372732500,1485068256,112335756,52102885.7748
"Bourne legacy",1372732500,1373561100,828600,52102885.7748
"Bourne legacy",1372732740,1485068256,112335516,52102885.7748
"Bourne legacy",1372732740,1373935920,1203180,52102885.7748
"Bourne legacy",1372733040,1485068256,112335216,52102885.7748
"Bourne legacy",1372733040,1373337240,604200,52102885.7748
"Bourne legacy",1372788360,1485068256,112279896,52102885.7748
"Bourne legacy",1372788360,1373315400,527040,52102885.7748
"Bourne legacy",1372788960,1485068256,112279296,52102885.7748
"Bourne legacy",1372788960,1373656800,867840,52102885.7748
"Bourne legacy",1372796580,1485068256,112271676,52102885.7748
"Bourne legacy",1372796580,1373401440,604860,52102885.7748
"Bourne legacy",1372797180,1485068256,112271076,52102885.7748
"Bourne legacy",1372797180,1373323320,526140,52102885.7748
"Bourne legacy",1372798740,1485068256,112269516,52102885.7748
"Bourne legacy",1372804860,1485068256,112263396,52102885.7748
"Bourne legacy",1372806240,1485068256,112262016,52102885.7748
"Bourne legacy",1372806240,1374354540,1548300,52102885.7748
"Bourne legacy",1372807800,1485068256,112260456,52102885.7748
"Bourne legacy",1372809540,1485068256,112258716,52102885.7748
"Bourne legacy",1372809540,1373235180,425640,52102885.7748
"Bourne legacy",1372816440,1485068256,112251816,52102885.7748
"Bourne legacy",1372816920,1485068256,112251336,52102885.7748
"Bourne legacy",1372816920,1373058120,241200,52102885.7748
"Bourne legacy",1372876980,1485068256,112191276,52102885.7748
"Bourne legacy",1372880520,1485068256,112187736,52102885.7748
"Bourne legacy",1372880520,1373227500,346980,52102885.7748
"Bourne legacy",1372883700,1485068256,112184556,52102885.7748
"Bourne legacy",1372883700,1373916960,1033260,52102885.7748
"Bourne legacy",1372887240,1485068256,112181016,52102885.7748
"Bourne legacy",1372887240,1373048160,160920,52102885.7748
"Bourne legacy",1372902180,1485068256,112166076,52102885.7748
"Bourne legacy",1372902180,1373332260,430080,52102885.7748
"Bourne legacy",1373046780,1485068256,112021476,52102885.7748
"Bourne legacy",1373046780,1373240520,193740,52102885.7748
"Bourne legacy",1373052540,1485068256,112015716,52102885.7748
"Bourne legacy",1373052540,1373913840,861300,52102885.7748
"Bourne legacy",1373057760,1485068256,112010496,52102885.7748
"Bourne legacy",1373057760,1373595480,537720,52102885.7748
"Bourne legacy",1373060640,1485068256,112007616,52102885.7748
"Bourne legacy",1373060640,1373595600,534960,52102885.7748
"Bourne legacy",1373062560,1485068256,112005696,52102885.7748
"Bourne legacy",1373062560,1373410980,348420,52102885.7748
"Bourne legacy",1373063940,1485068256,112004316,52102885.7748
"Bourne legacy",1373063940,1375226280,2162340,52102885.7748
"Bourne legacy",1373068080,1485068256,112000176,52102885.7748
"Bourne legacy",1373068680,1485068256,111999576,52102885.7748
"Bourne legacy",1373068680,1373321640,252960,52102885.7748
"Bourne legacy",1373137800,1485068256,111930456,52102885.7748
"Bourne legacy",1373137800,1373395260,257460,52102885.7748
"Bourne legacy",1373137920,1485068256,111930336,52102885.7748
"Bourne legacy",1373137920,1373308860,170940,52102885.7748
"Bourne legacy",1373146140,1485068256,111922116,52102885.7748
"Bourne legacy",1373146140,1373394600,248460,52102885.7748
"Bourne legacy",1373147340,1485068256,111920916,52102885.7748
"Bourne legacy",1373147340,1373753520,606180,52102885.7748
"Bourne legacy",1373147820,1485068256,111920436,52102885.7748
"Bourne legacy",1373149380,1485068256,111918876,52102885.7748
"Bourne legacy",1373149800,1485068256,111918456,52102885.7748
"Bourne legacy",1373150820,1485068256,111917436,52102885.7748
"Bourne legacy",1373150820,1373486160,335340,52102885.7748
"Bourne legacy",1373151360,1485068256,111916896,52102885.7748
"Bourne legacy",1373151360,1373761320,609960,52102885.7748
"Bourne legacy",1373154360,1485068256,111913896,52102885.7748
"Bourne legacy",1373154360,1375577220,2422860,52102885.7748
"Bourne legacy",1373157300,1485068256,111910956,52102885.7748
"Bourne legacy",1373157300,1373760780,603480,52102885.7748
"Bourne legacy",1373157900,1485068256,111910356,52102885.7748
"Bourne legacy",1373157900,1373943360,785460,52102885.7748
"Bourne legacy",1373226600,1485068256,111841656,52102885.7748
"Bourne legacy",1373226600,1374437460,1210860,52102885.7748
"Bourne legacy",1373230560,1485068256,111837696,52102885.7748
"Bourne legacy",1373231760,1485068256,111836496,52102885.7748
"Bourne legacy",1373231760,1374014580,782820,52102885.7748
"Bourne legacy",1373232720,1485068256,111835536,52102885.7748
"Bourne legacy",1373232720,1373670780,438060,52102885.7748
"Bourne legacy",1373235900,1485068256,111832356,52102885.7748
"Bourne legacy",1373236440,1485068256,111831816,52102885.7748
"Bourne legacy",1373236440,1373323620,87180,52102885.7748
"Bourne legacy",1373239080,1485068256,111829176,52102885.7748
"Bourne legacy",1373239080,1373674320,435240,52102885.7748
"Bourne legacy",1373239380,1485068256,111828876,52102885.7748
"Bourne legacy",1373239380,1485068256,111828876,52102885.7748
"Bourne legacy",1373239380,1374188460,949080,52102885.7748
"Bourne legacy",1373241300,1485068256,111826956,52102885.7748
"Bourne legacy",1373306820,1485068256,111761436,52102885.7748
"Bourne legacy",1373306820,1373741700,434880,52102885.7748
"Bourne legacy",1373307600,1485068256,111760656,52102885.7748
"Bourne legacy",1373307600,1376607960,3300360,52102885.7748
"Bourne legacy",1373307660,1485068256,111760596,52102885.7748
"Bourne legacy",1373314080,1485068256,111754176,52102885.7748
"Bourne legacy",1373314080,1375126260,1812180,52102885.7748
"Bourne legacy",1373314500,1485068256,111753756,52102885.7748
"Bourne legacy",1373314500,1374524040,1209540,52102885.7748
"Bourne legacy",1373314560,1485068256,111753696,52102885.7748
"Bourne legacy",1373314680,1485068256,111753576,52102885.7748
"Bourne legacy",1373314680,1374529800,1215120,52102885.7748
"Bourne legacy",1373316180,1485068256,111752076,52102885.7748
"Bourne legacy",1373316180,1374538560,1222380,52102885.7748
"Bourne legacy",1373317440,1485068256,111750816,52102885.7748
"Bourne legacy",1373317440,1373924340,606900,52102885.7748
"Bourne legacy",1373317860,1485068256,111750396,52102885.7748
"Bourne legacy",1373317860,1373757840,439980,52102885.7748
"Bourne legacy",1373320680,1485068256,111747576,52102885.7748
"Bourne legacy",1373320680,1374023040,702360,52102885.7748
"Bourne legacy",1373321160,1485068256,111747096,52102885.7748
"Bourne legacy",1373324700,1485068256,111743556,52102885.7748
"Bourne legacy",1373337900,1485068256,111730356,52102885.7748
"Bourne legacy",1373337900,1376867520,3529620,52102885.7748
"Bourne legacy",1373395200,1485068256,111673056,52102885.7748
"Bourne legacy",1373395200,1373575320,180120,52102885.7748
"Bourne legacy",1373398740,1485068256,111669516,52102885.7748
"Bourne legacy",1373398740,1375149240,1750500,52102885.7748
"Bourne legacy",1373401740,1485068256,111666516,52102885.7748
"Bourne legacy",1373403600,1485068256,111664656,52102885.7748
"Bourne legacy",1373403600,1374514020,1110420,52102885.7748
"Bourne legacy",1373403960,1485068256,111664296,52102885.7748
"Bourne legacy",1373403960,1374018000,614040,52102885.7748
"Bourne legacy",1373406780,1485068256,111661476,52102885.7748
"Bourne legacy",1373406780,1373659620,252840,52102885.7748
"Bourne legacy",1373411040,1485068256,111657216,52102885.7748
"Bourne legacy",1373411220,1485068256,111657036,52102885.7748
"Bourne legacy",1373411220,1376862720,3451500,52102885.7748
"Bourne legacy",1373412600,1485068256,111655656,52102885.7748
"Bourne legacy",1373412600,1373589360,176760,52102885.7748
"Bourne legacy",1373413680,1485068256,111654576,52102885.7748
"Bourne legacy",1373413680,1373500920,87240,52102885.7748
"Bourne legacy",1373421900,1485068256,111646356,52102885.7748
"Bourne legacy",1373421900,1374449400,1027500,52102885.7748
"Bourne legacy",1373423580,1485068256,111644676,52102885.7748
"Bourne legacy",1373423580,1374091980,668400,52102885.7748
"Bourne legacy",1373424120,1485068256,111644136,52102885.7748
"Bourne legacy",1373424120,1374002580,578460,52102885.7748
"Bourne legacy",1373478000,1485068256,111590256,52102885.7748
"Bourne legacy",1373478000,1374702060,1224060,52102885.7748
"Bourne legacy",1373481540,1485068256,111586716,52102885.7748
"Bourne legacy",1373482080,1485068256,111586176,52102885.7748
"Bourne legacy",1373482080,1376341380,2859300,52102885.7748
"Bourne legacy",1373489460,1485068256,111578796,52102885.7748
"Bourne legacy",1373489460,1374112380,622920,52102885.7748
"Bourne legacy",1373491680,1485068256,111576576,52102885.7748
"Bourne legacy",1373491680,1374359100,867420,52102885.7748
"Bourne legacy",1373492820,1485068256,111575436,52102885.7748
"Bourne legacy",1373492820,1374018120,525300,52102885.7748
"Bourne legacy",1373502960,1485068256,111565296,52102885.7748
"Bourne legacy",1373502960,1373589240,86280,52102885.7748
"Bourne legacy",1373568720,1485068256,111499536,52102885.7748
"Bourne legacy",1373568720,1374541800,973080,52102885.7748
"Bourne legacy",1373572500,1485068256,111495756,52102885.7748
"Bourne legacy",1373573700,1485068256,111494556,52102885.7748
"Bourne legacy",1373573700,1374088080,514380,52102885.7748
"Bourne legacy",1373574180,1485068256,111494076,52102885.7748
"Bourne legacy",1373583420,1485068256,111484836,52102885.7748
"Bourne legacy",1373590500,1485068256,111477756,52102885.7748
"Bourne legacy",1373593500,1485068256,111474756,52102885.7748
"Bourne legacy",1373593500,1373927460,333960,52102885.7748
"Bourne legacy",1373597160,1485068256,111471096,52102885.7748
"Bourne legacy",1373597160,1373755080,157920,52102885.7748
"Bourne legacy",1373661420,1485068256,111406836,52102885.7748
"Bourne legacy",1373661420,1373830320,168900,52102885.7748
"Bourne legacy",1373662320,1485068256,111405936,52102885.7748
"Bourne legacy",1373662320,1374279180,616860,52102885.7748
"Bourne legacy",1373664240,1485068256,111404016,52102885.7748
"Bourne legacy",1373664240,1374433800,769560,52102885.7748
"Bourne legacy",1373668740,1485068256,111399516,52102885.7748
"Bourne legacy",1373668740,1374783360,1114620,52102885.7748
"Bourne legacy",1373671740,1485068256,111396516,52102885.7748
"Bourne legacy",1373671740,1374613980,942240,52102885.7748
"Bourne legacy",1373676900,1485068256,111391356,52102885.7748
"Bourne legacy",1373676900,1374186720,509820,52102885.7748
"Bourne legacy",1373748060,1485068256,111320196,52102885.7748
"Bourne legacy",1373748360,1485068256,111319896,52102885.7748
"Bourne legacy",1373748360,1374522720,774360,52102885.7748
"Bourne legacy",1373756160,1485068256,111312096,52102885.7748
"Bourne legacy",1373756160,1374520860,764700,52102885.7748
"Bourne legacy",1373757900,1485068256,111310356,52102885.7748
"Bourne legacy",1373757900,1374625980,868080,52102885.7748
"Bourne legacy",1373760900,1485068256,111307356,52102885.7748
"Bourne legacy",1373760900,1374264240,503340,52102885.7748
"Bourne legacy",1373761560,1485068256,111306696,52102885.7748
"Bourne legacy",1373761560,1374962940,1201380,52102885.7748
"Bourne legacy",1373833320,1485068256,111234936,52102885.7748
"Bourne legacy",1373833320,1375123380,1290060,52102885.7748
"Bourne legacy",1373835900,1485068256,111232356,52102885.7748
"Bourne legacy",1373835900,1374793620,957720,52102885.7748
"Bourne legacy",1373842260,1485068256,111225996,52102885.7748
"Bourne legacy",1373842260,1375049280,1207020,52102885.7748
"Bourne legacy",1373843160,1485068256,111225096,52102885.7748
"Bourne legacy",1373843160,1374969660,1126500,52102885.7748
"Bourne legacy",1373849700,1485068256,111218556,52102885.7748
"Bourne legacy",1373849700,1375409340,1559640,52102885.7748
"Bourne legacy",1373909220,1485068256,111159036,52102885.7748
"Bourne legacy",1373909220,1375140960,1231740,52102885.7748
"Bourne legacy",1373910840,1485068256,111157416,52102885.7748
"Bourne legacy",1373914320,1485068256,111153936,52102885.7748
"Bourne legacy",1373914320,1375829940,1915620,52102885.7748
"Bourne legacy",1373919120,1485068256,111149136,52102885.7748
"Bourne legacy",1373919120,1382386440,8467320,52102885.7748
"Bourne legacy",1373919300,1485068256,111148956,52102885.7748
"Bourne legacy",1373919300,1375132320,1213020,52102885.7748
"Bourne legacy",1373919420,1485068256,111148836,52102885.7748
"Bourne legacy",1373919420,1376943600,3024180,52102885.7748
"Bourne legacy",1373924820,1485068256,111143436,52102885.7748
"Bourne legacy",1373925720,1485068256,111142536,52102885.7748
"Bourne legacy",1373925720,1374185100,259380,52102885.7748
"Bourne legacy",1373932080,1485068256,111136176,52102885.7748
"Bourne legacy",1373932860,1485068256,111135396,52102885.7748
"Bourne legacy",1373932860,1374622680,689820,52102885.7748
"Bourne legacy",1373933520,1485068256,111134736,52102885.7748
"Bourne legacy",1373933520,1374278220,344700,52102885.7748
"Bourne legacy",1373935200,1485068256,111133056,52102885.7748
"Bourne legacy",1373938560,1485068256,111129696,52102885.7748
"Bourne legacy",1373938560,1374805080,866520,52102885.7748
"Bourne legacy",1373939520,1485068256,111128736,52102885.7748
"Bourne legacy",1373939520,1374546660,607140,52102885.7748
"Bourne legacy",1373941080,1373941080,0,52102885.7748
"Bourne legacy",1373941140,1485068256,111127116,52102885.7748
"Bourne legacy",1373998620,1485068256,111069636,52102885.7748
"Bourne legacy",1373998620,1374700920,702300,52102885.7748
"Bourne legacy",1374012600,1485068256,111055656,52102885.7748
"Bourne legacy",1374013260,1485068256,111054996,52102885.7748
"Bourne legacy",1374013260,1374344940,331680,52102885.7748
"Bourne legacy",1374014340,1485068256,111053916,52102885.7748
"Bourne legacy",1374016980,1485068256,111051276,52102885.7748
"Bourne legacy",1374020340,1485068256,111047916,52102885.7748
"Bourne legacy",1374020340,1377129480,3109140,52102885.7748
"Bourne legacy",1374021840,1485068256,111046416,52102885.7748
"Bourne legacy",1374021840,1374688860,667020,52102885.7748
"Bourne legacy",1374022380,1485068256,111045876,52102885.7748
"Bourne legacy",1374022380,1375303080,1280700,52102885.7748
"Bourne legacy",1374023520,1485068256,111044736,52102885.7748
"Bourne legacy",1374023520,1376152560,2129040,52102885.7748
"Bourne legacy",1374023880,1485068256,111044376,52102885.7748
"Bourne legacy",1374023880,1375232580,1208700,52102885.7748
"Bourne legacy",1374026640,1485068256,111041616,52102885.7748
"Bourne legacy",1374026640,1377041760,3015120,52102885.7748
"Bourne legacy",1374080580,1485068256,110987676,52102885.7748
"Bourne legacy",1374080580,1374867840,787260,52102885.7748
"Bourne legacy",1374081780,1485068256,110986476,52102885.7748
"Bourne legacy",1374082860,1485068256,110985396,52102885.7748
"Bourne legacy",1374082860,1374700740,617880,52102885.7748
"Bourne legacy",1374094440,1485068256,110973816,52102885.7748
"Bourne legacy",1374094440,1377117780,3023340,52102885.7748
"Bourne legacy",1374095160,1485068256,110973096,52102885.7748
"Bourne legacy",1374095160,1374543660,448500,52102885.7748
"Bourne legacy",1374107400,1485068256,110960856,52102885.7748
"Bourne legacy",1374107400,1375293300,1185900,52102885.7748
"Bourne legacy",1374115620,1485068256,110952636,52102885.7748
"Bourne legacy",1374172740,1485068256,110895516,52102885.7748
"Bourne legacy",1374177900,1485068256,110890356,52102885.7748
"Bourne legacy",1374177900,1375376760,1198860,52102885.7748
"Bourne legacy",1374196980,1485068256,110871276,52102885.7748
"Bourne legacy",1374196980,1375492440,1295460,52102885.7748
"Bourne legacy",1374253920,1485068256,110814336,52102885.7748
"Bourne legacy",1374253920,1374686040,432120,52102885.7748
"Bourne legacy",1374256500,1485068256,110811756,52102885.7748
"Bourne legacy",1374256500,1374695040,438540,52102885.7748
"Bourne legacy",1374278400,1485068256,110789856,52102885.7748
"Bourne legacy",1374279600,1485068256,110788656,52102885.7748
"Bourne legacy",1374279600,1374801720,522120,52102885.7748
"Bourne legacy",1374280020,1485068256,110788236,52102885.7748
"Bourne legacy",1374280020,1375741560,1461540,52102885.7748
"Bourne legacy",1374343860,1485068256,110724396,52102885.7748
"Bourne legacy",1374343860,1375651800,1307940,52102885.7748
"Bourne legacy",1374347880,1485068256,110720376,52102885.7748
"Bourne legacy",1374347880,1375481940,1134060,52102885.7748
"Bourne legacy",1374348240,1485068256,110720016,52102885.7748
"Bourne legacy",1374348240,1375573500,1225260,52102885.7748
"Bourne legacy",1374351900,1485068256,110716356,52102885.7748
"Bourne legacy",1374351900,1374621000,269100,52102885.7748
"Bourne legacy",1374353880,1485068256,110714376,52102885.7748
"Bourne legacy",1374353880,1374527760,173880,52102885.7748
"Bourne legacy",1374356520,1485068256,110711736,52102885.7748
"Bourne legacy",1374357480,1485068256,110710776,52102885.7748
"Bourne legacy",1374357480,1375224360,866880,52102885.7748
"Bourne legacy",1374364020,1485068256,110704236,52102885.7748
"Bourne legacy",1374364020,1375227060,863040,52102885.7748
"Bourne legacy",1374366180,1485068256,110702076,52102885.7748
"Bourne legacy",1374366180,1374447900,81720,52102885.7748
"Bourne legacy",1374367740,1485068256,110700516,52102885.7748
"Bourne legacy",1374367740,1374622800,255060,52102885.7748
"Bourne legacy",1374368160,1485068256,110700096,52102885.7748
"Bourne legacy",1374433620,1485068256,110634636,52102885.7748
"Bourne legacy",1374433620,1374454200,20580,52102885.7748
"Bourne legacy",1374441180,1485068256,110627076,52102885.7748
"Bourne legacy",1374441180,1374701280,260100,52102885.7748
"Bourne legacy",1374449700,1485068256,110618556,52102885.7748
"Bourne legacy",1374449700,1375046940,597240,52102885.7748
"Bourne legacy",1374516120,1485068256,110552136,52102885.7748
"Bourne legacy",1374516240,1485068256,110552016,52102885.7748
"Bourne legacy",1374516240,1374861240,345000,52102885.7748
"Bourne legacy",1374523260,1485068256,110544996,52102885.7748
"Bourne legacy",1374523260,1374861120,337860,52102885.7748
"Bourne legacy",1374526800,1485068256,110541456,52102885.7748
"Bourne legacy",1374526800,1485068256,110541456,52102885.7748
"Bourne legacy",1374526800,1375723740,1196940,52102885.7748
"Bourne legacy",1374529080,1485068256,110539176,52102885.7748
"Bourne legacy",1374529080,1374702300,173220,52102885.7748
"Bourne legacy",1374540180,1485068256,110528076,52102885.7748
"Bourne legacy",1374540180,1375743300,1203120,52102885.7748
"Bourne legacy",1374599700,1485068256,110468556,52102885.7748
"Bourne legacy",1374599700,1376002200,1402500,52102885.7748
"Bourne legacy",1374600120,1485068256,110468136,52102885.7748
"Bourne legacy",1374600120,1375134240,534120,52102885.7748
"Bourne legacy",1374606300,1485068256,110461956,52102885.7748
"Bourne legacy",1374606300,1375648260,1041960,52102885.7748
"Bourne legacy",1374606720,1485068256,110461536,52102885.7748
"Bourne legacy",1374610680,1485068256,110457576,52102885.7748
"Bourne legacy",1374610680,1375817880,1207200,52102885.7748
"Bourne legacy",1374611040,1485068256,110457216,52102885.7748
"Bourne legacy",1374611040,1374707520,96480,52102885.7748
"Bourne legacy",1374620100,1485068256,110448156,52102885.7748
"Bourne legacy",1374620100,1375233420,613320,52102885.7748
"Bourne legacy",1374622320,1485068256,110445936,52102885.7748
"Bourne legacy",1374622320,1375294380,672060,52102885.7748
"Bourne legacy",1374625020,1485068256,110443236,52102885.7748
"Bourne legacy",1374625020,1375574100,949080,52102885.7748
"Bourne legacy",1374629400,1485068256,110438856,52102885.7748
"Bourne legacy",1374629400,1375832460,1203060,52102885.7748
"Bourne legacy",1374689340,1485068256,110378916,52102885.7748
"Bourne legacy",1374689340,1375723620,1034280,52102885.7748
"Bourne legacy",1374693960,1485068256,110374296,52102885.7748
"Bourne legacy",1374693960,1376008920,1314960,52102885.7748
"Bourne legacy",1374694620,1485068256,110373636,52102885.7748
"Bourne legacy",1374694620,1375047060,352440,52102885.7748
"Bourne legacy",1374694800,1485068256,110373456,52102885.7748
"Bourne legacy",1374694800,1374711720,16920,52102885.7748
"Bourne legacy",1374702840,1485068256,110365416,52102885.7748
"Bourne legacy",1374702840,1377645660,2942820,52102885.7748
"Bourne legacy",1374703740,1485068256,110364516,52102885.7748
"Bourne legacy",1374703740,1375398540,694800,52102885.7748
"Bourne legacy",1374703800,1485068256,110364456,52102885.7748
"Bourne legacy",1374703800,1375139700,435900,52102885.7748
"Bourne legacy",1374714360,1485068256,110353896,52102885.7748
"Bourne legacy",1374714360,1376431980,1717620,52102885.7748
"Bourne legacy",1374716520,1485068256,110351736,52102885.7748
"Bourne legacy",1374716520,1375130820,414300,52102885.7748
"Bourne legacy",1374718380,1485068256,110349876,52102885.7748
"Bourne legacy",1374772260,1485068256,110295996,52102885.7748
"Bourne legacy",1374772260,1375723560,951300,52102885.7748
"Bourne legacy",1374773460,1485068256,110294796,52102885.7748
"Bourne legacy",1374774840,1485068256,110293416,52102885.7748
"Bourne legacy",1374776700,1485068256,110291556,52102885.7748
"Bourne legacy",1374776700,1376264760,1488060,52102885.7748
"Bourne legacy",1374777000,1485068256,110291256,52102885.7748
"Bourne legacy",1374777000,1375398240,621240,52102885.7748
"Bourne legacy",1374781080,1485068256,110287176,52102885.7748
"Bourne legacy",1374781080,1375397760,616680,52102885.7748
"Bourne legacy",1374784140,1485068256,110284116,52102885.7748
"Bourne legacy",1374784140,1375119180,335040,52102885.7748
"Bourne legacy",1374792180,1485068256,110276076,52102885.7748
"Bourne legacy",1374792180,1375400340,608160,52102885.7748
"Bourne legacy",1374795360,1485068256,110272896,52102885.7748
"Bourne legacy",1374802740,1485068256,110265516,52102885.7748
"Bourne legacy",1374802740,1375397640,594900,52102885.7748
"Bourne legacy",1374860520,1485068256,110207736,52102885.7748
"Bourne legacy",1374860520,1375291200,430680,52102885.7748
"Bourne legacy",1374868740,1485068256,110199516,52102885.7748
"Bourne legacy",1374870360,1485068256,110197896,52102885.7748
"Bourne legacy",1374870360,1377289380,2419020,52102885.7748
"Bourne legacy",1374870420,1485068256,110197836,52102885.7748
"Bourne legacy",1374870420,1375827360,956940,52102885.7748
"Bourne legacy",1374873420,1485068256,110194836,52102885.7748
"Bourne legacy",1374873420,1380330600,5457180,52102885.7748
"Bourne legacy",1374882240,1485068256,110186016,52102885.7748
"Bourne legacy",1374885420,1485068256,110182836,52102885.7748
"Bourne legacy",1374885420,1375568220,682800,52102885.7748
"Bourne legacy",1374945000,1485068256,110123256,52102885.7748
"Bourne legacy",1374945000,1376427300,1482300,52102885.7748
"Bourne legacy",1374947460,1485068256,110120796,52102885.7748
"Bourne legacy",1374947460,1375230360,282900,52102885.7748
"Bourne legacy",1374947820,1485068256,110120436,52102885.7748
"Bourne legacy",1374947820,1375563780,615960,52102885.7748
"Bourne legacy",1374949140,1485068256,110119116,52102885.7748
"Bourne legacy",1374951660,1485068256,110116596,52102885.7748
"Bourne legacy",1374951660,1376604240,1652580,52102885.7748
"Bourne legacy",1374953460,1485068256,110114796,52102885.7748
"Bourne legacy",1374953940,1485068256,110114316,52102885.7748
"Bourne legacy",1374953940,1485068256,110114316,52102885.7748
"Bourne legacy",1374954540,1485068256,110113716,52102885.7748
"Bourne legacy",1374954540,1375566000,611460,52102885.7748
"Bourne legacy",1374956220,1485068256,110112036,52102885.7748
"Bourne legacy",1374956220,1377369960,2413740,52102885.7748
"Bourne legacy",1374956280,1485068256,110111976,52102885.7748
"Bourne legacy",1374956280,1375558620,602340,52102885.7748
"Bourne legacy",1374958980,1485068256,110109276,52102885.7748
"Bourne legacy",1374958980,1375315680,356700,52102885.7748
"Bourne legacy",1374959460,1485068256,110108796,52102885.7748
"Bourne legacy",1374959460,1375837140,877680,52102885.7748
"Bourne legacy",1374959940,1485068256,110108316,52102885.7748
"Bourne legacy",1374959940,1376090640,1130700,52102885.7748
"Bourne legacy",1374960660,1485068256,110107596,52102885.7748
"Bourne legacy",1374960660,1375921740,961080,52102885.7748
"Bourne legacy",1374961380,1485068256,110106876,52102885.7748
"Bourne legacy",1374961380,1376782740,1821360,52102885.7748
"Bourne legacy",1374963060,1485068256,110105196,52102885.7748
"Bourne legacy",1374963060,1375299480,336420,52102885.7748
"Bourne legacy",1374964740,1485068256,110103516,52102885.7748
"Bourne legacy",1374964740,1375054800,90060,52102885.7748
"Bourne legacy",1374965520,1485068256,110102736,52102885.7748
"Bourne legacy",1374967380,1485068256,110100876,52102885.7748
"Bourne legacy",1374967380,1378945620,3978240,52102885.7748
"Bourne legacy",1374969420,1485068256,110098836,52102885.7748
"Bourne legacy",1374969420,1375056660,87240,52102885.7748
"Bourne legacy",1374969840,1485068256,110098416,52102885.7748
"Bourne legacy",1374969840,1375311600,341760,52102885.7748
"Bourne legacy",1374970020,1485068256,110098236,52102885.7748
"Bourne legacy",1375043220,1485068256,110025036,52102885.7748
"Bourne legacy",1375044420,1485068256,110023836,52102885.7748
"Bourne legacy",1375044420,1485068256,110023836,52102885.7748
"Bourne legacy",1375045680,1485068256,110022576,52102885.7748
"Bourne legacy",1375045680,1376253000,1207320,52102885.7748
"Bourne legacy",1375046520,1485068256,110021736,52102885.7748
"Bourne legacy",1375046520,1376165640,1119120,52102885.7748
"Bourne legacy",1375046760,1485068256,110021496,52102885.7748
"Bourne legacy",1375048920,1485068256,110019336,52102885.7748
"Bourne legacy",1375048920,1376163780,1114860,52102885.7748
"Bourne legacy",1375052640,1485068256,110015616,52102885.7748
"Bourne legacy",1375052640,1376344020,1291380,52102885.7748
"Bourne legacy",1375054560,1485068256,110013696,52102885.7748
"Bourne legacy",1375054560,1376947380,1892820,52102885.7748
"Bourne legacy",1375057980,1485068256,110010276,52102885.7748
"Bourne legacy",1375057980,1376004360,946380,52102885.7748
"Bourne legacy",1375122960,1485068256,109945296,52102885.7748
"Bourne legacy",1375122960,1375903680,780720,52102885.7748
"Bourne legacy",1375123440,1485068256,109944816,52102885.7748
"Bourne legacy",1375123440,1376337600,1214160,52102885.7748
"Bourne legacy",1375125660,1485068256,109942596,52102885.7748
"Bourne legacy",1375125660,1375907400,781740,52102885.7748
"Bourne legacy",1375127100,1485068256,109941156,52102885.7748
"Bourne legacy",1375127100,1375730880,603780,52102885.7748
"Bourne legacy",1375131180,1485068256,109937076,52102885.7748
"Bourne legacy",1375131180,1377036060,1904880,52102885.7748
"Bourne legacy",1375133220,1375133640,420,52102885.7748
"Bourne legacy",1375133220,1376005020,871800,52102885.7748
"Bourne legacy",1375134000,1485068256,109934256,52102885.7748
"Bourne legacy",1375134000,1375564260,430260,52102885.7748
"Bourne legacy",1375134420,1485068256,109933836,52102885.7748
"Bourne legacy",1375134420,1375996980,862560,52102885.7748
"Bourne legacy",1375135440,1485068256,109932816,52102885.7748
"Bourne legacy",1375135860,1485068256,109932396,52102885.7748
"Bourne legacy",1375135860,1376255280,1119420,52102885.7748
"Bourne legacy",1375137360,1485068256,109930896,52102885.7748
"Bourne legacy",1375137360,1375402440,265080,52102885.7748
"Bourne legacy",1375138080,1485068256,109930176,52102885.7748
"Bourne legacy",1375140360,1485068256,109927896,52102885.7748
"Bourne legacy",1375140360,1377642000,2501640,52102885.7748
"Bourne legacy",1375143660,1485068256,109924596,52102885.7748
"Bourne legacy",1375143660,1375650660,507000,52102885.7748
"Bourne legacy",1375144260,1485068256,109923996,52102885.7748
"Bourne legacy",1375145700,1485068256,109922556,52102885.7748
"Bourne legacy",1375145700,1377042960,1897260,52102885.7748
"Bourne legacy",1375146060,1485068256,109922196,52102885.7748
"Bourne legacy",1375146060,1379116200,3970140,52102885.7748
"Bourne legacy",1375147020,1485068256,109921236,52102885.7748
"Bourne legacy",1375147020,1376616000,1468980,52102885.7748
"Bourne legacy",1375147440,1485068256,109920816,52102885.7748
"Bourne legacy",1375147980,1485068256,109920276,52102885.7748
"Bourne legacy",1375147980,1376078760,930780,52102885.7748
"Bourne legacy",1375148280,1485068256,109919976,52102885.7748
"Bourne legacy",1375150620,1485068256,109917636,52102885.7748
"Bourne legacy",1375150620,1375659660,509040,52102885.7748
"Bourne legacy",1375150980,1485068256,109917276,52102885.7748
"Bourne legacy",1375150980,1375237860,86880,52102885.7748
"Bourne legacy",1375152960,1485068256,109915296,52102885.7748
"Bourne legacy",1375152960,1375311420,158460,52102885.7748
"Bourne legacy",1375210200,1485068256,109858056,52102885.7748
"Bourne legacy",1375210200,1375725540,515340,52102885.7748
"Bourne legacy",1375216440,1485068256,109851816,52102885.7748
"Bourne legacy",1375217820,1485068256,109850436,52102885.7748
"Bourne legacy",1375217940,1485068256,109850316,52102885.7748
"Bourne legacy",1375217940,1375478460,260520,52102885.7748
"Bourne legacy",1375225680,1485068256,109842576,52102885.7748
"Bourne legacy",1375225680,1375839720,614040,52102885.7748
"Bourne legacy",1375226760,1485068256,109841496,52102885.7748
"Bourne legacy",1375226760,1376509140,1282380,52102885.7748
"Bourne legacy",1375227300,1485068256,109840956,52102885.7748
"Bourne legacy",1375227300,1375316040,88740,52102885.7748
"Bourne legacy",1375228200,1485068256,109840056,52102885.7748
"Bourne legacy",1375228200,1375828680,600480,52102885.7748
"Bourne legacy",1375239240,1485068256,109829016,52102885.7748
"Bourne legacy",1375239240,1378341180,3101940,52102885.7748
"Bourne legacy",1375292280,1485068256,109775976,52102885.7748
"Bourne legacy",1375292280,1375820100,527820,52102885.7748
"Bourne legacy",1375292700,1485068256,109775556,52102885.7748
"Bourne legacy",1375297440,1485068256,109770816,52102885.7748
"Bourne legacy",1375297440,1377047940,1750500,52102885.7748
"Bourne legacy",1375305480,1485068256,109762776,52102885.7748
"Bourne legacy",1375306740,1485068256,109761516,52102885.7748
"Bourne legacy",1375306740,1375833960,527220,52102885.7748
"Bourne legacy",1375308600,1485068256,109759656,52102885.7748
"Bourne legacy",1375308600,1375317240,8640,52102885.7748
"Bourne legacy",1375309800,1485068256,109758456,52102885.7748
"Bourne legacy",1375309800,1380581280,5271480,52102885.7748
"Bourne legacy",1375311300,1485068256,109756956,52102885.7748
"Bourne legacy",1375312920,1485068256,109755336,52102885.7748
"Bourne legacy",1375312920,1375915020,602100,52102885.7748
"Bourne legacy",1375321860,1485068256,109746396,52102885.7748
"Bourne legacy",1375325700,1485068256,109742556,52102885.7748
"Bourne legacy",1375326000,1485068256,109742256,52102885.7748
"Bourne legacy",1375326000,1376616180,1290180,52102885.7748
"Bourne legacy",1375377300,1485068256,109690956,52102885.7748
"Bourne legacy",1375377300,1376512320,1135020,52102885.7748
"Bourne legacy",1375392360,1485068256,109675896,52102885.7748
"Bourne legacy",1375392360,1376437260,1044900,52102885.7748
"Bourne legacy",1375393140,1485068256,109675116,52102885.7748
"Bourne legacy",1375395000,1485068256,109673256,52102885.7748
"Bourne legacy",1375395000,1377286380,1891380,52102885.7748
"Bourne legacy",1375401840,1485068256,109666416,52102885.7748
"Bourne legacy",1375463520,1485068256,109604736,52102885.7748
"Bourne legacy",1375463520,1376673060,1209540,52102885.7748
"Bourne legacy",1375475340,1485068256,109592916,52102885.7748
"Bourne legacy",1375475340,1375895940,420600,52102885.7748
"Bourne legacy",1375481280,1485068256,109586976,52102885.7748
"Bourne legacy",1375555620,1485068256,109512636,52102885.7748
"Bourne legacy",1375555620,1377469200,1913580,52102885.7748
"Bourne legacy",1375557780,1485068256,109510476,52102885.7748
"Bourne legacy",1375557780,1375984860,427080,52102885.7748
"Bourne legacy",1375562160,1485068256,109506096,52102885.7748
"Bourne legacy",1375562160,1376263320,701160,52102885.7748
"Bourne legacy",1375564680,1485068256,109503576,52102885.7748
"Bourne legacy",1375564680,1376690700,1126020,52102885.7748
"Bourne legacy",1375567980,1485068256,109500276,52102885.7748
"Bourne legacy",1375569900,1485068256,109498356,52102885.7748
"Bourne legacy",1375569900,1376084280,514380,52102885.7748
"Bourne legacy",1375569960,1485068256,109498296,52102885.7748
"Bourne legacy",1375569960,1376168460,598500,52102885.7748
"Bourne legacy",1375570740,1485068256,109497516,52102885.7748
"Bourne legacy",1375570740,1377042300,1471560,52102885.7748
"Bourne legacy",1375572360,1485068256,109495896,52102885.7748
"Bourne legacy",1375572360,1376768220,1195860,52102885.7748
"Bourne legacy",1375577400,1485068256,109490856,52102885.7748
"Bourne legacy",1375577400,1376698740,1121340,52102885.7748
"Bourne legacy",1375646580,1485068256,109421676,52102885.7748
"Bourne legacy",1375646580,1377378720,1732140,52102885.7748
"Bourne legacy",1375651500,1485068256,109416756,52102885.7748
"Bourne legacy",1375651500,1376080080,428580,52102885.7748
"Bourne legacy",1375651620,1485068256,109416636,52102885.7748
"Bourne legacy",1375652640,1485068256,109415616,52102885.7748
"Bourne legacy",1375656600,1485068256,109411656,52102885.7748
"Bourne legacy",1375656600,1376687280,1030680,52102885.7748
"Bourne legacy",1375727340,1485068256,109340916,52102885.7748
"Bourne legacy",1375727340,1376165640,438300,52102885.7748
"Bourne legacy",1375729080,1485068256,109339176,52102885.7748
"Bourne legacy",1375729080,1376341620,612540,52102885.7748
"Bourne legacy",1375732860,1485068256,109335396,52102885.7748
"Bourne legacy",1375732860,1377025200,1292340,52102885.7748
"Bourne legacy",1375742160,1485068256,109326096,52102885.7748
"Bourne legacy",1375742160,1376615040,872880,52102885.7748
"Bourne legacy",1375742340,1485068256,109325916,52102885.7748
"Bourne legacy",1375742340,1378074900,2332560,52102885.7748
"Bourne legacy",1375749120,1485068256,109319136,52102885.7748
"Bourne legacy",1375749300,1485068256,109318956,52102885.7748
"Bourne legacy",1375750020,1485068256,109318236,52102885.7748
"Bourne legacy",1375751460,1485068256,109316796,52102885.7748
"Bourne legacy",1375751460,1376088660,337200,52102885.7748
"Bourne legacy",1375752300,1485068256,109315956,52102885.7748
"Bourne legacy",1375752300,1376447580,695280,52102885.7748
"Bourne legacy",1375753560,1485068256,109314696,52102885.7748
"Bourne legacy",1375753560,1376260620,507060,52102885.7748
"Bourne legacy",1375812180,1485068256,109256076,52102885.7748
"Bourne legacy",1375812180,1376587080,774900,52102885.7748
"Bourne legacy",1375817580,1485068256,109250676,52102885.7748
"Bourne legacy",1375817580,1378335360,2517780,52102885.7748
"Bourne legacy",1375826400,1485068256,109241856,52102885.7748
"Bourne legacy",1375826400,1376335920,509520,52102885.7748
"Bourne legacy",1375831680,1485068256,109236576,52102885.7748
"Bourne legacy",1375831680,1376776200,944520,52102885.7748
"Bourne legacy",1375832040,1485068256,109236216,52102885.7748
"Bourne legacy",1375832280,1485068256,109235976,52102885.7748
"Bourne legacy",1375832280,1378330560,2498280,52102885.7748
"Bourne legacy",1375835520,1485068256,109232736,52102885.7748
"Bourne legacy",1375835520,1376258100,422580,52102885.7748
"Bourne legacy",1375836900,1485068256,109231356,52102885.7748
"Bourne legacy",1375836900,1376263200,426300,52102885.7748
"Bourne legacy",1375898700,1485068256,109169556,52102885.7748
"Bourne legacy",1375898700,1377548580,1649880,52102885.7748
"Bourne legacy",1375903200,1485068256,109165056,52102885.7748
"Bourne legacy",1375903200,1377378420,1475220,52102885.7748
"Bourne legacy",1375909140,1485068256,109159116,52102885.7748
"Bourne legacy",1375909140,1376944200,1035060,52102885.7748
"Bourne legacy",1375917540,1485068256,109150716,52102885.7748
"Bourne legacy",1375917540,1377108240,1190700,52102885.7748
"Bourne legacy",1375920180,1485068256,109148076,52102885.7748
"Bourne legacy",1375929360,1485068256,109138896,52102885.7748
"Bourne legacy",1375929360,1376608920,679560,52102885.7748
"Bourne legacy",1375989780,1485068256,109078476,52102885.7748
"Bourne legacy",1375989780,1376593980,604200,52102885.7748
"Bourne legacy",1375992840,1485068256,109075416,52102885.7748
"Bourne legacy",1375992840,1377113700,1120860,52102885.7748
"Bourne legacy",1375993980,1485068256,109074276,52102885.7748
"Bourne legacy",1375993980,1376609220,615240,52102885.7748
"Bourne legacy",1375997640,1485068256,109070616,52102885.7748
"Bourne legacy",1375997640,1377288900,1291260,52102885.7748
"Bourne legacy",1375999140,1485068256,109069116,52102885.7748
"Bourne legacy",1376008620,1485068256,109059636,52102885.7748
"Bourne legacy",1376008620,1376257980,249360,52102885.7748
"Bourne legacy",1376012940,1485068256,109055316,52102885.7748
"Bourne legacy",1376012940,1377219240,1206300,52102885.7748
"Bourne legacy",1376015460,1485068256,109052796,52102885.7748
"Bourne legacy",1376070300,1485068256,108997956,52102885.7748
"Bourne legacy",1376070300,1376590320,520020,52102885.7748
"Bourne legacy",1376074020,1485068256,108994236,52102885.7748
"Bourne legacy",1376075160,1485068256,108993096,52102885.7748
"Bourne legacy",1376081820,1485068256,108986436,52102885.7748
"Bourne legacy",1376081820,1379104620,3022800,52102885.7748
"Bourne legacy",1376156400,1485068256,108911856,52102885.7748
"Bourne legacy",1376156400,1376433900,277500,52102885.7748
"Bourne legacy",1376158080,1485068256,108910176,52102885.7748
"Bourne legacy",1376158080,1377723900,1565820,52102885.7748
"Bourne legacy",1376158680,1485068256,108909576,52102885.7748
"Bourne legacy",1376158680,1379281980,3123300,52102885.7748
"Bourne legacy",1376164440,1485068256,108903816,52102885.7748
"Bourne legacy",1376164440,1376432700,268260,52102885.7748
"Bourne legacy",1376166300,1485068256,108901956,52102885.7748
"Bourne legacy",1376166300,1377206880,1040580,52102885.7748
"Bourne legacy",1376168340,1485068256,108899916,52102885.7748
"Bourne legacy",1376168340,1376775180,606840,52102885.7748
"Bourne legacy",1376171640,1485068256,108896616,52102885.7748
"Bourne legacy",1376171640,1376358660,187020,52102885.7748
"Bourne legacy",1376172720,1485068256,108895536,52102885.7748
"Bourne legacy",1376172720,1378243740,2071020,52102885.7748
"Bourne legacy",1376177100,1485068256,108891156,52102885.7748
"Bourne legacy",1376177100,1377383040,1205940,52102885.7748
"Bourne legacy",1376180340,1485068256,108887916,52102885.7748
"Bourne legacy",1376252700,1485068256,108815556,52102885.7748
"Bourne legacy",1376253660,1485068256,108814596,52102885.7748
"Bourne legacy",1376260740,1485068256,108807516,52102885.7748
"Bourne legacy",1376262420,1485068256,108805836,52102885.7748
"Bourne legacy",1376265360,1485068256,108802896,52102885.7748
"Bourne legacy",1376265360,1377636420,1371060,52102885.7748
"Bourne legacy",1376334780,1485068256,108733476,52102885.7748
"Bourne legacy",1376341080,1485068256,108727176,52102885.7748
"Bourne legacy",1376341080,1376515980,174900,52102885.7748
"Bourne legacy",1376344020,1485068256,108724236,52102885.7748
"Bourne legacy",1376344020,1378763340,2419320,52102885.7748
"Bourne legacy",1376346300,1485068256,108721956,52102885.7748
"Bourne legacy",1376346300,1377304620,958320,52102885.7748
"Bourne legacy",1376355540,1485068256,108712716,52102885.7748
"Bourne legacy",1376414460,1485068256,108653796,52102885.7748
"Bourne legacy",1376414460,1377018480,604020,52102885.7748
"Bourne legacy",1376414940,1485068256,108653316,52102885.7748
"Bourne legacy",1376414940,1376944200,529260,52102885.7748
"Bourne legacy",1376420220,1485068256,108648036,52102885.7748
"Bourne legacy",1376420220,1377465360,1045140,52102885.7748
"Bourne legacy",1376424060,1485068256,108644196,52102885.7748
"Bourne legacy",1376424060,1376523000,98940,52102885.7748
"Bourne legacy",1376425260,1485068256,108642996,52102885.7748
"Bourne legacy",1376426220,1485068256,108642036,52102885.7748
"Bourne legacy",1376426460,1485068256,108641796,52102885.7748
"Bourne legacy",1376426460,1377566520,1140060,52102885.7748
"Bourne legacy",1376427480,1485068256,108640776,52102885.7748
"Bourne legacy",1376427480,1377473760,1046280,52102885.7748
"Bourne legacy",1376434500,1485068256,108633756,52102885.7748
"Bourne legacy",1376434500,1376608980,174480,52102885.7748
"Bourne legacy",1376434620,1485068256,108633636,52102885.7748
"Bourne legacy",1376434620,1376684820,250200,52102885.7748
"Bourne legacy",1376506920,1485068256,108561336,52102885.7748
"Bourne legacy",1376506920,1377644520,1137600,52102885.7748
"Bourne legacy",1376508600,1485068256,108559656,52102885.7748
"Bourne legacy",1376508600,1377287400,778800,52102885.7748
"Bourne legacy",1376515920,1485068256,108552336,52102885.7748
"Bourne legacy",1376515920,1376678460,162540,52102885.7748
"Bourne legacy",1376517600,1485068256,108550656,52102885.7748
"Bourne legacy",1376517720,1485068256,108550536,52102885.7748
"Bourne legacy",1376517720,1377743520,1225800,52102885.7748
"Bourne legacy",1376523060,1485068256,108545196,52102885.7748
"Bourne legacy",1376523060,1380064200,3541140,52102885.7748
"Bourne legacy",1376523960,1485068256,108544296,52102885.7748
"Bourne legacy",1376523960,1376591820,67860,52102885.7748
"Bourne legacy",1376531340,1485068256,108536916,52102885.7748
"Bourne legacy",1376591280,1485068256,108476976,52102885.7748
"Bourne legacy",1376591280,1379461020,2869740,52102885.7748
"Bourne legacy",1376593260,1485068256,108474996,52102885.7748
"Bourne legacy",1376593260,1377716820,1123560,52102885.7748
"Bourne legacy",1376594160,1485068256,108474096,52102885.7748
"Bourne legacy",1376595420,1485068256,108472836,52102885.7748
"Bourne legacy",1376595420,1379719140,3123720,52102885.7748
"Bourne legacy",1376598420,1485068256,108469836,52102885.7748
"Bourne legacy",1376598420,1377472800,874380,52102885.7748
"Bourne legacy",1376598960,1485068256,108469296,52102885.7748
"Bourne legacy",1376598960,1382041440,5442480,52102885.7748
"Bourne legacy",1376599200,1485068256,108469056,52102885.7748
"Bourne legacy",1376599200,1377543540,944340,52102885.7748
"Bourne legacy",1376600280,1485068256,108467976,52102885.7748
"Bourne legacy",1376606820,1485068256,108461436,52102885.7748
"Bourne legacy",1376620800,1485068256,108447456,52102885.7748
"Bourne legacy",1376620800,1379726580,3105780,52102885.7748
"Bourne legacy",1376673240,1485068256,108395016,52102885.7748
"Bourne legacy",1376673660,1485068256,108394596,52102885.7748
"Bourne legacy",1376673660,1378658940,1985280,52102885.7748
"Bourne legacy",1376674080,1485068256,108394176,52102885.7748
"Bourne legacy",1376674080,1377902760,1228680,52102885.7748
"Bourne legacy",1376675580,1485068256,108392676,52102885.7748
"Bourne legacy",1376675580,1377120900,445320,52102885.7748
"Bourne legacy",1376675700,1485068256,108392556,52102885.7748
"Bourne legacy",1376675700,1377720960,1045260,52102885.7748
"Bourne legacy",1376676120,1485068256,108392136,52102885.7748
"Bourne legacy",1376676120,1376938980,262860,52102885.7748
"Bourne legacy",1376678100,1485068256,108390156,52102885.7748
"Bourne legacy",1376678100,1376858100,180000,52102885.7748
"Bourne legacy",1376678280,1485068256,108389976,52102885.7748
"Bourne legacy",1376678280,1376942280,264000,52102885.7748
"Bourne legacy",1376682180,1485068256,108386076,52102885.7748
"Bourne legacy",1376682180,1376942280,260100,52102885.7748
"Bourne legacy",1376683560,1485068256,108384696,52102885.7748
"Bourne legacy",1376684460,1485068256,108383796,52102885.7748
"Bourne legacy",1376684820,1485068256,108383436,52102885.7748
"Bourne legacy",1376684820,1377198840,514020,52102885.7748
"Bourne legacy",1376687160,1485068256,108381096,52102885.7748
"Bourne legacy",1376687160,1378593420,1906260,52102885.7748
"Bourne legacy",1376688000,1485068256,108380256,52102885.7748
"Bourne legacy",1376688000,1377304740,616740,52102885.7748
"Bourne legacy",1376688120,1485068256,108380136,52102885.7748
"Bourne legacy",1376688120,1379113800,2425680,52102885.7748
"Bourne legacy",1376690700,1485068256,108377556,52102885.7748
"Bourne legacy",1376690700,1377124620,433920,52102885.7748
"Bourne legacy",1376693700,1485068256,108374556,52102885.7748
"Bourne legacy",1376693700,1379550420,2856720,52102885.7748
"Bourne legacy",1376695740,1485068256,108372516,52102885.7748
"Bourne legacy",1376695740,1376956200,260460,52102885.7748
"Bourne legacy",1376765640,1485068256,108302616,52102885.7748
"Bourne legacy",1376765640,1377807660,1042020,52102885.7748
"Bourne legacy",1376765880,1485068256,108302376,52102885.7748
"Bourne legacy",1376770020,1485068256,108298236,52102885.7748
"Bourne legacy",1376770020,1380399480,3629460,52102885.7748
"Bourne legacy",1376770140,1485068256,108298116,52102885.7748
"Bourne legacy",1376770140,1377556020,785880,52102885.7748
"Bourne legacy",1376773560,1485068256,108294696,52102885.7748
"Bourne legacy",1376773560,1376959860,186300,52102885.7748
"Bourne legacy",1376774640,1485068256,108293616,52102885.7748
"Bourne legacy",1376775780,1485068256,108292476,52102885.7748
"Bourne legacy",1376775780,1378241280,1465500,52102885.7748
"Bourne legacy",1376778780,1485068256,108289476,52102885.7748
"Bourne legacy",1376778780,1377893820,1115040,52102885.7748
"Bourne legacy",1376781840,1485068256,108286416,52102885.7748
"Bourne legacy",1376784240,1485068256,108284016,52102885.7748
"Bourne legacy",1376787060,1485068256,108281196,52102885.7748
"Bourne legacy",1376787060,1377047400,260340,52102885.7748
"Bourne legacy",1376844540,1485068256,108223716,52102885.7748
"Bourne legacy",1376844540,1379376660,2532120,52102885.7748
"Bourne legacy",1376856000,1485068256,108212256,52102885.7748
"Bourne legacy",1376856000,1377458580,602580,52102885.7748
"Bourne legacy",1376857440,1485068256,108210816,52102885.7748
"Bourne legacy",1376857440,1377639300,781860,52102885.7748
"Bourne legacy",1376858400,1485068256,108209856,52102885.7748
"Bourne legacy",1376858400,1377388380,529980,52102885.7748
"Bourne legacy",1376860140,1485068256,108208116,52102885.7748
"Bourne legacy",1376860200,1485068256,108208056,52102885.7748
"Bourne legacy",1376860200,1377192780,332580,52102885.7748
"Bourne legacy",1376861220,1485068256,108207036,52102885.7748
"Bourne legacy",1376861220,1377468420,607200,52102885.7748
"Bourne legacy",1376863980,1485068256,108204276,52102885.7748
"Bourne legacy",1376863980,1377375900,511920,52102885.7748
"Bourne legacy",1376864100,1485068256,108204156,52102885.7748
"Bourne legacy",1376864100,1377110340,246240,52102885.7748
"Bourne legacy",1376865420,1485068256,108202836,52102885.7748
"Bourne legacy",1376865420,1377740520,875100,52102885.7748
"Bourne legacy",1376866560,1485068256,108201696,52102885.7748
"Bourne legacy",1376866560,1377973440,1106880,52102885.7748
"Bourne legacy",1376872020,1485068256,108196236,52102885.7748
"Bourne legacy",1376872020,1377135180,263160,52102885.7748
"Bourne legacy",1376872320,1485068256,108195936,52102885.7748
"Bourne legacy",1376872320,1377197160,324840,52102885.7748
"Bourne legacy",1376873580,1485068256,108194676,52102885.7748
"Bourne legacy",1376873580,1379877480,3003900,52102885.7748
"Bourne legacy",1376934480,1485068256,108133776,52102885.7748
"Bourne legacy",1376934480,1377543720,609240,52102885.7748
"Bourne legacy",1376938440,1485068256,108129816,52102885.7748
"Bourne legacy",1376938620,1485068256,108129636,52102885.7748
"Bourne legacy",1376938620,1377542820,604200,52102885.7748
"Bourne legacy",1376947980,1485068256,108120276,52102885.7748
"Bourne legacy",1376947980,1377380760,432780,52102885.7748
"Bourne legacy",1376953260,1485068256,108114996,52102885.7748
"Bourne legacy",1376953260,1377209880,256620,52102885.7748
"Bourne legacy",1376953920,1485068256,108114336,52102885.7748
"Bourne legacy",1376953920,1377543960,590040,52102885.7748
"Bourne legacy",1376954040,1485068256,108114216,52102885.7748
"Bourne legacy",1376954280,1485068256,108113976,52102885.7748
"Bourne legacy",1376957160,1485068256,108111096,52102885.7748
"Bourne legacy",1376957160,1377563520,606360,52102885.7748
"Bourne legacy",1376957280,1485068256,108110976,52102885.7748
"Bourne legacy",1376957280,1378419660,1462380,52102885.7748
"Bourne legacy",1376958360,1485068256,108109896,52102885.7748
"Bourne legacy",1376958360,1377476640,518280,52102885.7748
"Bourne legacy",1376959140,1485068256,108109116,52102885.7748
"Bourne legacy",1376960580,1485068256,108107676,52102885.7748
"Bourne legacy",1376960580,1377474180,513600,52102885.7748
"Bourne legacy",1376963880,1485068256,108104376,52102885.7748
"Bourne legacy",1376963880,1378256760,1292880,52102885.7748
"Bourne legacy",1377019380,1485068256,108048876,52102885.7748
"Bourne legacy",1377019380,1377640920,621540,52102885.7748
"Bourne legacy",1377020460,1485068256,108047796,52102885.7748
"Bourne legacy",1377020460,1377383580,363120,52102885.7748
"Bourne legacy",1377026760,1485068256,108041496,52102885.7748
"Bourne legacy",1377026760,1377977100,950340,52102885.7748
"Bourne legacy",1377028800,1485068256,108039456,52102885.7748
"Bourne legacy",1377028800,1377389760,360960,52102885.7748
"Bourne legacy",1377032160,1485068256,108036096,52102885.7748
"Bourne legacy",1377032160,1377471720,439560,52102885.7748
"Bourne legacy",1377048000,1485068256,108020256,52102885.7748
"Bourne legacy",1377048000,1377653580,605580,52102885.7748
"Bourne legacy",1377049080,1485068256,108019176,52102885.7748
"Bourne legacy",1377049080,1378854960,1805880,52102885.7748
"Bourne legacy",1377109440,1485068256,107958816,52102885.7748
"Bourne legacy",1377109440,1377625380,515940,52102885.7748
"Bourne legacy",1377109680,1485068256,107958576,52102885.7748
"Bourne legacy",1377109680,1377545460,435780,52102885.7748
"Bourne legacy",1377125940,1485068256,107942316,52102885.7748
"Bourne legacy",1377125940,1378080240,954300,52102885.7748
"Bourne legacy",1377131760,1485068256,107936496,52102885.7748
"Bourne legacy",1377131760,1378252980,1121220,52102885.7748
"Bourne legacy",1377192000,1485068256,107876256,52102885.7748
"Bourne legacy",1377194820,1485068256,107873436,52102885.7748
"Bourne legacy",1377194820,1378415280,1220460,52102885.7748
"Bourne legacy",1377208800,1485068256,107859456,52102885.7748
"Bourne legacy",1377208800,1377811560,602760,52102885.7748
"Bourne legacy",1377210720,1485068256,107857536,52102885.7748
"Bourne legacy",1377210720,1377826740,616020,52102885.7748
"Bourne legacy",1377214080,1485068256,107854176,52102885.7748
"Bourne legacy",1377214080,1379539620,2325540,52102885.7748
"Bourne legacy",1377218940,1485068256,107849316,52102885.7748
"Bourne legacy",1377218940,1379374380,2155440,52102885.7748
"Bourne legacy",1377220440,1485068256,107847816,52102885.7748
"Bourne legacy",1377286320,1485068256,107781936,52102885.7748
"Bourne legacy",1377286320,1378348740,1062420,52102885.7748
"Bourne legacy",1377287220,1485068256,107781036,52102885.7748
"Bourne legacy",1377287220,1378496640,1209420,52102885.7748
"Bourne legacy",1377291660,1485068256,107776596,52102885.7748
"Bourne legacy",1377291660,1377370260,78600,52102885.7748
"Bourne legacy",1377292140,1485068256,107776116,52102885.7748
"Bourne legacy",1377292140,1377649500,357360,52102885.7748
"Bourne legacy",1377294600,1485068256,107773656,52102885.7748
"Bourne legacy",1377294600,1377472620,178020,52102885.7748
"Bourne legacy",1377295440,1485068256,107772816,52102885.7748
"Bourne legacy",1377300300,1485068256,107767956,52102885.7748
"Bourne legacy",1377300300,1378331280,1030980,52102885.7748
"Bourne legacy",1377370260,1485068256,107697996,52102885.7748
"Bourne legacy",1377371700,1485068256,107696556,52102885.7748
"Bourne legacy",1377371700,1377988980,617280,52102885.7748
"Bourne legacy",1377374400,1485068256,107693856,52102885.7748
"Bourne legacy",1377374400,1378331520,957120,52102885.7748
"Bourne legacy",1377377940,1485068256,107690316,52102885.7748
"Bourne legacy",1377377940,1377553140,175200,52102885.7748
"Bourne legacy",1377378300,1485068256,107689956,52102885.7748
"Bourne legacy",1377378300,1380140760,2762460,52102885.7748
"Bourne legacy",1377379080,1485068256,107689176,52102885.7748
"Bourne legacy",1377379080,1378941900,1562820,52102885.7748
"Bourne legacy",1377382320,1485068256,107685936,52102885.7748
"Bourne legacy",1377382320,1377558720,176400,52102885.7748
"Bourne legacy",1377384060,1485068256,107684196,52102885.7748
"Bourne legacy",1377384060,1378581660,1197600,52102885.7748
"Bourne legacy",1377388920,1485068256,107679336,52102885.7748
"Bourne legacy",1377388920,1377633240,244320,52102885.7748
"Bourne legacy",1377391200,1485068256,107677056,52102885.7748
"Bourne legacy",1377391200,1377902700,511500,52102885.7748
"Bourne legacy",1377466320,1485068256,107601936,52102885.7748
"Bourne legacy",1377469200,1485068256,107599056,52102885.7748
"Bourne legacy",1377469200,1378260660,791460,52102885.7748
"Bourne legacy",1377469320,1485068256,107598936,52102885.7748
"Bourne legacy",1377469320,1377817620,348300,52102885.7748
"Bourne legacy",1377474540,1485068256,107593716,52102885.7748
"Bourne legacy",1377474540,1379386020,1911480,52102885.7748
"Bourne legacy",1377539040,1485068256,107529216,52102885.7748
"Bourne legacy",1377539040,1377713880,174840,52102885.7748
"Bourne legacy",1377546840,1485068256,107521416,52102885.7748
"Bourne legacy",1377546840,1379008620,1461780,52102885.7748
"Bourne legacy",1377549000,1485068256,107519256,52102885.7748
"Bourne legacy",1377550980,1485068256,107517276,52102885.7748
"Bourne legacy",1377550980,1378242660,691680,52102885.7748
"Bourne legacy",1377561600,1485068256,107506656,52102885.7748
"Bourne legacy",1377561600,1378247520,685920,52102885.7748
"Bourne legacy",1377566400,1485068256,107501856,52102885.7748
"Bourne legacy",1377566400,1378779420,1213020,52102885.7748
"Bourne legacy",1377567960,1485068256,107500296,52102885.7748
"Bourne legacy",1377567960,1377817980,250020,52102885.7748
"Bourne legacy",1377569700,1485068256,107498556,52102885.7748
"Bourne legacy",1377572100,1485068256,107496156,52102885.7748
"Bourne legacy",1377625860,1485068256,107442396,52102885.7748
"Bourne legacy",1377629880,1485068256,107438376,52102885.7748
"Bourne legacy",1377629880,1377891180,261300,52102885.7748
"Bourne legacy",1377631380,1485068256,107436876,52102885.7748
"Bourne legacy",1377631380,1378411560,780180,52102885.7748
"Bourne legacy",1377631860,1485068256,107436396,52102885.7748
"Bourne legacy",1377631860,1378753620,1121760,52102885.7748
"Bourne legacy",1377632940,1485068256,107435316,52102885.7748
"Bourne legacy",1377634320,1485068256,107433936,52102885.7748
"Bourne legacy",1377634320,1378241700,607380,52102885.7748
"Bourne legacy",1377635340,1485068256,107432916,52102885.7748
"Bourne legacy",1377635340,1380148380,2513040,52102885.7748
"Bourne legacy",1377638700,1485068256,107429556,52102885.7748
"Bourne legacy",1377638700,1378328580,689880,52102885.7748
"Bourne legacy",1377638940,1485068256,107429316,52102885.7748
"Bourne legacy",1377638940,1377797340,158400,52102885.7748
"Bourne legacy",1377641160,1485068256,107427096,52102885.7748
"Bourne legacy",1377641160,1377817380,176220,52102885.7748
"Bourne legacy",1377646440,1485068256,107421816,52102885.7748
"Bourne legacy",1377646440,1379197020,1550580,52102885.7748
"Bourne legacy",1377647520,1485068256,107420736,52102885.7748
"Bourne legacy",1377648660,1485068256,107419596,52102885.7748
"Bourne legacy",1377648660,1379545140,1896480,52102885.7748
"Bourne legacy",1377649740,1485068256,107418516,52102885.7748
"Bourne legacy",1377649740,1378773540,1123800,52102885.7748
"Bourne legacy",1377653220,1485068256,107415036,52102885.7748
"Bourne legacy",1377653220,1378344720,691500,52102885.7748
"Bourne legacy",1377655740,1485068256,107412516,52102885.7748
"Bourne legacy",1377655740,1377813420,157680,52102885.7748
"Bourne legacy",1377710940,1485068256,107357316,52102885.7748
"Bourne legacy",1377710940,1378513560,802620,52102885.7748
"Bourne legacy",1377716160,1485068256,107352096,52102885.7748
"Bourne legacy",1377716160,1378230420,514260,52102885.7748
"Bourne legacy",1377717360,1485068256,107350896,52102885.7748
"Bourne legacy",1377717360,1377909180,191820,52102885.7748
"Bourne legacy",1377718440,1485068256,107349816,52102885.7748
"Bourne legacy",1377718440,1378080360,361920,52102885.7748
"Bourne legacy",1377722520,1485068256,107345736,52102885.7748
"Bourne legacy",1377722520,1379018760,1296240,52102885.7748
"Bourne legacy",1377729360,1485068256,107338896,52102885.7748
"Bourne legacy",1377729360,1378580580,851220,52102885.7748
"Bourne legacy",1377734820,1485068256,107333436,52102885.7748
"Bourne legacy",1377735480,1485068256,107332776,52102885.7748
"Bourne legacy",1377735480,1379451660,1716180,52102885.7748
"Bourne legacy",1377738600,1485068256,107329656,52102885.7748
"Bourne legacy",1377738600,1380166320,2427720,52102885.7748
"Bourne legacy",1377739380,1485068256,107328876,52102885.7748
"Bourne legacy",1377739380,1378946160,1206780,52102885.7748
"Bourne legacy",1377740460,1485068256,107327796,52102885.7748
"Bourne legacy",1377740460,1379094300,1353840,52102885.7748
"Bourne legacy",1377805140,1485068256,107263116,52102885.7748
"Bourne legacy",1377805140,1378760940,955800,52102885.7748
"Bourne legacy",1377808320,1485068256,107259936,52102885.7748
"Bourne legacy",1377808320,1378932480,1124160,52102885.7748
"Bourne legacy",1377818580,1485068256,107249676,52102885.7748
"Bourne legacy",1377818580,1379037720,1219140,52102885.7748
"Bourne legacy",1377823920,1485068256,107244336,52102885.7748
"Bourne legacy",1377823920,1380581640,2757720,52102885.7748
"Bourne legacy",1377824340,1485068256,107243916,52102885.7748
"Bourne legacy",1377886200,1485068256,107182056,52102885.7748
"Bourne legacy",1377886200,1485068256,107182056,52102885.7748
"Bourne legacy",1377886200,1377984900,98700,52102885.7748
"Bourne legacy",1377889740,1485068256,107178516,52102885.7748
"Bourne legacy",1377893820,1485068256,107174436,52102885.7748
"Bourne legacy",1377893820,1379104440,1210620,52102885.7748
"Bourne legacy",1377903660,1485068256,107164596,52102885.7748
"Bourne legacy",1377903660,1378230120,326460,52102885.7748
"Bourne legacy",1377905220,1485068256,107163036,52102885.7748
"Bourne legacy",1377905220,1378348800,443580,52102885.7748
"Bourne legacy",1377905880,1485068256,107162376,52102885.7748
"Bourne legacy",1377905880,1380164100,2258220,52102885.7748
"Bourne legacy",1377975060,1485068256,107093196,52102885.7748
"Bourne legacy",1377976380,1485068256,107091876,52102885.7748
"Bourne legacy",1377976380,1378315920,339540,52102885.7748
"Bourne legacy",1377977580,1485068256,107090676,52102885.7748
"Bourne legacy",1377977580,1378593240,615660,52102885.7748
"Bourne legacy",1377980400,1485068256,107087856,52102885.7748
"Bourne legacy",1377980400,1378067760,87360,52102885.7748
"Bourne legacy",1377985680,1485068256,107082576,52102885.7748
"Bourne legacy",1377985680,1379189760,1204080,52102885.7748
"Bourne legacy",1377986460,1485068256,107081796,52102885.7748
"Bourne legacy",1377986460,1378862700,876240,52102885.7748
"Bourne legacy",1377995880,1485068256,107072376,52102885.7748
"Bourne legacy",1377996060,1485068256,107072196,52102885.7748
"Bourne legacy",1377996060,1378953300,957240,52102885.7748
"Bourne legacy",1378062960,1485068256,107005296,52102885.7748
"Bourne legacy",1378062960,1378584540,521580,52102885.7748
"Bourne legacy",1378063080,1485068256,107005176,52102885.7748
"Bourne legacy",1378063080,1379280780,1217700,52102885.7748
"Bourne legacy",1378066260,1485068256,107001996,52102885.7748
"Bourne legacy",1378066260,1378244220,177960,52102885.7748
"Bourne legacy",1378068360,1485068256,106999896,52102885.7748
"Bourne legacy",1378068360,1378593240,524880,52102885.7748
"Bourne legacy",1378075020,1485068256,106993236,52102885.7748
"Bourne legacy",1378075020,1378601100,526080,52102885.7748
"Bourne legacy",1378077660,1485068256,106990596,52102885.7748
"Bourne legacy",1378236960,1485068256,106831296,52102885.7748
"Bourne legacy",1378236960,1379472600,1235640,52102885.7748
"Bourne legacy",1378238520,1485068256,106829736,52102885.7748
"Bourne legacy",1378238520,1378779720,541200,52102885.7748
"Bourne legacy",1378242060,1485068256,106826196,52102885.7748
"Bourne legacy",1378242060,1378758060,516000,52102885.7748
"Bourne legacy",1378254300,1485068256,106813956,52102885.7748
"Bourne legacy",1378254300,1378590420,336120,52102885.7748
"Bourne legacy",1378256100,1485068256,106812156,52102885.7748
"Bourne legacy",1378256100,1378851300,595200,52102885.7748
"Bourne legacy",1378256160,1485068256,106812096,52102885.7748
"Bourne legacy",1378256160,1379123400,867240,52102885.7748
"Bourne legacy",1378256220,1485068256,106812036,52102885.7748
"Bourne legacy",1378256220,1379020980,764760,52102885.7748
"Bourne legacy",1378256340,1485068256,106811916,52102885.7748
"Bourne legacy",1378318140,1485068256,106750116,52102885.7748
"Bourne legacy",1378321920,1485068256,106746336,52102885.7748
"Bourne legacy",1378321920,1378674840,352920,52102885.7748
"Bourne legacy",1378322700,1485068256,106745556,52102885.7748
"Bourne legacy",1378322700,1378588380,265680,52102885.7748
"Bourne legacy",1378325880,1485068256,106742376,52102885.7748
"Bourne legacy",1378325880,1378584000,258120,52102885.7748
"Bourne legacy",1378328160,1485068256,106740096,52102885.7748
"Bourne legacy",1378337940,1485068256,106730316,52102885.7748
"Bourne legacy",1378337940,1378433280,95340,52102885.7748
"Bourne legacy",1378339080,1485068256,106729176,52102885.7748
"Bourne legacy",1378339080,1378425000,85920,52102885.7748
"Bourne legacy",1378339560,1485068256,106728696,52102885.7748
"Bourne legacy",1378339560,1381368900,3029340,52102885.7748
"Bourne legacy",1378340880,1485068256,106727376,52102885.7748
"Bourne legacy",1378344660,1485068256,106723596,52102885.7748
"Bourne legacy",1378349100,1485068256,106719156,52102885.7748
"Bourne legacy",1378349100,1379805900,1456800,52102885.7748
"Bourne legacy",1378401660,1485068256,106666596,52102885.7748
"Bourne legacy",1378401660,1379524920,1123260,52102885.7748
"Bourne legacy",1378404660,1485068256,106663596,52102885.7748
"Bourne legacy",1378404660,1379194080,789420,52102885.7748
"Bourne legacy",1378406760,1485068256,106661496,52102885.7748
"Bourne legacy",1378406760,1379362500,955740,52102885.7748
"Bourne legacy",1378411980,1485068256,106656276,52102885.7748
"Bourne legacy",1378411980,1379628420,1216440,52102885.7748
"Bourne legacy",1378414620,1485068256,106653636,52102885.7748
"Bourne legacy",1378417380,1485068256,106650876,52102885.7748
"Bourne legacy",1378417380,1378510260,92880,52102885.7748
"Bourne legacy",1378418940,1485068256,106649316,52102885.7748
"Bourne legacy",1378418940,1379363460,944520,52102885.7748
"Bourne legacy",1378419120,1485068256,106649136,52102885.7748
"Bourne legacy",1378419120,1378843020,423900,52102885.7748
"Bourne legacy",1378491960,1485068256,106576296,52102885.7748
"Bourne legacy",1378491960,1378671600,179640,52102885.7748
"Bourne legacy",1378492380,1485068256,106575876,52102885.7748
"Bourne legacy",1378496220,1485068256,106572036,52102885.7748
"Bourne legacy",1378496220,1378767060,270840,52102885.7748
"Bourne legacy",1378499100,1485068256,106569156,52102885.7748
"Bourne legacy",1378499100,1379098500,599400,52102885.7748
"Bourne legacy",1378499280,1485068256,106568976,52102885.7748
"Bourne legacy",1378499280,1378778040,278760,52102885.7748
"Bourne legacy",1378500120,1485068256,106568136,52102885.7748
"Bourne legacy",1378500120,1379455200,955080,52102885.7748
"Bourne legacy",1378501440,1485068256,106566816,52102885.7748
"Bourne legacy",1378501440,1379465520,964080,52102885.7748
"Bourne legacy",1378503480,1485068256,106564776,52102885.7748
"Bourne legacy",1378503480,1379715840,1212360,52102885.7748
"Bourne legacy",1378508640,1485068256,106559616,52102885.7748
"Bourne legacy",1378508640,1382063520,3554880,52102885.7748
"Bourne legacy",1378509060,1485068256,106559196,52102885.7748
"Bourne legacy",1378509060,1485068256,106559196,52102885.7748
"Bourne legacy",1378509060,1378579320,70260,52102885.7748
"Bourne legacy",1378509060,1379611380,1102320,52102885.7748
"Bourne legacy",1378511460,1485068256,106556796,52102885.7748
"Bourne legacy",1378511460,1379791500,1280040,52102885.7748
"Bourne legacy",1378512900,1485068256,106555356,52102885.7748
"Bourne legacy",1378512900,1379723340,1210440,52102885.7748
"Bourne legacy",1378513080,1485068256,106555176,52102885.7748
"Bourne legacy",1378514280,1485068256,106553976,52102885.7748
"Bourne legacy",1378514280,1379019300,505020,52102885.7748
"Bourne legacy",1378578840,1485068256,106489416,52102885.7748
"Bourne legacy",1378578840,1379011260,432420,52102885.7748
"Bourne legacy",1378579200,1485068256,106489056,52102885.7748
"Bourne legacy",1378579200,1378935720,356520,52102885.7748
"Bourne legacy",1378580820,1485068256,106487436,52102885.7748
"Bourne legacy",1378580820,1379025000,444180,52102885.7748
"Bourne legacy",1378580940,1485068256,106487316,52102885.7748
"Bourne legacy",1378580940,1380074220,1493280,52102885.7748
"Bourne legacy",1378581240,1485068256,106487016,52102885.7748
"Bourne legacy",1378581240,1379182380,601140,52102885.7748
"Bourne legacy",1378588500,1485068256,106479756,52102885.7748
"Bourne legacy",1378588500,1379194380,605880,52102885.7748
"Bourne legacy",1378588800,1485068256,106479456,52102885.7748
"Bourne legacy",1378588800,1380063540,1474740,52102885.7748
"Bourne legacy",1378589520,1485068256,106478736,52102885.7748
"Bourne legacy",1378589520,1378841220,251700,52102885.7748
"Bourne legacy",1378590300,1485068256,106477956,52102885.7748
"Bourne legacy",1378590300,1379369940,779640,52102885.7748
"Bourne legacy",1378590780,1485068256,106477476,52102885.7748
"Bourne legacy",1378592340,1485068256,106475916,52102885.7748
"Bourne legacy",1378593420,1485068256,106474836,52102885.7748
"Bourne legacy",1378593420,1379722020,1128600,52102885.7748
"Bourne legacy",1378597680,1485068256,106470576,52102885.7748
"Bourne legacy",1378597680,1378679700,82020,52102885.7748
"Bourne legacy",1378597740,1485068256,106470516,52102885.7748
"Bourne legacy",1378597740,1379195820,598080,52102885.7748
"Bourne legacy",1378598280,1485068256,106469976,52102885.7748
"Bourne legacy",1378601520,1485068256,106466736,52102885.7748
"Bourne legacy",1378601520,1380249180,1647660,52102885.7748
"Bourne legacy",1378671420,1485068256,106396836,52102885.7748
"Bourne legacy",1378671420,1379441700,770280,52102885.7748
"Bourne legacy",1378672020,1485068256,106396236,52102885.7748
"Bourne legacy",1378673340,1485068256,106394916,52102885.7748
"Bourne legacy",1378673340,1379034120,360780,52102885.7748
"Bourne legacy",1378678080,1485068256,106390176,52102885.7748
"Bourne legacy",1378678080,1379198580,520500,52102885.7748
"Bourne legacy",1378678560,1485068256,106389696,52102885.7748
"Bourne legacy",1378678560,1379634540,955980,52102885.7748
"Bourne legacy",1378686000,1485068256,106382256,52102885.7748
"Bourne legacy",1378686000,1379289360,603360,52102885.7748
"Bourne legacy",1378748160,1485068256,106320096,52102885.7748
"Bourne legacy",1378748160,1379351820,603660,52102885.7748
"Bourne legacy",1378748700,1485068256,106319556,52102885.7748
"Bourne legacy",1378755480,1485068256,106312776,52102885.7748
"Bourne legacy",1378755480,1379715780,960300,52102885.7748
"Bourne legacy",1378757880,1485068256,106310376,52102885.7748
"Bourne legacy",1378758960,1485068256,106309296,52102885.7748
"Bourne legacy",1378758960,1378929660,170700,52102885.7748
"Bourne legacy",1378759380,1485068256,106308876,52102885.7748
"Bourne legacy",1378759380,1379974860,1215480,52102885.7748
"Bourne legacy",1378762260,1485068256,106305996,52102885.7748
"Bourne legacy",1378762920,1485068256,106305336,52102885.7748
"Bourne legacy",1378762920,1384468380,5705460,52102885.7748
"Bourne legacy",1378764600,1485068256,106303656,52102885.7748
"Bourne legacy",1378764600,1378857960,93360,52102885.7748
"Bourne legacy",1378765980,1485068256,106302276,52102885.7748
"Bourne legacy",1378765980,1380226980,1461000,52102885.7748
"Bourne legacy",1378769880,1485068256,106298376,52102885.7748
"Bourne legacy",1378769880,1379966400,1196520,52102885.7748
"Bourne legacy",1378771200,1485068256,106297056,52102885.7748
"Bourne legacy",1378771200,1379795040,1023840,52102885.7748
"Bourne legacy",1378771980,1485068256,106296276,52102885.7748
"Bourne legacy",1378778220,1485068256,106290036,52102885.7748
"Bourne legacy",1378778220,1380668520,1890300,52102885.7748
"Bourne legacy",1378779600,1485068256,106288656,52102885.7748
"Bourne legacy",1378779600,1379805120,1025520,52102885.7748
"Bourne legacy",1378781640,1485068256,106286616,52102885.7748
"Bourne legacy",1378834620,1485068256,106233636,52102885.7748
"Bourne legacy",1378834620,1379201160,366540,52102885.7748
"Bourne legacy",1378836180,1485068256,106232076,52102885.7748
"Bourne legacy",1378836180,1380651420,1815240,52102885.7748
"Bourne legacy",1378837500,1485068256,106230756,52102885.7748
"Bourne legacy",1378837500,1381596840,2759340,52102885.7748
"Bourne legacy",1378845480,1485068256,106222776,52102885.7748
"Bourne legacy",1378845480,1379543880,698400,52102885.7748
"Bourne legacy",1378858260,1485068256,106209996,52102885.7748
"Bourne legacy",1378858260,1380057180,1198920,52102885.7748
"Bourne legacy",1378929840,1485068256,106138416,52102885.7748
"Bourne legacy",1378929840,1379185860,256020,52102885.7748
"Bourne legacy",1378933500,1485068256,106134756,52102885.7748
"Bourne legacy",1378933500,1380148380,1214880,52102885.7748
"Bourne legacy",1378943280,1485068256,106124976,52102885.7748
"Bourne legacy",1378943280,1380058800,1115520,52102885.7748
"Bourne legacy",1378948200,1485068256,106120056,52102885.7748
"Bourne legacy",1378948200,1379113020,164820,52102885.7748
"Bourne legacy",1378954680,1485068256,106113576,52102885.7748
"Bourne legacy",1378954680,1380576300,1621620,52102885.7748
"Bourne legacy",1379007060,1485068256,106061196,52102885.7748
"Bourne legacy",1379007060,1380408180,1401120,52102885.7748
"Bourne legacy",1379009940,1485068256,106058316,52102885.7748
"Bourne legacy",1379009940,1381531560,2521620,52102885.7748
"Bourne legacy",1379013780,1485068256,106054476,52102885.7748
"Bourne legacy",1379013780,1379532600,518820,52102885.7748
"Bourne legacy",1379017380,1485068256,106050876,52102885.7748
"Bourne legacy",1379017380,1379371920,354540,52102885.7748
"Bourne legacy",1379017560,1485068256,106050696,52102885.7748
"Bourne legacy",1379017560,1380825240,1807680,52102885.7748
"Bourne legacy",1379020440,1485068256,106047816,52102885.7748
"Bourne legacy",1379020440,1381440600,2420160,52102885.7748
"Bourne legacy",1379022900,1485068256,106045356,52102885.7748
"Bourne legacy",1379022900,1379879220,856320,52102885.7748
"Bourne legacy",1379025060,1485068256,106043196,52102885.7748
"Bourne legacy",1379026440,1485068256,106041816,52102885.7748
"Bourne legacy",1379026440,1379981700,955260,52102885.7748
"Bourne legacy",1379029380,1485068256,106038876,52102885.7748
"Bourne legacy",1379029380,1380662580,1633200,52102885.7748
"Bourne legacy",1379031660,1485068256,106036596,52102885.7748
"Bourne legacy",1379031660,1382993940,3962280,52102885.7748
"Bourne legacy",1379032380,1485068256,106035876,52102885.7748
"Bourne legacy",1379032380,1379377500,345120,52102885.7748
"Bourne legacy",1379032620,1485068256,106035636,52102885.7748
"Bourne legacy",1379032620,1379119140,86520,52102885.7748
"Bourne legacy",1379034600,1485068256,106033656,52102885.7748
"Bourne legacy",1379034600,1379558940,524340,52102885.7748
"Bourne legacy",1379036940,1485068256,106031316,52102885.7748
"Bourne legacy",1379036940,1379784840,747900,52102885.7748
"Bourne legacy",1379091000,1485068256,105977256,52102885.7748
"Bourne legacy",1379091000,1381509780,2418780,52102885.7748
"Bourne legacy",1379098620,1485068256,105969636,52102885.7748
"Bourne legacy",1379098620,1380249360,1150740,52102885.7748
"Bourne legacy",1379099160,1485068256,105969096,52102885.7748
"Bourne legacy",1379099160,1380044580,945420,52102885.7748
"Bourne legacy",1379102700,1485068256,105965556,52102885.7748
"Bourne legacy",1379102700,1379889960,787260,52102885.7748
"Bourne legacy",1379110140,1485068256,105958116,52102885.7748
"Bourne legacy",1379110140,1380832020,1721880,52102885.7748
"Bourne legacy",1379113080,1485068256,105955176,52102885.7748
"Bourne legacy",1379113080,1380145320,1032240,52102885.7748
"Bourne legacy",1379119560,1485068256,105948696,52102885.7748
"Bourne legacy",1379183880,1485068256,105884376,52102885.7748
"Bourne legacy",1379185500,1485068256,105882756,52102885.7748
"Bourne legacy",1379185500,1380241380,1055880,52102885.7748
"Bourne legacy",1379190000,1485068256,105878256,52102885.7748
"Bourne legacy",1379190000,1380150960,960960,52102885.7748
"Bourne legacy",1379193420,1485068256,105874836,52102885.7748
"Bourne legacy",1379193420,1381444740,2251320,52102885.7748
"Bourne legacy",1379193720,1485068256,105874536,52102885.7748
"Bourne legacy",1379193720,1381263900,2070180,52102885.7748
"Bourne legacy",1379194380,1485068256,105873876,52102885.7748
"Bourne legacy",1379194380,1379472120,277740,52102885.7748
"Bourne legacy",1379196060,1485068256,105872196,52102885.7748
"Bourne legacy",1379196060,1380405240,1209180,52102885.7748
"Bourne legacy",1379200620,1485068256,105867636,52102885.7748
"Bourne legacy",1379200620,1379811180,610560,52102885.7748
"Bourne legacy",1379202240,1485068256,105866016,52102885.7748
"Bourne legacy",1379202240,1379378340,176100,52102885.7748
"Bourne legacy",1379202300,1485068256,105865956,52102885.7748
"Bourne legacy",1379202300,1379284380,82080,52102885.7748
"Bourne legacy",1379206620,1485068256,105861636,52102885.7748
"Bourne legacy",1379286000,1485068256,105782256,52102885.7748
"Bourne legacy",1379286000,1380486720,1200720,52102885.7748
"Bourne legacy",1379353140,1485068256,105715116,52102885.7748
"Bourne legacy",1379353140,1380302460,949320,52102885.7748
"Bourne legacy",1379356140,1485068256,105712116,52102885.7748
"Bourne legacy",1379356140,1379697420,341280,52102885.7748
"Bourne legacy",1379361360,1485068256,105706896,52102885.7748
"Bourne legacy",1379361360,1379462400,101040,52102885.7748
"Bourne legacy",1379362440,1485068256,105705816,52102885.7748
"Bourne legacy",1379362440,1382386440,3024000,52102885.7748
"Bourne legacy",1379363880,1485068256,105704376,52102885.7748
"Bourne legacy",1379363880,1379785860,421980,52102885.7748
"Bourne legacy",1379369820,1485068256,105698436,52102885.7748
"Bourne legacy",1379369820,1380485340,1115520,52102885.7748
"Bourne legacy",1379373780,1485068256,105694476,52102885.7748
"Bourne legacy",1379374800,1485068256,105693456,52102885.7748
"Bourne legacy",1379374800,1379791320,416520,52102885.7748
"Bourne legacy",1379381400,1485068256,105686856,52102885.7748
"Bourne legacy",1379381400,1380489660,1108260,52102885.7748
"Bourne legacy",1379439600,1485068256,105628656,52102885.7748
"Bourne legacy",1379439600,1380907320,1467720,52102885.7748
"Bourne legacy",1379443740,1485068256,105624516,52102885.7748
"Bourne legacy",1379443740,1380148860,705120,52102885.7748
"Bourne legacy",1379449020,1485068256,105619236,52102885.7748
"Bourne legacy",1379449020,1379969340,520320,52102885.7748
"Bourne legacy",1379458140,1485068256,105610116,52102885.7748
"Bourne legacy",1379458140,1379623740,165600,52102885.7748
"Bourne legacy",1379460960,1485068256,105607296,52102885.7748
"Bourne legacy",1379461140,1485068256,105607116,52102885.7748
"Bourne legacy",1379461140,1485068256,105607116,52102885.7748
"Bourne legacy",1379461140,1380581280,1120140,52102885.7748
"Bourne legacy",1379461140,1381531620,2070480,52102885.7748
"Bourne legacy",1379464320,1485068256,105603936,52102885.7748
"Bourne legacy",1379464320,1380577740,1113420,52102885.7748
"Bourne legacy",1379466600,1485068256,105601656,52102885.7748
"Bourne legacy",1379466600,1379636940,170340,52102885.7748
"Bourne legacy",1379467140,1485068256,105601116,52102885.7748
"Bourne legacy",1379471520,1485068256,105596736,52102885.7748
"Bourne legacy",1379471520,1379645040,173520,52102885.7748
"Bourne legacy",1379531040,1485068256,105537216,52102885.7748
"Bourne legacy",1379531040,1382058480,2527440,52102885.7748
"Bourne legacy",1379532000,1485068256,105536256,52102885.7748
"Bourne legacy",1379532000,1380669540,1137540,52102885.7748
"Bourne legacy",1379532300,1485068256,105535956,52102885.7748
"Bourne legacy",1379532300,1385086500,5554200,52102885.7748
"Bourne legacy",1379538660,1485068256,105529596,52102885.7748
"Bourne legacy",1379538660,1380582360,1043700,52102885.7748
"Bourne legacy",1379539740,1485068256,105528516,52102885.7748
"Bourne legacy",1379539740,1380148860,609120,52102885.7748
"Bourne legacy",1379539800,1485068256,105528456,52102885.7748
"Bourne legacy",1379544300,1485068256,105523956,52102885.7748
"Bourne legacy",1379544300,1380835680,1291380,52102885.7748
"Bourne legacy",1379545800,1485068256,105522456,52102885.7748
"Bourne legacy",1379545800,1379982720,436920,52102885.7748
"Bourne legacy",1379552280,1485068256,105515976,52102885.7748
"Bourne legacy",1379555400,1485068256,105512856,52102885.7748
"Bourne legacy",1379555400,1380493440,938040,52102885.7748
"Bourne legacy",1379611740,1485068256,105456516,52102885.7748
"Bourne legacy",1379611740,1382031480,2419740,52102885.7748
"Bourne legacy",1379613780,1485068256,105454476,52102885.7748
"Bourne legacy",1379613780,1382135400,2521620,52102885.7748
"Bourne legacy",1379634060,1485068256,105434196,52102885.7748
"Bourne legacy",1379635800,1485068256,105432456,52102885.7748
"Bourne legacy",1379635800,1381254600,1618800,52102885.7748
"Bourne legacy",1379645100,1485068256,105423156,52102885.7748
"Bourne legacy",1379645100,1380854760,1209660,52102885.7748
"Bourne legacy",1379698140,1485068256,105370116,52102885.7748
"Bourne legacy",1379702520,1485068256,105365736,52102885.7748
"Bourne legacy",1379702520,1380057180,354660,52102885.7748
"Bourne legacy",1379704560,1485068256,105363696,52102885.7748
"Bourne legacy",1379704560,1380232140,527580,52102885.7748
"Bourne legacy",1379708580,1485068256,105359676,52102885.7748
"Bourne legacy",1379709120,1485068256,105359136,52102885.7748
"Bourne legacy",1379709120,1382128080,2418960,52102885.7748
"Bourne legacy",1379709540,1485068256,105358716,52102885.7748
"Bourne legacy",1379709540,1380320580,611040,52102885.7748
"Bourne legacy",1379709660,1485068256,105358596,52102885.7748
"Bourne legacy",1379722620,1485068256,105345636,52102885.7748
"Bourne legacy",1379722620,1379975400,252780,52102885.7748
"Bourne legacy",1379722800,1485068256,105345456,52102885.7748
"Bourne legacy",1379722800,1380933600,1210800,52102885.7748
"Bourne legacy",1379785080,1485068256,105283176,52102885.7748
"Bourne legacy",1379785080,1380132660,347580,52102885.7748
"Bourne legacy",1379790780,1485068256,105277476,52102885.7748
"Bourne legacy",1379791200,1485068256,105277056,52102885.7748
"Bourne legacy",1379793360,1485068256,105274896,52102885.7748
"Bourne legacy",1379793360,1380410760,617400,52102885.7748
"Bourne legacy",1379800560,1485068256,105267696,52102885.7748
"Bourne legacy",1379800560,1380408300,607740,52102885.7748
"Bourne legacy",1379804400,1485068256,105263856,52102885.7748
"Bourne legacy",1379810220,1485068256,105258036,52102885.7748
"Bourne legacy",1379810220,1380223380,413160,52102885.7748
"Bourne legacy",1379879820,1485068256,105188436,52102885.7748
"Bourne legacy",1379879820,1380677940,798120,52102885.7748
"Bourne legacy",1379889000,1485068256,105179256,52102885.7748
"Bourne legacy",1379889000,1380400260,511260,52102885.7748
"Bourne legacy",1379893860,1485068256,105174396,52102885.7748
"Bourne legacy",1379893860,1381452000,1558140,52102885.7748
"Bourne legacy",1379963040,1485068256,105105216,52102885.7748
"Bourne legacy",1379963040,1380305940,342900,52102885.7748
"Bourne legacy",1379965440,1485068256,105102816,52102885.7748
"Bourne legacy",1379965440,1381095300,1129860,52102885.7748
"Bourne legacy",1379971440,1485068256,105096816,52102885.7748
"Bourne legacy",1379971440,1380140880,169440,52102885.7748
"Bourne legacy",1379975520,1485068256,105092736,52102885.7748
"Bourne legacy",1379975520,1380224040,248520,52102885.7748
"Bourne legacy",1379979180,1485068256,105089076,52102885.7748
"Bourne legacy",1379979180,1380845820,866640,52102885.7748
"Bourne legacy",1379981880,1485068256,105086376,52102885.7748
"Bourne legacy",1379981880,1380399960,418080,52102885.7748
"Bourne legacy",1379990100,1485068256,105078156,52102885.7748
"Bourne legacy",1380046080,1485068256,105022176,52102885.7748
"Bourne legacy",1380046080,1381869840,1823760,52102885.7748
"Bourne legacy",1380050580,1485068256,105017676,52102885.7748
"Bourne legacy",1380054840,1485068256,105013416,52102885.7748
"Bourne legacy",1380054840,1380658860,604020,52102885.7748
"Bourne legacy",1380057780,1485068256,105010476,52102885.7748
"Bourne legacy",1380057780,1381424640,1366860,52102885.7748
"Bourne legacy",1380061320,1485068256,105006936,52102885.7748
"Bourne legacy",1380061560,1485068256,105006696,52102885.7748
"Bourne legacy",1380061560,1380921180,859620,52102885.7748
"Bourne legacy",1380064980,1485068256,105003276,52102885.7748
"Bourne legacy",1380064980,1380574920,509940,52102885.7748
"Bourne legacy",1380065220,1485068256,105003036,52102885.7748
"Bourne legacy",1380065220,1381274520,1209300,52102885.7748
"Bourne legacy",1380066180,1485068256,105002076,52102885.7748
"Bourne legacy",1380070080,1485068256,104998176,52102885.7748
"Bourne legacy",1380070080,1381273440,1203360,52102885.7748
"Bourne legacy",1380070200,1485068256,104998056,52102885.7748
"Bourne legacy",1380132180,1485068256,104936076,52102885.7748
"Bourne legacy",1380137280,1485068256,104930976,52102885.7748
"Bourne legacy",1380137280,1380588780,451500,52102885.7748
"Bourne legacy",1380145860,1485068256,104922396,52102885.7748
"Bourne legacy",1380145860,1380406680,260820,52102885.7748
"Bourne legacy",1380155940,1485068256,104912316,52102885.7748
"Bourne legacy",1380155940,1383777840,3621900,52102885.7748
"Bourne legacy",1380235380,1485068256,104832876,52102885.7748
"Bourne legacy",1380235380,1380939000,703620,52102885.7748
"Bourne legacy",1380240300,1485068256,104827956,52102885.7748
"Bourne legacy",1380301800,1485068256,104766456,52102885.7748
"Bourne legacy",1380301800,1381512900,1211100,52102885.7748
"Bourne legacy",1380312120,1485068256,104756136,52102885.7748
"Bourne legacy",1380312120,1380486060,173940,52102885.7748
"Bourne legacy",1380317940,1485068256,104750316,52102885.7748
"Bourne legacy",1380317940,1380933060,615120,52102885.7748
"Bourne legacy",1380322200,1485068256,104746056,52102885.7748
"Bourne legacy",1380322200,1380593760,271560,52102885.7748
"Bourne legacy",1380323700,1485068256,104744556,52102885.7748
"Bourne legacy",1380323700,1381370640,1046940,52102885.7748
"Bourne legacy",1380326760,1485068256,104741496,52102885.7748
"Bourne legacy",1380326760,1381091760,765000,52102885.7748
"Bourne legacy",1380329940,1485068256,104738316,52102885.7748
"Bourne legacy",1380329940,1380664260,334320,52102885.7748
"Bourne legacy",1380388200,1485068256,104680056,52102885.7748
"Bourne legacy",1380392700,1485068256,104675556,52102885.7748
"Bourne legacy",1380392700,1382297340,1904640,52102885.7748
"Bourne legacy",1380393060,1485068256,104675196,52102885.7748
"Bourne legacy",1380393060,1381518000,1124940,52102885.7748
"Bourne legacy",1380396720,1485068256,104671536,52102885.7748
"Bourne legacy",1380396720,1380930720,534000,52102885.7748
"Bourne legacy",1380399780,1485068256,104668476,52102885.7748
"Bourne legacy",1380399780,1381008540,608760,52102885.7748
"Bourne legacy",1380401340,1485068256,104666916,52102885.7748
"Bourne legacy",1380401340,1383606600,3205260,52102885.7748
"Bourne legacy",1380403680,1485068256,104664576,52102885.7748
"Bourne legacy",1380404520,1485068256,104663736,52102885.7748
"Bourne legacy",1380405300,1485068256,104662956,52102885.7748
"Bourne legacy",1380405300,1380924120,518820,52102885.7748
"Bourne legacy",1380411120,1485068256,104657136,52102885.7748
"Bourne legacy",1380411120,1381357200,946080,52102885.7748
"Bourne legacy",1380413280,1485068256,104654976,52102885.7748
"Bourne legacy",1380413280,1381190760,777480,52102885.7748
"Bourne legacy",1380481980,1485068256,104586276,52102885.7748
"Bourne legacy",1380481980,1380851040,369060,52102885.7748
"Bourne legacy",1380489420,1485068256,104578836,52102885.7748
"Bourne legacy",1380489420,1380568680,79260,52102885.7748
"Bourne legacy",1380489960,1485068256,104578296,52102885.7748
"Bourne legacy",1380489960,1381530840,1040880,52102885.7748
"Bourne legacy",1380491520,1485068256,104576736,52102885.7748
"Bourne legacy",1380493800,1485068256,104574456,52102885.7748
"Bourne legacy",1380498900,1485068256,104569356,52102885.7748
"Bourne legacy",1380564540,1485068256,104503716,52102885.7748
"Bourne legacy",1380564540,1381185180,620640,52102885.7748
"Bourne legacy",1380569640,1485068256,104498616,52102885.7748
"Bourne legacy",1380569640,1380827520,257880,52102885.7748
"Bourne legacy",1380572580,1485068256,104495676,52102885.7748
"Bourne legacy",1380583440,1485068256,104484816,52102885.7748
"Bourne legacy",1380583440,1381798140,1214700,52102885.7748
"Bourne legacy",1380584040,1485068256,104484216,52102885.7748
"Bourne legacy",1380584040,1380841380,257340,52102885.7748
"Bourne legacy",1380584580,1485068256,104483676,52102885.7748
"Bourne legacy",1380587820,1485068256,104480436,52102885.7748
"Bourne legacy",1380587820,1382640420,2052600,52102885.7748
"Bourne legacy",1380590220,1485068256,104478036,52102885.7748
"Bourne legacy",1380592140,1485068256,104476116,52102885.7748
"Bourne legacy",1380592140,1381700220,1108080,52102885.7748
"Bourne legacy",1380592800,1485068256,104475456,52102885.7748
"Bourne legacy",1380595500,1485068256,104472756,52102885.7748
"Bourne legacy",1380595500,1380850620,255120,52102885.7748
"Bourne legacy",1380648960,1485068256,104419296,52102885.7748
"Bourne legacy",1380648960,1380822180,173220,52102885.7748
"Bourne legacy",1380655680,1485068256,104412576,52102885.7748
"Bourne legacy",1380655680,1381180740,525060,52102885.7748
"Bourne legacy",1380661980,1380662040,60,52102885.7748
"Bourne legacy",1380662040,1485068256,104406216,52102885.7748
"Bourne legacy",1380662040,1381008840,346800,52102885.7748
"Bourne legacy",1380662820,1485068256,104405436,52102885.7748
"Bourne legacy",1380662820,1382822940,2160120,52102885.7748
"Bourne legacy",1380671580,1485068256,104396676,52102885.7748
"Bourne legacy",1380672000,1485068256,104396256,52102885.7748
"Bourne legacy",1380672000,1380844140,172140,52102885.7748
"Bourne legacy",1380673800,1380674040,240,52102885.7748
"Bourne legacy",1380676200,1485068256,104392056,52102885.7748
"Bourne legacy",1380676200,1381432620,756420,52102885.7748
"Bourne legacy",1380678180,1485068256,104390076,52102885.7748
"Bourne legacy",1380678180,1381607160,928980,52102885.7748
"Bourne legacy",1380825360,1485068256,104242896,52102885.7748
"Bourne legacy",1380825360,1384123500,3298140,52102885.7748
"Bourne legacy",1380830580,1485068256,104237676,52102885.7748
"Bourne legacy",1380830580,1381955760,1125180,52102885.7748
"Bourne legacy",1380832740,1485068256,104235516,52102885.7748
"Bourne legacy",1380832740,1381774320,941580,52102885.7748
"Bourne legacy",1380850980,1485068256,104217276,52102885.7748
"Bourne legacy",1380850980,1381099320,248340,52102885.7748
"Bourne legacy",1380904500,1485068256,104163756,52102885.7748
"Bourne legacy",1380904500,1383343680,2439180,52102885.7748
"Bourne legacy",1380907680,1485068256,104160576,52102885.7748
"Bourne legacy",1380907680,1381263060,355380,52102885.7748
"Bourne legacy",1380910020,1485068256,104158236,52102885.7748
"Bourne legacy",1380910020,1381092840,182820,52102885.7748
"Bourne legacy",1380911580,1485068256,104156676,52102885.7748
"Bourne legacy",1380911580,1384552740,3641160,52102885.7748
"Bourne legacy",1380914640,1485068256,104153616,52102885.7748
"Bourne legacy",1380932940,1485068256,104135316,52102885.7748
"Bourne legacy",1380932940,1383684960,2752020,52102885.7748
"Bourne legacy",1380997200,1485068256,104071056,52102885.7748
"Bourne legacy",1380998760,1485068256,104069496,52102885.7748
"Bourne legacy",1380998760,1381597440,598680,52102885.7748
"Bourne legacy",1381001040,1485068256,104067216,52102885.7748
"Bourne legacy",1381004100,1485068256,104064156,52102885.7748
"Bourne legacy",1381004100,1381888680,884580,52102885.7748
"Bourne legacy",1381004160,1485068256,104064096,52102885.7748
"Bourne legacy",1381005900,1485068256,104062356,52102885.7748
"Bourne legacy",1381005900,1382212440,1206540,52102885.7748
"Bourne legacy",1381008660,1485068256,104059596,52102885.7748
"Bourne legacy",1381008660,1381946100,937440,52102885.7748
"Bourne legacy",1381012860,1485068256,104055396,52102885.7748
"Bourne legacy",1381012860,1382212620,1199760,52102885.7748
"Bourne legacy",1381014360,1485068256,104053896,52102885.7748
"Bourne legacy",1381014360,1382569860,1555500,52102885.7748
"Bourne legacy",1381016460,1485068256,104051796,52102885.7748
"Bourne legacy",1381016460,1381610040,593580,52102885.7748
"Bourne legacy",1381018800,1485068256,104049456,52102885.7748
"Bourne legacy",1381019820,1485068256,104048436,52102885.7748
"Bourne legacy",1381090380,1485068256,103977876,52102885.7748
"Bourne legacy",1381090380,1382043300,952920,52102885.7748
"Bourne legacy",1381091940,1485068256,103976316,52102885.7748
"Bourne legacy",1381091940,1381782660,690720,52102885.7748
"Bourne legacy",1381092900,1485068256,103975356,52102885.7748
"Bourne legacy",1381092900,1382143200,1050300,52102885.7748
"Bourne legacy",1381101540,1485068256,103966716,52102885.7748
"Bourne legacy",1381101540,1393352340,12250800,52102885.7748
"Bourne legacy",1381178760,1485068256,103889496,52102885.7748
"Bourne legacy",1381178760,1381694940,516180,52102885.7748
"Bourne legacy",1381180200,1485068256,103888056,52102885.7748
"Bourne legacy",1381180200,1381778760,598560,52102885.7748
"Bourne legacy",1381182060,1485068256,103886196,52102885.7748
"Bourne legacy",1381182060,1383604680,2422620,52102885.7748
"Bourne legacy",1381182660,1485068256,103885596,52102885.7748
"Bourne legacy",1381182660,1384296240,3113580,52102885.7748
"Bourne legacy",1381187280,1485068256,103880976,52102885.7748
"Bourne legacy",1381187280,1381784940,597660,52102885.7748
"Bourne legacy",1381187820,1485068256,103880436,52102885.7748
"Bourne legacy",1381187820,1382404740,1216920,52102885.7748
"Bourne legacy",1381189440,1485068256,103878816,52102885.7748
"Bourne legacy",1381189440,1381340640,151200,52102885.7748
"Bourne legacy",1381192320,1485068256,103875936,52102885.7748
"Bourne legacy",1381192320,1381882680,690360,52102885.7748
"Bourne legacy",1381193460,1485068256,103874796,52102885.7748
"Bourne legacy",1381193460,1381530720,337260,52102885.7748
"Bourne legacy",1381194480,1485068256,103873776,52102885.7748
"Bourne legacy",1381194480,1382379960,1185480,52102885.7748
"Bourne legacy",1381196160,1485068256,103872096,52102885.7748
"Bourne legacy",1381196160,1381452660,256500,52102885.7748
"Bourne legacy",1381198500,1485068256,103869756,52102885.7748
"Bourne legacy",1381255680,1485068256,103812576,52102885.7748
"Bourne legacy",1381255680,1381366200,110520,52102885.7748
"Bourne legacy",1381258200,1485068256,103810056,52102885.7748
"Bourne legacy",1381260120,1485068256,103808136,52102885.7748
"Bourne legacy",1381260120,1381784400,524280,52102885.7748
"Bourne legacy",1381273920,1485068256,103794336,52102885.7748
"Bourne legacy",1381273920,1383086220,1812300,52102885.7748
"Bourne legacy",1381278900,1485068256,103789356,52102885.7748
"Bourne legacy",1381286400,1485068256,103781856,52102885.7748
"Bourne legacy",1381286400,1382220780,934380,52102885.7748
"Bourne legacy",1381344840,1485068256,103723416,52102885.7748
"Bourne legacy",1381344840,1381432500,87660,52102885.7748
"Bourne legacy",1381349820,1485068256,103718436,52102885.7748
"Bourne legacy",1381349820,1384377360,3027540,52102885.7748
"Bourne legacy",1381350900,1485068256,103717356,52102885.7748
"Bourne legacy",1381350900,1381944540,593640,52102885.7748
"Bourne legacy",1381357140,1485068256,103711116,52102885.7748
"Bourne legacy",1381358100,1485068256,103710156,52102885.7748
"Bourne legacy",1381358760,1485068256,103709496,52102885.7748
"Bourne legacy",1381358760,1382124060,765300,52102885.7748
"Bourne legacy",1381360800,1485068256,103707456,52102885.7748
"Bourne legacy",1381360800,1384290840,2930040,52102885.7748
"Bourne legacy",1381363500,1485068256,103704756,52102885.7748
"Bourne legacy",1381363500,1381609500,246000,52102885.7748
"Bourne legacy",1381371420,1485068256,103696836,52102885.7748
"Bourne legacy",1381371420,1383152520,1781100,52102885.7748
"Bourne legacy",1381426920,1485068256,103641336,52102885.7748
"Bourne legacy",1381426920,1382650020,1223100,52102885.7748
"Bourne legacy",1381434960,1485068256,103633296,52102885.7748
"Bourne legacy",1381436700,1485068256,103631556,52102885.7748
"Bourne legacy",1381436700,1381614540,177840,52102885.7748
"Bourne legacy",1381439100,1485068256,103629156,52102885.7748
"Bourne legacy",1381439100,1382143320,704220,52102885.7748
"Bourne legacy",1381439400,1485068256,103628856,52102885.7748
"Bourne legacy",1381453140,1485068256,103615116,52102885.7748
"Bourne legacy",1381453140,1381872720,419580,52102885.7748
"Bourne legacy",1381456740,1485068256,103611516,52102885.7748
"Bourne legacy",1381456740,1381800420,343680,52102885.7748
"Bourne legacy",1381457940,1485068256,103610316,52102885.7748
"Bourne legacy",1381457940,1382656680,1198740,52102885.7748
"Bourne legacy",1381520760,1485068256,103547496,52102885.7748
"Bourne legacy",1381520760,1382461620,940860,52102885.7748
"Bourne legacy",1381528020,1485068256,103540236,52102885.7748
"Bourne legacy",1381528020,1382375160,847140,52102885.7748
"Bourne legacy",1381537080,1485068256,103531176,52102885.7748
"Bourne legacy",1381537080,1383000480,1463400,52102885.7748
"Bourne legacy",1381538280,1485068256,103529976,52102885.7748
"Bourne legacy",1381538280,1383790140,2251860,52102885.7748
"Bourne legacy",1381539660,1485068256,103528596,52102885.7748
"Bourne legacy",1381539660,1381974480,434820,52102885.7748
"Bourne legacy",1381598160,1485068256,103470096,52102885.7748
"Bourne legacy",1381598160,1381951260,353100,52102885.7748
"Bourne legacy",1381601340,1485068256,103466916,52102885.7748
"Bourne legacy",1381601340,1381941540,340200,52102885.7748
"Bourne legacy",1381611960,1485068256,103456296,52102885.7748
"Bourne legacy",1381611960,1382214900,602940,52102885.7748
"Bourne legacy",1381612620,1485068256,103455636,52102885.7748
"Bourne legacy",1381612620,1383347340,1734720,52102885.7748
"Bourne legacy",1381614060,1485068256,103454196,52102885.7748
"Bourne legacy",1381614060,1382223600,609540,52102885.7748
"Bourne legacy",1381617060,1485068256,103451196,52102885.7748
"Bourne legacy",1381617060,1382212260,595200,52102885.7748
"Bourne legacy",1381617300,1485068256,103450956,52102885.7748
"Bourne legacy",1381617300,1384821060,3203760,52102885.7748
"Bourne legacy",1381621980,1485068256,103446276,52102885.7748
"Bourne legacy",1381703220,1485068256,103365036,52102885.7748
"Bourne legacy",1381703220,1382126220,423000,52102885.7748
"Bourne legacy",1381705860,1485068256,103362396,52102885.7748
"Bourne legacy",1381705860,1381867440,161580,52102885.7748
"Bourne legacy",1381705920,1485068256,103362336,52102885.7748
"Bourne legacy",1381706520,1485068256,103361736,52102885.7748
"Bourne legacy",1381708980,1485068256,103359276,52102885.7748
"Bourne legacy",1381708980,1381964040,255060,52102885.7748
"Bourne legacy",1381712100,1485068256,103356156,52102885.7748
"Bourne legacy",1381712100,1382299140,587040,52102885.7748
"Bourne legacy",1381775880,1485068256,103292376,52102885.7748
"Bourne legacy",1381775880,1382553480,777600,52102885.7748
"Bourne legacy",1381778640,1485068256,103289616,52102885.7748
"Bourne legacy",1381778640,1382052900,274260,52102885.7748
"Bourne legacy",1381779000,1485068256,103289256,52102885.7748
"Bourne legacy",1381779000,1382379540,600540,52102885.7748
"Bourne legacy",1381785300,1485068256,103282956,52102885.7748
"Bourne legacy",1381785300,1382119260,333960,52102885.7748
"Bourne legacy",1381793280,1485068256,103274976,52102885.7748
"Bourne legacy",1381793280,1382127900,334620,52102885.7748
"Bourne legacy",1381793520,1485068256,103274736,52102885.7748
"Bourne legacy",1381793520,1382662620,869100,52102885.7748
"Bourne legacy",1381797000,1485068256,103271256,52102885.7748
"Bourne legacy",1381797000,1381974120,177120,52102885.7748
"Bourne legacy",1381798740,1485068256,103269516,52102885.7748
"Bourne legacy",1381798740,1381888260,89520,52102885.7748
"Bourne legacy",1381804140,1485068256,103264116,52102885.7748
"Bourne legacy",1381865640,1485068256,103202616,52102885.7748
"Bourne legacy",1381865640,1382468880,603240,52102885.7748
"Bourne legacy",1381871340,1485068256,103196916,52102885.7748
"Bourne legacy",1381871340,1382569080,697740,52102885.7748
"Bourne legacy",1381872840,1485068256,103195416,52102885.7748
"Bourne legacy",1381879860,1485068256,103188396,52102885.7748
"Bourne legacy",1381879860,1382043840,163980,52102885.7748
"Bourne legacy",1381882620,1485068256,103185636,52102885.7748
"Bourne legacy",1381882620,1382374920,492300,52102885.7748
"Bourne legacy",1381953240,1485068256,103115016,52102885.7748
"Bourne legacy",1381953240,1382989800,1036560,52102885.7748
"Bourne legacy",1381957980,1485068256,103110276,52102885.7748
"Bourne legacy",1381959600,1485068256,103108656,52102885.7748
"Bourne legacy",1381959600,1384478220,2518620,52102885.7748
"Bourne legacy",1381962840,1485068256,103105416,52102885.7748
"Bourne legacy",1381962840,1382132160,169320,52102885.7748
"Bourne legacy",1381962900,1485068256,103105356,52102885.7748
"Bourne legacy",1381962900,1383095640,1132740,52102885.7748
"Bourne legacy",1381964100,1485068256,103104156,52102885.7748
"Bourne legacy",1381964100,1382064480,100380,52102885.7748
"Bourne legacy",1381965960,1485068256,103102296,52102885.7748
"Bourne legacy",1381965960,1383174120,1208160,52102885.7748
"Bourne legacy",1381966140,1485068256,103102116,52102885.7748
"Bourne legacy",1381966140,1382814660,848520,52102885.7748
"Bourne legacy",1381970220,1485068256,103098036,52102885.7748
"Bourne legacy",1381970220,1382482920,512700,52102885.7748
"Bourne legacy",1381970460,1485068256,103097796,52102885.7748
"Bourne legacy",1381970460,1385076960,3106500,52102885.7748
"Bourne legacy",1381974720,1485068256,103093536,52102885.7748
"Bourne legacy",1382039820,1485068256,103028436,52102885.7748
"Bourne legacy",1382043120,1485068256,103025136,52102885.7748
"Bourne legacy",1382043120,1385412000,3368880,52102885.7748
"Bourne legacy",1382054040,1485068256,103014216,52102885.7748
"Bourne legacy",1382054040,1382648040,594000,52102885.7748
"Bourne legacy",1382055180,1485068256,103013076,52102885.7748
"Bourne legacy",1382055180,1383588600,1533420,52102885.7748
"Bourne legacy",1382061540,1485068256,103006716,52102885.7748
"Bourne legacy",1382061540,1382488440,426900,52102885.7748
"Bourne legacy",1382062260,1485068256,103005996,52102885.7748
"Bourne legacy",1382062260,1383097320,1035060,52102885.7748
"Bourne legacy",1382124360,1485068256,102943896,52102885.7748
"Bourne legacy",1382124360,1383156060,1031700,52102885.7748
"Bourne legacy",1382124720,1485068256,102943536,52102885.7748
"Bourne legacy",1382124720,1382982480,857760,52102885.7748
"Bourne legacy",1382130120,1485068256,102938136,52102885.7748
"Bourne legacy",1382130120,1382311740,181620,52102885.7748
"Bourne legacy",1382131680,1485068256,102936576,52102885.7748
"Bourne legacy",1382131680,1383248460,1116780,52102885.7748
"Bourne legacy",1382140680,1485068256,102927576,52102885.7748
"Bourne legacy",1382140680,1383973740,1833060,52102885.7748
"Bourne legacy",1382142120,1485068256,102926136,52102885.7748
"Bourne legacy",1382217960,1485068256,102850296,52102885.7748
"Bourne legacy",1382217960,1383325320,1107360,52102885.7748
"Bourne legacy",1382218200,1485068256,102850056,52102885.7748
"Bourne legacy",1382218200,1382727060,508860,52102885.7748
"Bourne legacy",1382218740,1485068256,102849516,52102885.7748
"Bourne legacy",1382219520,1485068256,102848736,52102885.7748
"Bourne legacy",1382219520,1382557200,337680,52102885.7748
"Bourne legacy",1382220900,1485068256,102847356,52102885.7748
"Bourne legacy",1382220900,1382648940,428040,52102885.7748
"Bourne legacy",1382224320,1485068256,102843936,52102885.7748
"Bourne legacy",1382224320,1382484480,260160,52102885.7748
"Bourne legacy",1382225820,1485068256,102842436,52102885.7748
"Bourne legacy",1382228100,1485068256,102840156,52102885.7748
"Bourne legacy",1382228100,1382832300,604200,52102885.7748
"Bourne legacy",1382228160,1485068256,102840096,52102885.7748
"Bourne legacy",1382229720,1485068256,102838536,52102885.7748
"Bourne legacy",1382229720,1382401440,171720,52102885.7748
"Bourne legacy",1382298000,1485068256,102770256,52102885.7748
"Bourne legacy",1382298000,1383614940,1316940,52102885.7748
"Bourne legacy",1382301840,1485068256,102766416,52102885.7748
"Bourne legacy",1382301840,1382990640,688800,52102885.7748
"Bourne legacy",1382302440,1485068256,102765816,52102885.7748
"Bourne legacy",1382302440,1382914980,612540,52102885.7748
"Bourne legacy",1382303340,1485068256,102764916,52102885.7748
"Bourne legacy",1382307480,1485068256,102760776,52102885.7748
"Bourne legacy",1382307480,1383006300,698820,52102885.7748
"Bourne legacy",1382307540,1485068256,102760716,52102885.7748
"Bourne legacy",1382307540,1382638200,330660,52102885.7748
"Bourne legacy",1382308200,1485068256,102760056,52102885.7748
"Bourne legacy",1382373720,1485068256,102694536,52102885.7748
"Bourne legacy",1382373720,1387214820,4841100,52102885.7748
"Bourne legacy",1382387280,1485068256,102680976,52102885.7748
"Bourne legacy",1382389140,1485068256,102679116,52102885.7748
"Bourne legacy",1382389140,1382738400,349260,52102885.7748
"Bourne legacy",1382389440,1485068256,102678816,52102885.7748
"Bourne legacy",1382389440,1383255000,865560,52102885.7748
"Bourne legacy",1382389620,1485068256,102678636,52102885.7748
"Bourne legacy",1382389620,1382987700,598080,52102885.7748
"Bourne legacy",1382390520,1485068256,102677736,52102885.7748
"Bourne legacy",1382390520,1384400220,2009700,52102885.7748
"Bourne legacy",1382394780,1485068256,102673476,52102885.7748
"Bourne legacy",1382394780,1382997840,603060,52102885.7748
"Bourne legacy",1382400780,1485068256,102667476,52102885.7748
"Bourne legacy",1382400780,1383156480,755700,52102885.7748
"Bourne legacy",1382401680,1485068256,102666576,52102885.7748
"Bourne legacy",1382409540,1485068256,102658716,52102885.7748
"Bourne legacy",1382409540,1383865320,1455780,52102885.7748
"Bourne legacy",1382409960,1485068256,102658296,52102885.7748
"Bourne legacy",1382410140,1485068256,102658116,52102885.7748
"Bourne legacy",1382410140,1383096000,685860,52102885.7748
"Bourne legacy",1382410380,1485068256,102657876,52102885.7748
"Bourne legacy",1382477460,1485068256,102590796,52102885.7748
"Bourne legacy",1382477460,1382742840,265380,52102885.7748
"Bourne legacy",1382483880,1485068256,102584376,52102885.7748
"Bourne legacy",1382483880,1382548200,64320,52102885.7748
"Bourne legacy",1382484720,1485068256,102583536,52102885.7748
"Bourne legacy",1382484720,1383514740,1030020,52102885.7748
"Bourne legacy",1382494260,1485068256,102573996,52102885.7748
"Bourne legacy",1382557440,1485068256,102510816,52102885.7748
"Bourne legacy",1382557440,1384900080,2342640,52102885.7748
"Bourne legacy",1382570460,1485068256,102497796,52102885.7748
"Bourne legacy",1382570460,1383340740,770280,52102885.7748
"Bourne legacy",1382571240,1485068256,102497016,52102885.7748
"Bourne legacy",1382571240,1382822100,250860,52102885.7748
"Bourne legacy",1382574180,1485068256,102494076,52102885.7748
"Bourne legacy",1382574540,1485068256,102493716,52102885.7748
"Bourne legacy",1382574540,1382823720,249180,52102885.7748
"Bourne legacy",1382642580,1485068256,102425676,52102885.7748
"Bourne legacy",1382642580,1383677040,1034460,52102885.7748
"Bourne legacy",1382653620,1485068256,102414636,52102885.7748
"Bourne legacy",1382653620,1383174840,521220,52102885.7748
"Bourne legacy",1382659140,1485068256,102409116,52102885.7748
"Bourne legacy",1382659140,1382819580,160440,52102885.7748
"Bourne legacy",1382661360,1485068256,102406896,52102885.7748
"Bourne legacy",1382661360,1383084720,423360,52102885.7748
"Bourne legacy",1382724960,1485068256,102343296,52102885.7748
"Bourne legacy",1382724960,1384385040,1660080,52102885.7748
"Bourne legacy",1382727300,1485068256,102340956,52102885.7748
"Bourne legacy",1382727300,1383172740,445440,52102885.7748
"Bourne legacy",1382733060,1485068256,102335196,52102885.7748
"Bourne legacy",1382733060,1383683580,950520,52102885.7748
"Bourne legacy",1382744760,1485068256,102323496,52102885.7748
"Bourne legacy",1382744760,1384725480,1980720,52102885.7748
"Bourne legacy",1382807580,1485068256,102260676,52102885.7748
"Bourne legacy",1382807580,1384020840,1213260,52102885.7748
"Bourne legacy",1382807700,1485068256,102260556,52102885.7748
"Bourne legacy",1382807700,1383084960,277260,52102885.7748
"Bourne legacy",1382808660,1485068256,102259596,52102885.7748
"Bourne legacy",1382813100,1485068256,102255156,52102885.7748
"Bourne legacy",1382813100,1383434280,621180,52102885.7748
"Bourne legacy",1382813940,1485068256,102254316,52102885.7748
"Bourne legacy",1382813940,1384028280,1214340,52102885.7748
"Bourne legacy",1382816160,1485068256,102252096,52102885.7748
"Bourne legacy",1382816160,1382998860,182700,52102885.7748
"Bourne legacy",1382820660,1485068256,102247596,52102885.7748
"Bourne legacy",1382820660,1383344460,523800,52102885.7748
"Bourne legacy",1382829660,1485068256,102238596,52102885.7748
"Bourne legacy",1382834400,1485068256,102233856,52102885.7748
"Bourne legacy",1382834400,1383676440,842040,52102885.7748
"Bourne legacy",1382904960,1485068256,102163296,52102885.7748
"Bourne legacy",1382904960,1383337560,432600,52102885.7748
"Bourne legacy",1382906880,1485068256,102161376,52102885.7748
"Bourne legacy",1382906880,1383258000,351120,52102885.7748
"Bourne legacy",1382910120,1485068256,102158136,52102885.7748
"Bourne legacy",1382910120,1384129380,1219260,52102885.7748
"Bourne legacy",1382912100,1485068256,102156156,52102885.7748
"Bourne legacy",1382915460,1485068256,102152796,52102885.7748
"Bourne legacy",1382915460,1383003840,88380,52102885.7748
"Bourne legacy",1382915880,1485068256,102152376,52102885.7748
"Bourne legacy",1382983500,1485068256,102084756,52102885.7748
"Bourne legacy",1382983500,1383594600,611100,52102885.7748
"Bourne legacy",1382988060,1485068256,102080196,52102885.7748
"Bourne legacy",1382991240,1485068256,102077016,52102885.7748
"Bourne legacy",1382991240,1384800540,1809300,52102885.7748
"Bourne legacy",1382994360,1485068256,102073896,52102885.7748
"Bourne legacy",1382994360,1383177180,182820,52102885.7748
"Bourne legacy",1382995800,1485068256,102072456,52102885.7748
"Bourne legacy",1382995800,1383426060,430260,52102885.7748
"Bourne legacy",1382998620,1485068256,102069636,52102885.7748
"Bourne legacy",1382998620,1384031520,1032900,52102885.7748
"Bourne legacy",1383003060,1485068256,102065196,52102885.7748
"Bourne legacy",1383003060,1384385460,1382400,52102885.7748
"Bourne legacy",1383003180,1485068256,102065076,52102885.7748
"Bourne legacy",1383003180,1384384260,1381080,52102885.7748
"Bourne legacy",1383007740,1485068256,102060516,52102885.7748
"Bourne legacy",1383007740,1384042500,1034760,52102885.7748
"Bourne legacy",1383011160,1485068256,102057096,52102885.7748
"Bourne legacy",1383011160,1383865980,854820,52102885.7748
"Bourne legacy",1383014280,1485068256,102053976,52102885.7748
"Bourne legacy",1383014280,1383184260,169980,52102885.7748
"Bourne legacy",1383071940,1485068256,101996316,52102885.7748
"Bourne legacy",1383071940,1384798200,1726260,52102885.7748
"Bourne legacy",1383075240,1485068256,101993016,52102885.7748
"Bourne legacy",1383075240,1384295700,1220460,52102885.7748
"Bourne legacy",1383077880,1485068256,101990376,52102885.7748
"Bourne legacy",1383077880,1383244020,166140,52102885.7748
"Bourne legacy",1383084060,1485068256,101984196,52102885.7748
"Bourne legacy",1383084060,1383878400,794340,52102885.7748
"Bourne legacy",1383091620,1485068256,101976636,52102885.7748
"Bourne legacy",1383092460,1485068256,101975796,52102885.7748
"Bourne legacy",1383092460,1384285260,1192800,52102885.7748
"Bourne legacy",1383095280,1485068256,101972976,52102885.7748
"Bourne legacy",1383095280,1383770520,675240,52102885.7748
"Bourne legacy",1383097800,1485068256,101970456,52102885.7748
"Bourne legacy",1383097800,1387844700,4746900,52102885.7748
"Bourne legacy",1383157800,1485068256,101910456,52102885.7748
"Bourne legacy",1383157800,1383768780,610980,52102885.7748
"Bourne legacy",1383157920,1485068256,101910336,52102885.7748
"Bourne legacy",1383157920,1383599100,441180,52102885.7748
"Bourne legacy",1383175200,1485068256,101893056,52102885.7748
"Bourne legacy",1383175200,1383613320,438120,52102885.7748
"Bourne legacy",1383182640,1485068256,101885616,52102885.7748
"Bourne legacy",1383182640,1383521580,338940,52102885.7748
"Bourne legacy",1383240480,1485068256,101827776,52102885.7748
"Bourne legacy",1383242100,1485068256,101826156,52102885.7748
"Bourne legacy",1383242100,1384810440,1568340,52102885.7748
"Bourne legacy",1383248340,1485068256,101819916,52102885.7748
"Bourne legacy",1383248340,1384037340,789000,52102885.7748
"Bourne legacy",1383249840,1485068256,101818416,52102885.7748
"Bourne legacy",1383249840,1383608580,358740,52102885.7748
"Bourne legacy",1383251580,1485068256,101816676,52102885.7748
"Bourne legacy",1383251580,1386215640,2964060,52102885.7748
"Bourne legacy",1383255840,1485068256,101812416,52102885.7748
"Bourne legacy",1383256500,1485068256,101811756,52102885.7748
"Bourne legacy",1383259020,1485068256,101809236,52102885.7748
"Bourne legacy",1383259020,1384733760,1474740,52102885.7748
"Bourne legacy",1383259500,1485068256,101808756,52102885.7748
"Bourne legacy",1383259500,1383955860,696360,52102885.7748
"Bourne legacy",1383266220,1485068256,101802036,52102885.7748
"Bourne legacy",1383266220,1384129380,863160,52102885.7748
"Bourne legacy",1383334800,1485068256,101733456,52102885.7748
"Bourne legacy",1383334800,1384462980,1128180,52102885.7748
"Bourne legacy",1383337860,1485068256,101730396,52102885.7748
"Bourne legacy",1383337860,1386383220,3045360,52102885.7748
"Bourne legacy",1383340620,1485068256,101727636,52102885.7748
"Bourne legacy",1383340620,1386369000,3028380,52102885.7748
"Bourne legacy",1383340740,1485068256,101727516,52102885.7748
"Bourne legacy",1383340740,1383946020,605280,52102885.7748
"Bourne legacy",1383342540,1485068256,101725716,52102885.7748
"Bourne legacy",1383342540,1384034160,691620,52102885.7748
"Bourne legacy",1383342780,1485068256,101725476,52102885.7748
"Bourne legacy",1383342780,1383514680,171900,52102885.7748
"Bourne legacy",1383352260,1485068256,101715996,52102885.7748
"Bourne legacy",1383352680,1485068256,101715576,52102885.7748
"Bourne legacy",1383353040,1485068256,101715216,52102885.7748
"Bourne legacy",1383353340,1485068256,101714916,52102885.7748
"Bourne legacy",1383353340,1385518260,2164920,52102885.7748
"Bourne legacy",1383415920,1485068256,101652336,52102885.7748
"Bourne legacy",1383415920,1384113780,697860,52102885.7748
"Bourne legacy",1383419820,1485068256,101648436,52102885.7748
"Bourne legacy",1383419820,1383883080,463260,52102885.7748
"Bourne legacy",1383425880,1485068256,101642376,52102885.7748
"Bourne legacy",1383425880,1383517440,91560,52102885.7748
"Bourne legacy",1383426300,1485068256,101641956,52102885.7748
"Bourne legacy",1383430380,1485068256,101637876,52102885.7748
"Bourne legacy",1383516300,1485068256,101551956,52102885.7748
"Bourne legacy",1383516300,1384126320,610020,52102885.7748
"Bourne legacy",1383524940,1485068256,101543316,52102885.7748
"Bourne legacy",1383588780,1485068256,101479476,52102885.7748
"Bourne legacy",1383588780,1383847440,258660,52102885.7748
"Bourne legacy",1383599940,1485068256,101468316,52102885.7748
"Bourne legacy",1383599940,1384121820,521880,52102885.7748
"Bourne legacy",1383606540,1485068256,101461716,52102885.7748
"Bourne legacy",1383606540,1384299720,693180,52102885.7748
"Bourne legacy",1383607020,1485068256,101461236,52102885.7748
"Bourne legacy",1383607020,1383776520,169500,52102885.7748
"Bourne legacy",1383610320,1485068256,101457936,52102885.7748
"Bourne legacy",1383610320,1384476120,865800,52102885.7748
"Bourne legacy",1383616200,1485068256,101452056,52102885.7748
"Bourne legacy",1383616200,1384296900,680700,52102885.7748
"Bourne legacy",1383616860,1485068256,101451396,52102885.7748
"Bourne legacy",1383616860,1384827660,1210800,52102885.7748
"Bourne legacy",1383619320,1485068256,101448936,52102885.7748
"Bourne legacy",1383619320,1384832640,1213320,52102885.7748
"Bourne legacy",1383620220,1485068256,101448036,52102885.7748
"Bourne legacy",1383620220,1384822260,1202040,52102885.7748
"Bourne legacy",1383678240,1485068256,101390016,52102885.7748
"Bourne legacy",1383678240,1383936000,257760,52102885.7748
"Bourne legacy",1383691920,1485068256,101376336,52102885.7748
"Bourne legacy",1383691920,1384302480,610560,52102885.7748
"Bourne legacy",1383695640,1485068256,101372616,52102885.7748
"Bourne legacy",1383695640,1384303440,607800,52102885.7748
"Bourne legacy",1383699000,1485068256,101369256,52102885.7748
"Bourne legacy",1383699000,1385243400,1544400,52102885.7748
"Bourne legacy",1383702360,1485068256,101365896,52102885.7748
"Bourne legacy",1383702360,1385432580,1730220,52102885.7748
"Bourne legacy",1383707340,1485068256,101360916,52102885.7748
"Bourne legacy",1383763080,1485068256,101305176,52102885.7748
"Bourne legacy",1383763080,1383954540,191460,52102885.7748
"Bourne legacy",1383769500,1485068256,101298756,52102885.7748
"Bourne legacy",1383769500,1384377300,607800,52102885.7748
"Bourne legacy",1383773520,1485068256,101294736,52102885.7748
"Bourne legacy",1383773520,1385251260,1477740,52102885.7748
"Bourne legacy",1383775620,1485068256,101292636,52102885.7748
"Bourne legacy",1383775620,1383868080,92460,52102885.7748
"Bourne legacy",1383776820,1485068256,101291436,52102885.7748
"Bourne legacy",1383776820,1384022700,245880,52102885.7748
"Bourne legacy",1383782400,1485068256,101285856,52102885.7748
"Bourne legacy",1383783480,1485068256,101284776,52102885.7748
"Bourne legacy",1383783480,1384827960,1044480,52102885.7748
"Bourne legacy",1383785520,1485068256,101282736,52102885.7748
"Bourne legacy",1383785520,1387244880,3459360,52102885.7748
"Bourne legacy",1383789060,1485068256,101279196,52102885.7748
"Bourne legacy",1383789060,1384312740,523680,52102885.7748
"Bourne legacy",1383789180,1485068256,101279076,52102885.7748
"Bourne legacy",1383789780,1485068256,101278476,52102885.7748
"Bourne legacy",1383789780,1385003460,1213680,52102885.7748
"Bourne legacy",1383792900,1485068256,101275356,52102885.7748
"Bourne legacy",1383792900,1384374900,582000,52102885.7748
"Bourne legacy",1383854520,1485068256,101213736,52102885.7748
"Bourne legacy",1383864420,1485068256,101203836,52102885.7748
"Bourne legacy",1383871140,1485068256,101197116,52102885.7748
"Bourne legacy",1383871140,1385061000,1189860,52102885.7748
"Bourne legacy",1383875520,1485068256,101192736,52102885.7748
"Bourne legacy",1383876900,1485068256,101191356,52102885.7748
"Bourne legacy",1383876900,1385336520,1459620,52102885.7748
"Bourne legacy",1383934200,1485068256,101134056,52102885.7748
"Bourne legacy",1383934200,1384801620,867420,52102885.7748
"Bourne legacy",1383938760,1485068256,101129496,52102885.7748
"Bourne legacy",1383938760,1384366140,427380,52102885.7748
"Bourne legacy",1383943680,1485068256,101124576,52102885.7748
"Bourne legacy",1383943680,1384283640,339960,52102885.7748
"Bourne legacy",1383947460,1485068256,101120796,52102885.7748
"Bourne legacy",1383947460,1485068256,101120796,52102885.7748
"Bourne legacy",1383947460,1485068256,101120796,52102885.7748
"Bourne legacy",1383947460,1384561740,614280,52102885.7748
"Bourne legacy",1383947460,1385000460,1053000,52102885.7748
"Bourne legacy",1383947460,1386036660,2089200,52102885.7748
"Bourne legacy",1383949740,1485068256,101118516,52102885.7748
"Bourne legacy",1383949740,1385162340,1212600,52102885.7748
"Bourne legacy",1383950880,1485068256,101117376,52102885.7748
"Bourne legacy",1383950880,1384550100,599220,52102885.7748
"Bourne legacy",1383960600,1485068256,101107656,52102885.7748
"Bourne legacy",1383960600,1384391760,431160,52102885.7748
"Bourne legacy",1383962340,1485068256,101105916,52102885.7748
"Bourne legacy",1384036020,1485068256,101032236,52102885.7748
"Bourne legacy",1384046520,1485068256,101021736,52102885.7748
"Bourne legacy",1384046520,1384561440,514920,52102885.7748
"Bourne legacy",1384117260,1485068256,100950996,52102885.7748
"Bourne legacy",1384122840,1485068256,100945416,52102885.7748
"Bourne legacy",1384122840,1385945040,1822200,52102885.7748
"Bourne legacy",1384130460,1485068256,100937796,52102885.7748
"Bourne legacy",1384130460,1384732020,601560,52102885.7748
"Bourne legacy",1384130880,1485068256,100937376,52102885.7748
"Bourne legacy",1384130880,1385431260,1300380,52102885.7748
"Bourne legacy",1384133760,1485068256,100934496,52102885.7748
"Bourne legacy",1384288680,1485068256,100779576,52102885.7748
"Bourne legacy",1384288680,1384647240,358560,52102885.7748
"Bourne legacy",1384289100,1485068256,100779156,52102885.7748
"Bourne legacy",1384289100,1385506620,1217520,52102885.7748
"Bourne legacy",1384295520,1485068256,100772736,52102885.7748
"Bourne legacy",1384295520,1384802160,506640,52102885.7748
"Bourne legacy",1384300080,1485068256,100768176,52102885.7748
"Bourne legacy",1384300080,1385418780,1118700,52102885.7748
"Bourne legacy",1384303320,1485068256,100764936,52102885.7748
"Bourne legacy",1384303560,1485068256,100764696,52102885.7748
"Bourne legacy",1384303560,1385327340,1023780,52102885.7748
"Bourne legacy",1384304160,1485068256,100764096,52102885.7748
"Bourne legacy",1384304160,1384470480,166320,52102885.7748
"Bourne legacy",1384305540,1485068256,100762716,52102885.7748
"Bourne legacy",1384305540,1385849580,1544040,52102885.7748
"Bourne legacy",1384308840,1485068256,100759416,52102885.7748
"Bourne legacy",1384368840,1485068256,100699416,52102885.7748
"Bourne legacy",1384368840,1385170200,801360,52102885.7748
"Bourne legacy",1384369200,1485068256,100699056,52102885.7748
"Bourne legacy",1384369200,1385860380,1491180,52102885.7748
"Bourne legacy",1384389480,1485068256,100678776,52102885.7748
"Bourne legacy",1384389480,1385412120,1022640,52102885.7748
"Bourne legacy",1384456440,1485068256,100611816,52102885.7748
"Bourne legacy",1384456440,1386274200,1817760,52102885.7748
"Bourne legacy",1384458060,1485068256,100610196,52102885.7748
"Bourne legacy",1384458060,1384806300,348240,52102885.7748
"Bourne legacy",1384459020,1485068256,100609236,52102885.7748
"Bourne legacy",1384459020,1385084280,625260,52102885.7748
"Bourne legacy",1384465920,1485068256,100602336,52102885.7748
"Bourne legacy",1384465920,1385249880,783960,52102885.7748
"Bourne legacy",1384472880,1485068256,100595376,52102885.7748
"Bourne legacy",1384472880,1384734060,261180,52102885.7748
"Bourne legacy",1384474440,1485068256,100593816,52102885.7748
"Bourne legacy",1384474440,1385076420,601980,52102885.7748
"Bourne legacy",1384480440,1485068256,100587816,52102885.7748
"Bourne legacy",1384480440,1384824480,344040,52102885.7748
"Bourne legacy",1384485120,1485068256,100583136,52102885.7748
"Bourne legacy",1384485120,1385523660,1038540,52102885.7748
"Bourne legacy",1384542840,1485068256,100525416,52102885.7748
"Bourne legacy",1384542840,1385760480,1217640,52102885.7748
"Bourne legacy",1384546560,1485068256,100521696,52102885.7748
"Bourne legacy",1384546560,1384815660,269100,52102885.7748
"Bourne legacy",1384548240,1485068256,100520016,52102885.7748
"Bourne legacy",1384548240,1385598600,1050360,52102885.7748
"Bourne legacy",1384550160,1485068256,100518096,52102885.7748
"Bourne legacy",1384554600,1485068256,100513656,52102885.7748
"Bourne legacy",1384565700,1485068256,100502556,52102885.7748
"Bourne legacy",1384565700,1385146200,580500,52102885.7748
"Bourne legacy",1384628940,1485068256,100439316,52102885.7748
"Bourne legacy",1384628940,1386549900,1920960,52102885.7748
"Bourne legacy",1384632840,1485068256,100435416,52102885.7748
"Bourne legacy",1384632840,1384813920,181080,52102885.7748
"Bourne legacy",1384638540,1485068256,100429716,52102885.7748
"Bourne legacy",1384638540,1385404740,766200,52102885.7748
"Bourne legacy",1384640460,1485068256,100427796,52102885.7748
"Bourne legacy",1384640460,1384729920,89460,52102885.7748
"Bourne legacy",1384641120,1485068256,100427136,52102885.7748
"Bourne legacy",1384641120,1385942220,1301100,52102885.7748
"Bourne legacy",1384641960,1485068256,100426296,52102885.7748
"Bourne legacy",1384641960,1385239800,597840,52102885.7748
"Bourne legacy",1384642260,1485068256,100425996,52102885.7748
"Bourne legacy",1384642260,1385156760,514500,52102885.7748
"Bourne legacy",1384653120,1485068256,100415136,52102885.7748
"Bourne legacy",1384653120,1385937660,1284540,52102885.7748
"Bourne legacy",1384722600,1485068256,100345656,52102885.7748
"Bourne legacy",1384722600,1385242920,520320,52102885.7748
"Bourne legacy",1384723560,1485068256,100344696,52102885.7748
"Bourne legacy",1384723560,1384986300,262740,52102885.7748
"Bourne legacy",1384732680,1485068256,100335576,52102885.7748
"Bourne legacy",1384732680,1385340720,608040,52102885.7748
"Bourne legacy",1384734000,1485068256,100334256,52102885.7748
"Bourne legacy",1384734000,1386890100,2156100,52102885.7748
"Bourne legacy",1384798500,1485068256,100269756,52102885.7748
"Bourne legacy",1384809600,1485068256,100258656,52102885.7748
"Bourne legacy",1384809600,1387250280,2440680,52102885.7748
"Bourne legacy",1384814280,1485068256,100253976,52102885.7748
"Bourne legacy",1384814280,1384976100,161820,52102885.7748
"Bourne legacy",1384827540,1485068256,100240716,52102885.7748
"Bourne legacy",1384827540,1384914600,87060,52102885.7748
"Bourne legacy",1384829040,1485068256,100239216,52102885.7748
"Bourne legacy",1384829040,1385503380,674340,52102885.7748
"Bourne legacy",1384896720,1485068256,100171536,52102885.7748
"Bourne legacy",1384896720,1385407860,511140,52102885.7748
"Bourne legacy",1384901940,1485068256,100166316,52102885.7748
"Bourne legacy",1384901940,1386982440,2080500,52102885.7748
"Bourne legacy",1384905060,1485068256,100163196,52102885.7748
"Bourne legacy",1384905060,1386019620,1114560,52102885.7748
"Bourne legacy",1384905360,1485068256,100162896,52102885.7748
"Bourne legacy",1384905360,1384974720,69360,52102885.7748
"Bourne legacy",1384906260,1485068256,100161996,52102885.7748
"Bourne legacy",1384906260,1385512680,606420,52102885.7748
"Bourne legacy",1384908060,1485068256,100160196,52102885.7748
"Bourne legacy",1384908060,1386024540,1116480,52102885.7748
"Bourne legacy",1384909200,1485068256,100159056,52102885.7748
"Bourne legacy",1384909200,1385332380,423180,52102885.7748
"Bourne legacy",1384912500,1485068256,100155756,52102885.7748
"Bourne legacy",1384912500,1385153700,241200,52102885.7748
"Bourne legacy",1384912980,1485068256,100155276,52102885.7748
"Bourne legacy",1384912980,1386632760,1719780,52102885.7748
"Bourne legacy",1384913580,1485068256,100154676,52102885.7748
"Bourne legacy",1384913580,1385935440,1021860,52102885.7748
"Bourne legacy",1384980180,1485068256,100088076,52102885.7748
"Bourne legacy",1384982940,1485068256,100085316,52102885.7748
"Bourne legacy",1384982940,1385930100,947160,52102885.7748
"Bourne legacy",1384986720,1384986720,0,52102885.7748
"Bourne legacy",1384996620,1485068256,100071636,52102885.7748
"Bourne legacy",1384996620,1386029940,1033320,52102885.7748
"Bourne legacy",1384997820,1485068256,100070436,52102885.7748
"Bourne legacy",1384997820,1385252760,254940,52102885.7748
"Bourne legacy",1385001960,1485068256,100066296,52102885.7748
"Bourne legacy",1385001960,1387673460,2671500,52102885.7748
"Bourne legacy",1385005620,1485068256,100062636,52102885.7748
"Bourne legacy",1385005620,1385074620,69000,52102885.7748
"Bourne legacy",1385064180,1485068256,100004076,52102885.7748
"Bourne legacy",1385064180,1385591580,527400,52102885.7748
"Bourne legacy",1385070540,1485068256,99997716,52102885.7748
"Bourne legacy",1385070540,1386622920,1552380,52102885.7748
"Bourne legacy",1385075760,1485068256,99992496,52102885.7748
"Bourne legacy",1385075760,1385327220,251460,52102885.7748
"Bourne legacy",1385081520,1485068256,99986736,52102885.7748
"Bourne legacy",1385081820,1485068256,99986436,52102885.7748
"Bourne legacy",1385081820,1385247720,165900,52102885.7748
"Bourne legacy",1385144880,1485068256,99923376,52102885.7748
"Bourne legacy",1385144880,1388168400,3023520,52102885.7748
"Bourne legacy",1385145060,1485068256,99923196,52102885.7748
"Bourne legacy",1385148420,1485068256,99919836,52102885.7748
"Bourne legacy",1385148420,1386108660,960240,52102885.7748
"Bourne legacy",1385167560,1485068256,99900696,52102885.7748
"Bourne legacy",1385167560,1385423220,255660,52102885.7748
"Bourne legacy",1385169540,1485068256,99898716,52102885.7748
"Bourne legacy",1385231760,1485068256,99836496,52102885.7748
"Bourne legacy",1385231760,1387154460,1922700,52102885.7748
"Bourne legacy",1385233500,1485068256,99834756,52102885.7748
"Bourne legacy",1385233500,1385841960,608460,52102885.7748
"Bourne legacy",1385234100,1485068256,99834156,52102885.7748
"Bourne legacy",1385234100,1388697180,3463080,52102885.7748
"Bourne legacy",1385236080,1485068256,99832176,52102885.7748
"Bourne legacy",1385236080,1386285360,1049280,52102885.7748
"Bourne legacy",1385239800,1485068256,99828456,52102885.7748
"Bourne legacy",1385239800,1385942280,702480,52102885.7748
"Bourne legacy",1385240700,1485068256,99827556,52102885.7748
"Bourne legacy",1385241060,1485068256,99827196,52102885.7748
"Bourne legacy",1385241060,1385494260,253200,52102885.7748
"Bourne legacy",1385247000,1485068256,99821256,52102885.7748
"Bourne legacy",1385247000,1386017340,770340,52102885.7748
"Bourne legacy",1385247960,1485068256,99820296,52102885.7748
"Bourne legacy",1385247960,1386117420,869460,52102885.7748
"Bourne legacy",1385248680,1485068256,99819576,52102885.7748
"Bourne legacy",1385248680,1385402640,153960,52102885.7748
"Bourne legacy",1385255340,1485068256,99812916,52102885.7748
"Bourne legacy",1385255640,1485068256,99812616,52102885.7748
"Bourne legacy",1385255640,1386443160,1187520,52102885.7748
"Bourne legacy",1385256360,1485068256,99811896,52102885.7748
"Bourne legacy",1385256360,1388101080,2844720,52102885.7748
"Bourne legacy",1385332500,1485068256,99735756,52102885.7748
"Bourne legacy",1385332800,1485068256,99735456,52102885.7748
"Bourne legacy",1385332800,1386374640,1041840,52102885.7748
"Bourne legacy",1385336520,1485068256,99731736,52102885.7748
"Bourne legacy",1385336520,1385943000,606480,52102885.7748
"Bourne legacy",1385336640,1485068256,99731616,52102885.7748
"Bourne legacy",1385338620,1485068256,99729636,52102885.7748
"Bourne legacy",1385338620,1386636900,1298280,52102885.7748
"Bourne legacy",1385403960,1485068256,99664296,52102885.7748
"Bourne legacy",1385403960,1386024120,620160,52102885.7748
"Bourne legacy",1385409420,1485068256,99658836,52102885.7748
"Bourne legacy",1385409420,1386104100,694680,52102885.7748
"Bourne legacy",1385410200,1485068256,99658056,52102885.7748
"Bourne legacy",1385410200,1385760360,350160,52102885.7748
"Bourne legacy",1385412540,1485068256,99655716,52102885.7748
"Bourne legacy",1385414940,1485068256,99653316,52102885.7748
"Bourne legacy",1385414940,1386897360,1482420,52102885.7748
"Bourne legacy",1385417940,1485068256,99650316,52102885.7748
"Bourne legacy",1385417940,1385761020,343080,52102885.7748
"Bourne legacy",1385418780,1485068256,99649476,52102885.7748
"Bourne legacy",1385418780,1386724020,1305240,52102885.7748
"Bourne legacy",1385419140,1485068256,99649116,52102885.7748
"Bourne legacy",1385419140,1386196200,777060,52102885.7748
"Bourne legacy",1385422020,1485068256,99646236,52102885.7748
"Bourne legacy",1385431140,1485068256,99637116,52102885.7748
"Bourne legacy",1385431140,1386639300,1208160,52102885.7748
"Bourne legacy",1385495280,1485068256,99572976,52102885.7748
"Bourne legacy",1385495280,1386180000,684720,52102885.7748
"Bourne legacy",1385497920,1485068256,99570336,52102885.7748
"Bourne legacy",1385499540,1485068256,99568716,52102885.7748
"Bourne legacy",1385502360,1485068256,99565896,52102885.7748
"Bourne legacy",1385502360,1386023340,520980,52102885.7748
"Bourne legacy",1385509320,1485068256,99558936,52102885.7748
"Bourne legacy",1385509320,1385848020,338700,52102885.7748
"Bourne legacy",1385514720,1485068256,99553536,52102885.7748
"Bourne legacy",1385514720,1386120540,605820,52102885.7748
"Bourne legacy",1385517120,1485068256,99551136,52102885.7748
"Bourne legacy",1385519460,1485068256,99548796,52102885.7748
"Bourne legacy",1385519700,1485068256,99548556,52102885.7748
"Bourne legacy",1385524440,1485068256,99543816,52102885.7748
"Bourne legacy",1385524440,1399317660,13793220,52102885.7748
"Bourne legacy",1385582400,1485068256,99485856,52102885.7748
"Bourne legacy",1385582400,1385933880,351480,52102885.7748
"Bourne legacy",1385589960,1485068256,99478296,52102885.7748
"Bourne legacy",1385589960,1386126840,536880,52102885.7748
"Bourne legacy",1385590260,1485068256,99477996,52102885.7748
"Bourne legacy",1385590260,1386284700,694440,52102885.7748
"Bourne legacy",1385591340,1485068256,99476916,52102885.7748
"Bourne legacy",1385591340,1386370440,779100,52102885.7748
"Bourne legacy",1385593980,1485068256,99474276,52102885.7748
"Bourne legacy",1385593980,1386285960,691980,52102885.7748
"Bourne legacy",1385594160,1485068256,99474096,52102885.7748
"Bourne legacy",1385594160,1386194640,600480,52102885.7748
"Bourne legacy",1385595060,1485068256,99473196,52102885.7748
"Bourne legacy",1385595060,1386804480,1209420,52102885.7748
"Bourne legacy",1385595360,1485068256,99472896,52102885.7748
"Bourne legacy",1385595360,1386110520,515160,52102885.7748
"Bourne legacy",1385597640,1485068256,99470616,52102885.7748
"Bourne legacy",1385597640,1385849640,252000,52102885.7748
"Bourne legacy",1385601060,1485068256,99467196,52102885.7748
"Bourne legacy",1385601060,1387068900,1467840,52102885.7748
"Bourne legacy",1385602920,1485068256,99465336,52102885.7748
"Bourne legacy",1385610780,1485068256,99457476,52102885.7748
"Bourne legacy",1385610780,1386033240,422460,52102885.7748
"Bourne legacy",1385754120,1485068256,99314136,52102885.7748
"Bourne legacy",1385754120,1386010080,255960,52102885.7748
"Bourne legacy",1385757780,1485068256,99310476,52102885.7748
"Bourne legacy",1385757780,1386282000,524220,52102885.7748
"Bourne legacy",1385761260,1485068256,99306996,52102885.7748
"Bourne legacy",1385761260,1386118080,356820,52102885.7748
"Bourne legacy",1385762940,1485068256,99305316,52102885.7748
"Bourne legacy",1385762940,1386367380,604440,52102885.7748
"Bourne legacy",1385839020,1485068256,99229236,52102885.7748
"Bourne legacy",1385839020,1386182040,343020,52102885.7748
"Bourne legacy",1385843580,1485068256,99224676,52102885.7748
"Bourne legacy",1385843580,1386810300,966720,52102885.7748
"Bourne legacy",1385844660,1385844960,300,52102885.7748
"Bourne legacy",1385845020,1485068256,99223236,52102885.7748
"Bourne legacy",1385847000,1485068256,99221256,52102885.7748
"Bourne legacy",1385847000,1386463320,616320,52102885.7748
"Bourne legacy",1385850420,1485068256,99217836,52102885.7748
"Bourne legacy",1385850420,1386032280,181860,52102885.7748
"Bourne legacy",1385856300,1485068256,99211956,52102885.7748
"Bourne legacy",1385856300,1386460980,604680,52102885.7748
"Bourne legacy",1385856480,1485068256,99211776,52102885.7748
"Bourne legacy",1385856480,1388257260,2400780,52102885.7748
"Bourne legacy",1385932920,1485068256,99135336,52102885.7748
"Bourne legacy",1385932920,1386189420,256500,52102885.7748
"Bourne legacy",1385934900,1485068256,99133356,52102885.7748
"Bourne legacy",1385934900,1386724140,789240,52102885.7748
"Bourne legacy",1385939160,1485068256,99129096,52102885.7748
"Bourne legacy",1385939160,1387149000,1209840,52102885.7748
"Bourne legacy",1385941020,1485068256,99127236,52102885.7748
"Bourne legacy",1385941020,1386212700,271680,52102885.7748
"Bourne legacy",1386013860,1485068256,99054396,52102885.7748
"Bourne legacy",1386013860,1387234560,1220700,52102885.7748
"Bourne legacy",1386023820,1485068256,99044436,52102885.7748
"Bourne legacy",1386025140,1485068256,99043116,52102885.7748
"Bourne legacy",1386025140,1386465720,440580,52102885.7748
"Bourne legacy",1386027180,1485068256,99041076,52102885.7748
"Bourne legacy",1386036840,1485068256,99031416,52102885.7748
"Bourne legacy",1386036840,1387320900,1284060,52102885.7748
"Bourne legacy",1386042420,1485068256,99025836,52102885.7748
"Bourne legacy",1386042420,1386985740,943320,52102885.7748
"Bourne legacy",1386094260,1485068256,98973996,52102885.7748
"Bourne legacy",1386096000,1485068256,98972256,52102885.7748
"Bourne legacy",1386096000,1387256760,1160760,52102885.7748
"Bourne legacy",1386097500,1485068256,98970756,52102885.7748
"Bourne legacy",1386097500,1387228020,1130520,52102885.7748
"Bourne legacy",1386102120,1485068256,98966136,52102885.7748
"Bourne legacy",1386102120,1387314120,1212000,52102885.7748
"Bourne legacy",1386104700,1485068256,98963556,52102885.7748
"Bourne legacy",1386104700,1386714360,609660,52102885.7748
"Bourne legacy",1386109500,1485068256,98958756,52102885.7748
"Bourne legacy",1386111540,1485068256,98956716,52102885.7748
"Bourne legacy",1386111540,1386367140,255600,52102885.7748
"Bourne legacy",1386115920,1485068256,98952336,52102885.7748
"Bourne legacy",1386122160,1485068256,98946096,52102885.7748
"Bourne legacy",1386122160,1386446820,324660,52102885.7748
"Bourne legacy",1386122460,1485068256,98945796,52102885.7748
"Bourne legacy",1386122460,1386647700,525240,52102885.7748
"Bourne legacy",1386184020,1485068256,98884236,52102885.7748
"Bourne legacy",1386184020,1389559800,3375780,52102885.7748
"Bourne legacy",1386185040,1485068256,98883216,52102885.7748
"Bourne legacy",1386189000,1485068256,98879256,52102885.7748
"Bourne legacy",1386189000,1386807360,618360,52102885.7748
"Bourne legacy",1386196080,1485068256,98872176,52102885.7748
"Bourne legacy",1386196080,1388109660,1913580,52102885.7748
"Bourne legacy",1386196380,1485068256,98871876,52102885.7748
"Bourne legacy",1386196380,1386363240,166860,52102885.7748
"Bourne legacy",1386213660,1485068256,98854596,52102885.7748
"Bourne legacy",1386269040,1485068256,98799216,52102885.7748
"Bourne legacy",1386269760,1485068256,98798496,52102885.7748
"Bourne legacy",1386269760,1386535380,265620,52102885.7748
"Bourne legacy",1386271560,1485068256,98796696,52102885.7748
"Bourne legacy",1386273120,1485068256,98795136,52102885.7748
"Bourne legacy",1386273120,1387238700,965580,52102885.7748
"Bourne legacy",1386276120,1485068256,98792136,52102885.7748
"Bourne legacy",1386276120,1386708660,432540,52102885.7748
"Bourne legacy",1386289020,1485068256,98779236,52102885.7748
"Bourne legacy",1386289020,1386546360,257340,52102885.7748
"Bourne legacy",1386291000,1485068256,98777256,52102885.7748
"Bourne legacy",1386291000,1387417380,1126380,52102885.7748
"Bourne legacy",1386296280,1485068256,98771976,52102885.7748
"Bourne legacy",1386301140,1485068256,98767116,52102885.7748
"Bourne legacy",1386301140,1387152600,851460,52102885.7748
"Bourne legacy",1386301260,1485068256,98766996,52102885.7748
"Bourne legacy",1386301260,1387153800,852540,52102885.7748
"Bourne legacy",1386350160,1485068256,98718096,52102885.7748
"Bourne legacy",1386350160,1388769480,2419320,52102885.7748
"Bourne legacy",1386356400,1485068256,98711856,52102885.7748
"Bourne legacy",1386356400,1387649580,1293180,52102885.7748
"Bourne legacy",1386365880,1485068256,98702376,52102885.7748
"Bourne legacy",1386365880,1388176380,1810500,52102885.7748
"Bourne legacy",1386368220,1485068256,98700036,52102885.7748
"Bourne legacy",1386369540,1485068256,98698716,52102885.7748
"Bourne legacy",1386369540,1387400100,1030560,52102885.7748
"Bourne legacy",1386447180,1485068256,98621076,52102885.7748
"Bourne legacy",1386447180,1386965760,518580,52102885.7748
"Bourne legacy",1386448680,1485068256,98619576,52102885.7748
"Bourne legacy",1386448920,1485068256,98619336,52102885.7748
"Bourne legacy",1386452820,1485068256,98615436,52102885.7748
"Bourne legacy",1386459540,1485068256,98608716,52102885.7748
"Bourne legacy",1386459540,1387418040,958500,52102885.7748
"Bourne legacy",1386462120,1485068256,98606136,52102885.7748
"Bourne legacy",1386462120,1388177940,1715820,52102885.7748
"Bourne legacy",1386466860,1485068256,98601396,52102885.7748
"Bourne legacy",1386466860,1386646800,179940,52102885.7748
"Bourne legacy",1386467820,1485068256,98600436,52102885.7748
"Bourne legacy",1386533520,1485068256,98534736,52102885.7748
"Bourne legacy",1386533520,1386958620,425100,52102885.7748
"Bourne legacy",1386534360,1485068256,98533896,52102885.7748
"Bourne legacy",1386537720,1485068256,98530536,52102885.7748
"Bourne legacy",1386537720,1386803760,266040,52102885.7748
"Bourne legacy",1386545640,1485068256,98522616,52102885.7748
"Bourne legacy",1386545640,1386796500,250860,52102885.7748
"Bourne legacy",1386617400,1485068256,98450856,52102885.7748
"Bourne legacy",1386617400,1387664100,1046700,52102885.7748
"Bourne legacy",1386619620,1485068256,98448636,52102885.7748
"Bourne legacy",1386619620,1386706620,87000,52102885.7748
"Bourne legacy",1386619860,1485068256,98448396,52102885.7748
"Bourne legacy",1386619860,1386879720,259860,52102885.7748
"Bourne legacy",1386620520,1485068256,98447736,52102885.7748
"Bourne legacy",1386620520,1386719760,99240,52102885.7748
"Bourne legacy",1386634680,1485068256,98433576,52102885.7748
"Bourne legacy",1386634680,1387412880,778200,52102885.7748
"Bourne legacy",1386636900,1485068256,98431356,52102885.7748
"Bourne legacy",1386636900,1387147680,510780,52102885.7748
"Bourne legacy",1386645480,1485068256,98422776,52102885.7748
"Bourne legacy",1386645480,1386731460,85980,52102885.7748
"Bourne legacy",1386703200,1485068256,98365056,52102885.7748
"Bourne legacy",1386703200,1389064380,2361180,52102885.7748
"Bourne legacy",1386707340,1485068256,98360916,52102885.7748
"Bourne legacy",1386716280,1485068256,98351976,52102885.7748
"Bourne legacy",1386716280,1387241700,525420,52102885.7748
"Bourne legacy",1386719400,1485068256,98348856,52102885.7748
"Bourne legacy",1386719400,1388257020,1537620,52102885.7748
"Bourne legacy",1386726060,1485068256,98342196,52102885.7748
"Bourne legacy",1386726060,1387327740,601680,52102885.7748
"Bourne legacy",1386733140,1485068256,98335116,52102885.7748
"Bourne legacy",1386733140,1389150120,2416980,52102885.7748
"Bourne legacy",1386733500,1485068256,98334756,52102885.7748
"Bourne legacy",1386791040,1485068256,98277216,52102885.7748
"Bourne legacy",1386791040,1389293940,2502900,52102885.7748
"Bourne legacy",1386793920,1485068256,98274336,52102885.7748
"Bourne legacy",1386794580,1485068256,98273676,52102885.7748
"Bourne legacy",1386794580,1387061100,266520,52102885.7748
"Bourne legacy",1386797400,1485068256,98270856,52102885.7748
"Bourne legacy",1386797400,1388086980,1289580,52102885.7748
"Bourne legacy",1386799800,1485068256,98268456,52102885.7748
"Bourne legacy",1386800460,1485068256,98267796,52102885.7748
"Bourne legacy",1386800460,1388091480,1291020,52102885.7748
"Bourne legacy",1386802920,1485068256,98265336,52102885.7748
"Bourne legacy",1386802920,1387051260,248340,52102885.7748
"Bourne legacy",1386806460,1485068256,98261796,52102885.7748
"Bourne legacy",1386806460,1387072860,266400,52102885.7748
"Bourne legacy",1386808260,1485068256,98259996,52102885.7748
"Bourne legacy",1386808260,1387239180,430920,52102885.7748
"Bourne legacy",1386814140,1485068256,98254116,52102885.7748
"Bourne legacy",1386814140,1388102220,1288080,52102885.7748
"Bourne legacy",1386815760,1485068256,98252496,52102885.7748
"Bourne legacy",1386815760,1387328880,513120,52102885.7748
"Bourne legacy",1386874020,1485068256,98194236,52102885.7748
"Bourne legacy",1386874020,1387323300,449280,52102885.7748
"Bourne legacy",1386894120,1485068256,98174136,52102885.7748
"Bourne legacy",1386894120,1387070640,176520,52102885.7748
"Bourne legacy",1386895380,1485068256,98172876,52102885.7748
"Bourne legacy",1386895380,1389316680,2421300,52102885.7748
"Bourne legacy",1386966780,1485068256,98101476,52102885.7748
"Bourne legacy",1386966780,1388194860,1228080,52102885.7748
"Bourne legacy",1386969720,1485068256,98098536,52102885.7748
"Bourne legacy",1386969720,1387243740,274020,52102885.7748
"Bourne legacy",1386971580,1485068256,98096676,52102885.7748
"Bourne legacy",1387052160,1485068256,98016096,52102885.7748
"Bourne legacy",1387052160,1388253960,1201800,52102885.7748
"Bourne legacy",1387054500,1485068256,98013756,52102885.7748
"Bourne legacy",1387054500,1387665120,610620,52102885.7748
"Bourne legacy",1387058640,1485068256,98009616,52102885.7748
"Bourne legacy",1387059660,1485068256,98008596,52102885.7748
"Bourne legacy",1387059660,1387650840,591180,52102885.7748
"Bourne legacy",1387063560,1485068256,98004696,52102885.7748
"Bourne legacy",1387063560,1387486740,423180,52102885.7748
"Bourne legacy",1387068420,1485068256,97999836,52102885.7748
"Bourne legacy",1387072020,1485068256,97996236,52102885.7748
"Bourne legacy",1387072020,1485068256,97996236,52102885.7748
"Bourne legacy",1387072020,1387247400,175380,52102885.7748
"Bourne legacy",1387072020,1387506960,434940,52102885.7748
"Bourne legacy",1387145100,1485068256,97923156,52102885.7748
"Bourne legacy",1387145100,1388795460,1650360,52102885.7748
"Bourne legacy",1387145160,1485068256,97923096,52102885.7748
"Bourne legacy",1387145160,1388450460,1305300,52102885.7748
"Bourne legacy",1387147140,1485068256,97921116,52102885.7748
"Bourne legacy",1387147140,1387571160,424020,52102885.7748
"Bourne legacy",1387151340,1485068256,97916916,52102885.7748
"Bourne legacy",1387151340,1387848420,697080,52102885.7748
"Bourne legacy",1387152660,1485068256,97915596,52102885.7748
"Bourne legacy",1387153680,1485068256,97914576,52102885.7748
"Bourne legacy",1387153680,1388355600,1201920,52102885.7748
"Bourne legacy",1387157700,1485068256,97910556,52102885.7748
"Bourne legacy",1387157700,1387247460,89760,52102885.7748
"Bourne legacy",1387218720,1485068256,97849536,52102885.7748
"Bourne legacy",1387218720,1391106240,3887520,52102885.7748
"Bourne legacy",1387226820,1485068256,97841436,52102885.7748
"Bourne legacy",1387226820,1387825920,599100,52102885.7748
"Bourne legacy",1387228020,1485068256,97840236,52102885.7748
"Bourne legacy",1387234320,1485068256,97833936,52102885.7748
"Bourne legacy",1387234320,1388279520,1045200,52102885.7748
"Bourne legacy",1387239600,1485068256,97828656,52102885.7748
"Bourne legacy",1387239600,1387850520,610920,52102885.7748
"Bourne legacy",1387245120,1485068256,97823136,52102885.7748
"Bourne legacy",1387249680,1485068256,97818576,52102885.7748
"Bourne legacy",1387249680,1389035220,1785540,52102885.7748
"Bourne legacy",1387251660,1485068256,97816596,52102885.7748
"Bourne legacy",1387251660,1387754700,503040,52102885.7748
"Bourne legacy",1387305960,1485068256,97762296,52102885.7748
"Bourne legacy",1387312320,1485068256,97755936,52102885.7748
"Bourne legacy",1387314540,1485068256,97753716,52102885.7748
"Bourne legacy",1387314540,1387759320,444780,52102885.7748
"Bourne legacy",1387315200,1485068256,97753056,52102885.7748
"Bourne legacy",1387316400,1485068256,97751856,52102885.7748
"Bourne legacy",1387316400,1388084520,768120,52102885.7748
"Bourne legacy",1387318800,1485068256,97749456,52102885.7748
"Bourne legacy",1387318800,1387414740,95940,52102885.7748
"Bourne legacy",1387319160,1485068256,97749096,52102885.7748
"Bourne legacy",1387319160,1388254320,935160,52102885.7748
"Bourne legacy",1387323480,1485068256,97744776,52102885.7748
"Bourne legacy",1387323900,1485068256,97744356,52102885.7748
"Bourne legacy",1387328580,1485068256,97739676,52102885.7748
"Bourne legacy",1387328700,1485068256,97739556,52102885.7748
"Bourne legacy",1387328700,1387657380,328680,52102885.7748
"Bourne legacy",1387335540,1485068256,97732716,52102885.7748
"Bourne legacy",1387335540,1388102820,767280,52102885.7748
"Bourne legacy",1387394040,1485068256,97674216,52102885.7748
"Bourne legacy",1387395780,1485068256,97672476,52102885.7748
"Bourne legacy",1387395780,1485068256,97672476,52102885.7748
"Bourne legacy",1387395780,1388087580,691800,52102885.7748
"Bourne legacy",1387400640,1485068256,97667616,52102885.7748
"Bourne legacy",1387400640,1387849680,449040,52102885.7748
"Bourne legacy",1387402200,1485068256,97666056,52102885.7748
"Bourne legacy",1387402380,1485068256,97665876,52102885.7748
"Bourne legacy",1387402380,1387749780,347400,52102885.7748
"Bourne legacy",1387407660,1485068256,97660596,52102885.7748
"Bourne legacy",1387412160,1485068256,97656096,52102885.7748
"Bourne legacy",1387415700,1485068256,97652556,52102885.7748
"Bourne legacy",1387416900,1485068256,97651356,52102885.7748
"Bourne legacy",1387416900,1388456400,1039500,52102885.7748
"Bourne legacy",1387417860,1485068256,97650396,52102885.7748
"Bourne legacy",1387417860,1391294340,3876480,52102885.7748
"Bourne legacy",1387418280,1485068256,97649976,52102885.7748
"Bourne legacy",1387423800,1485068256,97644456,52102885.7748
"Bourne legacy",1387423800,1387667520,243720,52102885.7748
"Bourne legacy",1387424820,1485068256,97643436,52102885.7748
"Bourne legacy",1387424820,1390172820,2748000,52102885.7748
"Bourne legacy",1387425240,1485068256,97643016,52102885.7748
"Bourne legacy",1387425240,1389911400,2486160,52102885.7748
"Bourne legacy",1387485660,1485068256,97582596,52102885.7748
"Bourne legacy",1387485660,1393027800,5542140,52102885.7748
"Bourne legacy",1387491420,1485068256,97576836,52102885.7748
"Bourne legacy",1387504740,1485068256,97563516,52102885.7748
"Bourne legacy",1387504740,1388274240,769500,52102885.7748
"Bourne legacy",1387564740,1485068256,97503516,52102885.7748
"Bourne legacy",1387564740,1387654200,89460,52102885.7748
"Bourne legacy",1387572600,1485068256,97495656,52102885.7748
"Bourne legacy",1387572600,1389295020,1722420,52102885.7748
"Bourne legacy",1387577940,1485068256,97490316,52102885.7748
"Bourne legacy",1387577940,1388873400,1295460,52102885.7748
"Bourne legacy",1387587720,1485068256,97480536,52102885.7748
"Bourne legacy",1387653420,1485068256,97414836,52102885.7748
"Bourne legacy",1387653420,1388700360,1046940,52102885.7748
"Bourne legacy",1387658820,1485068256,97409436,52102885.7748
"Bourne legacy",1387658820,1388259300,600480,52102885.7748
"Bourne legacy",1387661640,1485068256,97406616,52102885.7748
"Bourne legacy",1387661640,1388265720,604080,52102885.7748
"Bourne legacy",1387663560,1485068256,97404696,52102885.7748
"Bourne legacy",1387663560,1388264220,600660,52102885.7748
"Bourne legacy",1387668240,1485068256,97400016,52102885.7748
"Bourne legacy",1387668240,1388102640,434400,52102885.7748
"Bourne legacy",1387744320,1485068256,97323936,52102885.7748
"Bourne legacy",1387744320,1389573240,1828920,52102885.7748
"Bourne legacy",1387745040,1485068256,97323216,52102885.7748
"Bourne legacy",1387750920,1485068256,97317336,52102885.7748
"Bourne legacy",1387750920,1485068256,97317336,52102885.7748
"Bourne legacy",1387750920,1389927300,2176380,52102885.7748
"Bourne legacy",1387758180,1485068256,97310076,52102885.7748
"Bourne legacy",1387758180,1387856640,98460,52102885.7748
"Bourne legacy",1387822500,1485068256,97245756,52102885.7748
"Bourne legacy",1387822500,1388968560,1146060,52102885.7748
"Bourne legacy",1387827600,1485068256,97240656,52102885.7748
"Bourne legacy",1387827600,1388260260,432660,52102885.7748
"Bourne legacy",1387827840,1485068256,97240416,52102885.7748
"Bourne legacy",1387827840,1388795040,967200,52102885.7748
"Bourne legacy",1387837440,1485068256,97230816,52102885.7748
"Bourne legacy",1387837440,1388358240,520800,52102885.7748
"Bourne legacy",1387837860,1485068256,97230396,52102885.7748
"Bourne legacy",1387845120,1485068256,97223136,52102885.7748
"Bourne legacy",1387845120,1387845120,0,52102885.7748
"Bourne legacy",1387845120,1389223320,1378200,52102885.7748
"Bourne legacy",1387845780,1485068256,97222476,52102885.7748
"Bourne legacy",1387845780,1388262060,416280,52102885.7748
"Bourne legacy",1388085720,1485068256,96982536,52102885.7748
"Bourne legacy",1388089380,1485068256,96978876,52102885.7748
"Bourne legacy",1388094600,1485068256,96973656,52102885.7748
"Bourne legacy",1388094600,1388871420,776820,52102885.7748
"Bourne legacy",1388097120,1485068256,96971136,52102885.7748
"Bourne legacy",1388097120,1485068256,96971136,52102885.7748
"Bourne legacy",1388097120,1388695320,598200,52102885.7748
"Bourne legacy",1388097120,1390175160,2078040,52102885.7748
"Bourne legacy",1388101500,1485068256,96966756,52102885.7748
"Bourne legacy",1388101500,1389213360,1111860,52102885.7748
"Bourne legacy",1388104560,1485068256,96963696,52102885.7748
"Bourne legacy",1388104560,1388362680,258120,52102885.7748
"Bourne legacy",1388105580,1485068256,96962676,52102885.7748
"Bourne legacy",1388105580,1389223020,1117440,52102885.7748
"Bourne legacy",1388165820,1485068256,96902436,52102885.7748
"Bourne legacy",1388165820,1390584360,2418540,52102885.7748
"Bourne legacy",1388167620,1485068256,96900636,52102885.7748
"Bourne legacy",1388170380,1485068256,96897876,52102885.7748
"Bourne legacy",1388170380,1388435760,265380,52102885.7748
"Bourne legacy",1388171760,1485068256,96896496,52102885.7748
"Bourne legacy",1388171760,1388866620,694860,52102885.7748
"Bourne legacy",1388176440,1485068256,96891816,52102885.7748
"Bourne legacy",1388176440,1389210060,1033620,52102885.7748
"Bourne legacy",1388179020,1485068256,96889236,52102885.7748
"Bourne legacy",1388179020,1389746880,1567860,52102885.7748
"Bourne legacy",1388182200,1485068256,96886056,52102885.7748
"Bourne legacy",1388182680,1485068256,96885576,52102885.7748
"Bourne legacy",1388187420,1485068256,96880836,52102885.7748
"Bourne legacy",1388187420,1388533200,345780,52102885.7748
"Bourne legacy",1388188440,1485068256,96879816,52102885.7748
"Bourne legacy",1388264340,1485068256,96803916,52102885.7748
"Bourne legacy",1388264340,1388352360,88020,52102885.7748
"Bourne legacy",1388264700,1485068256,96803556,52102885.7748
"Bourne legacy",1388264700,1388871180,606480,52102885.7748
"Bourne legacy",1388268180,1485068256,96800076,52102885.7748
"Bourne legacy",1388268180,1390076760,1808580,52102885.7748
"Bourne legacy",1388269080,1485068256,96799176,52102885.7748
"Bourne legacy",1388276220,1485068256,96792036,52102885.7748
"Bourne legacy",1388276220,1388365500,89280,52102885.7748
"Bourne legacy",1388350920,1485068256,96717336,52102885.7748
"Bourne legacy",1388360100,1485068256,96708156,52102885.7748
"Bourne legacy",1388360100,1388878260,518160,52102885.7748
"Bourne legacy",1388362140,1485068256,96706116,52102885.7748
"Bourne legacy",1388363820,1485068256,96704436,52102885.7748
"Bourne legacy",1388363820,1389226440,862620,52102885.7748
"Bourne legacy",1388364300,1485068256,96703956,52102885.7748
"Bourne legacy",1388364300,1388884080,519780,52102885.7748
"Bourne legacy",1388427000,1485068256,96641256,52102885.7748
"Bourne legacy",1388427780,1485068256,96640476,52102885.7748
"Bourne legacy",1388431740,1485068256,96636516,52102885.7748
"Bourne legacy",1388431740,1389407700,975960,52102885.7748
"Bourne legacy",1388435940,1485068256,96632316,52102885.7748
"Bourne legacy",1388435940,1389132900,696960,52102885.7748
"Bourne legacy",1388442900,1485068256,96625356,52102885.7748
"Bourne legacy",1388442900,1389659160,1216260,52102885.7748
"Bourne legacy",1388443200,1485068256,96625056,52102885.7748
"Bourne legacy",1388443200,1389388860,945660,52102885.7748
"Bourne legacy",1388443500,1485068256,96624756,52102885.7748
"Bourne legacy",1388443500,1389150420,706920,52102885.7748
"Bourne legacy",1388443920,1485068256,96624336,52102885.7748
"Bourne legacy",1388444700,1485068256,96623556,52102885.7748
"Bourne legacy",1388455260,1485068256,96612996,52102885.7748
"Bourne legacy",1388457840,1485068256,96610416,52102885.7748
"Bourne legacy",1388458740,1485068256,96609516,52102885.7748
"Bourne legacy",1388458740,1389640500,1181760,52102885.7748
"Bourne legacy",1388514780,1485068256,96553476,52102885.7748
"Bourne legacy",1388514780,1390081380,1566600,52102885.7748
"Bourne legacy",1388515320,1485068256,96552936,52102885.7748
"Bourne legacy",1388515320,1392056880,3541560,52102885.7748
"Bourne legacy",1388520780,1485068256,96547476,52102885.7748
"Bourne legacy",1388520780,1390338960,1818180,52102885.7748
"Bourne legacy",1388523600,1485068256,96544656,52102885.7748
"Bourne legacy",1388523600,1389312780,789180,52102885.7748
"Bourne legacy",1388525340,1485068256,96542916,52102885.7748
"Bourne legacy",1388525340,1389731940,1206600,52102885.7748
"Bourne legacy",1388526000,1485068256,96542256,52102885.7748
"Bourne legacy",1388535000,1485068256,96533256,52102885.7748
"Bourne legacy",1388535000,1388700360,165360,52102885.7748
"Bourne legacy",1388692320,1485068256,96375936,52102885.7748
"Bourne legacy",1388696220,1485068256,96372036,52102885.7748
"Bourne legacy",1388696220,1389820800,1124580,52102885.7748
"Bourne legacy",1388697840,1485068256,96370416,52102885.7748
"Bourne legacy",1388697840,1388876700,178860,52102885.7748
"Bourne legacy",1388700000,1485068256,96368256,52102885.7748
"Bourne legacy",1388700000,1389657180,957180,52102885.7748
"Bourne legacy",1388704920,1485068256,96363336,52102885.7748
"Bourne legacy",1388704920,1389209580,504660,52102885.7748
"Bourne legacy",1388708880,1485068256,96359376,52102885.7748
"Bourne legacy",1388708880,1389483840,774960,52102885.7748
"Bourne legacy",1388709300,1485068256,96358956,52102885.7748
"Bourne legacy",1388714880,1485068256,96353376,52102885.7748
"Bourne legacy",1388783160,1485068256,96285096,52102885.7748
"Bourne legacy",1388783160,1388963040,179880,52102885.7748
"Bourne legacy",1388862960,1485068256,96205296,52102885.7748
"Bourne legacy",1388862960,1390866300,2003340,52102885.7748
"Bourne legacy",1388866320,1485068256,96201936,52102885.7748
"Bourne legacy",1388867280,1485068256,96200976,52102885.7748
"Bourne legacy",1388867280,1391986740,3119460,52102885.7748
"Bourne legacy",1388871780,1485068256,96196476,52102885.7748
"Bourne legacy",1388871780,1388964540,92760,52102885.7748
"Bourne legacy",1388872500,1485068256,96195756,52102885.7748
"Bourne legacy",1388872500,1389820320,947820,52102885.7748
"Bourne legacy",1388873640,1485068256,96194616,52102885.7748
"Bourne legacy",1388874840,1485068256,96193416,52102885.7748
"Bourne legacy",1388876880,1485068256,96191376,52102885.7748
"Bourne legacy",1388876880,1389573540,696660,52102885.7748
"Bourne legacy",1388876940,1485068256,96191316,52102885.7748
"Bourne legacy",1388876940,1389669600,792660,52102885.7748
"Bourne legacy",1388879280,1485068256,96188976,52102885.7748
"Bourne legacy",1388879280,1393889700,5010420,52102885.7748
"Bourne legacy",1388882700,1485068256,96185556,52102885.7748
"Bourne legacy",1388882700,1390338960,1456260,52102885.7748
"Bourne legacy",1388953260,1485068256,96114996,52102885.7748
"Bourne legacy",1388953260,1389395340,442080,52102885.7748
"Bourne legacy",1388956260,1485068256,96111996,52102885.7748
"Bourne legacy",1388956260,1389470340,514080,52102885.7748
"Bourne legacy",1388959140,1485068256,96109116,52102885.7748
"Bourne legacy",1388959140,1389033960,74820,52102885.7748
"Bourne legacy",1388964000,1485068256,96104256,52102885.7748
"Bourne legacy",1388964000,1389465720,501720,52102885.7748
"Bourne legacy",1388965080,1485068256,96103176,52102885.7748
"Bourne legacy",1388965080,1389400140,435060,52102885.7748
"Bourne legacy",1388966400,1485068256,96101856,52102885.7748
"Bourne legacy",1388966400,1389401940,435540,52102885.7748
"Bourne legacy",1388967540,1485068256,96100716,52102885.7748
"Bourne legacy",1388967540,1389643320,675780,52102885.7748
"Bourne legacy",1389038340,1485068256,96029916,52102885.7748
"Bourne legacy",1389038340,1389477180,438840,52102885.7748
"Bourne legacy",1389042360,1485068256,96025896,52102885.7748
"Bourne legacy",1389042360,1389665100,622740,52102885.7748
"Bourne legacy",1389043500,1485068256,96024756,52102885.7748
"Bourne legacy",1389043500,1389736020,692520,52102885.7748
"Bourne legacy",1389046200,1485068256,96022056,52102885.7748
"Bourne legacy",1389046200,1390860480,1814280,52102885.7748
"Bourne legacy",1389047460,1485068256,96020796,52102885.7748
"Bourne legacy",1389047460,1389056640,9180,52102885.7748
"Bourne legacy",1389048660,1485068256,96019596,52102885.7748
"Bourne legacy",1389048660,1390171980,1123320,52102885.7748
"Bourne legacy",1389052440,1485068256,96015816,52102885.7748
"Bourne legacy",1389052800,1485068256,96015456,52102885.7748
"Bourne legacy",1389052800,1390607100,1554300,52102885.7748
"Bourne legacy",1389054180,1485068256,96014076,52102885.7748
"Bourne legacy",1389054180,1389313380,259200,52102885.7748
"Bourne legacy",1389058620,1485068256,96009636,52102885.7748
"Bourne legacy",1389064020,1485068256,96004236,52102885.7748
"Bourne legacy",1389065220,1485068256,96003036,52102885.7748
"Bourne legacy",1389065220,1389666960,601740,52102885.7748
"Bourne legacy",1389133380,1485068256,95934876,52102885.7748
"Bourne legacy",1389133380,1391123340,1989960,52102885.7748
"Bourne legacy",1389218880,1485068256,95849376,52102885.7748
"Bourne legacy",1389218940,1485068256,95849316,52102885.7748
"Bourne legacy",1389225660,1485068256,95842596,52102885.7748
"Bourne legacy",1389225660,1390519020,1293360,52102885.7748
"Bourne legacy",1389226320,1485068256,95841936,52102885.7748
"Bourne legacy",1389226320,1390442580,1216260,52102885.7748
"Bourne legacy",1389230460,1485068256,95837796,52102885.7748
"Bourne legacy",1389230460,1389836580,606120,52102885.7748
"Bourne legacy",1389231300,1485068256,95836956,52102885.7748
"Bourne legacy",1389236880,1485068256,95831376,52102885.7748
"Bourne legacy",1389236880,1389921600,684720,52102885.7748
"Bourne legacy",1389302700,1485068256,95765556,52102885.7748
"Bourne legacy",1389302700,1389912660,609960,52102885.7748
"Bourne legacy",1389303720,1485068256,95764536,52102885.7748
"Bourne legacy",1389303720,1390092120,788400,52102885.7748
"Bourne legacy",1389304680,1485068256,95763576,52102885.7748
"Bourne legacy",1389304680,1389982080,677400,52102885.7748
"Bourne legacy",1389307560,1485068256,95760696,52102885.7748
"Bourne legacy",1389307560,1390515300,1207740,52102885.7748
"Bourne legacy",1389310500,1485068256,95757756,52102885.7748
"Bourne legacy",1389310500,1389656580,346080,52102885.7748
"Bourne legacy",1389313140,1485068256,95755116,52102885.7748
"Bourne legacy",1389313140,1390350720,1037580,52102885.7748
"Bourne legacy",1389314520,1485068256,95753736,52102885.7748
"Bourne legacy",1389314520,1389981780,667260,52102885.7748
"Bourne legacy",1389315720,1485068256,95752536,52102885.7748
"Bourne legacy",1389315720,1389399420,83700,52102885.7748
"Bourne legacy",1389316980,1485068256,95751276,52102885.7748
"Bourne legacy",1389316980,1389640140,323160,52102885.7748
"Bourne legacy",1389383100,1485068256,95685156,52102885.7748
"Bourne legacy",1389383100,1485068256,95685156,52102885.7748
"Bourne legacy",1389383100,1389560820,177720,52102885.7748
"Bourne legacy",1389385680,1485068256,95682576,52102885.7748
"Bourne legacy",1389385680,1389818340,432660,52102885.7748
"Bourne legacy",1389392940,1485068256,95675316,52102885.7748
"Bourne legacy",1389392940,1390413900,1020960,52102885.7748
"Bourne legacy",1389396480,1485068256,95671776,52102885.7748
"Bourne legacy",1389396480,1390525320,1128840,52102885.7748
"Bourne legacy",1389401280,1485068256,95666976,52102885.7748
"Bourne legacy",1389404520,1485068256,95663736,52102885.7748
"Bourne legacy",1389404520,1389566040,161520,52102885.7748
"Bourne legacy",1389404640,1485068256,95663616,52102885.7748
"Bourne legacy",1389404640,1389733800,329160,52102885.7748
"Bourne legacy",1389405300,1485068256,95662956,52102885.7748
"Bourne legacy",1389468420,1485068256,95599836,52102885.7748
"Bourne legacy",1389468420,1389647400,178980,52102885.7748
"Bourne legacy",1389470400,1485068256,95597856,52102885.7748
"Bourne legacy",1389470400,1390075860,605460,52102885.7748
"Bourne legacy",1389483480,1485068256,95584776,52102885.7748
"Bourne legacy",1389483480,1390524900,1041420,52102885.7748
"Bourne legacy",1389488640,1485068256,95579616,52102885.7748
"Bourne legacy",1389488640,1390174800,686160,52102885.7748
"Bourne legacy",1389488940,1485068256,95579316,52102885.7748
"Bourne legacy",1389488940,1389915120,426180,52102885.7748
"Bourne legacy",1389561300,1485068256,95506956,52102885.7748
"Bourne legacy",1389561300,1392079980,2518680,52102885.7748
"Bourne legacy",1389568560,1485068256,95499696,52102885.7748
"Bourne legacy",1389570480,1485068256,95497776,52102885.7748
"Bourne legacy",1389570480,1390340280,769800,52102885.7748
"Bourne legacy",1389573120,1485068256,95495136,52102885.7748
"Bourne legacy",1389643500,1485068256,95424756,52102885.7748
"Bourne legacy",1389651960,1485068256,95416296,52102885.7748
"Bourne legacy",1389651960,1389737640,85680,52102885.7748
"Bourne legacy",1389659040,1485068256,95409216,52102885.7748
"Bourne legacy",1389669540,1485068256,95398716,52102885.7748
"Bourne legacy",1389669540,1390438320,768780,52102885.7748
"Bourne legacy",1389670740,1485068256,95397516,52102885.7748
"Bourne legacy",1389670740,1390427400,756660,52102885.7748
"Bourne legacy",1389733620,1485068256,95334636,52102885.7748
"Bourne legacy",1389736740,1485068256,95331516,52102885.7748
"Bourne legacy",1389736740,1390338840,602100,52102885.7748
"Bourne legacy",1389738000,1485068256,95330256,52102885.7748
"Bourne legacy",1389738000,1390076520,338520,52102885.7748
"Bourne legacy",1389739620,1485068256,95328636,52102885.7748
"Bourne legacy",1389739620,1390081380,341760,52102885.7748
"Bourne legacy",1389744420,1485068256,95323836,52102885.7748
"Bourne legacy",1389744420,1390681740,937320,52102885.7748
"Bourne legacy",1389745020,1485068256,95323236,52102885.7748
"Bourne legacy",1389745020,1391980380,2235360,52102885.7748
"Bourne legacy",1389745500,1485068256,95322756,52102885.7748
"Bourne legacy",1389746580,1485068256,95321676,52102885.7748
"Bourne legacy",1389746580,1391568960,1822380,52102885.7748
"Bourne legacy",1389750060,1485068256,95318196,52102885.7748
"Bourne legacy",1389750060,1390958700,1208640,52102885.7748
"Bourne legacy",1389752160,1485068256,95316096,52102885.7748
"Bourne legacy",1389822840,1485068256,95245416,52102885.7748
"Bourne legacy",1389822840,1392846780,3023940,52102885.7748
"Bourne legacy",1389825960,1485068256,95242296,52102885.7748
"Bourne legacy",1389825960,1392063180,2237220,52102885.7748
"Bourne legacy",1389837120,1485068256,95231136,52102885.7748
"Bourne legacy",1389837120,1390424640,587520,52102885.7748
"Bourne legacy",1389844260,1485068256,95223996,52102885.7748
"Bourne legacy",1389844260,1390068360,224100,52102885.7748
"Bourne legacy",1389900000,1485068256,95168256,52102885.7748
"Bourne legacy",1389908640,1485068256,95159616,52102885.7748
"Bourne legacy",1389908640,1390421400,512760,52102885.7748
"Bourne legacy",1389982020,1485068256,95086236,52102885.7748
"Bourne legacy",1389982020,1390426140,444120,52102885.7748
"Bourne legacy",1389986100,1485068256,95082156,52102885.7748
"Bourne legacy",1389986100,1390334760,348660,52102885.7748
"Bourne legacy",1389986880,1485068256,95081376,52102885.7748
"Bourne legacy",1389986880,1391124420,1137540,52102885.7748
"Bourne legacy",1389991560,1485068256,95076696,52102885.7748
"Bourne legacy",1389991560,1390351980,360420,52102885.7748
"Bourne legacy",1389994140,1485068256,95074116,52102885.7748
"Bourne legacy",1389994140,1390432920,438780,52102885.7748
"Bourne legacy",1389994680,1485068256,95073576,52102885.7748
"Bourne legacy",1389994680,1390414380,419700,52102885.7748
"Bourne legacy",1389996300,1485068256,95071956,52102885.7748
"Bourne legacy",1389996300,1391282820,1286520,52102885.7748
"Bourne legacy",1389996600,1485068256,95071656,52102885.7748
"Bourne legacy",1389996600,1391213820,1217220,52102885.7748
"Bourne legacy",1390005360,1485068256,95062896,52102885.7748
"Bourne legacy",1390005360,1392490560,2485200,52102885.7748
"Bourne legacy",1390070460,1485068256,94997796,52102885.7748
"Bourne legacy",1390070460,1391559840,1489380,52102885.7748
"Bourne legacy",1390079880,1485068256,94988376,52102885.7748
"Bourne legacy",1390079880,1390857480,777600,52102885.7748
"Bourne legacy",1390085100,1485068256,94983156,52102885.7748
"Bourne legacy",1390085100,1391210100,1125000,52102885.7748
"Bourne legacy",1390085160,1485068256,94983096,52102885.7748
"Bourne legacy",1390085160,1390525920,440760,52102885.7748
"Bourne legacy",1390089000,1485068256,94979256,52102885.7748
"Bourne legacy",1390089180,1485068256,94979076,52102885.7748
"Bourne legacy",1390089300,1485068256,94978956,52102885.7748
"Bourne legacy",1390089300,1390782240,692940,52102885.7748
"Bourne legacy",1390091940,1485068256,94976316,52102885.7748
"Bourne legacy",1390165380,1485068256,94902876,52102885.7748
"Bourne legacy",1390165380,1391297400,1132020,52102885.7748
"Bourne legacy",1390169160,1485068256,94899096,52102885.7748
"Bourne legacy",1390169160,1390946760,777600,52102885.7748
"Bourne legacy",1390170240,1485068256,94898016,52102885.7748
"Bourne legacy",1390170240,1393119060,2948820,52102885.7748
"Bourne legacy",1390174860,1485068256,94893396,52102885.7748
"Bourne legacy",1390174860,1390782840,607980,52102885.7748
"Bourne legacy",1390176300,1485068256,94891956,52102885.7748
"Bourne legacy",1390176300,1390599840,423540,52102885.7748
"Bourne legacy",1390178640,1485068256,94889616,52102885.7748
"Bourne legacy",1390178640,1390938900,760260,52102885.7748
"Bourne legacy",1390329780,1485068256,94738476,52102885.7748
"Bourne legacy",1390329780,1390699080,369300,52102885.7748
"Bourne legacy",1390332420,1485068256,94735836,52102885.7748
"Bourne legacy",1390332960,1485068256,94735296,52102885.7748
"Bourne legacy",1390332960,1391551560,1218600,52102885.7748
"Bourne legacy",1390336140,1485068256,94732116,52102885.7748
"Bourne legacy",1390336140,1390679100,342960,52102885.7748
"Bourne legacy",1390341420,1485068256,94726836,52102885.7748
"Bourne legacy",1390341420,1392938340,2596920,52102885.7748
"Bourne legacy",1390342140,1485068256,94726116,52102885.7748
"Bourne legacy",1390342140,1391552400,1210260,52102885.7748
"Bourne legacy",1390342800,1485068256,94725456,52102885.7748
"Bourne legacy",1390342800,1390856040,513240,52102885.7748
"Bourne legacy",1390345020,1485068256,94723236,52102885.7748
"Bourne legacy",1390345020,1392776040,2431020,52102885.7748
"Bourne legacy",1390348260,1485068256,94719996,52102885.7748
"Bourne legacy",1390348260,1390432500,84240,52102885.7748
"Bourne legacy",1390349520,1485068256,94718736,52102885.7748
"Bourne legacy",1390349520,1391556480,1206960,52102885.7748
"Bourne legacy",1390351320,1485068256,94716936,52102885.7748
"Bourne legacy",1390351320,1390950720,599400,52102885.7748
"Bourne legacy",1390351440,1485068256,94716816,52102885.7748
"Bourne legacy",1390351440,1390952760,601320,52102885.7748
"Bourne legacy",1390354500,1485068256,94713756,52102885.7748
"Bourne legacy",1390428060,1485068256,94640196,52102885.7748
"Bourne legacy",1390428480,1485068256,94639776,52102885.7748
"Bourne legacy",1390428480,1391124840,696360,52102885.7748
"Bourne legacy",1390429500,1485068256,94638756,52102885.7748
"Bourne legacy",1390429500,1390515480,85980,52102885.7748
"Bourne legacy",1390433340,1485068256,94634916,52102885.7748
"Bourne legacy",1390433340,1391472780,1039440,52102885.7748
"Bourne legacy",1390439160,1485068256,94629096,52102885.7748
"Bourne legacy",1390439160,1390773720,334560,52102885.7748
"Bourne legacy",1390448580,1485068256,94619676,52102885.7748
"Bourne legacy",1390448580,1391138940,690360,52102885.7748
"Bourne legacy",1390512060,1485068256,94556196,52102885.7748
"Bourne legacy",1390512060,1390694100,182040,52102885.7748
"Bourne legacy",1390512420,1485068256,94555836,52102885.7748
"Bourne legacy",1390512420,1390938480,426060,52102885.7748
"Bourne legacy",1390517880,1485068256,94550376,52102885.7748
"Bourne legacy",1390517880,1390950360,432480,52102885.7748
"Bourne legacy",1390519980,1485068256,94548276,52102885.7748
"Bourne legacy",1390519980,1391114880,594900,52102885.7748
"Bourne legacy",1390521420,1485068256,94546836,52102885.7748
"Bourne legacy",1390521420,1391466540,945120,52102885.7748
"Bourne legacy",1390522680,1485068256,94545576,52102885.7748
"Bourne legacy",1390522680,1391024400,501720,52102885.7748
"Bourne legacy",1390528500,1485068256,94539756,52102885.7748
"Bourne legacy",1390528500,1391026500,498000,52102885.7748
"Bourne legacy",1390587960,1485068256,94480296,52102885.7748
"Bourne legacy",1390602420,1485068256,94465836,52102885.7748
"Bourne legacy",1390602420,1390864320,261900,52102885.7748
"Bourne legacy",1390605900,1485068256,94462356,52102885.7748
"Bourne legacy",1390605900,1391806980,1201080,52102885.7748
"Bourne legacy",1390610940,1485068256,94457316,52102885.7748
"Bourne legacy",1390610940,1392081300,1470360,52102885.7748
"Bourne legacy",1390615140,1485068256,94453116,52102885.7748
"Bourne legacy",1390615140,1391111760,496620,52102885.7748
"Bourne legacy",1390615200,1485068256,94453056,52102885.7748
"Bourne legacy",1390615200,1392251700,1636500,52102885.7748
"Bourne legacy",1390682700,1485068256,94385556,52102885.7748
"Bourne legacy",1390682700,1391281140,598440,52102885.7748
"Bourne legacy",1390688160,1485068256,94380096,52102885.7748
"Bourne legacy",1390688160,1391903880,1215720,52102885.7748
"Bourne legacy",1390688460,1485068256,94379796,52102885.7748
"Bourne legacy",1390688460,1391030820,342360,52102885.7748
"Bourne legacy",1390688880,1485068256,94379376,52102885.7748
"Bourne legacy",1390688880,1391893380,1204500,52102885.7748
"Bourne legacy",1390695840,1485068256,94372416,52102885.7748
"Bourne legacy",1390695840,1390786020,90180,52102885.7748
"Bourne legacy",1390697340,1485068256,94370916,52102885.7748
"Bourne legacy",1390697340,1390958520,261180,52102885.7748
"Bourne legacy",1390700880,1485068256,94367376,52102885.7748
"Bourne legacy",1390701420,1485068256,94366836,52102885.7748
"Bourne legacy",1390701420,1391909640,1208220,52102885.7748
"Bourne legacy",1390772340,1485068256,94295916,52102885.7748
"Bourne legacy",1390772340,1391732580,960240,52102885.7748
"Bourne legacy",1390773000,1485068256,94295256,52102885.7748
"Bourne legacy",1390773000,1391991840,1218840,52102885.7748
"Bourne legacy",1390774680,1485068256,94293576,52102885.7748
"Bourne legacy",1390777920,1485068256,94290336,52102885.7748
"Bourne legacy",1390777920,1391138700,360780,52102885.7748
"Bourne legacy",1390782900,1485068256,94285356,52102885.7748
"Bourne legacy",1390782900,1391800140,1017240,52102885.7748
"Bourne legacy",1390785360,1485068256,94282896,52102885.7748
"Bourne legacy",1390785360,1391992440,1207080,52102885.7748
"Bourne legacy",1390846980,1485068256,94221276,52102885.7748
"Bourne legacy",1390846980,1393266300,2419320,52102885.7748
"Bourne legacy",1390848000,1485068256,94220256,52102885.7748
"Bourne legacy",1390850520,1485068256,94217736,52102885.7748
"Bourne legacy",1390850520,1393269000,2418480,52102885.7748
"Bourne legacy",1390852680,1485068256,94215576,52102885.7748
"Bourne legacy",1390857360,1485068256,94210896,52102885.7748
"Bourne legacy",1390857360,1393110780,2253420,52102885.7748
"Bourne legacy",1390865400,1485068256,94202856,52102885.7748
"Bourne legacy",1390875060,1485068256,94193196,52102885.7748
"Bourne legacy",1390875060,1392067200,1192140,52102885.7748
"Bourne legacy",1390875900,1485068256,94192356,52102885.7748
"Bourne legacy",1390875900,1391302620,426720,52102885.7748
"Bourne legacy",1390941780,1485068256,94126476,52102885.7748
"Bourne legacy",1390941780,1391112540,170760,52102885.7748
"Bourne legacy",1390944300,1485068256,94123956,52102885.7748
"Bourne legacy",1390944300,1391899680,955380,52102885.7748
"Bourne legacy",1390946040,1485068256,94122216,52102885.7748
"Bourne legacy",1390946040,1391544180,598140,52102885.7748
"Bourne legacy",1390948380,1485068256,94119876,52102885.7748
"Bourne legacy",1390948380,1391541540,593160,52102885.7748
"Bourne legacy",1390955640,1485068256,94112616,52102885.7748
"Bourne legacy",1390955640,1392069780,1114140,52102885.7748
"Bourne legacy",1390957140,1485068256,94111116,52102885.7748
"Bourne legacy",1390957140,1391045280,88140,52102885.7748
"Bourne legacy",1390964340,1485068256,94103916,52102885.7748
"Bourne legacy",1390964340,1392084420,1120080,52102885.7748
"Bourne legacy",1391028360,1485068256,94039896,52102885.7748
"Bourne legacy",1391041140,1485068256,94027116,52102885.7748
"Bourne legacy",1391041140,1393459920,2418780,52102885.7748
"Bourne legacy",1391051220,1485068256,94017036,52102885.7748
"Bourne legacy",1391106480,1485068256,93961776,52102885.7748
"Bourne legacy",1391106480,1392145200,1038720,52102885.7748
"Bourne legacy",1391119980,1485068256,93948276,52102885.7748
"Bourne legacy",1391119980,1391637240,517260,52102885.7748
"Bourne legacy",1391120220,1485068256,93948036,52102885.7748
"Bourne legacy",1391120220,1391563920,443700,52102885.7748
"Bourne legacy",1391121240,1485068256,93947016,52102885.7748
"Bourne legacy",1391127480,1485068256,93940776,52102885.7748
"Bourne legacy",1391127480,1392582840,1455360,52102885.7748
"Bourne legacy",1391197200,1485068256,93871056,52102885.7748
"Bourne legacy",1391197200,1392152760,955560,52102885.7748
"Bourne legacy",1391201700,1485068256,93866556,52102885.7748
"Bourne legacy",1391201700,1391460000,258300,52102885.7748
"Bourne legacy",1391209200,1485068256,93859056,52102885.7748
"Bourne legacy",1391209200,1394140980,2931780,52102885.7748
"Bourne legacy",1391209500,1485068256,93858756,52102885.7748
"Bourne legacy",1391209500,1393367880,2158380,52102885.7748
"Bourne legacy",1391212560,1485068256,93855696,52102885.7748
"Bourne legacy",1391212560,1391807160,594600,52102885.7748
"Bourne legacy",1391219100,1485068256,93849156,52102885.7748
"Bourne legacy",1391219100,1392254760,1035660,52102885.7748
"Bourne legacy",1391281440,1485068256,93786816,52102885.7748
"Bourne legacy",1391281440,1392502020,1220580,52102885.7748
"Bourne legacy",1391286900,1485068256,93781356,52102885.7748
"Bourne legacy",1391288940,1485068256,93779316,52102885.7748
"Bourne legacy",1391288940,1392057540,768600,52102885.7748
"Bourne legacy",1391294460,1485068256,93773796,52102885.7748
"Bourne legacy",1391294460,1414522200,23227740,52102885.7748
"Bourne legacy",1391297460,1485068256,93770796,52102885.7748
"Bourne legacy",1391297460,1391475300,177840,52102885.7748
"Bourne legacy",1391297880,1485068256,93770376,52102885.7748
"Bourne legacy",1391297880,1392333300,1035420,52102885.7748
"Bourne legacy",1391381100,1485068256,93687156,52102885.7748
"Bourne legacy",1391381100,1391541900,160800,52102885.7748
"Bourne legacy",1391388180,1485068256,93680076,52102885.7748
"Bourne legacy",1391388180,1391467080,78900,52102885.7748
"Bourne legacy",1391464200,1485068256,93604056,52102885.7748
"Bourne legacy",1391464200,1392761040,1296840,52102885.7748
"Bourne legacy",1391468100,1485068256,93600156,52102885.7748
"Bourne legacy",1391468100,1392938820,1470720,52102885.7748
"Bourne legacy",1391474460,1485068256,93593796,52102885.7748
"Bourne legacy",1391474460,1391648400,173940,52102885.7748
"Bourne legacy",1391478960,1485068256,93589296,52102885.7748
"Bourne legacy",1391478960,1392781080,1302120,52102885.7748
"Bourne legacy",1391484180,1485068256,93584076,52102885.7748
"Bourne legacy",1391484180,1392513360,1029180,52102885.7748
"Bourne legacy",1391537040,1485068256,93531216,52102885.7748
"Bourne legacy",1391537040,1392062880,525840,52102885.7748
"Bourne legacy",1391551140,1485068256,93517116,52102885.7748
"Bourne legacy",1391551140,1392154500,603360,52102885.7748
"Bourne legacy",1391552760,1485068256,93515496,52102885.7748
"Bourne legacy",1391552760,1391890440,337680,52102885.7748
"Bourne legacy",1391552880,1485068256,93515376,52102885.7748
"Bourne legacy",1391552880,1393368300,1815420,52102885.7748
"Bourne legacy",1391555820,1485068256,93512436,52102885.7748
"Bourne legacy",1391555820,1392763260,1207440,52102885.7748
"Bourne legacy",1391563260,1485068256,93504996,52102885.7748
"Bourne legacy",1391563260,1391646600,83340,52102885.7748
"Bourne legacy",1391565120,1485068256,93503136,52102885.7748
"Bourne legacy",1391566740,1485068256,93501516,52102885.7748
"Bourne legacy",1391566740,1392340080,773340,52102885.7748
"Bourne legacy",1391567880,1485068256,93500376,52102885.7748
"Bourne legacy",1391640660,1485068256,93427596,52102885.7748
"Bourne legacy",1391640660,1391809320,168660,52102885.7748
"Bourne legacy",1391646660,1485068256,93421596,52102885.7748
"Bourne legacy",1391646660,1392163200,516540,52102885.7748
"Bourne legacy",1391650680,1485068256,93417576,52102885.7748
"Bourne legacy",1391650680,1391734380,83700,52102885.7748
"Bourne legacy",1391654400,1485068256,93413856,52102885.7748
"Bourne legacy",1391654400,1392249180,594780,52102885.7748
"Bourne legacy",1391658180,1485068256,93410076,52102885.7748
"Bourne legacy",1391658180,1392062880,404700,52102885.7748
"Bourne legacy",1391658600,1485068256,93409656,52102885.7748
"Bourne legacy",1391658600,1393288380,1629780,52102885.7748
"Bourne legacy",1391723040,1485068256,93345216,52102885.7748
"Bourne legacy",1391723040,1391897160,174120,52102885.7748
"Bourne legacy",1391732040,1485068256,93336216,52102885.7748
"Bourne legacy",1391733900,1485068256,93334356,52102885.7748
"Bourne legacy",1391733900,1393804800,2070900,52102885.7748
"Bourne legacy",1391734740,1485068256,93333516,52102885.7748
"Bourne legacy",1391734740,1392251640,516900,52102885.7748
"Bourne legacy",1391800500,1485068256,93267756,52102885.7748
"Bourne legacy",1391800500,1392239040,438540,52102885.7748
"Bourne legacy",1391800860,1485068256,93267396,52102885.7748
"Bourne legacy",1391800860,1392773160,972300,52102885.7748
"Bourne legacy",1391816160,1485068256,93252096,52102885.7748
"Bourne legacy",1391816160,1394238420,2422260,52102885.7748
"Bourne legacy",1391819100,1485068256,93249156,52102885.7748
"Bourne legacy",1391819100,1392082380,263280,52102885.7748
"Bourne legacy",1391820960,1485068256,93247296,52102885.7748
"Bourne legacy",1391820960,1393111500,1290540,52102885.7748
"Bourne legacy",1391824320,1485068256,93243936,52102885.7748
"Bourne legacy",1391824320,1393108080,1283760,52102885.7748
"Bourne legacy",1391885280,1485068256,93182976,52102885.7748
"Bourne legacy",1391885280,1392752040,866760,52102885.7748
"Bourne legacy",1391888340,1485068256,93179916,52102885.7748
"Bourne legacy",1391888340,1392847080,958740,52102885.7748
"Bourne legacy",1391892060,1485068256,93176196,52102885.7748
"Bourne legacy",1391892060,1391986320,94260,52102885.7748
"Bourne legacy",1391894520,1485068256,93173736,52102885.7748
"Bourne legacy",1391894520,1392772200,877680,52102885.7748
"Bourne legacy",1391904600,1485068256,93163656,52102885.7748
"Bourne legacy",1391905740,1485068256,93162516,52102885.7748
"Bourne legacy",1391905740,1392078000,172260,52102885.7748
"Bourne legacy",1391981220,1485068256,93087036,52102885.7748
"Bourne legacy",1391981220,1392344520,363300,52102885.7748
"Bourne legacy",1391981760,1485068256,93086496,52102885.7748
"Bourne legacy",1391981760,1393645560,1663800,52102885.7748
"Bourne legacy",1391982300,1485068256,93085956,52102885.7748
"Bourne legacy",1391995260,1485068256,93072996,52102885.7748
"Bourne legacy",1391995260,1392247620,252360,52102885.7748
"Bourne legacy",1391997720,1485068256,93070536,52102885.7748
"Bourne legacy",1391997720,1392752100,754380,52102885.7748
"Bourne legacy",1392060360,1485068256,93007896,52102885.7748
"Bourne legacy",1392060360,1392841260,780900,52102885.7748
"Bourne legacy",1392065520,1485068256,93002736,52102885.7748
"Bourne legacy",1392065520,1393028880,963360,52102885.7748
"Bourne legacy",1392070200,1485068256,92998056,52102885.7748
"Bourne legacy",1392070200,1392925560,855360,52102885.7748
"Bourne legacy",1392071100,1485068256,92997156,52102885.7748
"Bourne legacy",1392073920,1485068256,92994336,52102885.7748
"Bourne legacy",1392073920,1392427380,353460,52102885.7748
"Bourne legacy",1392077340,1485068256,92990916,52102885.7748
"Bourne legacy",1392077340,1393281900,1204560,52102885.7748
"Bourne legacy",1392077880,1485068256,92990376,52102885.7748
"Bourne legacy",1392085020,1485068256,92983236,52102885.7748
"Bourne legacy",1392085020,1392255300,170280,52102885.7748
"Bourne legacy",1392088860,1485068256,92979396,52102885.7748
"Bourne legacy",1392088860,1393719600,1630740,52102885.7748
"Bourne legacy",1392151080,1485068256,92917176,52102885.7748
"Bourne legacy",1392151080,1392241980,90900,52102885.7748
"Bourne legacy",1392154200,1485068256,92914056,52102885.7748
"Bourne legacy",1392154200,1392594780,440580,52102885.7748
"Bourne legacy",1392167160,1485068256,92901096,52102885.7748
"Bourne legacy",1392167160,1392338400,171240,52102885.7748
"Bourne legacy",1392173880,1485068256,92894376,52102885.7748
"Bourne legacy",1392173880,1392951360,777480,52102885.7748
"Bourne legacy",1392175560,1485068256,92892696,52102885.7748
"Bourne legacy",1392175560,1393110000,934440,52102885.7748
"Bourne legacy",1392241680,1485068256,92826576,52102885.7748
"Bourne legacy",1392244080,1485068256,92824176,52102885.7748
"Bourne legacy",1392244080,1392859620,615540,52102885.7748
"Bourne legacy",1392244140,1485068256,92824116,52102885.7748
"Bourne legacy",1392244140,1393547760,1303620,52102885.7748
"Bourne legacy",1392247320,1485068256,92820936,52102885.7748
"Bourne legacy",1392247320,1393376820,1129500,52102885.7748
"Bourne legacy",1392250860,1485068256,92817396,52102885.7748
"Bourne legacy",1392250860,1393616340,1365480,52102885.7748
"Bourne legacy",1392250980,1485068256,92817276,52102885.7748
"Bourne legacy",1392250980,1392844680,593700,52102885.7748
"Bourne legacy",1392252720,1485068256,92815536,52102885.7748
"Bourne legacy",1392252720,1393290240,1037520,52102885.7748
"Bourne legacy",1392254700,1485068256,92813556,52102885.7748
"Bourne legacy",1392254700,1393119780,865080,52102885.7748
"Bourne legacy",1392255840,1485068256,92812416,52102885.7748
"Bourne legacy",1392255840,1392778740,522900,52102885.7748
"Bourne legacy",1392263460,1485068256,92804796,52102885.7748
"Bourne legacy",1392263460,1392597900,334440,52102885.7748
"Bourne legacy",1392324180,1485068256,92744076,52102885.7748
"Bourne legacy",1392324180,1393024140,699960,52102885.7748
"Bourne legacy",1392326520,1485068256,92741736,52102885.7748
"Bourne legacy",1392326520,1392407880,81360,52102885.7748
"Bourne legacy",1392332160,1485068256,92736096,52102885.7748
"Bourne legacy",1392332160,1392403500,71340,52102885.7748
"Bourne legacy",1392334560,1485068256,92733696,52102885.7748
"Bourne legacy",1392334560,1392933000,598440,52102885.7748
"Bourne legacy",1392336660,1485068256,92731596,52102885.7748
"Bourne legacy",1392336660,1393370280,1033620,52102885.7748
"Bourne legacy",1392347340,1485068256,92720916,52102885.7748
"Bourne legacy",1392347340,1393449960,1102620,52102885.7748
"Bourne legacy",1392407340,1485068256,92660916,52102885.7748
"Bourne legacy",1392407340,1392573480,166140,52102885.7748
"Bourne legacy",1392408120,1485068256,92660136,52102885.7748
"Bourne legacy",1392408120,1392841080,432960,52102885.7748
"Bourne legacy",1392410820,1485068256,92657436,52102885.7748
"Bourne legacy",1392410820,1393289160,878340,52102885.7748
"Bourne legacy",1392419220,1485068256,92649036,52102885.7748
"Bourne legacy",1392419220,1394398440,1979220,52102885.7748
"Bourne legacy",1392494460,1485068256,92573796,52102885.7748
"Bourne legacy",1392495660,1485068256,92572596,52102885.7748
"Bourne legacy",1392498300,1485068256,92569956,52102885.7748
"Bourne legacy",1392498300,1393618200,1119900,52102885.7748
"Bourne legacy",1392500580,1485068256,92567676,52102885.7748
"Bourne legacy",1392501240,1485068256,92567016,52102885.7748
"Bourne legacy",1392504300,1485068256,92563956,52102885.7748
"Bourne legacy",1392504300,1393637100,1132800,52102885.7748
"Bourne legacy",1392504660,1485068256,92563596,52102885.7748
"Bourne legacy",1392504660,1392945720,441060,52102885.7748
"Bourne legacy",1392508500,1485068256,92559756,52102885.7748
"Bourne legacy",1392508500,1393110660,602160,52102885.7748
"Bourne legacy",1392585420,1485068256,92482836,52102885.7748
"Bourne legacy",1392585420,1485068256,92482836,52102885.7748
"Bourne legacy",1392585420,1393193700,608280,52102885.7748
"Bourne legacy",1392585420,1393544100,958680,52102885.7748
"Bourne legacy",1392587700,1485068256,92480556,52102885.7748
"Bourne legacy",1392587700,1393200540,612840,52102885.7748
"Bourne legacy",1392595380,1485068256,92472876,52102885.7748
"Bourne legacy",1392757920,1485068256,92310336,52102885.7748
"Bourne legacy",1392757920,1394751180,1993260,52102885.7748
"Bourne legacy",1392766140,1485068256,92302116,52102885.7748
"Bourne legacy",1392766140,1393279080,512940,52102885.7748
"Bourne legacy",1392843120,1485068256,92225136,52102885.7748
"Bourne legacy",1392843120,1393542300,699180,52102885.7748
"Bourne legacy",1392844260,1485068256,92223996,52102885.7748
"Bourne legacy",1392844260,1394322540,1478280,52102885.7748
"Bourne legacy",1392849120,1485068256,92219136,52102885.7748
"Bourne legacy",1392849120,1393385580,536460,52102885.7748
"Bourne legacy",1392856440,1485068256,92211816,52102885.7748
"Bourne legacy",1392858780,1485068256,92209476,52102885.7748
"Bourne legacy",1392858780,1394052360,1193580,52102885.7748
"Bourne legacy",1392859020,1485068256,92209236,52102885.7748
"Bourne legacy",1392859020,1394236320,1377300,52102885.7748
"Bourne legacy",1392860100,1485068256,92208156,52102885.7748
"Bourne legacy",1392860100,1393288860,428760,52102885.7748
"Bourne legacy",1392861180,1485068256,92207076,52102885.7748
"Bourne legacy",1392861180,1394670840,1809660,52102885.7748
"Bourne legacy",1392926940,1485068256,92141316,52102885.7748
"Bourne legacy",1392928920,1485068256,92139336,52102885.7748
"Bourne legacy",1392934440,1485068256,92133816,52102885.7748
"Bourne legacy",1392934440,1393534260,599820,52102885.7748
"Bourne legacy",1392937560,1485068256,92130696,52102885.7748
"Bourne legacy",1392937560,1393112640,175080,52102885.7748
"Bourne legacy",1392943800,1485068256,92124456,52102885.7748
"Bourne legacy",1392946500,1485068256,92121756,52102885.7748
"Bourne legacy",1392946500,1393881120,934620,52102885.7748
"Bourne legacy",1392947340,1485068256,92120916,52102885.7748
"Bourne legacy",1392950340,1485068256,92117916,52102885.7748
"Bourne legacy",1392950340,1394235480,1285140,52102885.7748
"Bourne legacy",1393006080,1485068256,92062176,52102885.7748
"Bourne legacy",1393006080,1393443180,437100,52102885.7748
"Bourne legacy",1393019820,1485068256,92048436,52102885.7748
"Bourne legacy",1393019820,1393449000,429180,52102885.7748
"Bourne legacy",1393021020,1485068256,92047236,52102885.7748
"Bourne legacy",1393021020,1393903560,882540,52102885.7748
"Bourne legacy",1393021200,1485068256,92047056,52102885.7748
"Bourne legacy",1393021200,1393885440,864240,52102885.7748
"Bourne legacy",1393028580,1485068256,92039676,52102885.7748
"Bourne legacy",1393028580,1395966060,2937480,52102885.7748
"Bourne legacy",1393030380,1485068256,92037876,52102885.7748
"Bourne legacy",1393030380,1393281360,250980,52102885.7748
"Bourne legacy",1393032660,1485068256,92035596,52102885.7748
"Bourne legacy",1393032660,1393635300,602640,52102885.7748
"Bourne legacy",1393033380,1485068256,92034876,52102885.7748
"Bourne legacy",1393033380,1394320020,1286640,52102885.7748
"Bourne legacy",1393096140,1485068256,91972116,52102885.7748
"Bourne legacy",1393096140,1393958940,862800,52102885.7748
"Bourne legacy",1393096680,1485068256,91971576,52102885.7748
"Bourne legacy",1393096680,1393278000,181320,52102885.7748
"Bourne legacy",1393099020,1485068256,91969236,52102885.7748
"Bourne legacy",1393099020,1395708300,2609280,52102885.7748
"Bourne legacy",1393101780,1485068256,91966476,52102885.7748
"Bourne legacy",1393101780,1393801920,700140,52102885.7748
"Bourne legacy",1393104240,1485068256,91964016,52102885.7748
"Bourne legacy",1393104240,1393799400,695160,52102885.7748
"Bourne legacy",1393107900,1485068256,91960356,52102885.7748
"Bourne legacy",1393111320,1485068256,91956936,52102885.7748
"Bourne legacy",1393111740,1485068256,91956516,52102885.7748
"Bourne legacy",1393111740,1393269240,157500,52102885.7748
"Bourne legacy",1393116240,1485068256,91952016,52102885.7748
"Bourne legacy",1393116240,1393364100,247860,52102885.7748
"Bourne legacy",1393119360,1485068256,91948896,52102885.7748
"Bourne legacy",1393119360,1393450740,331380,52102885.7748
"Bourne legacy",1393268880,1485068256,91799376,52102885.7748
"Bourne legacy",1393268880,1393458480,189600,52102885.7748
"Bourne legacy",1393271700,1485068256,91796556,52102885.7748
"Bourne legacy",1393271700,1393707360,435660,52102885.7748
"Bourne legacy",1393273980,1485068256,91794276,52102885.7748
"Bourne legacy",1393277880,1485068256,91790376,52102885.7748
"Bourne legacy",1393277880,1393527300,249420,52102885.7748
"Bourne legacy",1393280880,1485068256,91787376,52102885.7748
"Bourne legacy",1393280880,1393720440,439560,52102885.7748
"Bourne legacy",1393282080,1485068256,91786176,52102885.7748
"Bourne legacy",1393283580,1485068256,91784676,52102885.7748
"Bourne legacy",1393286100,1485068256,91782156,52102885.7748
"Bourne legacy",1393286100,1393724220,438120,52102885.7748
"Bourne legacy",1393287900,1485068256,91780356,52102885.7748
"Bourne legacy",1393287900,1394476800,1188900,52102885.7748
"Bourne legacy",1393367100,1485068256,91701156,52102885.7748
"Bourne legacy",1393367100,1393702260,335160,52102885.7748
"Bourne legacy",1393368600,1485068256,91699656,52102885.7748
"Bourne legacy",1393368600,1394239920,871320,52102885.7748
"Bourne legacy",1393373460,1485068256,91694796,52102885.7748
"Bourne legacy",1393375380,1485068256,91692876,52102885.7748
"Bourne legacy",1393375380,1394661780,1286400,52102885.7748
"Bourne legacy",1393375920,1485068256,91692336,52102885.7748
"Bourne legacy",1393375920,1394575320,1199400,52102885.7748
"Bourne legacy",1393378260,1485068256,91689996,52102885.7748
"Bourne legacy",1393378260,1394498340,1120080,52102885.7748
"Bourne legacy",1393379820,1485068256,91688436,52102885.7748
"Bourne legacy",1393379820,1394234760,854940,52102885.7748
"Bourne legacy",1393453860,1485068256,91614396,52102885.7748
"Bourne legacy",1393453860,1394053800,599940,52102885.7748
"Bourne legacy",1393465920,1485068256,91602336,52102885.7748
"Bourne legacy",1393470660,1485068256,91597596,52102885.7748
"Bourne legacy",1393530600,1485068256,91537656,52102885.7748
"Bourne legacy",1393530600,1394053200,522600,52102885.7748
"Bourne legacy",1393531140,1485068256,91537116,52102885.7748
"Bourne legacy",1393531140,1394582700,1051560,52102885.7748
"Bourne legacy",1393536840,1485068256,91531416,52102885.7748
"Bourne legacy",1393536840,1393873380,336540,52102885.7748
"Bourne legacy",1393539900,1485068256,91528356,52102885.7748
"Bourne legacy",1393539900,1393890960,351060,52102885.7748
"Bourne legacy",1393550400,1485068256,91517856,52102885.7748
"Bourne legacy",1393550400,1394580960,1030560,52102885.7748
"Bourne legacy",1393554060,1485068256,91514196,52102885.7748
"Bourne legacy",1393554060,1394486520,932460,52102885.7748
"Bourne legacy",1393615620,1485068256,91452636,52102885.7748
"Bourne legacy",1393620060,1485068256,91448196,52102885.7748
"Bourne legacy",1393620060,1395687540,2067480,52102885.7748
"Bourne legacy",1393622880,1485068256,91445376,52102885.7748
"Bourne legacy",1393622880,1395175560,1552680,52102885.7748
"Bourne legacy",1393630680,1485068256,91437576,52102885.7748
"Bourne legacy",1393630680,1393903080,272400,52102885.7748
"Bourne legacy",1393701000,1485068256,91367256,52102885.7748
"Bourne legacy",1393704180,1485068256,91364076,52102885.7748
"Bourne legacy",1393704180,1394329560,625380,52102885.7748
"Bourne legacy",1393708440,1485068256,91359816,52102885.7748
"Bourne legacy",1393708440,1394242800,534360,52102885.7748
"Bourne legacy",1393708560,1485068256,91359696,52102885.7748
"Bourne legacy",1393708560,1393974540,265980,52102885.7748
"Bourne legacy",1393709640,1485068256,91358616,52102885.7748
"Bourne legacy",1393709640,1394571060,861420,52102885.7748
"Bourne legacy",1393713420,1485068256,91354836,52102885.7748
"Bourne legacy",1393713420,1393898520,185100,52102885.7748
"Bourne legacy",1393713780,1485068256,91354476,52102885.7748
"Bourne legacy",1393721400,1485068256,91346856,52102885.7748
"Bourne legacy",1393721400,1395101820,1380420,52102885.7748
"Bourne legacy",1393721700,1485068256,91346556,52102885.7748
"Bourne legacy",1393721700,1394405640,683940,52102885.7748
"Bourne legacy",1393793460,1485068256,91274796,52102885.7748
"Bourne legacy",1393793460,1394060040,266580,52102885.7748
"Bourne legacy",1393794000,1485068256,91274256,52102885.7748
"Bourne legacy",1393794000,1395102660,1308660,52102885.7748
"Bourne legacy",1393797720,1485068256,91270536,52102885.7748
"Bourne legacy",1393797720,1394317140,519420,52102885.7748
"Bourne legacy",1393798440,1485068256,91269816,52102885.7748
"Bourne legacy",1393800360,1485068256,91267896,52102885.7748
"Bourne legacy",1393800360,1393885920,85560,52102885.7748
"Bourne legacy",1393802820,1485068256,91265436,52102885.7748
"Bourne legacy",1393802820,1397428680,3625860,52102885.7748
"Bourne legacy",1393803060,1485068256,91265196,52102885.7748
"Bourne legacy",1393803840,1485068256,91264416,52102885.7748
"Bourne legacy",1393803840,1395363120,1559280,52102885.7748
"Bourne legacy",1393808040,1485068256,91260216,52102885.7748
"Bourne legacy",1393808040,1394059380,251340,52102885.7748
"Bourne legacy",1393809420,1485068256,91258836,52102885.7748
"Bourne legacy",1393809420,1395110460,1301040,52102885.7748
"Bourne legacy",1393881600,1485068256,91186656,52102885.7748
"Bourne legacy",1393881600,1394756940,875340,52102885.7748
"Bourne legacy",1393884900,1485068256,91183356,52102885.7748
"Bourne legacy",1393884900,1395100860,1215960,52102885.7748
"Bourne legacy",1393895340,1485068256,91172916,52102885.7748
"Bourne legacy",1393895340,1394325840,430500,52102885.7748
"Bourne legacy",1393895820,1485068256,91172436,52102885.7748
"Bourne legacy",1393898220,1485068256,91170036,52102885.7748
"Bourne legacy",1393898220,1393986960,88740,52102885.7748
"Bourne legacy",1393898760,1485068256,91169496,52102885.7748
"Bourne legacy",1393898760,1394064120,165360,52102885.7748
"Bourne legacy",1393903260,1485068256,91164996,52102885.7748
"Bourne legacy",1393903260,1394241900,338640,52102885.7748
"Bourne legacy",1393903860,1485068256,91164396,52102885.7748
"Bourne legacy",1393959120,1485068256,91109136,52102885.7748
"Bourne legacy",1393959120,1395086940,1127820,52102885.7748
"Bourne legacy",1393966020,1485068256,91102236,52102885.7748
"Bourne legacy",1393966020,1396976940,3010920,52102885.7748
"Bourne legacy",1393969980,1485068256,91098276,52102885.7748
"Bourne legacy",1393969980,1395177240,1207260,52102885.7748
"Bourne legacy",1393974120,1485068256,91094136,52102885.7748
"Bourne legacy",1393974120,1395879960,1905840,52102885.7748
"Bourne legacy",1393974600,1485068256,91093656,52102885.7748
"Bourne legacy",1393974660,1485068256,91093596,52102885.7748
"Bourne legacy",1393979100,1485068256,91089156,52102885.7748
"Bourne legacy",1394053140,1485068256,91015116,52102885.7748
"Bourne legacy",1394053140,1395269040,1215900,52102885.7748
"Bourne legacy",1394057040,1485068256,91011216,52102885.7748
"Bourne legacy",1394060760,1485068256,91007496,52102885.7748
"Bourne legacy",1394060760,1394558100,497340,52102885.7748
"Bourne legacy",1394060880,1485068256,91007376,52102885.7748
"Bourne legacy",1394060880,1395791580,1730700,52102885.7748
"Bourne legacy",1394063580,1485068256,91004676,52102885.7748
"Bourne legacy",1394064600,1485068256,91003656,52102885.7748
"Bourne legacy",1394064600,1394828100,763500,52102885.7748
"Bourne legacy",1394069220,1485068256,90999036,52102885.7748
"Bourne legacy",1394069220,1395093240,1024020,52102885.7748
"Bourne legacy",1394140260,1485068256,90927996,52102885.7748
"Bourne legacy",1394140260,1398470040,4329780,52102885.7748
"Bourne legacy",1394145360,1485068256,90922896,52102885.7748
"Bourne legacy",1394145360,1394746020,600660,52102885.7748
"Bourne legacy",1394145420,1485068256,90922836,52102885.7748
"Bourne legacy",1394145720,1485068256,90922536,52102885.7748
"Bourne legacy",1394145720,1394583660,437940,52102885.7748
"Bourne legacy",1394148300,1485068256,90919956,52102885.7748
"Bourne legacy",1394148300,1397006100,2857800,52102885.7748
"Bourne legacy",1394149800,1485068256,90918456,52102885.7748
"Bourne legacy",1394149800,1395339480,1189680,52102885.7748
"Bourne legacy",1394156160,1485068256,90912096,52102885.7748
"Bourne legacy",1394156160,1394400540,244380,52102885.7748
"Bourne legacy",1394241480,1485068256,90826776,52102885.7748
"Bourne legacy",1394241480,1395090420,848940,52102885.7748
"Bourne legacy",1394303640,1485068256,90764616,52102885.7748
"Bourne legacy",1394303640,1396215600,1911960,52102885.7748
"Bourne legacy",1394305800,1485068256,90762456,52102885.7748
"Bourne legacy",1394305800,1394743980,438180,52102885.7748
"Bourne legacy",1394313840,1485068256,90754416,52102885.7748
"Bourne legacy",1394316960,1485068256,90751296,52102885.7748
"Bourne legacy",1394323860,1485068256,90744396,52102885.7748
"Bourne legacy",1394323860,1395263760,939900,52102885.7748
"Bourne legacy",1394324040,1485068256,90744216,52102885.7748
"Bourne legacy",1394324040,1485068256,90744216,52102885.7748
"Bourne legacy",1394324040,1395271980,947940,52102885.7748
"Bourne legacy",1394396640,1485068256,90671616,52102885.7748
"Bourne legacy",1394396640,1394660220,263580,52102885.7748
"Bourne legacy",1394397780,1485068256,90670476,52102885.7748
"Bourne legacy",1394397780,1395090180,692400,52102885.7748
"Bourne legacy",1394399580,1485068256,90668676,52102885.7748
"Bourne legacy",1394399580,1395008520,608940,52102885.7748
"Bourne legacy",1394401200,1485068256,90667056,52102885.7748
"Bourne legacy",1394401200,1394913720,512520,52102885.7748
"Bourne legacy",1394406780,1485068256,90661476,52102885.7748
"Bourne legacy",1394406780,1394926440,519660,52102885.7748
"Bourne legacy",1394407980,1485068256,90660276,52102885.7748
"Bourne legacy",1394407980,1394760240,352260,52102885.7748
"Bourne legacy",1394472600,1485068256,90595656,52102885.7748
"Bourne legacy",1394472600,1396373160,1900560,52102885.7748
"Bourne legacy",1394474040,1485068256,90594216,52102885.7748
"Bourne legacy",1394474040,1394676720,202680,52102885.7748
"Bourne legacy",1394479140,1485068256,90589116,52102885.7748
"Bourne legacy",1394479140,1395425760,946620,52102885.7748
"Bourne legacy",1394481840,1485068256,90586416,52102885.7748
"Bourne legacy",1394481840,1395088020,606180,52102885.7748
"Bourne legacy",1394498400,1485068256,90569856,52102885.7748
"Bourne legacy",1394498400,1395426720,928320,52102885.7748
"Bourne legacy",1394501400,1485068256,90566856,52102885.7748
"Bourne legacy",1394558340,1485068256,90509916,52102885.7748
"Bourne legacy",1394558340,1395520920,962580,52102885.7748
"Bourne legacy",1394564340,1485068256,90503916,52102885.7748
"Bourne legacy",1394564340,1395166560,602220,52102885.7748
"Bourne legacy",1394573940,1485068256,90494316,52102885.7748
"Bourne legacy",1394575800,1485068256,90492456,52102885.7748
"Bourne legacy",1394575800,1395527340,951540,52102885.7748
"Bourne legacy",1394585040,1485068256,90483216,52102885.7748
"Bourne legacy",1394585040,1395364320,779280,52102885.7748
"Bourne legacy",1394590800,1485068256,90477456,52102885.7748
"Bourne legacy",1394660640,1485068256,90407616,52102885.7748
"Bourne legacy",1394660640,1395783420,1122780,52102885.7748
"Bourne legacy",1394668080,1485068256,90400176,52102885.7748
"Bourne legacy",1394668080,1395700440,1032360,52102885.7748
"Bourne legacy",1394670840,1485068256,90397416,52102885.7748
"Bourne legacy",1394670840,1395000420,329580,52102885.7748
"Bourne legacy",1394674560,1485068256,90393696,52102885.7748
"Bourne legacy",1394674560,1395279180,604620,52102885.7748
"Bourne legacy",1394679180,1485068256,90389076,52102885.7748
"Bourne legacy",1394679180,1395617640,938460,52102885.7748
"Bourne legacy",1394737500,1485068256,90330756,52102885.7748
"Bourne legacy",1394737500,1395361860,624360,52102885.7748
"Bourne legacy",1394738640,1485068256,90329616,52102885.7748
"Bourne legacy",1394748840,1485068256,90319416,52102885.7748
"Bourne legacy",1394748840,1395190620,441780,52102885.7748
"Bourne legacy",1394760960,1485068256,90307296,52102885.7748
"Bourne legacy",1394760960,1394996580,235620,52102885.7748
"Bourne legacy",1394764920,1485068256,90303336,52102885.7748
"Bourne legacy",1394821140,1485068256,90247116,52102885.7748
"Bourne legacy",1394836740,1485068256,90231516,52102885.7748
"Bourne legacy",1394911560,1485068256,90156696,52102885.7748
"Bourne legacy",1394911560,1395340320,428760,52102885.7748
"Bourne legacy",1394921580,1485068256,90146676,52102885.7748
"Bourne legacy",1394921580,1395699660,778080,52102885.7748
"Bourne legacy",1394927820,1485068256,90140436,52102885.7748
"Bourne legacy",1394927820,1397594280,2666460,52102885.7748
"Bourne legacy",1394931720,1485068256,90136536,52102885.7748
"Bourne legacy",1394931720,1396124940,1193220,52102885.7748
"Bourne legacy",1395001800,1485068256,90066456,52102885.7748
"Bourne legacy",1395001800,1397425860,2424060,52102885.7748
"Bourne legacy",1395003000,1485068256,90065256,52102885.7748
"Bourne legacy",1395007440,1485068256,90060816,52102885.7748
"Bourne legacy",1395014340,1485068256,90053916,52102885.7748
"Bourne legacy",1395014340,1395791700,777360,52102885.7748
"Bourne legacy",1395016260,1485068256,90051996,52102885.7748
"Bourne legacy",1395016260,1396214160,1197900,52102885.7748
"Bourne legacy",1395080820,1485068256,89987436,52102885.7748
"Bourne legacy",1395080820,1396459920,1379100,52102885.7748
"Bourne legacy",1395090240,1485068256,89978016,52102885.7748
"Bourne legacy",1395090240,1395961500,871260,52102885.7748
"Bourne legacy",1395093060,1485068256,89975196,52102885.7748
"Bourne legacy",1395093060,1395280200,187140,52102885.7748
"Bourne legacy",1395093840,1485068256,89974416,52102885.7748
"Bourne legacy",1395093840,1395964320,870480,52102885.7748
"Bourne legacy",1395102240,1485068256,89966016,52102885.7748
"Bourne legacy",1395102480,1485068256,89965776,52102885.7748
"Bourne legacy",1395103860,1485068256,89964396,52102885.7748
"Bourne legacy",1395103860,1395173940,70080,52102885.7748
"Bourne legacy",1395110520,1485068256,89957736,52102885.7748
"Bourne legacy",1395110520,1396136400,1025880,52102885.7748
"Bourne legacy",1395167940,1485068256,89900316,52102885.7748
"Bourne legacy",1395167940,1395879840,711900,52102885.7748
"Bourne legacy",1395168000,1485068256,89900256,52102885.7748
"Bourne legacy",1395168000,1395611220,443220,52102885.7748
"Bourne legacy",1395175020,1485068256,89893236,52102885.7748
"Bourne legacy",1395175020,1395682680,507660,52102885.7748
"Bourne legacy",1395176160,1485068256,89892096,52102885.7748
"Bourne legacy",1395185520,1485068256,89882736,52102885.7748
"Bourne legacy",1395185520,1395694140,508620,52102885.7748
"Bourne legacy",1395189480,1485068256,89878776,52102885.7748
"Bourne legacy",1395189480,1396289040,1099560,52102885.7748
"Bourne legacy",1395197640,1485068256,89870616,52102885.7748
"Bourne legacy",1395197640,1395348720,151080,52102885.7748
"Bourne legacy",1395254100,1485068256,89814156,52102885.7748
"Bourne legacy",1395262440,1485068256,89805816,52102885.7748
"Bourne legacy",1395262440,1395697320,434880,52102885.7748
"Bourne legacy",1395270480,1485068256,89797776,52102885.7748
"Bourne legacy",1395270480,1396717320,1446840,52102885.7748
"Bourne legacy",1395274920,1485068256,89793336,52102885.7748
"Bourne legacy",1395274920,1396382580,1107660,52102885.7748
"Bourne legacy",1395283200,1485068256,89785056,52102885.7748
"Bourne legacy",1395283200,1396122660,839460,52102885.7748
"Bourne legacy",1395340440,1485068256,89727816,52102885.7748
"Bourne legacy",1395340440,1395873960,533520,52102885.7748
"Bourne legacy",1395349020,1485068256,89719236,52102885.7748
"Bourne legacy",1395349020,1395604920,255900,52102885.7748
"Bourne legacy",1395350400,1485068256,89717856,52102885.7748
"Bourne legacy",1395350400,1395782940,432540,52102885.7748
"Bourne legacy",1395355080,1485068256,89713176,52102885.7748
"Bourne legacy",1395355080,1395950940,595860,52102885.7748
"Bourne legacy",1395355380,1485068256,89712876,52102885.7748
"Bourne legacy",1395355380,1396477920,1122540,52102885.7748
"Bourne legacy",1395422640,1485068256,89645616,52102885.7748
"Bourne legacy",1395426120,1485068256,89642136,52102885.7748
"Bourne legacy",1395426120,1395698940,272820,52102885.7748
"Bourne legacy",1395430200,1485068256,89638056,52102885.7748
"Bourne legacy",1395430200,1405882920,10452720,52102885.7748
"Bourne legacy",1395432420,1485068256,89635836,52102885.7748
"Bourne legacy",1395432420,1396298100,865680,52102885.7748
"Bourne legacy",1395434580,1485068256,89633676,52102885.7748
"Bourne legacy",1395434580,1395681360,246780,52102885.7748
"Bourne legacy",1395516180,1485068256,89552076,52102885.7748
"Bourne legacy",1395516180,1397329920,1813740,52102885.7748
"Bourne legacy",1395519360,1485068256,89548896,52102885.7748
"Bourne legacy",1395519360,1395608100,88740,52102885.7748
"Bourne legacy",1395520620,1485068256,89547636,52102885.7748
"Bourne legacy",1395522240,1485068256,89546016,52102885.7748
"Bourne legacy",1395535140,1485068256,89533116,52102885.7748
"Bourne legacy",1395606360,1485068256,89461896,52102885.7748
"Bourne legacy",1395606360,1485068256,89461896,52102885.7748
"Bourne legacy",1395606360,1395947100,340740,52102885.7748
"Bourne legacy",1395606360,1398724260,3117900,52102885.7748
"Bourne legacy",1395606960,1485068256,89461296,52102885.7748
"Bourne legacy",1395607500,1485068256,89460756,52102885.7748
"Bourne legacy",1395607500,1396634760,1027260,52102885.7748
"Bourne legacy",1395611100,1396983420,1372320,52102885.7748
"Bourne legacy",1395613140,1485068256,89455116,52102885.7748
"Bourne legacy",1395614160,1485068256,89454096,52102885.7748
"Bourne legacy",1395616020,1485068256,89452236,52102885.7748
"Bourne legacy",1395616020,1396462260,846240,52102885.7748
"Bourne legacy",1395685620,1485068256,89382636,52102885.7748
"Bourne legacy",1395685620,1395853320,167700,52102885.7748
"Bourne legacy",1395696360,1485068256,89371896,52102885.7748
"Bourne legacy",1395696360,1398877620,3181260,52102885.7748
"Bourne legacy",1395697800,1396218660,520860,52102885.7748
"Bourne legacy",1395700860,1485068256,89367396,52102885.7748
"Bourne legacy",1395700860,1395782100,81240,52102885.7748
"Bourne legacy",1395704040,1485068256,89364216,52102885.7748
"Bourne legacy",1395704040,1396900920,1196880,52102885.7748
"Bourne legacy",1395714660,1485068256,89353596,52102885.7748
"Bourne legacy",1395778080,1485068256,89290176,52102885.7748
"Bourne legacy",1395778080,1396901640,1123560,52102885.7748
"Bourne legacy",1395778860,1485068256,89289396,52102885.7748
"Bourne legacy",1395778860,1396996800,1217940,52102885.7748
"Bourne legacy",1395792660,1485068256,89275596,52102885.7748
"Bourne legacy",1395792660,1396917300,1124640,52102885.7748
"Bourne legacy",1395799920,1485068256,89268336,52102885.7748
"Bourne legacy",1395799920,1395974220,174300,52102885.7748
"Bourne legacy",1395863340,1397166480,1303140,52102885.7748
"Bourne legacy",1395867900,1485068256,89200356,52102885.7748
"Bourne legacy",1395867900,1396218720,350820,52102885.7748
"Bourne legacy",1395868080,1485068256,89200176,52102885.7748
"Bourne legacy",1395868080,1396462860,594780,52102885.7748
"Bourne legacy",1395881460,1397093220,1211760,52102885.7748
"Bourne legacy",1395942240,1396118400,176160,52102885.7748
"Bourne legacy",1395962220,1485068256,89106036,52102885.7748
"Bourne legacy",1395962220,1397345400,1383180,52102885.7748
"Bourne legacy",1395963660,1485068256,89104596,52102885.7748
"Bourne legacy",1395963660,1398537120,2573460,52102885.7748
"Bourne legacy",1395974880,1485068256,89093376,52102885.7748
"Bourne legacy",1396026840,1485068256,89041416,52102885.7748
"Bourne legacy",1396026840,1396638480,611640,52102885.7748
"Bourne legacy",1396038420,1485068256,89029836,52102885.7748
"Bourne legacy",1396038420,1396492920,454500,52102885.7748
"Bourne legacy",1396048260,1485068256,89019996,52102885.7748
"Bourne legacy",1396048320,1485068256,89019936,52102885.7748
"Bourne legacy",1396048320,1396207980,159660,52102885.7748
"Bourne legacy",1396052940,1485068256,89015316,52102885.7748
"Bourne legacy",1396052940,1398987840,2934900,52102885.7748
"Bourne legacy",1396117200,1485068256,88951056,52102885.7748
"Bourne legacy",1396124880,1485068256,88943376,52102885.7748
"Bourne legacy",1396124880,1396737120,612240,52102885.7748
"Bourne legacy",1396125180,1485068256,88943076,52102885.7748
"Bourne legacy",1396128060,1485068256,88940196,52102885.7748
"Bourne legacy",1396130100,1485068256,88938156,52102885.7748
"Bourne legacy",1396130100,1396896540,766440,52102885.7748
"Bourne legacy",1396132380,1485068256,88935876,52102885.7748
"Bourne legacy",1396132380,1396223700,91320,52102885.7748
"Bourne legacy",1396137900,1485068256,88930356,52102885.7748
"Bourne legacy",1396137900,1396477500,339600,52102885.7748
"Bourne legacy",1396140540,1485068256,88927716,52102885.7748
"Bourne legacy",1396140540,1396307040,166500,52102885.7748
"Bourne legacy",1396288140,1485068256,88780116,52102885.7748
"Bourne legacy",1396288140,1397501640,1213500,52102885.7748
"Bourne legacy",1396293420,1485068256,88774836,52102885.7748
"Bourne legacy",1396309560,1485068256,88758696,52102885.7748
"Bourne legacy",1396309560,1396820400,510840,52102885.7748
"Bourne legacy",1396310880,1485068256,88757376,52102885.7748
"Bourne legacy",1396385640,1485068256,88682616,52102885.7748
"Bourne legacy",1396385640,1397593020,1207380,52102885.7748
"Bourne legacy",1396397340,1485068256,88670916,52102885.7748
"Bourne legacy",1396397340,1397002500,605160,52102885.7748
"Bourne legacy",1396405560,1485068256,88662696,52102885.7748
"Bourne legacy",1396405560,1397159820,754260,52102885.7748
"Bourne legacy",1396459980,1485068256,88608276,52102885.7748
"Bourne legacy",1396464420,1485068256,88603836,52102885.7748
"Bourne legacy",1396464420,1396987980,523560,52102885.7748
"Bourne legacy",1396467420,1485068256,88600836,52102885.7748
"Bourne legacy",1396486380,1485068256,88581876,52102885.7748
"Bourne legacy",1396493160,1485068256,88575096,52102885.7748
"Bourne legacy",1396493160,1396739580,246420,52102885.7748
"Bourne legacy",1396550400,1485068256,88517856,52102885.7748
"Bourne legacy",1396550400,1396894080,343680,52102885.7748
"Bourne legacy",1396553520,1485068256,88514736,52102885.7748
"Bourne legacy",1396556100,1485068256,88512156,52102885.7748
"Bourne legacy",1396569720,1485068256,88498536,52102885.7748
"Bourne legacy",1396580220,1485068256,88488036,52102885.7748
"Bourne legacy",1396580220,1396744620,164400,52102885.7748
"Bourne legacy",1396637820,1485068256,88430436,52102885.7748
"Bourne legacy",1396637820,1397843760,1205940,52102885.7748
"Bourne legacy",1396645920,1485068256,88422336,52102885.7748
"Bourne legacy",1396645920,1399151100,2505180,52102885.7748
"Bourne legacy",1396648020,1485068256,88420236,52102885.7748
"Bourne legacy",1396648020,1398129360,1481340,52102885.7748
"Bourne legacy",1396648140,1485068256,88420116,52102885.7748
"Bourne legacy",1396648140,1396981620,333480,52102885.7748
"Bourne legacy",1396650780,1485068256,88417476,52102885.7748
"Bourne legacy",1396657860,1485068256,88410396,52102885.7748
"Bourne legacy",1396657860,1398037260,1379400,52102885.7748
"Bourne legacy",1396657980,1485068256,88410276,52102885.7748
"Bourne legacy",1396657980,1397252340,594360,52102885.7748
"Bourne legacy",1396658460,1485068256,88409796,52102885.7748
"Bourne legacy",1396658460,1398551640,1893180,52102885.7748
"Bourne legacy",1396718940,1485068256,88349316,52102885.7748
"Bourne legacy",1396718940,1397777700,1058760,52102885.7748
"Bourne legacy",1396725900,1485068256,88342356,52102885.7748
"Bourne legacy",1396725900,1397953740,1227840,52102885.7748
"Bourne legacy",1396736400,1485068256,88331856,52102885.7748
"Bourne legacy",1396736400,1397776140,1039740,52102885.7748
"Bourne legacy",1396740960,1485068256,88327296,52102885.7748
"Bourne legacy",1396740960,1397253120,512160,52102885.7748
"Bourne legacy",1396812780,1485068256,88255476,52102885.7748
"Bourne legacy",1396812780,1397416620,603840,52102885.7748
"Bourne legacy",1396820340,1485068256,88247916,52102885.7748
"Bourne legacy",1396821240,1396821720,480,52102885.7748
"Bourne legacy",1396827060,1485068256,88241196,52102885.7748
"Bourne legacy",1396827060,1397605380,778320,52102885.7748
"Bourne legacy",1396890420,1485068256,88177836,52102885.7748
"Bourne legacy",1396903440,1485068256,88164816,52102885.7748
"Bourne legacy",1396903440,1397845440,942000,52102885.7748
"Bourne legacy",1396903980,1485068256,88164276,52102885.7748
"Bourne legacy",1396903980,1396994100,90120,52102885.7748
"Bourne legacy",1396987740,1485068256,88080516,52102885.7748
"Bourne legacy",1396987740,1397772360,784620,52102885.7748
"Bourne legacy",1396989360,1485068256,88078896,52102885.7748
"Bourne legacy",1396991580,1485068256,88076676,52102885.7748
"Bourne legacy",1397001240,1485068256,88067016,52102885.7748
"Bourne legacy",1397006640,1485068256,88061616,52102885.7748
"Bourne legacy",1397006640,1397527380,520740,52102885.7748
"Bourne legacy",1397007960,1485068256,88060296,52102885.7748
"Bourne legacy",1397007960,1397433600,425640,52102885.7748
"Bourne legacy",1397009640,1485068256,88058616,52102885.7748
"Bourne legacy",1397009640,1397942280,932640,52102885.7748
"Bourne legacy",1397065080,1485068256,88003176,52102885.7748
"Bourne legacy",1397082780,1485068256,87985476,52102885.7748
"Bourne legacy",1397082780,1398288180,1205400,52102885.7748
"Bourne legacy",1397084220,1485068256,87984036,52102885.7748
"Bourne legacy",1397084220,1397943780,859560,52102885.7748
"Bourne legacy",1397161320,1485068256,87906936,52102885.7748
"Bourne legacy",1397161320,1398209880,1048560,52102885.7748
"Bourne legacy",1397166240,1485068256,87902016,52102885.7748
"Bourne legacy",1397166240,1401919560,4753320,52102885.7748
"Bourne legacy",1397184840,1485068256,87883416,52102885.7748
"Bourne legacy",1397184840,1400634300,3449460,52102885.7748
"Bourne legacy",1397243580,1485068256,87824676,52102885.7748
"Bourne legacy",1397243580,1398196260,952680,52102885.7748
"Bourne legacy",1397244480,1485068256,87823776,52102885.7748
"Bourne legacy",1397244480,1402002180,4757700,52102885.7748
"Bourne legacy",1397249640,1485068256,87818616,52102885.7748
"Bourne legacy",1397249640,1399685520,2435880,52102885.7748
"Bourne legacy",1397250360,1485068256,87817896,52102885.7748
"Bourne legacy",1397250360,1397765520,515160,52102885.7748
"Bourne legacy",1397326920,1485068256,87741336,52102885.7748
"Bourne legacy",1397326920,1398543960,1217040,52102885.7748
"Bourne legacy",1397336400,1485068256,87731856,52102885.7748
"Bourne legacy",1397336400,1397421180,84780,52102885.7748
"Bourne legacy",1397346060,1485068256,87722196,52102885.7748
"Bourne legacy",1397428320,1485068256,87639936,52102885.7748
"Bourne legacy",1397428320,1397867820,439500,52102885.7748
"Bourne legacy",1397430180,1485068256,87638076,52102885.7748
"Bourne legacy",1397430660,1485068256,87637596,52102885.7748
"Bourne legacy",1397430660,1397695440,264780,52102885.7748
"Bourne legacy",1397433240,1485068256,87635016,52102885.7748
"Bourne legacy",1397433240,1398034080,600840,52102885.7748
"Bourne legacy",1397501640,1485068256,87566616,52102885.7748
"Bourne legacy",1397501640,1397615940,114300,52102885.7748
"Bourne legacy",1397508900,1485068256,87559356,52102885.7748
"Bourne legacy",1397508900,1399748280,2239380,52102885.7748
"Bourne legacy",1397511360,1485068256,87556896,52102885.7748
"Bourne legacy",1397511360,1397672340,160980,52102885.7748
"Bourne legacy",1397522100,1485068256,87546156,52102885.7748
"Bourne legacy",1397522460,1485068256,87545796,52102885.7748
"Bourne legacy",1397522460,1398125460,603000,52102885.7748
"Bourne legacy",1397522820,1485068256,87545436,52102885.7748
"Bourne legacy",1397522820,1397693100,170280,52102885.7748
"Bourne legacy",1397526060,1485068256,87542196,52102885.7748
"Bourne legacy",1397526060,1398818220,1292160,52102885.7748
"Bourne legacy",1397530740,1485068256,87537516,52102885.7748
"Bourne legacy",1397591220,1485068256,87477036,52102885.7748
"Bourne legacy",1397591220,1397775780,184560,52102885.7748
"Bourne legacy",1397595780,1485068256,87472476,52102885.7748
"Bourne legacy",1397595780,1397870580,274800,52102885.7748
"Bourne legacy",1397606280,1485068256,87461976,52102885.7748
"Bourne legacy",1397606280,1398392820,786540,52102885.7748
"Bourne legacy",1397609460,1485068256,87458796,52102885.7748
"Bourne legacy",1397609460,1397950320,340860,52102885.7748
"Bourne legacy",1397617080,1485068256,87451176,52102885.7748
"Bourne legacy",1397617080,1399162320,1545240,52102885.7748
"Bourne legacy",1397678100,1485068256,87390156,52102885.7748
"Bourne legacy",1397678100,1398801900,1123800,52102885.7748
"Bourne legacy",1397680860,1485068256,87387396,52102885.7748
"Bourne legacy",1397680860,1400723040,3042180,52102885.7748
"Bourne legacy",1397682360,1397682480,120,52102885.7748
"Bourne legacy",1397690940,1485068256,87377316,52102885.7748
"Bourne legacy",1397690940,1398209880,518940,52102885.7748
"Bourne legacy",1397700240,1485068256,87368016,52102885.7748
"Bourne legacy",1397765340,1485068256,87302916,52102885.7748
"Bourne legacy",1397765340,1398121920,356580,52102885.7748
"Bourne legacy",1397768220,1485068256,87300036,52102885.7748
"Bourne legacy",1397768220,1401315240,3547020,52102885.7748
"Bourne legacy",1397778600,1485068256,87289656,52102885.7748
"Bourne legacy",1397778600,1400019960,2241360,52102885.7748
"Bourne legacy",1397782200,1485068256,87286056,52102885.7748
"Bourne legacy",1397782200,1398457020,674820,52102885.7748
"Bourne legacy",1397847240,1485068256,87221016,52102885.7748
"Bourne legacy",1397847240,1400276280,2429040,52102885.7748
"Bourne legacy",1397848800,1485068256,87219456,52102885.7748
"Bourne legacy",1397857020,1485068256,87211236,52102885.7748
"Bourne legacy",1397857020,1398386160,529140,52102885.7748
"Bourne legacy",1397866440,1485068256,87201816,52102885.7748
"Bourne legacy",1397866440,1398976380,1109940,52102885.7748
"Bourne legacy",1397954760,1485068256,87113496,52102885.7748
"Bourne legacy",1398025020,1485068256,87043236,52102885.7748
"Bourne legacy",1398025020,1398638580,613560,52102885.7748
"Bourne legacy",1398030960,1485068256,87037296,52102885.7748
"Bourne legacy",1398030960,1399246080,1215120,52102885.7748
"Bourne legacy",1398031500,1485068256,87036756,52102885.7748
"Bourne legacy",1398031500,1398638400,606900,52102885.7748
"Bourne legacy",1398034680,1485068256,87033576,52102885.7748
"Bourne legacy",1398034680,1398210600,175920,52102885.7748
"Bourne legacy",1398116340,1485068256,86951916,52102885.7748
"Bourne legacy",1398125280,1485068256,86942976,52102885.7748
"Bourne legacy",1398125520,1485068256,86942736,52102885.7748
"Bourne legacy",1398125520,1399065600,940080,52102885.7748
"Bourne legacy",1398191160,1485068256,86877096,52102885.7748
"Bourne legacy",1398191160,1399412280,1221120,52102885.7748
"Bourne legacy",1398196020,1485068256,86872236,52102885.7748
"Bourne legacy",1398196020,1398983640,787620,52102885.7748
"Bourne legacy",1398205740,1485068256,86862516,52102885.7748
"Bourne legacy",1398205740,1398894960,689220,52102885.7748
"Bourne legacy",1398207600,1485068256,86860656,52102885.7748
"Bourne legacy",1398207600,1398291720,84120,52102885.7748
"Bourne legacy",1398210540,1485068256,86857716,52102885.7748
"Bourne legacy",1398210540,1398629520,418980,52102885.7748
"Bourne legacy",1398210900,1485068256,86857356,52102885.7748
"Bourne legacy",1398210900,1398559200,348300,52102885.7748
"Bourne legacy",1398213540,1485068256,86854716,52102885.7748
"Bourne legacy",1398213540,1398555120,341580,52102885.7748
"Bourne legacy",1398216240,1485068256,86852016,52102885.7748
"Bourne legacy",1398218640,1485068256,86849616,52102885.7748
"Bourne legacy",1398218640,1399504260,1285620,52102885.7748
"Bourne legacy",1398274800,1485068256,86793456,52102885.7748
"Bourne legacy",1398279120,1485068256,86789136,52102885.7748
"Bourne legacy",1398279120,1398810900,531780,52102885.7748
"Bourne legacy",1398290640,1485068256,86777616,52102885.7748
"Bourne legacy",1398295980,1485068256,86772276,52102885.7748
"Bourne legacy",1398295980,1399324560,1028580,52102885.7748
"Bourne legacy",1398298020,1485068256,86770236,52102885.7748
"Bourne legacy",1398298020,1399334820,1036800,52102885.7748
"Bourne legacy",1398304260,1485068256,86763996,52102885.7748
"Bourne legacy",1398304260,1398736860,432600,52102885.7748
"Bourne legacy",1398374280,1485068256,86693976,52102885.7748
"Bourne legacy",1398374280,1399146000,771720,52102885.7748
"Bourne legacy",1398375240,1485068256,86693016,52102885.7748
"Bourne legacy",1398377520,1485068256,86690736,52102885.7748
"Bourne legacy",1398377520,1399149060,771540,52102885.7748
"Bourne legacy",1398387360,1485068256,86680896,52102885.7748
"Bourne legacy",1398387360,1398733140,345780,52102885.7748
"Bourne legacy",1398393840,1485068256,86674416,52102885.7748
"Bourne legacy",1398455100,1485068256,86613156,52102885.7748
"Bourne legacy",1398455100,1398964680,509580,52102885.7748
"Bourne legacy",1398464640,1485068256,86603616,52102885.7748
"Bourne legacy",1398466260,1485068256,86601996,52102885.7748
"Bourne legacy",1398466260,1399157760,691500,52102885.7748
"Bourne legacy",1398471420,1485068256,86596836,52102885.7748
"Bourne legacy",1398471420,1399071600,600180,52102885.7748
"Bourne legacy",1398536340,1485068256,86531916,52102885.7748
"Bourne legacy",1398536340,1400174640,1638300,52102885.7748
"Bourne legacy",1398544800,1485068256,86523456,52102885.7748
"Bourne legacy",1398544800,1399340400,795600,52102885.7748
"Bourne legacy",1398548100,1485068256,86520156,52102885.7748
"Bourne legacy",1398559620,1485068256,86508636,52102885.7748
"Bourne legacy",1398630060,1485068256,86438196,52102885.7748
"Bourne legacy",1398630060,1399758360,1128300,52102885.7748
"Bourne legacy",1398634260,1485068256,86433996,52102885.7748
"Bourne legacy",1398640740,1485068256,86427516,52102885.7748
"Bourne legacy",1398706260,1485068256,86361996,52102885.7748
"Bourne legacy",1398706260,1399574400,868140,52102885.7748
"Bourne legacy",1398722820,1485068256,86345436,52102885.7748
"Bourne legacy",1398722820,1399241520,518700,52102885.7748
"Bourne legacy",1398728460,1485068256,86339796,52102885.7748
"Bourne legacy",1398728460,1399334820,606360,52102885.7748
"Bourne legacy",1398802020,1485068256,86266236,52102885.7748
"Bourne legacy",1398802020,1399160520,358500,52102885.7748
"Bourne legacy",1398806580,1485068256,86261676,52102885.7748
"Bourne legacy",1398806580,1399066800,260220,52102885.7748
"Bourne legacy",1398823080,1485068256,86245176,52102885.7748
"Bourne legacy",1398823080,1399487760,664680,52102885.7748
"Bourne legacy",1398894480,1485068256,86173776,52102885.7748
"Bourne legacy",1398894480,1400106660,1212180,52102885.7748
"Bourne legacy",1398895500,1485068256,86172756,52102885.7748
"Bourne legacy",1398895500,1399667820,772320,52102885.7748
"Bourne legacy",1398991260,1485068256,86076996,52102885.7748
"Bourne legacy",1398993480,1485068256,86074776,52102885.7748
"Bourne legacy",1398993480,1399240320,246840,52102885.7748
"Bourne legacy",1399075380,1485068256,85992876,52102885.7748
"Bourne legacy",1399075380,1399600740,525360,52102885.7748
"Bourne legacy",1399139880,1485068256,85928376,52102885.7748
"Bourne legacy",1399139880,1400179440,1039560,52102885.7748
"Bourne legacy",1399145100,1485068256,85923156,52102885.7748
"Bourne legacy",1399145100,1400350860,1205760,52102885.7748
"Bourne legacy",1399145640,1485068256,85922616,52102885.7748
"Bourne legacy",1399145640,1400360940,1215300,52102885.7748
"Bourne legacy",1399147560,1485068256,85920696,52102885.7748
"Bourne legacy",1399147560,1399418100,270540,52102885.7748
"Bourne legacy",1399148520,1485068256,85919736,52102885.7748
"Bourne legacy",1399148520,1399749540,601020,52102885.7748
"Bourne legacy",1399149540,1485068256,85918716,52102885.7748
"Bourne legacy",1399149540,1399847520,697980,52102885.7748
"Bourne legacy",1399153500,1485068256,85914756,52102885.7748
"Bourne legacy",1399153500,1399660800,507300,52102885.7748
"Bourne legacy",1399154520,1485068256,85913736,52102885.7748
"Bourne legacy",1399154520,1400267400,1112880,52102885.7748
"Bourne legacy",1399156500,1485068256,85911756,52102885.7748
"Bourne legacy",1399156500,1400112540,956040,52102885.7748
"Bourne legacy",1399158480,1485068256,85909776,52102885.7748
"Bourne legacy",1399158480,1400371380,1212900,52102885.7748
"Bourne legacy",1399160160,1485068256,85908096,52102885.7748
"Bourne legacy",1399233780,1485068256,85834476,52102885.7748
"Bourne legacy",1399233780,1400354040,1120260,52102885.7748
"Bourne legacy",1399235040,1485068256,85833216,52102885.7748
"Bourne legacy",1399235400,1485068256,85832856,52102885.7748
"Bourne legacy",1399235400,1399418580,183180,52102885.7748
"Bourne legacy",1399239060,1485068256,85829196,52102885.7748
"Bourne legacy",1399244220,1485068256,85824036,52102885.7748
"Bourne legacy",1399244220,1402788300,3544080,52102885.7748
"Bourne legacy",1399246200,1485068256,85822056,52102885.7748
"Bourne legacy",1399314360,1485068256,85753896,52102885.7748
"Bourne legacy",1399314360,1400011080,696720,52102885.7748
"Bourne legacy",1399315020,1485068256,85753236,52102885.7748
"Bourne legacy",1399315020,1400351820,1036800,52102885.7748
"Bourne legacy",1399318560,1485068256,85749696,52102885.7748
"Bourne legacy",1399318560,1399925640,607080,52102885.7748
"Bourne legacy",1399326600,1485068256,85741656,52102885.7748
"Bourne legacy",1399330920,1485068256,85737336,52102885.7748
"Bourne legacy",1399330920,1399931880,600960,52102885.7748
"Bourne legacy",1399334400,1485068256,85733856,52102885.7748
"Bourne legacy",1399334400,1400542440,1208040,52102885.7748
"Bourne legacy",1399337520,1485068256,85730736,52102885.7748
"Bourne legacy",1399337520,1399487580,150060,52102885.7748
"Bourne legacy",1399342500,1485068256,85725756,52102885.7748
"Bourne legacy",1399342500,1399845480,502980,52102885.7748
"Bourne legacy",1399404000,1485068256,85664256,52102885.7748
"Bourne legacy",1399404000,1399603500,199500,52102885.7748
"Bourne legacy",1399410120,1485068256,85658136,52102885.7748
"Bourne legacy",1399410120,1400713800,1303680,52102885.7748
"Bourne legacy",1399416120,1485068256,85652136,52102885.7748
"Bourne legacy",1399494120,1485068256,85574136,52102885.7748
"Bourne legacy",1399494120,1399665660,171540,52102885.7748
"Bourne legacy",1399497000,1485068256,85571256,52102885.7748
"Bourne legacy",1399497000,1400269380,772380,52102885.7748
"Bourne legacy",1399498980,1485068256,85569276,52102885.7748
"Bourne legacy",1399498980,1403128440,3629460,52102885.7748
"Bourne legacy",1399510080,1485068256,85558176,52102885.7748
"Bourne legacy",1399510080,1400002260,492180,52102885.7748
"Bourne legacy",1399510140,1485068256,85558116,52102885.7748
"Bourne legacy",1399510140,1400350680,840540,52102885.7748
"Bourne legacy",1399589820,1485068256,85478436,52102885.7748
"Bourne legacy",1399589820,1399942620,352800,52102885.7748
"Bourne legacy",1399656240,1485068256,85412016,52102885.7748
"Bourne legacy",1399656240,1400619960,963720,52102885.7748
"Bourne legacy",1399660080,1485068256,85408176,52102885.7748
"Bourne legacy",1399660080,1399843320,183240,52102885.7748
"Bourne legacy",1399662900,1485068256,85405356,52102885.7748
"Bourne legacy",1399662900,1400180100,517200,52102885.7748
"Bourne legacy",1399665360,1485068256,85402896,52102885.7748
"Bourne legacy",1399665360,1400020320,354960,52102885.7748
"Bourne legacy",1399669620,1485068256,85398636,52102885.7748
"Bourne legacy",1399673820,1485068256,85394436,52102885.7748
"Bourne legacy",1399673820,1400619000,945180,52102885.7748
"Bourne legacy",1399676340,1485068256,85391916,52102885.7748
"Bourne legacy",1399676340,1400790840,1114500,52102885.7748
"Bourne legacy",1399682400,1485068256,85385856,52102885.7748
"Bourne legacy",1399682400,1401410400,1728000,52102885.7748
"Bourne legacy",1399745520,1485068256,85322736,52102885.7748
"Bourne legacy",1399745520,1399848360,102840,52102885.7748
"Bourne legacy",1399748220,1485068256,85320036,52102885.7748
"Bourne legacy",1399748220,1400880780,1132560,52102885.7748
"Bourne legacy",1399749660,1485068256,85318596,52102885.7748
"Bourne legacy",1399749660,1401575700,1826040,52102885.7748
"Bourne legacy",1399751280,1485068256,85316976,52102885.7748
"Bourne legacy",1399751880,1485068256,85316376,52102885.7748
"Bourne legacy",1399751880,1400103780,351900,52102885.7748
"Bourne legacy",1399753320,1485068256,85314936,52102885.7748
"Bourne legacy",1399753320,1401230520,1477200,52102885.7748
"Bourne legacy",1399757460,1485068256,85310796,52102885.7748
"Bourne legacy",1399757460,1400359740,602280,52102885.7748
"Bourne legacy",1399839300,1485068256,85228956,52102885.7748
"Bourne legacy",1399839300,1400282400,443100,52102885.7748
"Bourne legacy",1399850700,1485068256,85217556,52102885.7748
"Bourne legacy",1399850700,1400449020,598320,52102885.7748
"Bourne legacy",1399917540,1485068256,85150716,52102885.7748
"Bourne legacy",1399936800,1485068256,85131456,52102885.7748
"Bourne legacy",1399941480,1485068256,85126776,52102885.7748
"Bourne legacy",1399941480,1400786160,844680,52102885.7748
"Bourne legacy",1399948980,1485068256,85119276,52102885.7748
"Bourne legacy",1399949220,1485068256,85119036,52102885.7748
"Bourne legacy",1399949220,1401246540,1297320,52102885.7748
"Bourne legacy",1400002740,1485068256,85065516,52102885.7748
"Bourne legacy",1400002740,1400784600,781860,52102885.7748
"Bourne legacy",1400019360,1485068256,85048896,52102885.7748
"Bourne legacy",1400019360,1400885040,865680,52102885.7748
"Bourne legacy",1400025180,1485068256,85043076,52102885.7748
"Bourne legacy",1400030280,1485068256,85037976,52102885.7748
"Bourne legacy",1400030280,1400892000,861720,52102885.7748
"Bourne legacy",1400107920,1485068256,84960336,52102885.7748
"Bourne legacy",1400107920,1400703180,595260,52102885.7748
"Bourne legacy",1400114280,1485068256,84953976,52102885.7748
"Bourne legacy",1400114280,1400452980,338700,52102885.7748
"Bourne legacy",1400114580,1485068256,84953676,52102885.7748
"Bourne legacy",1400114580,1401324540,1209960,52102885.7748
"Bourne legacy",1400178000,1485068256,84890256,52102885.7748
"Bourne legacy",1400178000,1400358360,180360,52102885.7748
"Bourne legacy",1400181060,1485068256,84887196,52102885.7748
"Bourne legacy",1400181060,1400282520,101460,52102885.7748
"Bourne legacy",1400181420,1485068256,84886836,52102885.7748
"Bourne legacy",1400181420,1403817180,3635760,52102885.7748
"Bourne legacy",1400187720,1485068256,84880536,52102885.7748
"Bourne legacy",1400187720,1402519200,2331480,52102885.7748
"Bourne legacy",1400190960,1485068256,84877296,52102885.7748
"Bourne legacy",1400190960,1401566700,1375740,52102885.7748
"Bourne legacy",1400191320,1485068256,84876936,52102885.7748
"Bourne legacy",1400191320,1400629020,437700,52102885.7748
"Bourne legacy",1400207400,1485068256,84860856,52102885.7748
"Bourne legacy",1400207400,1401661020,1453620,52102885.7748
"Bourne legacy",1400274960,1485068256,84793296,52102885.7748
"Bourne legacy",1400275320,1485068256,84792936,52102885.7748
"Bourne legacy",1400275320,1401416100,1140780,52102885.7748
"Bourne legacy",1400353560,1485068256,84714696,52102885.7748
"Bourne legacy",1400366100,1485068256,84702156,52102885.7748
"Bourne legacy",1400366100,1401053700,687600,52102885.7748
"Bourne legacy",1400370720,1485068256,84697536,52102885.7748
"Bourne legacy",1400370720,1401056340,685620,52102885.7748
"Bourne legacy",1400372640,1485068256,84695616,52102885.7748
"Bourne legacy",1400372820,1485068256,84695436,52102885.7748
"Bourne legacy",1400372820,1401057240,684420,52102885.7748
"Bourne legacy",1400373540,1485068256,84694716,52102885.7748
"Bourne legacy",1400373540,1400637780,264240,52102885.7748
"Bourne legacy",1400457180,1485068256,84611076,52102885.7748
"Bourne legacy",1400457180,1401653160,1195980,52102885.7748
"Bourne legacy",1400520960,1485068256,84547296,52102885.7748
"Bourne legacy",1400520960,1402939980,2419020,52102885.7748
"Bourne legacy",1400524740,1485068256,84543516,52102885.7748
"Bourne legacy",1400524740,1400617140,92400,52102885.7748
"Bourne legacy",1400528940,1485068256,84539316,52102885.7748
"Bourne legacy",1400528940,1403047860,2518920,52102885.7748
"Bourne legacy",1400530740,1485068256,84537516,52102885.7748
"Bourne legacy",1400530740,1400965500,434760,52102885.7748
"Bourne legacy",1400548500,1485068256,84519756,52102885.7748
"Bourne legacy",1400548500,1401665820,1117320,52102885.7748
"Bourne legacy",1400554260,1485068256,84513996,52102885.7748
"Bourne legacy",1400554260,1401325380,771120,52102885.7748
"Bourne legacy",1400615940,1485068256,84452316,52102885.7748
"Bourne legacy",1400615940,1403629440,3013500,52102885.7748
"Bourne legacy",1400622900,1485068256,84445356,52102885.7748
"Bourne legacy",1400626980,1485068256,84441276,52102885.7748
"Bourne legacy",1400626980,1401048420,421440,52102885.7748
"Bourne legacy",1400629020,1485068256,84439236,52102885.7748
"Bourne legacy",1400633760,1485068256,84434496,52102885.7748
"Bourne legacy",1400633760,1402182480,1548720,52102885.7748
"Bourne legacy",1400634720,1485068256,84433536,52102885.7748
"Bourne legacy",1400634720,1401754800,1120080,52102885.7748
"Bourne legacy",1400696760,1485068256,84371496,52102885.7748
"Bourne legacy",1400696760,1401643140,946380,52102885.7748
"Bourne legacy",1400705760,1485068256,84362496,52102885.7748
"Bourne legacy",1400705760,1401316620,610860,52102885.7748
"Bourne legacy",1400720160,1485068256,84348096,52102885.7748
"Bourne legacy",1400726340,1485068256,84341916,52102885.7748
"Bourne legacy",1400726340,1403136540,2410200,52102885.7748
"Bourne legacy",1400726460,1485068256,84341796,52102885.7748
"Bourne legacy",1400726460,1401502800,776340,52102885.7748
"Bourne legacy",1400788560,1485068256,84279696,52102885.7748
"Bourne legacy",1400788560,1401491700,703140,52102885.7748
"Bourne legacy",1400794500,1485068256,84273756,52102885.7748
"Bourne legacy",1400794500,1401227040,432540,52102885.7748
"Bourne legacy",1400806260,1485068256,84261996,52102885.7748
"Bourne legacy",1400806260,1401741480,935220,52102885.7748
"Bourne legacy",1400812800,1485068256,84255456,52102885.7748
"Bourne legacy",1400812800,1401661440,848640,52102885.7748
"Bourne legacy",1400955840,1485068256,84112416,52102885.7748
"Bourne legacy",1400955840,1403750340,2794500,52102885.7748
"Bourne legacy",1400964180,1485068256,84104076,52102885.7748
"Bourne legacy",1400966220,1485068256,84102036,52102885.7748
"Bourne legacy",1400966220,1401576060,609840,52102885.7748
"Bourne legacy",1400975400,1485068256,84092856,52102885.7748
"Bourne legacy",1400975400,1401660060,684660,52102885.7748
"Bourne legacy",1400976000,1485068256,84092256,52102885.7748
"Bourne legacy",1400976000,1401570000,594000,52102885.7748
"Bourne legacy",1400977200,1485068256,84091056,52102885.7748
"Bourne legacy",1400977200,1401486840,509640,52102885.7748
"Bourne legacy",1400979420,1485068256,84088836,52102885.7748
"Bourne legacy",1400979420,1401061320,81900,52102885.7748
"Bourne legacy",1401037260,1485068256,84030996,52102885.7748
"Bourne legacy",1401050100,1485068256,84018156,52102885.7748
"Bourne legacy",1401052380,1485068256,84015876,52102885.7748
"Bourne legacy",1401052380,1403116740,2064360,52102885.7748
"Bourne legacy",1401052860,1485068256,84015396,52102885.7748
"Bourne legacy",1401052860,1403372160,2319300,52102885.7748
"Bourne legacy",1401053640,1485068256,84014616,52102885.7748
"Bourne legacy",1401053640,1401242940,189300,52102885.7748
"Bourne legacy",1401056580,1485068256,84011676,52102885.7748
"Bourne legacy",1401056580,1401493260,436680,52102885.7748
"Bourne legacy",1401061440,1485068256,84006816,52102885.7748
"Bourne legacy",1401061440,1402268700,1207260,52102885.7748
"Bourne legacy",1401061500,1485068256,84006756,52102885.7748
"Bourne legacy",1401061500,1401326040,264540,52102885.7748
"Bourne legacy",1401062220,1485068256,84006036,52102885.7748
"Bourne legacy",1401062220,1402928580,1866360,52102885.7748
"Bourne legacy",1401217980,1485068256,83850276,52102885.7748
"Bourne legacy",1401217980,1401478200,260220,52102885.7748
"Bourne legacy",1401222840,1485068256,83845416,52102885.7748
"Bourne legacy",1401222840,1402177740,954900,52102885.7748
"Bourne legacy",1401223140,1485068256,83845116,52102885.7748
"Bourne legacy",1401223140,1403654940,2431800,52102885.7748
"Bourne legacy",1401233100,1485068256,83835156,52102885.7748
"Bourne legacy",1401233100,1401992520,759420,52102885.7748
"Bourne legacy",1401234540,1485068256,83833716,52102885.7748
"Bourne legacy",1401234540,1401915180,680640,52102885.7748
"Bourne legacy",1401237300,1485068256,83830956,52102885.7748
"Bourne legacy",1401237300,1403210340,1973040,52102885.7748
"Bourne legacy",1401298260,1485068256,83769996,52102885.7748
"Bourne legacy",1401298260,1401814920,516660,52102885.7748
"Bourne legacy",1401311460,1485068256,83756796,52102885.7748
"Bourne legacy",1401311460,1402341000,1029540,52102885.7748
"Bourne legacy",1401317760,1485068256,83750496,52102885.7748
"Bourne legacy",1401317760,1404763500,3445740,52102885.7748
"Bourne legacy",1401324900,1485068256,83743356,52102885.7748
"Bourne legacy",1401324900,1401742740,417840,52102885.7748
"Bourne legacy",1401328740,1485068256,83739516,52102885.7748
"Bourne legacy",1401328740,1401396240,67500,52102885.7748
"Bourne legacy",1401400500,1485068256,83667756,52102885.7748
"Bourne legacy",1401400920,1485068256,83667336,52102885.7748
"Bourne legacy",1401400920,1401989100,588180,52102885.7748
"Bourne legacy",1401402120,1485068256,83666136,52102885.7748
"Bourne legacy",1401402120,1402013640,611520,52102885.7748
"Bourne legacy",1401408000,1485068256,83660256,52102885.7748
"Bourne legacy",1401408000,1402518300,1110300,52102885.7748
"Bourne legacy",1401408240,1485068256,83660016,52102885.7748
"Bourne legacy",1401408240,1402093380,685140,52102885.7748
"Bourne legacy",1401418260,1485068256,83649996,52102885.7748
"Bourne legacy",1401418260,1405035300,3617040,52102885.7748
"Bourne legacy",1401573060,1485068256,83495196,52102885.7748
"Bourne legacy",1401573060,1402170240,597180,52102885.7748
"Bourne legacy",1401578580,1485068256,83489676,52102885.7748
"Bourne legacy",1401578580,1401908520,329940,52102885.7748
"Bourne legacy",1401580080,1485068256,83488176,52102885.7748
"Bourne legacy",1401580080,1401738780,158700,52102885.7748
"Bourne legacy",1401653700,1485068256,83414556,52102885.7748
"Bourne legacy",1401653700,1402689840,1036140,52102885.7748
"Bourne legacy",1401657360,1485068256,83410896,52102885.7748
"Bourne legacy",1401657360,1402184460,527100,52102885.7748
"Bourne legacy",1401659160,1485068256,83409096,52102885.7748
"Bourne legacy",1401659160,1402525020,865860,52102885.7748
"Bourne legacy",1401733620,1485068256,83334636,52102885.7748
"Bourne legacy",1401733620,1402423920,690300,52102885.7748
"Bourne legacy",1401740400,1485068256,83327856,52102885.7748
"Bourne legacy",1401740400,1402007160,266760,52102885.7748
"Bourne legacy",1401740940,1485068256,83327316,52102885.7748
"Bourne legacy",1401740940,1402012920,271980,52102885.7748
"Bourne legacy",1401753600,1485068256,83314656,52102885.7748
"Bourne legacy",1401756420,1485068256,83311836,52102885.7748
"Bourne legacy",1401756420,1404310380,2553960,52102885.7748
"Bourne legacy",1401760140,1485068256,83308116,52102885.7748
"Bourne legacy",1401816780,1485068256,83251476,52102885.7748
"Bourne legacy",1401816780,1403629800,1813020,52102885.7748
"Bourne legacy",1401823560,1485068256,83244696,52102885.7748
"Bourne legacy",1401823560,1402082940,259380,52102885.7748
"Bourne legacy",1401826380,1485068256,83241876,52102885.7748
"Bourne legacy",1401826380,1402454220,627840,52102885.7748
"Bourne legacy",1401829080,1485068256,83239176,52102885.7748
"Bourne legacy",1401831120,1485068256,83237136,52102885.7748
"Bourne legacy",1401831120,1402345740,514620,52102885.7748
"Bourne legacy",1401832140,1485068256,83236116,52102885.7748
"Bourne legacy",1401832140,1402421160,589020,52102885.7748
"Bourne legacy",1401847980,1485068256,83220276,52102885.7748
"Bourne legacy",1401849540,1485068256,83218716,52102885.7748
"Bourne legacy",1401915660,1485068256,83152596,52102885.7748
"Bourne legacy",1401915660,1402528440,612780,52102885.7748
"Bourne legacy",1401926280,1485068256,83141976,52102885.7748
"Bourne legacy",1401926280,1402597980,671700,52102885.7748
"Bourne legacy",1401990660,1485068256,83077596,52102885.7748
"Bourne legacy",1401990660,1403048940,1058280,52102885.7748
"Bourne legacy",1401999480,1485068256,83068776,52102885.7748
"Bourne legacy",1401999480,1402517340,517860,52102885.7748
"Bourne legacy",1402000920,1485068256,83067336,52102885.7748
"Bourne legacy",1402000920,1402260660,259740,52102885.7748
"Bourne legacy",1402011360,1485068256,83056896,52102885.7748
"Bourne legacy",1402011360,1402253580,242220,52102885.7748
"Bourne legacy",1402075740,1485068256,82992516,52102885.7748
"Bourne legacy",1402080720,1485068256,82987536,52102885.7748
"Bourne legacy",1402080720,1402338420,257700,52102885.7748
"Bourne legacy",1402093440,1485068256,82974816,52102885.7748
"Bourne legacy",1402093440,1402427520,334080,52102885.7748
"Bourne legacy",1402098840,1485068256,82969416,52102885.7748
"Bourne legacy",1402098840,1402173360,74520,52102885.7748
"Bourne legacy",1402161660,1485068256,82906596,52102885.7748
"Bourne legacy",1402161660,1402602060,440400,52102885.7748
"Bourne legacy",1402165200,1485068256,82903056,52102885.7748
"Bourne legacy",1402165200,1404148500,1983300,52102885.7748
"Bourne legacy",1402260480,1485068256,82807776,52102885.7748
"Bourne legacy",1402260480,1402776000,515520,52102885.7748
"Bourne legacy",1402260660,1485068256,82807596,52102885.7748
"Bourne legacy",1402260660,1402869720,609060,52102885.7748
"Bourne legacy",1402263720,1485068256,82804536,52102885.7748
"Bourne legacy",1402263720,1403305680,1041960,52102885.7748
"Bourne legacy",1402266240,1485068256,82802016,52102885.7748
"Bourne legacy",1402266240,1402874700,608460,52102885.7748
"Bourne legacy",1402268040,1485068256,82800216,52102885.7748
"Bourne legacy",1402268040,1402421160,153120,52102885.7748
"Bourne legacy",1402270500,1485068256,82797756,52102885.7748
"Bourne legacy",1402270500,1403479560,1209060,52102885.7748
"Bourne legacy",1402349220,1485068256,82719036,52102885.7748
"Bourne legacy",1402352640,1485068256,82715616,52102885.7748
"Bourne legacy",1402352640,1403573880,1221240,52102885.7748
"Bourne legacy",1402360620,1485068256,82707636,52102885.7748
"Bourne legacy",1402360620,1402782060,421440,52102885.7748
"Bourne legacy",1402363560,1485068256,82704696,52102885.7748
"Bourne legacy",1402363560,1403914440,1550880,52102885.7748
"Bourne legacy",1402364760,1485068256,82703496,52102885.7748
"Bourne legacy",1402364760,1402533480,168720,52102885.7748
"Bourne legacy",1402420740,1485068256,82647516,52102885.7748
"Bourne legacy",1402420740,1402866000,445260,52102885.7748
"Bourne legacy",1402424580,1485068256,82643676,52102885.7748
"Bourne legacy",1402424580,1403368740,944160,52102885.7748
"Bourne legacy",1402509480,1485068256,82558776,52102885.7748
"Bourne legacy",1402509480,1402776420,266940,52102885.7748
"Bourne legacy",1402511160,1485068256,82557096,52102885.7748
"Bourne legacy",1402511160,1403047980,536820,52102885.7748
"Bourne legacy",1402518420,1485068256,82549836,52102885.7748
"Bourne legacy",1402518420,1403139060,620640,52102885.7748
"Bourne legacy",1402522860,1485068256,82545396,52102885.7748
"Bourne legacy",1402533840,1485068256,82534416,52102885.7748
"Bourne legacy",1402533840,1402786020,252180,52102885.7748
"Bourne legacy",1402540620,1485068256,82527636,52102885.7748
"Bourne legacy",1402540620,1405022340,2481720,52102885.7748
"Bourne legacy",1402602480,1485068256,82465776,52102885.7748
"Bourne legacy",1402602480,1403045220,442740,52102885.7748
"Bourne legacy",1402604880,1485068256,82463376,52102885.7748
"Bourne legacy",1402604880,1403383080,778200,52102885.7748
"Bourne legacy",1402613520,1485068256,82454736,52102885.7748
"Bourne legacy",1402615200,1485068256,82453056,52102885.7748
"Bourne legacy",1402615200,1403537100,921900,52102885.7748
"Bourne legacy",1402617600,1485068256,82450656,52102885.7748
"Bourne legacy",1402626660,1485068256,82441596,52102885.7748
"Bourne legacy",1402626660,1403032440,405780,52102885.7748
"Bourne legacy",1402682640,1485068256,82385616,52102885.7748
"Bourne legacy",1402682640,1403629980,947340,52102885.7748
"Bourne legacy",1402701000,1485068256,82367256,52102885.7748
"Bourne legacy",1402701000,1402949880,248880,52102885.7748
"Bourne legacy",1402706040,1485068256,82362216,52102885.7748
"Bourne legacy",1402706040,1402950420,244380,52102885.7748
"Bourne legacy",1402783080,1485068256,82285176,52102885.7748
"Bourne legacy",1402783080,1402863840,80760,52102885.7748
"Bourne legacy",1402786620,1485068256,82281636,52102885.7748
"Bourne legacy",1402787760,1485068256,82280496,52102885.7748
"Bourne legacy",1402787760,1403128440,340680,52102885.7748
"Bourne legacy",1402788720,1485068256,82279536,52102885.7748
"Bourne legacy",1402788720,1403114640,325920,52102885.7748
"Bourne legacy",1402789440,1485068256,82278816,52102885.7748
"Bourne legacy",1402789440,1403637240,847800,52102885.7748
"Bourne legacy",1402793580,1485068256,82274676,52102885.7748
"Bourne legacy",1402793580,1407550260,4756680,52102885.7748
"Bourne legacy",1402863960,1485068256,82204296,52102885.7748
"Bourne legacy",1402863960,1403562540,698580,52102885.7748
"Bourne legacy",1402864320,1485068256,82203936,52102885.7748
"Bourne legacy",1402864320,1403559660,695340,52102885.7748
"Bourne legacy",1402865460,1485068256,82202796,52102885.7748
"Bourne legacy",1402865460,1403461680,596220,52102885.7748
"Bourne legacy",1402865700,1485068256,82202556,52102885.7748
"Bourne legacy",1402865700,1403397180,531480,52102885.7748
"Bourne legacy",1402872120,1485068256,82196136,52102885.7748
"Bourne legacy",1402872120,1403142840,270720,52102885.7748
"Bourne legacy",1402947360,1485068256,82120896,52102885.7748
"Bourne legacy",1402947360,1403034480,87120,52102885.7748
"Bourne legacy",1402953360,1485068256,82114896,52102885.7748
"Bourne legacy",1402953360,1403118420,165060,52102885.7748
"Bourne legacy",1402961040,1485068256,82107216,52102885.7748
"Bourne legacy",1402961040,1403914020,952980,52102885.7748
"Bourne legacy",1402965540,1485068256,82102716,52102885.7748
"Bourne legacy",1402965540,1404175920,1210380,52102885.7748
"Bourne legacy",1402972200,1485068256,82096056,52102885.7748
"Bourne legacy",1402972200,1404170280,1198080,52102885.7748
"Bourne legacy",1403037240,1485068256,82031016,52102885.7748
"Bourne legacy",1403037240,1403631360,594120,52102885.7748
"Bourne legacy",1403044800,1485068256,82023456,52102885.7748
"Bourne legacy",1403044800,1404231180,1186380,52102885.7748
"Bourne legacy",1403054700,1485068256,82013556,52102885.7748
"Bourne legacy",1403054700,1403907300,852600,52102885.7748
"Bourne legacy",1403118480,1485068256,81949776,52102885.7748
"Bourne legacy",1403118480,1405640100,2521620,52102885.7748
"Bourne legacy",1403119620,1485068256,81948636,52102885.7748
"Bourne legacy",1403132880,1485068256,81935376,52102885.7748
"Bourne legacy",1403132880,1404170520,1037640,52102885.7748
"Bourne legacy",1403137680,1485068256,81930576,52102885.7748
"Bourne legacy",1403137680,1403561040,423360,52102885.7748
"Bourne legacy",1403138760,1485068256,81929496,52102885.7748
"Bourne legacy",1403138760,1403657760,519000,52102885.7748
"Bourne legacy",1403215800,1485068256,81852456,52102885.7748
"Bourne legacy",1403215800,1403311080,95280,52102885.7748
"Bourne legacy",1403218320,1485068256,81849936,52102885.7748
"Bourne legacy",1403218320,1403740560,522240,52102885.7748
"Bourne legacy",1403311740,1485068256,81756516,52102885.7748
"Bourne legacy",1403311740,1403985960,674220,52102885.7748
"Bourne legacy",1403379000,1485068256,81689256,52102885.7748
"Bourne legacy",1403379000,1403828640,449640,52102885.7748
"Bourne legacy",1403383560,1485068256,81684696,52102885.7748
"Bourne legacy",1403383560,1404580320,1196760,52102885.7748
"Bourne legacy",1403383860,1485068256,81684396,52102885.7748
"Bourne legacy",1403383860,1403639640,255780,52102885.7748
"Bourne legacy",1403388180,1485068256,81680076,52102885.7748
"Bourne legacy",1403391540,1485068256,81676716,52102885.7748
"Bourne legacy",1403391540,1403479920,88380,52102885.7748
"Bourne legacy",1403396760,1485068256,81671496,52102885.7748
"Bourne legacy",1403471040,1485068256,81597216,52102885.7748
"Bourne legacy",1403471040,1406082720,2611680,52102885.7748
"Bourne legacy",1403471340,1485068256,81596916,52102885.7748
"Bourne legacy",1403471340,1404771240,1299900,52102885.7748
"Bourne legacy",1403472600,1485068256,81595656,52102885.7748
"Bourne legacy",1403472600,1404690660,1218060,52102885.7748
"Bourne legacy",1403543760,1485068256,81524496,52102885.7748
"Bourne legacy",1403543760,1404859320,1315560,52102885.7748
"Bourne legacy",1403544960,1485068256,81523296,52102885.7748
"Bourne legacy",1403544960,1404763440,1218480,52102885.7748
"Bourne legacy",1403550180,1485068256,81518076,52102885.7748
"Bourne legacy",1403555040,1485068256,81513216,52102885.7748
"Bourne legacy",1403555040,1403659860,104820,52102885.7748
"Bourne legacy",1403560500,1485068256,81507756,52102885.7748
"Bourne legacy",1403560500,1403651880,91380,52102885.7748
"Bourne legacy",1403561460,1485068256,81506796,52102885.7748
"Bourne legacy",1403568900,1485068256,81499356,52102885.7748
"Bourne legacy",1403568900,1404768660,1199760,52102885.7748
"Bourne legacy",1403573220,1485068256,81495036,52102885.7748
"Bourne legacy",1403573220,1404441720,868500,52102885.7748
"Bourne legacy",1403641800,1485068256,81426456,52102885.7748
"Bourne legacy",1403641800,1403990700,348900,52102885.7748
"Bourne legacy",1403641800,1404256500,614700,52102885.7748
"Bourne legacy",1403648640,1485068256,81419616,52102885.7748
"Bourne legacy",1403650560,1485068256,81417696,52102885.7748
"Bourne legacy",1403650560,1405035420,1384860,52102885.7748
"Bourne legacy",1403654340,1485068256,81413916,52102885.7748
"Bourne legacy",1403654340,1404686940,1032600,52102885.7748
"Bourne legacy",1403664480,1485068256,81403776,52102885.7748
"Bourne legacy",1403664480,1403981280,316800,52102885.7748
"Bourne legacy",1403719860,1485068256,81348396,52102885.7748
"Bourne legacy",1403719860,1403888820,168960,52102885.7748
"Bourne legacy",1403720400,1485068256,81347856,52102885.7748
"Bourne legacy",1403724840,1485068256,81343416,52102885.7748
"Bourne legacy",1403724840,1403986980,262140,52102885.7748
"Bourne legacy",1403729580,1485068256,81338676,52102885.7748
"Bourne legacy",1403729580,1404340080,610500,52102885.7748
"Bourne legacy",1403751000,1485068256,81317256,52102885.7748
"Bourne legacy",1403812500,1485068256,81255756,52102885.7748
"Bourne legacy",1403812500,1404761880,949380,52102885.7748
"Bourne legacy",1403818380,1485068256,81249876,52102885.7748
"Bourne legacy",1403818380,1404767220,948840,52102885.7748
"Bourne legacy",1403819940,1485068256,81248316,52102885.7748
"Bourne legacy",1403819940,1404241860,421920,52102885.7748
"Bourne legacy",1403829660,1485068256,81238596,52102885.7748
"Bourne legacy",1403829660,1403829660,0,52102885.7748
"Bourne legacy",1403829660,1404420720,591060,52102885.7748
"Bourne legacy",1403831760,1485068256,81236496,52102885.7748
"Bourne legacy",1403831760,1404168720,336960,52102885.7748
"Bourne legacy",1403890320,1485068256,81177936,52102885.7748
"Bourne legacy",1403890320,1404851460,961140,52102885.7748
"Bourne legacy",1403897460,1485068256,81170796,52102885.7748
"Bourne legacy",1403897460,1404325260,427800,52102885.7748
"Bourne legacy",1403905620,1485068256,81162636,52102885.7748
"Bourne legacy",1403905620,1404782820,877200,52102885.7748
"Bourne legacy",1403976360,1485068256,81091896,52102885.7748
"Bourne legacy",1403976360,1404584640,608280,52102885.7748
"Bourne legacy",1403987880,1485068256,81080376,52102885.7748
"Bourne legacy",1403987880,1405195500,1207620,52102885.7748
"Bourne legacy",1403989260,1485068256,81078996,52102885.7748
"Bourne legacy",1403992920,1485068256,81075336,52102885.7748
"Bourne legacy",1403992920,1405294380,1301460,52102885.7748
"Bourne legacy",1404000240,1485068256,81068016,52102885.7748
"Bourne legacy",1404000240,1407619980,3619740,52102885.7748
"Bourne legacy",1404074220,1485068256,80994036,52102885.7748
"Bourne legacy",1404074220,1405106880,1032660,52102885.7748
"Bourne legacy",1404083580,1485068256,80984676,52102885.7748
"Bourne legacy",1404083580,1406142780,2059200,52102885.7748
"Bourne legacy",1404084840,1485068256,80983416,52102885.7748
"Bourne legacy",1404084840,1404769500,684660,52102885.7748
"Bourne legacy",1404087840,1485068256,80980416,52102885.7748
"Bourne legacy",1404087840,1404438240,350400,52102885.7748
"Bourne legacy",1404157980,1485068256,80910276,52102885.7748
"Bourne legacy",1404157980,1404239280,81300,52102885.7748
"Bourne legacy",1404163500,1485068256,80904756,52102885.7748
"Bourne legacy",1404163500,1406236440,2072940,52102885.7748
"Bourne legacy",1404171660,1485068256,80896596,52102885.7748
"Bourne legacy",1404171660,1404603420,431760,52102885.7748
"Bourne legacy",1404174060,1485068256,80894196,52102885.7748
"Bourne legacy",1404175560,1485068256,80892696,52102885.7748
"Bourne legacy",1404253140,1485068256,80815116,52102885.7748
"Bourne legacy",1404253140,1404591000,337860,52102885.7748
"Bourne legacy",1404265860,1485068256,80802396,52102885.7748
"Bourne legacy",1404267180,1485068256,80801076,52102885.7748
"Bourne legacy",1404267180,1407713820,3446640,52102885.7748
"Bourne legacy",1404325080,1485068256,80743176,52102885.7748
"Bourne legacy",1404325080,1405548660,1223580,52102885.7748
"Bourne legacy",1404333180,1485068256,80735076,52102885.7748
"Bourne legacy",1404333180,1407457800,3124620,52102885.7748
"Bourne legacy",1404340020,1485068256,80728236,52102885.7748
"Bourne legacy",1404340020,1404587640,247620,52102885.7748
"Bourne legacy",1404414720,1485068256,80653536,52102885.7748
"Bourne legacy",1404414720,1405361100,946380,52102885.7748
"Bourne legacy",1404418200,1485068256,80650056,52102885.7748
"Bourne legacy",1404418200,1405617300,1199100,52102885.7748
"Bourne legacy",1404437400,1485068256,80630856,52102885.7748
"Bourne legacy",1404437400,1404960480,523080,52102885.7748
"Bourne legacy",1404599940,1485068256,80468316,52102885.7748
"Bourne legacy",1404599940,1404778200,178260,52102885.7748
"Bourne legacy",1404606900,1485068256,80461356,52102885.7748
"Bourne legacy",1404606900,1404938340,331440,52102885.7748
"Bourne legacy",1404686520,1485068256,80381736,52102885.7748
"Bourne legacy",1404686520,1405292820,606300,52102885.7748
"Bourne legacy",1404756600,1485068256,80311656,52102885.7748
"Bourne legacy",1404757440,1485068256,80310816,52102885.7748
"Bourne legacy",1404757440,1404940260,182820,52102885.7748
"Bourne legacy",1404759840,1485068256,80308416,52102885.7748
"Bourne legacy",1404759840,1404868200,108360,52102885.7748
"Bourne legacy",1404765540,1485068256,80302716,52102885.7748
"Bourne legacy",1404768600,1485068256,80299656,52102885.7748
"Bourne legacy",1404768600,1404941400,172800,52102885.7748
"Bourne legacy",1404771780,1485068256,80296476,52102885.7748
"Bourne legacy",1404774660,1485068256,80293596,52102885.7748
"Bourne legacy",1404774660,1405278480,503820,52102885.7748
"Bourne legacy",1404779700,1485068256,80288556,52102885.7748
"Bourne legacy",1404780780,1485068256,80287476,52102885.7748
"Bourne legacy",1404780780,1405645200,864420,52102885.7748
"Bourne legacy",1404783240,1485068256,80285016,52102885.7748
"Bourne legacy",1404783240,1404951300,168060,52102885.7748
"Bourne legacy",1404783660,1485068256,80284596,52102885.7748
"Bourne legacy",1404783660,1405283760,500100,52102885.7748
"Bourne legacy",1404784500,1485068256,80283756,52102885.7748
"Bourne legacy",1404784500,1404850740,66240,52102885.7748
"Bourne legacy",1404856920,1485068256,80211336,52102885.7748
"Bourne legacy",1404856920,1405369080,512160,52102885.7748
"Bourne legacy",1404873720,1485068256,80194536,52102885.7748
"Bourne legacy",1404932820,1485068256,80135436,52102885.7748
"Bourne legacy",1404932820,1405984680,1051860,52102885.7748
"Bourne legacy",1404943920,1485068256,80124336,52102885.7748
"Bourne legacy",1404943920,1405473480,529560,52102885.7748
"Bourne legacy",1404946800,1485068256,80121456,52102885.7748
"Bourne legacy",1404946800,1405896480,949680,52102885.7748
"Bourne legacy",1404949980,1485068256,80118276,52102885.7748
"Bourne legacy",1404949980,1406148720,1198740,52102885.7748
"Bourne legacy",1404950880,1485068256,80117376,52102885.7748
"Bourne legacy",1404950880,1405898580,947700,52102885.7748
"Bourne legacy",1404951840,1485068256,80116416,52102885.7748
"Bourne legacy",1404951840,1406335380,1383540,52102885.7748
"Bourne legacy",1404953880,1485068256,80114376,52102885.7748
"Bourne legacy",1404953880,1405037640,83760,52102885.7748
"Bourne legacy",1405025820,1485068256,80042436,52102885.7748
"Bourne legacy",1405025820,1405897320,871500,52102885.7748
"Bourne legacy",1405032180,1485068256,80036076,52102885.7748
"Bourne legacy",1405032180,1405545540,513360,52102885.7748
"Bourne legacy",1405034280,1485068256,80033976,52102885.7748
"Bourne legacy",1405034280,1406080680,1046400,52102885.7748
"Bourne legacy",1405035420,1485068256,80032836,52102885.7748
"Bourne legacy",1405035420,1405477800,442380,52102885.7748
"Bourne legacy",1405039920,1485068256,80028336,52102885.7748
"Bourne legacy",1405039920,1405809120,769200,52102885.7748
"Bourne legacy",1405040220,1485068256,80028036,52102885.7748
"Bourne legacy",1405040220,1406315700,1275480,52102885.7748
"Bourne legacy",1405044480,1485068256,80023776,52102885.7748
"Bourne legacy",1405044480,1405474740,430260,52102885.7748
"Bourne legacy",1405098900,1485068256,79969356,52102885.7748
"Bourne legacy",1405098900,1405712760,613860,52102885.7748
"Bourne legacy",1405108380,1485068256,79959876,52102885.7748
"Bourne legacy",1405108380,1406320800,1212420,52102885.7748
"Bourne legacy",1405192020,1485068256,79876236,52102885.7748
"Bourne legacy",1405192020,1406154540,962520,52102885.7748
"Bourne legacy",1405202280,1485068256,79865976,52102885.7748
"Bourne legacy",1405202280,1405716840,514560,52102885.7748
"Bourne legacy",1405202340,1485068256,79865916,52102885.7748
"Bourne legacy",1405202340,1405716840,514500,52102885.7748
"Bourne legacy",1405211340,1485068256,79856916,52102885.7748
"Bourne legacy",1405286100,1485068256,79782156,52102885.7748
"Bourne legacy",1405286100,1406076180,790080,52102885.7748
"Bourne legacy",1405287000,1485068256,79781256,52102885.7748
"Bourne legacy",1405287000,1405539300,252300,52102885.7748
"Bourne legacy",1405364280,1485068256,79703976,52102885.7748
"Bourne legacy",1405364280,1406419320,1055040,52102885.7748
"Bourne legacy",1405369140,1485068256,79699116,52102885.7748
"Bourne legacy",1405369140,1409946720,4577580,52102885.7748
"Bourne legacy",1405383600,1485068256,79684656,52102885.7748
"Bourne legacy",1405383600,1407535380,2151780,52102885.7748
"Bourne legacy",1405392780,1485068256,79675476,52102885.7748
"Bourne legacy",1405448880,1485068256,79619376,52102885.7748
"Bourne legacy",1405448880,1406141880,693000,52102885.7748
"Bourne legacy",1405457520,1485068256,79610736,52102885.7748
"Bourne legacy",1405474080,1485068256,79594176,52102885.7748
"Bourne legacy",1405474080,1405809840,335760,52102885.7748
"Bourne legacy",1405477980,1485068256,79590276,52102885.7748
"Bourne legacy",1405477980,1407206400,1728420,52102885.7748
"Bourne legacy",1405541340,1485068256,79526916,52102885.7748
"Bourne legacy",1405541340,1406831460,1290120,52102885.7748
"Bourne legacy",1405542060,1485068256,79526196,52102885.7748
"Bourne legacy",1405542060,1406049060,507000,52102885.7748
"Bourne legacy",1405544040,1485068256,79524216,52102885.7748
"Bourne legacy",1405544040,1408566480,3022440,52102885.7748
"Bourne legacy",1405548240,1485068256,79520016,52102885.7748
"Bourne legacy",1405548240,1406244840,696600,52102885.7748
"Bourne legacy",1405548540,1485068256,79519716,52102885.7748
"Bourne legacy",1405548540,1406064540,516000,52102885.7748
"Bourne legacy",1405560660,1485068256,79507596,52102885.7748
"Bourne legacy",1405560660,1405987740,427080,52102885.7748
"Bourne legacy",1405618260,1485068256,79449996,52102885.7748
"Bourne legacy",1405618260,1408641720,3023460,52102885.7748
"Bourne legacy",1405723260,1485068256,79344996,52102885.7748
"Bourne legacy",1405723260,1406254080,530820,52102885.7748
"Bourne legacy",1405724040,1485068256,79344216,52102885.7748
"Bourne legacy",1405724040,1406078400,354360,52102885.7748
"Bourne legacy",1405726020,1485068256,79342236,52102885.7748
"Bourne legacy",1405726020,1406916480,1190460,52102885.7748
"Bourne legacy",1405727640,1485068256,79340616,52102885.7748
"Bourne legacy",1405791840,1485068256,79276416,52102885.7748
"Bourne legacy",1405791840,1406593020,801180,52102885.7748
"Bourne legacy",1405795380,1485068256,79272876,52102885.7748
"Bourne legacy",1405795380,1406600820,805440,52102885.7748
"Bourne legacy",1405803720,1485068256,79264536,52102885.7748
"Bourne legacy",1405803720,1406235360,431640,52102885.7748
"Bourne legacy",1405812120,1485068256,79256136,52102885.7748
"Bourne legacy",1405812120,1406329080,516960,52102885.7748
"Bourne legacy",1405814040,1485068256,79254216,52102885.7748
"Bourne legacy",1405814040,1407005700,1191660,52102885.7748
"Bourne legacy",1405814700,1485068256,79253556,52102885.7748
"Bourne legacy",1405814700,1406494320,679620,52102885.7748
"Bourne legacy",1405891140,1485068256,79177116,52102885.7748
"Bourne legacy",1405891140,1407187560,1296420,52102885.7748
"Bourne legacy",1405894080,1485068256,79174176,52102885.7748
"Bourne legacy",1405894080,1406498460,604380,52102885.7748
"Bourne legacy",1405897020,1485068256,79171236,52102885.7748
"Bourne legacy",1405897020,1406503380,606360,52102885.7748
"Bourne legacy",1405898640,1485068256,79169616,52102885.7748
"Bourne legacy",1405898640,1406494320,595680,52102885.7748
"Bourne legacy",1405899240,1485068256,79169016,52102885.7748
"Bourne legacy",1405899240,1407793320,1894080,52102885.7748
"Bourne legacy",1405965960,1485068256,79102296,52102885.7748
"Bourne legacy",1405965960,1406654040,688080,52102885.7748
"Bourne legacy",1405972680,1485068256,79095576,52102885.7748
"Bourne legacy",1405972680,1407183240,1210560,52102885.7748
"Bourne legacy",1405997400,1485068256,79070856,52102885.7748
"Bourne legacy",1405997400,1406573460,576060,52102885.7748
"Bourne legacy",1406069700,1485068256,78998556,52102885.7748
"Bourne legacy",1406079540,1485068256,78988716,52102885.7748
"Bourne legacy",1406079540,1406594640,515100,52102885.7748
"Bourne legacy",1406080260,1485068256,78987996,52102885.7748
"Bourne legacy",1406080260,1406336040,255780,52102885.7748
"Bourne legacy",1406084100,1485068256,78984156,52102885.7748
"Bourne legacy",1406136300,1485068256,78931956,52102885.7748
"Bourne legacy",1406155200,1485068256,78913056,52102885.7748
"Bourne legacy",1406155200,1406504640,349440,52102885.7748
"Bourne legacy",1406158560,1485068256,78909696,52102885.7748
"Bourne legacy",1406158560,1408063260,1904700,52102885.7748
"Bourne legacy",1406231220,1485068256,78837036,52102885.7748
"Bourne legacy",1406231220,1406657820,426600,52102885.7748
"Bourne legacy",1406238540,1485068256,78829716,52102885.7748
"Bourne legacy",1406238540,1406402940,164400,52102885.7748
"Bourne legacy",1406243640,1485068256,78824616,52102885.7748
"Bourne legacy",1406243640,1407815340,1571700,52102885.7748
"Bourne legacy",1406246160,1485068256,78822096,52102885.7748
"Bourne legacy",1406246160,1406762880,516720,52102885.7748
"Bourne legacy",1406248200,1485068256,78820056,52102885.7748
"Bourne legacy",1406248200,1408140120,1891920,52102885.7748
"Bourne legacy",1406320680,1485068256,78747576,52102885.7748
"Bourne legacy",1406320680,1406662080,341400,52102885.7748
"Bourne legacy",1406332140,1485068256,78736116,52102885.7748
"Bourne legacy",1406332140,1410042240,3710100,52102885.7748
"Bourne legacy",1406399700,1485068256,78668556,52102885.7748
"Bourne legacy",1406399700,1408223940,1824240,52102885.7748
"Bourne legacy",1406418780,1485068256,78649476,52102885.7748
"Bourne legacy",1406418780,1407010440,591660,52102885.7748
"Bourne legacy",1406419020,1485068256,78649236,52102885.7748
"Bourne legacy",1406419920,1485068256,78648336,52102885.7748
"Bourne legacy",1406421660,1485068256,78646596,52102885.7748
"Bourne legacy",1406421660,1406849220,427560,52102885.7748
"Bourne legacy",1406421780,1485068256,78646476,52102885.7748
"Bourne legacy",1406421780,1407701100,1279320,52102885.7748
"Bourne legacy",1406492580,1485068256,78575676,52102885.7748
"Bourne legacy",1406492580,1406749680,257100,52102885.7748
"Bourne legacy",1406498520,1485068256,78569736,52102885.7748
"Bourne legacy",1406498520,1407202080,703560,52102885.7748
"Bourne legacy",1406578740,1485068256,78489516,52102885.7748
"Bourne legacy",1406578740,1407704280,1125540,52102885.7748
"Bourne legacy",1406586060,1485068256,78482196,52102885.7748
"Bourne legacy",1406586060,1406925240,339180,52102885.7748
"Bourne legacy",1406593680,1485068256,78474576,52102885.7748
"Bourne legacy",1406593680,1407805920,1212240,52102885.7748
"Bourne legacy",1406597760,1485068256,78470496,52102885.7748
"Bourne legacy",1406655120,1485068256,78413136,52102885.7748
"Bourne legacy",1406655120,1407268740,613620,52102885.7748
"Bourne legacy",1406664360,1485068256,78403896,52102885.7748
"Bourne legacy",1406664360,1407276480,612120,52102885.7748
"Bourne legacy",1406664660,1485068256,78403596,52102885.7748
"Bourne legacy",1406664660,1407179880,515220,52102885.7748
"Bourne legacy",1406671140,1485068256,78397116,52102885.7748
"Bourne legacy",1406671140,1406837280,166140,52102885.7748
"Bourne legacy",1406683680,1485068256,78384576,52102885.7748
"Bourne legacy",1406683680,1407195120,511440,52102885.7748
"Bourne legacy",1406748720,1485068256,78319536,52102885.7748
"Bourne legacy",1406748720,1407518220,769500,52102885.7748
"Bourne legacy",1406760120,1485068256,78308136,52102885.7748
"Bourne legacy",1406760120,1407800700,1040580,52102885.7748
"Bourne legacy",1406765520,1485068256,78302736,52102885.7748
"Bourne legacy",1406765520,1407184080,418560,52102885.7748
"Bourne legacy",1406765760,1485068256,78302496,52102885.7748
"Bourne legacy",1406765760,1407282180,516420,52102885.7748
"Bourne legacy",1406835660,1485068256,78232596,52102885.7748
"Bourne legacy",1406835960,1485068256,78232296,52102885.7748
"Bourne legacy",1406835960,1407440280,604320,52102885.7748
"Bourne legacy",1406839320,1485068256,78228936,52102885.7748
"Bourne legacy",1406839320,1407019500,180180,52102885.7748
"Bourne legacy",1406859420,1485068256,78208836,52102885.7748
"Bourne legacy",1406859420,1407708780,849360,52102885.7748
"Bourne legacy",1406923500,1485068256,78144756,52102885.7748
"Bourne legacy",1406923500,1407268320,344820,52102885.7748
"Bourne legacy",1406925480,1485068256,78142776,52102885.7748
"Bourne legacy",1406925480,1408042380,1116900,52102885.7748
"Bourne legacy",1407011280,1485068256,78056976,52102885.7748
"Bourne legacy",1407014640,1485068256,78053616,52102885.7748
"Bourne legacy",1407014640,1407190260,175620,52102885.7748
"Bourne legacy",1407024000,1485068256,78044256,52102885.7748
"Bourne legacy",1407172620,1485068256,77895636,52102885.7748
"Bourne legacy",1407181140,1485068256,77887116,52102885.7748
"Bourne legacy",1407181140,1408042680,861540,52102885.7748
"Bourne legacy",1407191520,1485068256,77876736,52102885.7748
"Bourne legacy",1407191520,1408475100,1283580,52102885.7748
"Bourne legacy",1407195420,1485068256,77872836,52102885.7748
"Bourne legacy",1407195420,1408407780,1212360,52102885.7748
"Bourne legacy",1407202020,1485068256,77866236,52102885.7748
"Bourne legacy",1407202020,1408576320,1374300,52102885.7748
"Bourne legacy",1407276540,1485068256,77791716,52102885.7748
"Bourne legacy",1407278880,1485068256,77789376,52102885.7748
"Bourne legacy",1407278880,1407711480,432600,52102885.7748
"Bourne legacy",1407285840,1485068256,77782416,52102885.7748
"Bourne legacy",1407285840,1408403940,1118100,52102885.7748
"Bourne legacy",1407288060,1485068256,77780196,52102885.7748
"Bourne legacy",1407288060,1407804180,516120,52102885.7748
"Bourne legacy",1407289800,1485068256,77778456,52102885.7748
"Bourne legacy",1407289800,1409696340,2406540,52102885.7748
"Bourne legacy",1407363180,1485068256,77705076,52102885.7748
"Bourne legacy",1407363180,1408563540,1200360,52102885.7748
"Bourne legacy",1407363240,1485068256,77705016,52102885.7748
"Bourne legacy",1407365820,1485068256,77702436,52102885.7748
"Bourne legacy",1407365820,1407544680,178860,52102885.7748
"Bourne legacy",1407367620,1485068256,77700636,52102885.7748
"Bourne legacy",1407367620,1408133520,765900,52102885.7748
"Bourne legacy",1407372960,1485068256,77695296,52102885.7748
"Bourne legacy",1407372960,1407800520,427560,52102885.7748
"Bourne legacy",1407444720,1485068256,77623536,52102885.7748
"Bourne legacy",1407444720,1408144620,699900,52102885.7748
"Bourne legacy",1407455400,1485068256,77612856,52102885.7748
"Bourne legacy",1407544140,1485068256,77524116,52102885.7748
"Bourne legacy",1407544140,1407797640,253500,52102885.7748
"Bourne legacy",1407544920,1485068256,77523336,52102885.7748
"Bourne legacy",1407544920,1407803220,258300,52102885.7748
"Bourne legacy",1407603960,1485068256,77464296,52102885.7748
"Bourne legacy",1407603960,1409268180,1664220,52102885.7748
"Bourne legacy",1407612780,1485068256,77455476,52102885.7748
"Bourne legacy",1407627660,1485068256,77440596,52102885.7748
"Bourne legacy",1407706080,1485068256,77362176,52102885.7748
"Bourne legacy",1407709860,1485068256,77358396,52102885.7748
"Bourne legacy",1407709860,1408840800,1130940,52102885.7748
"Bourne legacy",1407712380,1485068256,77355876,52102885.7748
"Bourne legacy",1407712380,1407961800,249420,52102885.7748
"Bourne legacy",1407713340,1485068256,77354916,52102885.7748
"Bourne legacy",1407713340,1408404240,690900,52102885.7748
"Bourne legacy",1407718560,1485068256,77349696,52102885.7748
"Bourne legacy",1407718560,1408580700,862140,52102885.7748
"Bourne legacy",1407781560,1485068256,77286696,52102885.7748
"Bourne legacy",1407781560,1408046100,264540,52102885.7748
"Bourne legacy",1407785400,1485068256,77282856,52102885.7748
"Bourne legacy",1407785400,1409095920,1310520,52102885.7748
"Bourne legacy",1407788880,1485068256,77279376,52102885.7748
"Bourne legacy",1407802980,1485068256,77265276,52102885.7748
"Bourne legacy",1407894720,1485068256,77173536,52102885.7748
"Bourne legacy",1407967500,1485068256,77100756,52102885.7748
"Bourne legacy",1407967500,1408229520,262020,52102885.7748
"Bourne legacy",1407971280,1485068256,77096976,52102885.7748
"Bourne legacy",1407971280,1408487760,516480,52102885.7748
"Bourne legacy",1407981720,1485068256,77086536,52102885.7748
"Bourne legacy",1407981720,1408495740,514020,52102885.7748
"Bourne legacy",1408051440,1485068256,77016816,52102885.7748
"Bourne legacy",1408052880,1485068256,77015376,52102885.7748
"Bourne legacy",1408052880,1408216740,163860,52102885.7748
"Bourne legacy",1408054920,1485068256,77013336,52102885.7748
"Bourne legacy",1408054920,1408480860,425940,52102885.7748
"Bourne legacy",1408056060,1485068256,77012196,52102885.7748
"Bourne legacy",1408056060,1408661340,605280,52102885.7748
"Bourne legacy",1408058220,1485068256,77010036,52102885.7748
"Bourne legacy",1408058220,1409178300,1120080,52102885.7748
"Bourne legacy",1408063920,1485068256,77004336,52102885.7748
"Bourne legacy",1408130220,1485068256,76938036,52102885.7748
"Bourne legacy",1408130220,1408557540,427320,52102885.7748
"Bourne legacy",1408133280,1485068256,76934976,52102885.7748
"Bourne legacy",1408133280,1409248260,1114980,52102885.7748
"Bourne legacy",1408134720,1485068256,76933536,52102885.7748
"Bourne legacy",1408136700,1485068256,76931556,52102885.7748
"Bourne legacy",1408136700,1408472520,335820,52102885.7748
"Bourne legacy",1408147440,1485068256,76920816,52102885.7748
"Bourne legacy",1408147440,1408489320,341880,52102885.7748
"Bourne legacy",1408150380,1485068256,76917876,52102885.7748
"Bourne legacy",1408150380,1409352660,1202280,52102885.7748
"Bourne legacy",1408219740,1485068256,76848516,52102885.7748
"Bourne legacy",1408219740,1410204540,1984800,52102885.7748
"Bourne legacy",1408223940,1485068256,76844316,52102885.7748
"Bourne legacy",1408223940,1408821060,597120,52102885.7748
"Bourne legacy",1408227660,1485068256,76840596,52102885.7748
"Bourne legacy",1408227660,1408919580,691920,52102885.7748
"Bourne legacy",1408236660,1485068256,76831596,52102885.7748
"Bourne legacy",1408310820,1485068256,76757436,52102885.7748
"Bourne legacy",1408310820,1409435160,1124340,52102885.7748
"Bourne legacy",1408318500,1485068256,76749756,52102885.7748
"Bourne legacy",1408318500,1409279880,961380,52102885.7748
"Bourne legacy",1408390920,1485068256,76677336,52102885.7748
"Bourne legacy",1408390920,1408569540,178620,52102885.7748
"Bourne legacy",1408392360,1485068256,76675896,52102885.7748
"Bourne legacy",1408392360,1409522400,1130040,52102885.7748
"Bourne legacy",1408407120,1485068256,76661136,52102885.7748
"Bourne legacy",1408407120,1409528160,1121040,52102885.7748
"Bourne legacy",1408474680,1485068256,76593576,52102885.7748
"Bourne legacy",1408474680,1408916400,441720,52102885.7748
"Bourne legacy",1408485120,1485068256,76583136,52102885.7748
"Bourne legacy",1408485120,1409518320,1033200,52102885.7748
"Bourne legacy",1408502460,1485068256,76565796,52102885.7748
"Bourne legacy",1408502460,1408581120,78660,52102885.7748
"Bourne legacy",1408502940,1485068256,76565316,52102885.7748
"Bourne legacy",1408502940,1409358360,855420,52102885.7748
"Bourne legacy",1408555140,1485068256,76513116,52102885.7748
"Bourne legacy",1408555140,1409789580,1234440,52102885.7748
"Bourne legacy",1408568940,1485068256,76499316,52102885.7748
"Bourne legacy",1408568940,1409078280,509340,52102885.7748
"Bourne legacy",1408587420,1485068256,76480836,52102885.7748
"Bourne legacy",1408587420,1409173980,586560,52102885.7748
"Bourne legacy",1408646520,1485068256,76421736,52102885.7748
"Bourne legacy",1408646520,1408823460,176940,52102885.7748
"Bourne legacy",1408656960,1485068256,76411296,52102885.7748
"Bourne legacy",1408656960,1411090800,2433840,52102885.7748
"Bourne legacy",1408657260,1485068256,76410996,52102885.7748
"Bourne legacy",1408657260,1409008920,351660,52102885.7748
"Bourne legacy",1408663140,1485068256,76405116,52102885.7748
"Bourne legacy",1408663140,1409529000,865860,52102885.7748
"Bourne legacy",1408668720,1485068256,76399536,52102885.7748
"Bourne legacy",1408668720,1409429700,760980,52102885.7748
"Bourne legacy",1408673940,1485068256,76394316,52102885.7748
"Bourne legacy",1408733100,1485068256,76335156,52102885.7748
"Bourne legacy",1408755240,1485068256,76313016,52102885.7748
"Bourne legacy",1408814220,1485068256,76254036,52102885.7748
"Bourne legacy",1408814220,1409336160,521940,52102885.7748
"Bourne legacy",1408828980,1485068256,76239276,52102885.7748
"Bourne legacy",1408828980,1408837800,8820,52102885.7748
"Bourne legacy",1408831920,1485068256,76236336,52102885.7748
"Bourne legacy",1408831920,1410646140,1814220,52102885.7748
"Bourne legacy",1408832400,1485068256,76235856,52102885.7748
"Bourne legacy",1408832400,1411758660,2926260,52102885.7748
"Bourne legacy",1408833540,1485068256,76234716,52102885.7748
"Bourne legacy",1408836120,1485068256,76232136,52102885.7748
"Bourne legacy",1408836120,1409426040,589920,52102885.7748
"Bourne legacy",1408919700,1485068256,76148556,52102885.7748
"Bourne legacy",1408919700,1410308820,1389120,52102885.7748
"Bourne legacy",1408921200,1485068256,76147056,52102885.7748
"Bourne legacy",1408921200,1409274720,353520,52102885.7748
"Bourne legacy",1409007180,1485068256,76061076,52102885.7748
"Bourne legacy",1409019660,1485068256,76048596,52102885.7748
"Bourne legacy",1409019660,1410208560,1188900,52102885.7748
"Bourne legacy",1409081160,1485068256,75987096,52102885.7748
"Bourne legacy",1409081160,1409683680,602520,52102885.7748
"Bourne legacy",1409082360,1485068256,75985896,52102885.7748
"Bourne legacy",1409082360,1409794080,711720,52102885.7748
"Bourne legacy",1409092080,1485068256,75976176,52102885.7748
"Bourne legacy",1409092080,1409712840,620760,52102885.7748
"Bourne legacy",1409094720,1485068256,75973536,52102885.7748
"Bourne legacy",1409095320,1485068256,75972936,52102885.7748
"Bourne legacy",1409100780,1485068256,75967476,52102885.7748
"Bourne legacy",1409100780,1409274600,173820,52102885.7748
"Bourne legacy",1409102760,1485068256,75965496,52102885.7748
"Bourne legacy",1409102760,1409530140,427380,52102885.7748
"Bourne legacy",1409192040,1485068256,75876216,52102885.7748
"Bourne legacy",1409246040,1485068256,75822216,52102885.7748
"Bourne legacy",1409246040,1410023520,777480,52102885.7748
"Bourne legacy",1409252700,1485068256,75815556,52102885.7748
"Bourne legacy",1409252700,1409348400,95700,52102885.7748
"Bourne legacy",1409336040,1485068256,75732216,52102885.7748
"Bourne legacy",1409346840,1485068256,75721416,52102885.7748
"Bourne legacy",1409346840,1410282600,935760,52102885.7748
"Bourne legacy",1409418780,1485068256,75649476,52102885.7748
"Bourne legacy",1409418780,1410652500,1233720,52102885.7748
"Bourne legacy",1409433420,1485068256,75634836,52102885.7748
"Bourne legacy",1409433420,1410296400,862980,52102885.7748
"Bourne legacy",1409517000,1485068256,75551256,52102885.7748
"Bourne legacy",1409517000,1409687160,170160,52102885.7748
"Bourne legacy",1409517540,1485068256,75550716,52102885.7748
"Bourne legacy",1409517540,1410207960,690420,52102885.7748
"Bourne legacy",1409680320,1485068256,75387936,52102885.7748
"Bourne legacy",1409680320,1411692120,2011800,52102885.7748
"Bourne legacy",1409693340,1485068256,75374916,52102885.7748
"Bourne legacy",1409693340,1409953620,260280,52102885.7748
"Bourne legacy",1409694960,1485068256,75373296,52102885.7748
"Bourne legacy",1409694960,1409863680,168720,52102885.7748
"Bourne legacy",1409697840,1485068256,75370416,52102885.7748
"Bourne legacy",1409698800,1485068256,75369456,52102885.7748
"Bourne legacy",1409699040,1485068256,75369216,52102885.7748
"Bourne legacy",1409699040,1410468900,769860,52102885.7748
"Bourne legacy",1409709540,1485068256,75358716,52102885.7748
"Bourne legacy",1409709540,1411244940,1535400,52102885.7748
"Bourne legacy",1409711940,1485068256,75356316,52102885.7748
"Bourne legacy",1409711940,1409882580,170640,52102885.7748
"Bourne legacy",1409712780,1485068256,75355476,52102885.7748
"Bourne legacy",1409712780,1410316020,603240,52102885.7748
"Bourne legacy",1409770140,1485068256,75298116,52102885.7748
"Bourne legacy",1409770140,1410553500,783360,52102885.7748
"Bourne legacy",1409775540,1485068256,75292716,52102885.7748
"Bourne legacy",1409775540,1412194740,2419200,52102885.7748
"Bourne legacy",1409779740,1485068256,75288516,52102885.7748
"Bourne legacy",1409779740,1412018700,2238960,52102885.7748
"Bourne legacy",1409781660,1485068256,75286596,52102885.7748
"Bourne legacy",1409781660,1410981480,1199820,52102885.7748
"Bourne legacy",1409782740,1485068256,75285516,52102885.7748
"Bourne legacy",1409782740,1410203100,420360,52102885.7748
"Bourne legacy",1409782920,1485068256,75285336,52102885.7748
"Bourne legacy",1409782920,1410214500,431580,52102885.7748
"Bourne legacy",1409783220,1485068256,75285036,52102885.7748
"Bourne legacy",1409783220,1410208860,425640,52102885.7748
"Bourne legacy",1409795460,1485068256,75272796,52102885.7748
"Bourne legacy",1409858700,1485068256,75209556,52102885.7748
"Bourne legacy",1409858700,1410544260,685560,52102885.7748
"Bourne legacy",1409859240,1485068256,75209016,52102885.7748
"Bourne legacy",1409859240,1411087740,1228500,52102885.7748
"Bourne legacy",1409877960,1485068256,75190296,52102885.7748
"Bourne legacy",1409877960,1410739980,862020,52102885.7748
"Bourne legacy",1409883300,1485068256,75184956,52102885.7748
"Bourne legacy",1409883300,1410566760,683460,52102885.7748
"Bourne legacy",1409884020,1485068256,75184236,52102885.7748
"Bourne legacy",1409959380,1485068256,75108876,52102885.7748
"Bourne legacy",1409959380,1411165800,1206420,52102885.7748
"Bourne legacy",1410034440,1485068256,75033816,52102885.7748
"Bourne legacy",1410034440,1410479400,444960,52102885.7748
"Bourne legacy",1410039180,1485068256,75029076,52102885.7748
"Bourne legacy",1410039180,1410819720,780540,52102885.7748
"Bourne legacy",1410047700,1485068256,75020556,52102885.7748
"Bourne legacy",1410047700,1410306600,258900,52102885.7748
"Bourne legacy",1410049800,1485068256,75018456,52102885.7748
"Bourne legacy",1410049800,1411609860,1560060,52102885.7748
"Bourne legacy",1410124980,1485068256,74943276,52102885.7748
"Bourne legacy",1410124980,1410476460,351480,52102885.7748
"Bourne legacy",1410196020,1485068256,74872236,52102885.7748
"Bourne legacy",1410196020,1410378420,182400,52102885.7748
"Bourne legacy",1410200040,1485068256,74868216,52102885.7748
"Bourne legacy",1410200040,1411415400,1215360,52102885.7748
"Bourne legacy",1410225600,1485068256,74842656,52102885.7748
"Bourne legacy",1410225600,1411945080,1719480,52102885.7748
"Bourne legacy",1410227820,1485068256,74840436,52102885.7748
"Bourne legacy",1410290400,1485068256,74777856,52102885.7748
"Bourne legacy",1410290400,1410827820,537420,52102885.7748
"Bourne legacy",1410373140,1410373620,480,52102885.7748
"Bourne legacy",1410387300,1485068256,74680956,52102885.7748
"Bourne legacy",1410387780,1485068256,74680476,52102885.7748
"Bourne legacy",1410387780,1411589460,1201680,52102885.7748
"Bourne legacy",1410388200,1485068256,74680056,52102885.7748
"Bourne legacy",1410388200,1410733980,345780,52102885.7748
"Bourne legacy",1410471180,1485068256,74597076,52102885.7748
"Bourne legacy",1410471180,1410994500,523320,52102885.7748
"Bourne legacy",1410479460,1485068256,74588796,52102885.7748
"Bourne legacy",1410479460,1411514520,1035060,52102885.7748
"Bourne legacy",1410480180,1485068256,74588076,52102885.7748
"Bourne legacy",1410480180,1410891600,411420,52102885.7748
"Bourne legacy",1410481620,1485068256,74586636,52102885.7748
"Bourne legacy",1410481860,1485068256,74586396,52102885.7748
"Bourne legacy",1410481860,1411171860,690000,52102885.7748
"Bourne legacy",1410483300,1485068256,74584956,52102885.7748
"Bourne legacy",1410485460,1485068256,74582796,52102885.7748
"Bourne legacy",1410485460,1412731200,2245740,52102885.7748
"Bourne legacy",1410490620,1485068256,74577636,52102885.7748
"Bourne legacy",1410490620,1410807660,317040,52102885.7748
"Bourne legacy",1410546120,1485068256,74522136,52102885.7748
"Bourne legacy",1410633480,1485068256,74434776,52102885.7748
"Bourne legacy",1410633480,1411523400,889920,52102885.7748
"Bourne legacy",1410634860,1485068256,74433396,52102885.7748
"Bourne legacy",1410634860,1411682220,1047360,52102885.7748
"Bourne legacy",1410639060,1485068256,74429196,52102885.7748
"Bourne legacy",1410639060,1411848360,1209300,52102885.7748
"Bourne legacy",1410640440,1485068256,74427816,52102885.7748
"Bourne legacy",1410640560,1485068256,74427696,52102885.7748
"Bourne legacy",1410640560,1411518120,877560,52102885.7748
"Bourne legacy",1410641820,1485068256,74426436,52102885.7748
"Bourne legacy",1410641820,1411865160,1223340,52102885.7748
"Bourne legacy",1410645720,1485068256,74422536,52102885.7748
"Bourne legacy",1410645720,1411514760,869040,52102885.7748
"Bourne legacy",1410646140,1485068256,74422116,52102885.7748
"Bourne legacy",1410646140,1411678680,1032540,52102885.7748
"Bourne legacy",1410806460,1485068256,74261796,52102885.7748
"Bourne legacy",1410806460,1411069320,262860,52102885.7748
"Bourne legacy",1410830700,1485068256,74237556,52102885.7748
"Bourne legacy",1410830700,1411247100,416400,52102885.7748
"Bourne legacy",1410918240,1485068256,74150016,52102885.7748
"Bourne legacy",1410918240,1412126100,1207860,52102885.7748
"Bourne legacy",1410974820,1485068256,74093436,52102885.7748
"Bourne legacy",1410974820,1413501000,2526180,52102885.7748
"Bourne legacy",1410994620,1485068256,74073636,52102885.7748
"Bourne legacy",1410994620,1411684860,690240,52102885.7748
"Bourne legacy",1410997860,1485068256,74070396,52102885.7748
"Bourne legacy",1410997860,1411842180,844320,52102885.7748
"Bourne legacy",1411061220,1485068256,74007036,52102885.7748
"Bourne legacy",1411061220,1414699680,3638460,52102885.7748
"Bourne legacy",1411147800,1485068256,73920456,52102885.7748
"Bourne legacy",1411147800,1411506300,358500,52102885.7748
"Bourne legacy",1411164540,1485068256,73903716,52102885.7748
"Bourne legacy",1411173840,1485068256,73894416,52102885.7748
"Bourne legacy",1411173840,1413069240,1895400,52102885.7748
"Bourne legacy",1411237560,1485068256,73830696,52102885.7748
"Bourne legacy",1411237560,1411844160,606600,52102885.7748
"Bourne legacy",1411254540,1485068256,73813716,52102885.7748
"Bourne legacy",1411254540,1412550000,1295460,52102885.7748
"Bourne legacy",1411254660,1485068256,73813596,52102885.7748
"Bourne legacy",1411328280,1485068256,73739976,52102885.7748
"Bourne legacy",1411328280,1411838820,510540,52102885.7748
"Bourne legacy",1411329780,1485068256,73738476,52102885.7748
"Bourne legacy",1411337580,1485068256,73730676,52102885.7748
"Bourne legacy",1411341780,1485068256,73726476,52102885.7748
"Bourne legacy",1411343520,1485068256,73724736,52102885.7748
"Bourne legacy",1411343520,1411415040,71520,52102885.7748
"Bourne legacy",1411345140,1485068256,73723116,52102885.7748
"Bourne legacy",1411345140,1411603200,258060,52102885.7748
"Bourne legacy",1411504440,1485068256,73563816,52102885.7748
"Bourne legacy",1411504440,1412113680,609240,52102885.7748
"Bourne legacy",1411510980,1485068256,73557276,52102885.7748
"Bourne legacy",1411510980,1412014920,503940,52102885.7748
"Bourne legacy",1411514340,1485068256,73553916,52102885.7748
"Bourne legacy",1411514340,1411858980,344640,52102885.7748
"Bourne legacy",1411523760,1485068256,73544496,52102885.7748
"Bourne legacy",1411523760,1411681020,157260,52102885.7748
"Bourne legacy",1411593960,1485068256,73474296,52102885.7748
"Bourne legacy",1411593960,1485068256,73474296,52102885.7748
"Bourne legacy",1411593960,1411939320,345360,52102885.7748
"Bourne legacy",1411593960,1411941780,347820,52102885.7748
"Bourne legacy",1411671000,1485068256,73397256,52102885.7748
"Bourne legacy",1411671000,1412459340,788340,52102885.7748
"Bourne legacy",1411673640,1485068256,73394616,52102885.7748
"Bourne legacy",1411673640,1411849020,175380,52102885.7748
"Bourne legacy",1411681980,1485068256,73386276,52102885.7748
"Bourne legacy",1411681980,1412620200,938220,52102885.7748
"Bourne legacy",1411691220,1485068256,73377036,52102885.7748
"Bourne legacy",1411691220,1412192580,501360,52102885.7748
"Bourne legacy",1411755720,1485068256,73312536,52102885.7748
"Bourne legacy",1411755720,1412111460,355740,52102885.7748
"Bourne legacy",1411759740,1485068256,73308516,52102885.7748
"Bourne legacy",1411759740,1413048240,1288500,52102885.7748
"Bourne legacy",1411844340,1485068256,73223916,52102885.7748
"Bourne legacy",1411863540,1485068256,73204716,52102885.7748
"Bourne legacy",1411863600,1485068256,73204656,52102885.7748
"Bourne legacy",1411935360,1485068256,73132896,52102885.7748
"Bourne legacy",1411935360,1412037060,101700,52102885.7748
"Bourne legacy",1411936260,1485068256,73131996,52102885.7748
"Bourne legacy",1411936260,1413055080,1118820,52102885.7748
"Bourne legacy",1411938360,1485068256,73129896,52102885.7748
"Bourne legacy",1411938360,1412103480,165120,52102885.7748
"Bourne legacy",1411943700,1485068256,73124556,52102885.7748
"Bourne legacy",1411944000,1485068256,73124256,52102885.7748
"Bourne legacy",1411944000,1413149280,1205280,52102885.7748
"Bourne legacy",1411951560,1485068256,73116696,52102885.7748
"Bourne legacy",1411951560,1414525260,2573700,52102885.7748
"Bourne legacy",1412011800,1485068256,73056456,52102885.7748
"Bourne legacy",1412011800,1412986920,975120,52102885.7748
"Bourne legacy",1412014980,1485068256,73053276,52102885.7748
"Bourne legacy",1412014980,1485068256,73053276,52102885.7748
"Bourne legacy",1412014980,1412635920,620940,52102885.7748
"Bourne legacy",1412014980,1412894340,879360,52102885.7748
"Bourne legacy",1412015820,1485068256,73052436,52102885.7748
"Bourne legacy",1412015820,1412875200,859380,52102885.7748
"Bourne legacy",1412025960,1485068256,73042296,52102885.7748
"Bourne legacy",1412028420,1485068256,73039836,52102885.7748
"Bourne legacy",1412028420,1412622060,593640,52102885.7748
"Bourne legacy",1412104320,1485068256,72963936,52102885.7748
"Bourne legacy",1412104320,1412628720,524400,52102885.7748
"Bourne legacy",1412105160,1485068256,72963096,52102885.7748
"Bourne legacy",1412105160,1412619420,514260,52102885.7748
"Bourne legacy",1412111580,1485068256,72956676,52102885.7748
"Bourne legacy",1412111580,1413332160,1220580,52102885.7748
"Bourne legacy",1412118600,1485068256,72949656,52102885.7748
"Bourne legacy",1412192880,1485068256,72875376,52102885.7748
"Bourne legacy",1412192880,1415841780,3648900,52102885.7748
"Bourne legacy",1412196600,1485068256,72871656,52102885.7748
"Bourne legacy",1412196600,1413406320,1209720,52102885.7748
"Bourne legacy",1412199360,1485068256,72868896,52102885.7748
"Bourne legacy",1412213940,1485068256,72854316,52102885.7748
"Bourne legacy",1412213940,1412808000,594060,52102885.7748
"Bourne legacy",1412218620,1485068256,72849636,52102885.7748
"Bourne legacy",1412218620,1413224760,1006140,52102885.7748
"Bourne legacy",1412295300,1485068256,72772956,52102885.7748
"Bourne legacy",1412295300,1413495480,1200180,52102885.7748
"Bourne legacy",1412303520,1485068256,72764736,52102885.7748
"Bourne legacy",1412303520,1412820780,517260,52102885.7748
"Bourne legacy",1412354100,1485068256,72714156,52102885.7748
"Bourne legacy",1412354100,1415380800,3026700,52102885.7748
"Bourne legacy",1412362320,1485068256,72705936,52102885.7748
"Bourne legacy",1412366940,1485068256,72701316,52102885.7748
"Bourne legacy",1412366940,1412795460,428520,52102885.7748
"Bourne legacy",1412452260,1485068256,72615996,52102885.7748
"Bourne legacy",1412452260,1412630400,178140,52102885.7748
"Bourne legacy",1412455200,1485068256,72613056,52102885.7748
"Bourne legacy",1412455200,1412547300,92100,52102885.7748
"Bourne legacy",1412459640,1485068256,72608616,52102885.7748
"Bourne legacy",1412459640,1413503640,1044000,52102885.7748
"Bourne legacy",1412469240,1485068256,72599016,52102885.7748
"Bourne legacy",1412553300,1485068256,72514956,52102885.7748
"Bourne legacy",1412553300,1413071700,518400,52102885.7748
"Bourne legacy",1412632020,1485068256,72436236,52102885.7748
"Bourne legacy",1412649600,1485068256,72418656,52102885.7748
"Bourne legacy",1412649600,1414710660,2061060,52102885.7748
"Bourne legacy",1412708760,1485068256,72359496,52102885.7748
"Bourne legacy",1412708760,1412894040,185280,52102885.7748
"Bourne legacy",1412716980,1485068256,72351276,52102885.7748
"Bourne legacy",1412716980,1413835320,1118340,52102885.7748
"Bourne legacy",1412812200,1485068256,72256056,52102885.7748
"Bourne legacy",1412812200,1413852420,1040220,52102885.7748
"Bourne legacy",1412823180,1485068256,72245076,52102885.7748
"Bourne legacy",1412823180,1414028580,1205400,52102885.7748
"Bourne legacy",1412876100,1485068256,72192156,52102885.7748
"Bourne legacy",1412876100,1413403320,527220,52102885.7748
"Bourne legacy",1412881740,1485068256,72186516,52102885.7748
"Bourne legacy",1412881740,1413234120,352380,52102885.7748
"Bourne legacy",1412889900,1485068256,72178356,52102885.7748
"Bourne legacy",1412889900,1412984880,94980,52102885.7748
"Bourne legacy",1412893680,1485068256,72174576,52102885.7748
"Bourne legacy",1412893680,1413412140,518460,52102885.7748
"Bourne legacy",1412896620,1485068256,72171636,52102885.7748
"Bourne legacy",1412972880,1485068256,72095376,52102885.7748
"Bourne legacy",1412972880,1413662520,689640,52102885.7748
"Bourne legacy",1412978040,1485068256,72090216,52102885.7748
"Bourne legacy",1412978040,1413672540,694500,52102885.7748
"Bourne legacy",1412984280,1485068256,72083976,52102885.7748
"Bourne legacy",1413061980,1485068256,72006276,52102885.7748
"Bourne legacy",1413061980,1413657780,595800,52102885.7748
"Bourne legacy",1413070920,1485068256,71997336,52102885.7748
"Bourne legacy",1413075420,1485068256,71992836,52102885.7748
"Bourne legacy",1413075420,1413340740,265320,52102885.7748
"Bourne legacy",1413238320,1485068256,71829936,52102885.7748
"Bourne legacy",1413238320,1413414600,176280,52102885.7748
"Bourne legacy",1413240180,1485068256,71828076,52102885.7748
"Bourne legacy",1413240180,1413660480,420300,52102885.7748
"Bourne legacy",1413247380,1485068256,71820876,52102885.7748
"Bourne legacy",1413249300,1485068256,71818956,52102885.7748
"Bourne legacy",1413252540,1485068256,71815716,52102885.7748
"Bourne legacy",1413310320,1485068256,71757936,52102885.7748
"Bourne legacy",1413310320,1414534140,1223820,52102885.7748
"Bourne legacy",1413324180,1485068256,71744076,52102885.7748
"Bourne legacy",1413326040,1485068256,71742216,52102885.7748
"Bourne legacy",1413326040,1415822460,2496420,52102885.7748
"Bourne legacy",1413327420,1485068256,71740836,52102885.7748
"Bourne legacy",1413327420,1415936640,2609220,52102885.7748
"Bourne legacy",1413341640,1485068256,71726616,52102885.7748
"Bourne legacy",1413341640,1413414000,72360,52102885.7748
"Bourne legacy",1413403320,1485068256,71664936,52102885.7748
"Bourne legacy",1413403320,1413931440,528120,52102885.7748
"Bourne legacy",1413406260,1485068256,71661996,52102885.7748
"Bourne legacy",1413406260,1414024860,618600,52102885.7748
"Bourne legacy",1413484320,1485068256,71583936,52102885.7748
"Bourne legacy",1413484320,1413851880,367560,52102885.7748
"Bourne legacy",1413501540,1485068256,71566716,52102885.7748
"Bourne legacy",1413501540,1414786560,1285020,52102885.7748
"Bourne legacy",1413504360,1485068256,71563896,52102885.7748
"Bourne legacy",1413505020,1485068256,71563236,52102885.7748
"Bourne legacy",1413505020,1414611540,1106520,52102885.7748
"Bourne legacy",1413580860,1485068256,71487396,52102885.7748
"Bourne legacy",1413580860,1416607620,3026760,52102885.7748
"Bourne legacy",1413581280,1485068256,71486976,52102885.7748
"Bourne legacy",1413586500,1485068256,71481756,52102885.7748
"Bourne legacy",1413586500,1414613160,1026660,52102885.7748
"Bourne legacy",1413662280,1485068256,71405976,52102885.7748
"Bourne legacy",1413662280,1415841720,2179440,52102885.7748
"Bourne legacy",1413668640,1485068256,71399616,52102885.7748
"Bourne legacy",1413668640,1414275360,606720,52102885.7748
"Bourne legacy",1413672420,1485068256,71395836,52102885.7748
"Bourne legacy",1413672420,1414887300,1214880,52102885.7748
"Bourne legacy",1413674160,1485068256,71394096,52102885.7748
"Bourne legacy",1413674160,1414018080,343920,52102885.7748
"Bourne legacy",1413675180,1485068256,71393076,52102885.7748
"Bourne legacy",1413752640,1485068256,71315616,52102885.7748
"Bourne legacy",1413759780,1485068256,71308476,52102885.7748
"Bourne legacy",1413759780,1414714620,954840,52102885.7748
"Bourne legacy",1413826560,1485068256,71241696,52102885.7748
"Bourne legacy",1413826560,1414001760,175200,52102885.7748
"Bourne legacy",1413828900,1485068256,71239356,52102885.7748
"Bourne legacy",1413828900,1414092300,263400,52102885.7748
"Bourne legacy",1413848880,1485068256,71219376,52102885.7748
"Bourne legacy",1413848880,1414365780,516900,52102885.7748
"Bourne legacy",1413860340,1485068256,71207916,52102885.7748
"Bourne legacy",1413860340,1413923580,63240,52102885.7748
"Bourne legacy",1413927660,1485068256,71140596,52102885.7748
"Bourne legacy",1413927660,1414875720,948060,52102885.7748
"Bourne legacy",1413940380,1485068256,71127876,52102885.7748
"Bourne legacy",1413942840,1485068256,71125416,52102885.7748
"Bourne legacy",1414019520,1485068256,71048736,52102885.7748
"Bourne legacy",1414019520,1414691280,671760,52102885.7748
"Bourne legacy",1414023540,1485068256,71044716,52102885.7748
"Bourne legacy",1414023540,1414870260,846720,52102885.7748
"Bourne legacy",1414089660,1485068256,70978596,52102885.7748
"Bourne legacy",1414089660,1414629960,540300,52102885.7748
"Bourne legacy",1414095720,1485068256,70972536,52102885.7748
"Bourne legacy",1414095720,1414532820,437100,52102885.7748
"Bourne legacy",1414104660,1485068256,70963596,52102885.7748
"Bourne legacy",1414104660,1415400840,1296180,52102885.7748
"Bourne legacy",1414178640,1485068256,70889616,52102885.7748
"Bourne legacy",1414178640,1414457640,279000,52102885.7748
"Bourne legacy",1414193700,1485068256,70874556,52102885.7748
"Bourne legacy",1414193700,1415390280,1196580,52102885.7748
"Bourne legacy",1414276740,1485068256,70791516,52102885.7748
"Bourne legacy",1414276740,1414629360,352620,52102885.7748
"Bourne legacy",1414277580,1485068256,70790676,52102885.7748
"Bourne legacy",1414277580,1414783260,505680,52102885.7748
"Bourne legacy",1414280280,1485068256,70787976,52102885.7748
"Bourne legacy",1414280280,1414794060,513780,52102885.7748
"Bourne legacy",1414281660,1485068256,70786596,52102885.7748
"Bourne legacy",1414281660,1414363860,82200,52102885.7748
"Bourne legacy",1414282140,1485068256,70786116,52102885.7748
"Bourne legacy",1414282140,1414881540,599400,52102885.7748
"Bourne legacy",1414284660,1485068256,70783596,52102885.7748
"Bourne legacy",1414284660,1414361700,77040,52102885.7748
"Bourne legacy",1414356600,1485068256,70711656,52102885.7748
"Bourne legacy",1414357560,1485068256,70710696,52102885.7748
"Bourne legacy",1414359240,1485068256,70709016,52102885.7748
"Bourne legacy",1414359240,1414444860,85620,52102885.7748
"Bourne legacy",1414457700,1485068256,70610556,52102885.7748
"Bourne legacy",1414457700,1414540140,82440,52102885.7748
"Bourne legacy",1414463280,1485068256,70604976,52102885.7748
"Bourne legacy",1414463280,1415660640,1197360,52102885.7748
"Bourne legacy",1414549800,1485068256,70518456,52102885.7748
"Bourne legacy",1414549800,1415239200,689400,52102885.7748
"Bourne legacy",1414619580,1485068256,70448676,52102885.7748
"Bourne legacy",1414622640,1485068256,70445616,52102885.7748
"Bourne legacy",1414622640,1415236920,614280,52102885.7748
"Bourne legacy",1414628280,1485068256,70439976,52102885.7748
"Bourne legacy",1414628280,1414718700,90420,52102885.7748
"Bourne legacy",1414631340,1485068256,70436916,52102885.7748
"Bourne legacy",1414631340,1415918760,1287420,52102885.7748
"Bourne legacy",1414633140,1485068256,70435116,52102885.7748
"Bourne legacy",1414777200,1485068256,70291056,52102885.7748
"Bourne legacy",1414777200,1415816520,1039320,52102885.7748
"Bourne legacy",1414802820,1485068256,70265436,52102885.7748
"Bourne legacy",1414803000,1485068256,70265256,52102885.7748
"Bourne legacy",1414803000,1415926620,1123620,52102885.7748
"Bourne legacy",1414863300,1485068256,70204956,52102885.7748
"Bourne legacy",1414868100,1485068256,70200156,52102885.7748
"Bourne legacy",1414868100,1415321400,453300,52102885.7748
"Bourne legacy",1414874220,1485068256,70194036,52102885.7748
"Bourne legacy",1414875720,1485068256,70192536,52102885.7748
"Bourne legacy",1414875720,1417389060,2513340,52102885.7748
"Bourne legacy",1414880400,1485068256,70187856,52102885.7748
"Bourne legacy",1414880400,1485068256,70187856,52102885.7748
"Bourne legacy",1414880400,1416097620,1217220,52102885.7748
"Bourne legacy",1414881120,1485068256,70187136,52102885.7748
"Bourne legacy",1414881120,1415125860,244740,52102885.7748
"Bourne legacy",1414881420,1485068256,70186836,52102885.7748
"Bourne legacy",1414885200,1485068256,70183056,52102885.7748
"Bourne legacy",1414885320,1485068256,70182936,52102885.7748
"Bourne legacy",1414885320,1417306620,2421300,52102885.7748
"Bourne legacy",1415050800,1485068256,70017456,52102885.7748
"Bourne legacy",1415050800,1416351240,1300440,52102885.7748
"Bourne legacy",1415050920,1485068256,70017336,52102885.7748
"Bourne legacy",1415050920,1415481360,430440,52102885.7748
"Bourne legacy",1415051880,1485068256,70016376,52102885.7748
"Bourne legacy",1415062620,1485068256,70005636,52102885.7748
"Bourne legacy",1415063520,1485068256,70004736,52102885.7748
"Bourne legacy",1415063520,1416268680,1205160,52102885.7748
"Bourne legacy",1415134500,1485068256,69933756,52102885.7748
"Bourne legacy",1415147940,1485068256,69920316,52102885.7748
"Bourne legacy",1415147940,1416085740,937800,52102885.7748
"Bourne legacy",1415223660,1485068256,69844596,52102885.7748
"Bourne legacy",1415239920,1485068256,69828336,52102885.7748
"Bourne legacy",1415239920,1415481720,241800,52102885.7748
"Bourne legacy",1415244600,1485068256,69823656,52102885.7748
"Bourne legacy",1415244600,1416180600,936000,52102885.7748
"Bourne legacy",1415303400,1485068256,69764856,52102885.7748
"Bourne legacy",1415319300,1485068256,69748956,52102885.7748
"Bourne legacy",1415319300,1416015600,696300,52102885.7748
"Bourne legacy",1415386500,1485068256,69681756,52102885.7748
"Bourne legacy",1415386500,1417805940,2419440,52102885.7748
"Bourne legacy",1415388480,1485068256,69679776,52102885.7748
"Bourne legacy",1415491140,1485068256,69577116,52102885.7748
"Bourne legacy",1415491140,1416431040,939900,52102885.7748
"Bourne legacy",1415576640,1485068256,69491616,52102885.7748
"Bourne legacy",1415580900,1485068256,69487356,52102885.7748
"Bourne legacy",1415580900,1416447180,866280,52102885.7748
"Bourne legacy",1415651700,1485068256,69416556,52102885.7748
"Bourne legacy",1415651700,1415911380,259680,52102885.7748
"Bourne legacy",1415668500,1485068256,69399756,52102885.7748
"Bourne legacy",1415668500,1416010260,341760,52102885.7748
"Bourne legacy",1415672280,1485068256,69395976,52102885.7748
"Bourne legacy",1415672280,1415842980,170700,52102885.7748
"Bourne legacy",1415818260,1485068256,69249996,52102885.7748
"Bourne legacy",1415818260,1416437640,619380,52102885.7748
"Bourne legacy",1415819040,1485068256,69249216,52102885.7748
"Bourne legacy",1415819040,1417727280,1908240,52102885.7748
"Bourne legacy",1415831760,1485068256,69236496,52102885.7748
"Bourne legacy",1415831760,1417739160,1907400,52102885.7748
"Bourne legacy",1415838540,1485068256,69229716,52102885.7748
"Bourne legacy",1415838540,1416863520,1024980,52102885.7748
"Bourne legacy",1415840520,1485068256,69227736,52102885.7748
"Bourne legacy",1415840520,1417302300,1461780,52102885.7748
"Bourne legacy",1415908920,1485068256,69159336,52102885.7748
"Bourne legacy",1415908920,1416269340,360420,52102885.7748
"Bourne legacy",1415909040,1485068256,69159216,52102885.7748
"Bourne legacy",1415909040,1417297200,1388160,52102885.7748
"Bourne legacy",1415913360,1485068256,69154896,52102885.7748
"Bourne legacy",1415930580,1485068256,69137676,52102885.7748
"Bourne legacy",1415930580,1417897500,1966920,52102885.7748
"Bourne legacy",1415993160,1485068256,69075096,52102885.7748
"Bourne legacy",1415993160,1418683200,2690040,52102885.7748
"Bourne legacy",1415994000,1485068256,69074256,52102885.7748
"Bourne legacy",1415994000,1416351120,357120,52102885.7748
"Bourne legacy",1416081960,1485068256,68986296,52102885.7748
"Bourne legacy",1416081960,1416352380,270420,52102885.7748
"Bourne legacy",1416090420,1485068256,68977836,52102885.7748
"Bourne legacy",1416090420,1416616320,525900,52102885.7748
"Bourne legacy",1416096960,1485068256,68971296,52102885.7748
"Bourne legacy",1416096960,1416433800,336840,52102885.7748
"Bourne legacy",1416098460,1485068256,68969796,52102885.7748
"Bourne legacy",1416098460,1416429600,331140,52102885.7748
"Bourne legacy",1416171600,1485068256,68896656,52102885.7748
"Bourne legacy",1416171600,1417729800,1558200,52102885.7748
"Bourne legacy",1416179220,1485068256,68889036,52102885.7748
"Bourne legacy",1416179220,1416968160,788940,52102885.7748
"Bourne legacy",1416183840,1485068256,68884416,52102885.7748
"Bourne legacy",1416183840,1416863700,679860,52102885.7748
"Bourne legacy",1416184860,1485068256,68883396,52102885.7748
"Bourne legacy",1416184860,1416280560,95700,52102885.7748
"Bourne legacy",1416259740,1485068256,68808516,52102885.7748
"Bourne legacy",1416259740,1416356580,96840,52102885.7748
"Bourne legacy",1416259800,1485068256,68808456,52102885.7748
"Bourne legacy",1416259800,1417040340,780540,52102885.7748
"Bourne legacy",1416261300,1485068256,68806956,52102885.7748
"Bourne legacy",1416261300,1416338460,77160,52102885.7748
"Bourne legacy",1416268680,1485068256,68799576,52102885.7748
"Bourne legacy",1416268680,1416366540,97860,52102885.7748
"Bourne legacy",1416273060,1485068256,68795196,52102885.7748
"Bourne legacy",1416273060,1417039740,766680,52102885.7748
"Bourne legacy",1416355560,1485068256,68712696,52102885.7748
"Bourne legacy",1416355560,1416958200,602640,52102885.7748
"Bourne legacy",1416428220,1485068256,68640036,52102885.7748
"Bourne legacy",1416428220,1417034580,606360,52102885.7748
"Bourne legacy",1416428640,1485068256,68639616,52102885.7748
"Bourne legacy",1416428640,1417032240,603600,52102885.7748
"Bourne legacy",1416429240,1485068256,68639016,52102885.7748
"Bourne legacy",1416429240,1417032120,602880,52102885.7748
"Bourne legacy",1416435840,1485068256,68632416,52102885.7748
"Bourne legacy",1416435840,1417565820,1129980,52102885.7748
"Bourne legacy",1416446640,1485068256,68621616,52102885.7748
"Bourne legacy",1416446640,1417306140,859500,52102885.7748
"Bourne legacy",1416451200,1485068256,68617056,52102885.7748
"Bourne legacy",1416451200,1417644720,1193520,52102885.7748
"Bourne legacy",1416519900,1485068256,68548356,52102885.7748
"Bourne legacy",1416519900,1417480080,960180,52102885.7748
"Bourne legacy",1416521400,1485068256,68546856,52102885.7748
"Bourne legacy",1416523200,1485068256,68545056,52102885.7748
"Bourne legacy",1416523200,1416703560,180360,52102885.7748
"Bourne legacy",1416539040,1485068256,68529216,52102885.7748
"Bourne legacy",1416539040,1416607140,68100,52102885.7748
"Bourne legacy",1416596400,1485068256,68471856,52102885.7748
"Bourne legacy",1416596400,1417829460,1233060,52102885.7748
"Bourne legacy",1416600360,1485068256,68467896,52102885.7748
"Bourne legacy",1416600360,1417382940,782580,52102885.7748
"Bourne legacy",1416683340,1485068256,68384916,52102885.7748
"Bourne legacy",1416683340,1416958440,275100,52102885.7748
"Bourne legacy",1416694800,1416694920,120,52102885.7748
"Bourne legacy",1416694980,1485068256,68373276,52102885.7748
"Bourne legacy",1416694980,1417458540,763560,52102885.7748
"Bourne legacy",1416696240,1485068256,68372016,52102885.7748
"Bourne legacy",1416696240,1416776040,79800,52102885.7748
"Bourne legacy",1416698760,1485068256,68369496,52102885.7748
"Bourne legacy",1416698760,1416954960,256200,52102885.7748
"Bourne legacy",1416699840,1485068256,68368416,52102885.7748
"Bourne legacy",1416784380,1485068256,68283876,52102885.7748
"Bourne legacy",1416784380,1418342280,1557900,52102885.7748
"Bourne legacy",1416786180,1485068256,68282076,52102885.7748
"Bourne legacy",1416786180,1417909680,1123500,52102885.7748
"Bourne legacy",1416962460,1485068256,68105796,52102885.7748
"Bourne legacy",1416962460,1417392600,430140,52102885.7748
"Bourne legacy",1417040340,1485068256,68027916,52102885.7748
"Bourne legacy",1417040340,1417288740,248400,52102885.7748
"Bourne legacy",1417043640,1485068256,68024616,52102885.7748
"Bourne legacy",1417043640,1417476840,433200,52102885.7748
"Bourne legacy",1417209600,1485068256,67858656,52102885.7748
"Bourne legacy",1417211640,1485068256,67856616,52102885.7748
"Bourne legacy",1417211640,1417549560,337920,52102885.7748
"Bourne legacy",1417212120,1485068256,67856136,52102885.7748
"Bourne legacy",1417212120,1417742460,530340,52102885.7748
"Bourne legacy",1417217100,1485068256,67851156,52102885.7748
"Bourne legacy",1417290780,1485068256,67777476,52102885.7748
"Bourne legacy",1417290780,1417562040,271260,52102885.7748
"Bourne legacy",1417299360,1485068256,67768896,52102885.7748
"Bourne legacy",1417303200,1485068256,67765056,52102885.7748
"Bourne legacy",1417308480,1485068256,67759776,52102885.7748
"Bourne legacy",1417308480,1418513340,1204860,52102885.7748
"Bourne legacy",1417309560,1485068256,67758696,52102885.7748
"Bourne legacy",1417309560,1421014080,3704520,52102885.7748
"Bourne legacy",1417312380,1485068256,67755876,52102885.7748
"Bourne legacy",1417312380,1418516460,1204080,52102885.7748
"Bourne legacy",1417385280,1485068256,67682976,52102885.7748
"Bourne legacy",1417385280,1417899360,514080,52102885.7748
"Bourne legacy",1417388520,1485068256,67679736,52102885.7748
"Bourne legacy",1417389780,1485068256,67678476,52102885.7748
"Bourne legacy",1417389780,1418435280,1045500,52102885.7748
"Bourne legacy",1417459320,1485068256,67608936,52102885.7748
"Bourne legacy",1417474320,1485068256,67593936,52102885.7748
"Bourne legacy",1417474320,1419893940,2419620,52102885.7748
"Bourne legacy",1417486260,1485068256,67581996,52102885.7748
"Bourne legacy",1417486260,1418329800,843540,52102885.7748
"Bourne legacy",1417492380,1485068256,67575876,52102885.7748
"Bourne legacy",1417492380,1418680260,1187880,52102885.7748
"Bourne legacy",1417554420,1485068256,67513836,52102885.7748
"Bourne legacy",1417554420,1418678340,1123920,52102885.7748
"Bourne legacy",1417576500,1485068256,67491756,52102885.7748
"Bourne legacy",1417576500,1417650540,74040,52102885.7748
"Bourne legacy",1417576800,1485068256,67491456,52102885.7748
"Bourne legacy",1417576800,1418868480,1291680,52102885.7748
"Bourne legacy",1417636320,1485068256,67431936,52102885.7748
"Bourne legacy",1417636320,1418855580,1219260,52102885.7748
"Bourne legacy",1417647780,1485068256,67420476,52102885.7748
"Bourne legacy",1417647780,1418856240,1208460,52102885.7748
"Bourne legacy",1417648860,1485068256,67419396,52102885.7748
"Bourne legacy",1417649340,1485068256,67418916,52102885.7748
"Bourne legacy",1417649340,1418934840,1285500,52102885.7748
"Bourne legacy",1417655220,1485068256,67413036,52102885.7748
"Bourne legacy",1417655220,1418261100,605880,52102885.7748
"Bourne legacy",1417664280,1485068256,67403976,52102885.7748
"Bourne legacy",1417739100,1485068256,67329156,52102885.7748
"Bourne legacy",1417739100,1418772840,1033740,52102885.7748
"Bourne legacy",1417744620,1485068256,67323636,52102885.7748
"Bourne legacy",1417744620,1421104860,3360240,52102885.7748
"Bourne legacy",1417822260,1485068256,67245996,52102885.7748
"Bourne legacy",1417822260,1419989220,2166960,52102885.7748
"Bourne legacy",1417897320,1485068256,67170936,52102885.7748
"Bourne legacy",1417897320,1417986540,89220,52102885.7748
"Bourne legacy",1417901340,1485068256,67166916,52102885.7748
"Bourne legacy",1417901340,1418167620,266280,52102885.7748
"Bourne legacy",1417904400,1485068256,67163856,52102885.7748
"Bourne legacy",1417906440,1485068256,67161816,52102885.7748
"Bourne legacy",1417908660,1485068256,67159596,52102885.7748
"Bourne legacy",1417908660,1418943240,1034580,52102885.7748
"Bourne legacy",1417912440,1485068256,67155816,52102885.7748
"Bourne legacy",1417913040,1485068256,67155216,52102885.7748
"Bourne legacy",1417913040,1418515920,602880,52102885.7748
"Bourne legacy",1417914120,1485068256,67154136,52102885.7748
"Bourne legacy",1417915440,1485068256,67152816,52102885.7748
"Bourne legacy",1417915440,1418760900,845460,52102885.7748
"Bourne legacy",1417986240,1485068256,67082016,52102885.7748
"Bourne legacy",1417989120,1485068256,67079136,52102885.7748
"Bourne legacy",1417989120,1418695200,706080,52102885.7748
"Bourne legacy",1417998480,1485068256,67069776,52102885.7748
"Bourne legacy",1417998480,1418172960,174480,52102885.7748
"Bourne legacy",1418074140,1485068256,66994116,52102885.7748
"Bourne legacy",1418074140,1419288300,1214160,52102885.7748
"Bourne legacy",1418171640,1485068256,66896616,52102885.7748
"Bourne legacy",1418171640,1418414340,242700,52102885.7748
"Bourne legacy",1418181780,1485068256,66886476,52102885.7748
"Bourne legacy",1418181780,1418690280,508500,52102885.7748
"Bourne legacy",1418243700,1485068256,66824556,52102885.7748
"Bourne legacy",1418243700,1421269140,3025440,52102885.7748
"Bourne legacy",1418244780,1485068256,66823476,52102885.7748
"Bourne legacy",1418244780,1419712260,1467480,52102885.7748
"Bourne legacy",1418254620,1485068256,66813636,52102885.7748
"Bourne legacy",1418254620,1418329560,74940,52102885.7748
"Bourne legacy",1418326860,1485068256,66741396,52102885.7748
"Bourne legacy",1418326860,1419623040,1296180,52102885.7748
"Bourne legacy",1418346780,1485068256,66721476,52102885.7748
"Bourne legacy",1418346780,1419715920,1369140,52102885.7748
"Bourne legacy",1418354820,1485068256,66713436,52102885.7748
"Bourne legacy",1418354820,1418874720,519900,52102885.7748
"Bourne legacy",1418507340,1485068256,66560916,52102885.7748
"Bourne legacy",1418507340,1418844300,336960,52102885.7748
"Bourne legacy",1418507700,1485068256,66560556,52102885.7748
"Bourne legacy",1418507700,1419109800,602100,52102885.7748
"Bourne legacy",1418512620,1485068256,66555636,52102885.7748
"Bourne legacy",1418512620,1419636660,1124040,52102885.7748
"Bourne legacy",1418512980,1485068256,66555276,52102885.7748
"Bourne legacy",1418521680,1485068256,66546576,52102885.7748
"Bourne legacy",1418667420,1485068256,66400836,52102885.7748
"Bourne legacy",1418667420,1419618960,951540,52102885.7748
"Bourne legacy",1418670120,1485068256,66398136,52102885.7748
"Bourne legacy",1418670120,1419039060,368940,52102885.7748
"Bourne legacy",1418677320,1485068256,66390936,52102885.7748
"Bourne legacy",1418677320,1418944440,267120,52102885.7748
"Bourne legacy",1418683980,1485068256,66384276,52102885.7748
"Bourne legacy",1418695860,1485068256,66372396,52102885.7748
"Bourne legacy",1418695860,1419371160,675300,52102885.7748
"Bourne legacy",1418755500,1485068256,66312756,52102885.7748
"Bourne legacy",1418755500,1421271300,2515800,52102885.7748
"Bourne legacy",1418765100,1485068256,66303156,52102885.7748
"Bourne legacy",1418765100,1419278100,513000,52102885.7748
"Bourne legacy",1418771460,1485068256,66296796,52102885.7748
"Bourne legacy",1418773740,1485068256,66294516,52102885.7748
"Bourne legacy",1418773740,1419289140,515400,52102885.7748
"Bourne legacy",1418784060,1485068256,66284196,52102885.7748
"Bourne legacy",1418784060,1419702360,918300,52102885.7748
"Bourne legacy",1418862360,1485068256,66205896,52102885.7748
"Bourne legacy",1418934000,1485068256,66134256,52102885.7748
"Bourne legacy",1418934000,1420249800,1315800,52102885.7748
"Bourne legacy",1418936100,1485068256,66132156,52102885.7748
"Bourne legacy",1418936100,1420414920,1478820,52102885.7748
"Bourne legacy",1418940480,1485068256,66127776,52102885.7748
"Bourne legacy",1418940480,1420244760,1304280,52102885.7748
"Bourne legacy",1418960160,1485068256,66108096,52102885.7748
"Bourne legacy",1419020280,1485068256,66047976,52102885.7748
"Bourne legacy",1419020280,1421093820,2073540,52102885.7748
"Bourne legacy",1419040680,1485068256,66027576,52102885.7748
"Bourne legacy",1419040680,1419204720,164040,52102885.7748
"Bourne legacy",1419102960,1485068256,65965296,52102885.7748
"Bourne legacy",1419102960,1420322220,1219260,52102885.7748
"Bourne legacy",1419111180,1485068256,65957076,52102885.7748
"Bourne legacy",1419111180,1420330080,1218900,52102885.7748
"Bourne legacy",1419116220,1485068256,65952036,52102885.7748
"Bourne legacy",1419116220,1420334040,1217820,52102885.7748
"Bourne legacy",1419201900,1485068256,65866356,52102885.7748
"Bourne legacy",1419201900,1419368820,166920,52102885.7748
"Bourne legacy",1419208500,1485068256,65859756,52102885.7748
"Bourne legacy",1419208500,1419638940,430440,52102885.7748
"Bourne legacy",1419286080,1485068256,65782176,52102885.7748
"Bourne legacy",1419286080,1419625800,339720,52102885.7748
"Bourne legacy",1419293940,1485068256,65774316,52102885.7748
"Bourne legacy",1419293940,1419304080,10140,52102885.7748
"Bourne legacy",1419297360,1485068256,65770896,52102885.7748
"Bourne legacy",1419297360,1419978660,681300,52102885.7748
"Bourne legacy",1419373320,1485068256,65694936,52102885.7748
"Bourne legacy",1419373320,1420766280,1392960,52102885.7748
"Bourne legacy",1419630300,1485068256,65437956,52102885.7748
"Bourne legacy",1419630300,1420596840,966540,52102885.7748
"Bourne legacy",1419630480,1485068256,65437776,52102885.7748
"Bourne legacy",1419630480,1420588620,958140,52102885.7748
"Bourne legacy",1419635460,1485068256,65432796,52102885.7748
"Bourne legacy",1419642720,1485068256,65425536,52102885.7748
"Bourne legacy",1419642720,1419980580,337860,52102885.7748
"Bourne legacy",1419704460,1485068256,65363796,52102885.7748
"Bourne legacy",1419704460,1420491900,787440,52102885.7748
"Bourne legacy",1419707580,1485068256,65360676,52102885.7748
"Bourne legacy",1419707580,1420485900,778320,52102885.7748
"Bourne legacy",1419711060,1485068256,65357196,52102885.7748
"Bourne legacy",1419711060,1420068240,357180,52102885.7748
"Bourne legacy",1419714120,1485068256,65354136,52102885.7748
"Bourne legacy",1419716820,1485068256,65351436,52102885.7748
"Bourne legacy",1419716820,1421545920,1829100,52102885.7748
"Bourne legacy",1419717960,1485068256,65350296,52102885.7748
"Bourne legacy",1419717960,1420060860,342900,52102885.7748
"Bourne legacy",1419720060,1485068256,65348196,52102885.7748
"Bourne legacy",1419720060,1420926480,1206420,52102885.7748
"Bourne legacy",1419723300,1485068256,65344956,52102885.7748
"Bourne legacy",1419723300,1420329600,606300,52102885.7748
"Bourne legacy",1419813900,1485068256,65254356,52102885.7748
"Bourne legacy",1419813900,1424482620,4668720,52102885.7748
"Bourne legacy",1419884640,1485068256,65183616,52102885.7748
"Bourne legacy",1419890160,1485068256,65178096,52102885.7748
"Bourne legacy",1419890160,1420317840,427680,52102885.7748
"Bourne legacy",1419896400,1485068256,65171856,52102885.7748
"Bourne legacy",1419896400,1420594260,697860,52102885.7748
"Bourne legacy",1419907620,1485068256,65160636,52102885.7748
"Bourne legacy",1419907620,1420335540,427920,52102885.7748
"Bourne legacy",1419979560,1485068256,65088696,52102885.7748
"Bourne legacy",1419979560,1420923000,943440,52102885.7748
"Bourne legacy",1419994080,1485068256,65074176,52102885.7748
"Bourne legacy",1419994080,1420414140,420060,52102885.7748
"Bourne legacy",1420055280,1485068256,65012976,52102885.7748
"Bourne legacy",1420055280,1420592460,537180,52102885.7748
"Bourne legacy",1420230720,1485068256,64837536,52102885.7748
"Bourne legacy",1420232580,1485068256,64835676,52102885.7748
"Bourne legacy",1420232580,1420482960,250380,52102885.7748
"Bourne legacy",1420315260,1485068256,64752996,52102885.7748
"Bourne legacy",1420315260,1421530080,1214820,52102885.7748
"Bourne legacy",1420317960,1485068256,64750296,52102885.7748
"Bourne legacy",1420319340,1485068256,64748916,52102885.7748
"Bourne legacy",1420319340,1420406700,87360,52102885.7748
"Bourne legacy",1420326900,1485068256,64741356,52102885.7748
"Bourne legacy",1420326900,1423084620,2757720,52102885.7748
"Bourne legacy",1420406040,1485068256,64662216,52102885.7748
"Bourne legacy",1420406040,1422415320,2009280,52102885.7748
"Bourne legacy",1420407780,1485068256,64660476,52102885.7748
"Bourne legacy",1420407780,1421206020,798240,52102885.7748
"Bourne legacy",1420410240,1485068256,64658016,52102885.7748
"Bourne legacy",1420410240,1422585960,2175720,52102885.7748
"Bourne legacy",1420411620,1485068256,64656636,52102885.7748
"Bourne legacy",1420411620,1422567720,2156100,52102885.7748
"Bourne legacy",1420492920,1485068256,64575336,52102885.7748
"Bourne legacy",1420496100,1485068256,64572156,52102885.7748
"Bourne legacy",1420496100,1423098060,2601960,52102885.7748
"Bourne legacy",1420499400,1485068256,64568856,52102885.7748
"Bourne legacy",1420499400,1421188620,689220,52102885.7748
"Bourne legacy",1420573200,1485068256,64495056,52102885.7748
"Bourne legacy",1420573200,1420664340,91140,52102885.7748
"Bourne legacy",1420596300,1485068256,64471956,52102885.7748
"Bourne legacy",1420596300,1421180040,583740,52102885.7748
"Bourne legacy",1420599540,1485068256,64468716,52102885.7748
"Bourne legacy",1420599540,1420771620,172080,52102885.7748
"Bourne legacy",1420602240,1485068256,64466016,52102885.7748
"Bourne legacy",1420602240,1421887680,1285440,52102885.7748
"Bourne legacy",1420664340,1485068256,64403916,52102885.7748
"Bourne legacy",1420664340,1421110680,446340,52102885.7748
"Bourne legacy",1420666620,1485068256,64401636,52102885.7748
"Bourne legacy",1420666620,1420765200,98580,52102885.7748
"Bourne legacy",1420679040,1485068256,64389216,52102885.7748
"Bourne legacy",1420679040,1421449860,770820,52102885.7748
"Bourne legacy",1420680540,1485068256,64387716,52102885.7748
"Bourne legacy",1420682940,1485068256,64385316,52102885.7748
"Bourne legacy",1420682940,1421792160,1109220,52102885.7748
"Bourne legacy",1420687500,1485068256,64380756,52102885.7748
"Bourne legacy",1420687500,1421173020,485520,52102885.7748
"Bourne legacy",1420765620,1485068256,64302636,52102885.7748
"Bourne legacy",1420765620,1421805900,1040280,52102885.7748
"Bourne legacy",1420827060,1485068256,64241196,52102885.7748
"Bourne legacy",1420827060,1421095560,268500,52102885.7748
"Bourne legacy",1420846620,1485068256,64221636,52102885.7748
"Bourne legacy",1420846620,1421443680,597060,52102885.7748
"Bourne legacy",1420849680,1485068256,64218576,52102885.7748
"Bourne legacy",1420917300,1485068256,64150956,52102885.7748
"Bourne legacy",1420917300,1422222120,1304820,52102885.7748
"Bourne legacy",1420920360,1485068256,64147896,52102885.7748
"Bourne legacy",1420920360,1421521740,601380,52102885.7748
"Bourne legacy",1420928880,1485068256,64139376,52102885.7748
"Bourne legacy",1420928880,1423358340,2429460,52102885.7748
"Bourne legacy",1420930380,1485068256,64137876,52102885.7748
"Bourne legacy",1420930380,1421104680,174300,52102885.7748
"Bourne legacy",1421011500,1485068256,64056756,52102885.7748
"Bourne legacy",1421018280,1485068256,64049976,52102885.7748
"Bourne legacy",1421018280,1422579660,1561380,52102885.7748
"Bourne legacy",1421177580,1485068256,63890676,52102885.7748
"Bourne legacy",1421177580,1422386760,1209180,52102885.7748
"Bourne legacy",1421194440,1485068256,63873816,52102885.7748
"Bourne legacy",1421194440,1421433900,239460,52102885.7748
"Bourne legacy",1421198700,1485068256,63869556,52102885.7748
"Bourne legacy",1421198700,1422313080,1114380,52102885.7748
"Bourne legacy",1421202420,1485068256,63865836,52102885.7748
"Bourne legacy",1421202420,1424566380,3363960,52102885.7748
"Bourne legacy",1421206860,1485068256,63861396,52102885.7748
"Bourne legacy",1421206860,1422417060,1210200,52102885.7748
"Bourne legacy",1421260620,1485068256,63807636,52102885.7748
"Bourne legacy",1421260620,1422297180,1036560,52102885.7748
"Bourne legacy",1421267340,1485068256,63800916,52102885.7748
"Bourne legacy",1421267340,1422126600,859260,52102885.7748
"Bourne legacy",1421271660,1485068256,63796596,52102885.7748
"Bourne legacy",1421271660,1421444880,173220,52102885.7748
"Bourne legacy",1421285160,1485068256,63783096,52102885.7748
"Bourne legacy",1421285160,1421620380,335220,52102885.7748
"Bourne legacy",1421294160,1485068256,63774096,52102885.7748
"Bourne legacy",1421294160,1421457660,163500,52102885.7748
"Bourne legacy",1421351280,1485068256,63716976,52102885.7748
"Bourne legacy",1421351280,1421539920,188640,52102885.7748
"Bourne legacy",1421351760,1485068256,63716496,52102885.7748
"Bourne legacy",1421351760,1421452320,100560,52102885.7748
"Bourne legacy",1421434140,1485068256,63634116,52102885.7748
"Bourne legacy",1421434140,1421624040,189900,52102885.7748
"Bourne legacy",1421459040,1485068256,63609216,52102885.7748
"Bourne legacy",1421459040,1424830020,3370980,52102885.7748
"Bourne legacy",1421520960,1485068256,63547296,52102885.7748
"Bourne legacy",1421520960,1421625480,104520,52102885.7748
"Bourne legacy",1421526180,1485068256,63542076,52102885.7748
"Bourne legacy",1421529000,1485068256,63539256,52102885.7748
"Bourne legacy",1421529000,1422132840,603840,52102885.7748
"Bourne legacy",1421546220,1485068256,63522036,52102885.7748
"Bourne legacy",1421546220,1423175520,1629300,52102885.7748
"Bourne legacy",1421623380,1485068256,63444876,52102885.7748
"Bourne legacy",1421623380,1422835680,1212300,52102885.7748
"Bourne legacy",1421626860,1485068256,63441396,52102885.7748
"Bourne legacy",1421628300,1485068256,63439956,52102885.7748
"Bourne legacy",1421629920,1485068256,63438336,52102885.7748
"Bourne legacy",1421629920,1423270620,1640700,52102885.7748
"Bourne legacy",1421787240,1485068256,63281016,52102885.7748
"Bourne legacy",1421787240,1422310980,523740,52102885.7748
"Bourne legacy",1421787360,1485068256,63280896,52102885.7748
"Bourne legacy",1421787360,1422835200,1047840,52102885.7748
"Bourne legacy",1421790600,1485068256,63277656,52102885.7748
"Bourne legacy",1421790600,1422397920,607320,52102885.7748
"Bourne legacy",1421790720,1485068256,63277536,52102885.7748
"Bourne legacy",1421790720,1422055800,265080,52102885.7748
"Bourne legacy",1421793840,1485068256,63274416,52102885.7748
"Bourne legacy",1421793840,1422499260,705420,52102885.7748
"Bourne legacy",1421866380,1485068256,63201876,52102885.7748
"Bourne legacy",1421866380,1421875440,9060,52102885.7748
"Bourne legacy",1421875800,1485068256,63192456,52102885.7748
"Bourne legacy",1421875800,1422472260,596460,52102885.7748
"Bourne legacy",1421879100,1485068256,63189156,52102885.7748
"Bourne legacy",1421879100,1422664680,785580,52102885.7748
"Bourne legacy",1421880960,1485068256,63187296,52102885.7748
"Bourne legacy",1421880960,1422487080,606120,52102885.7748
"Bourne legacy",1421886000,1485068256,63182256,52102885.7748
"Bourne legacy",1421886000,1422401460,515460,52102885.7748
"Bourne legacy",1421893620,1485068256,63174636,52102885.7748
"Bourne legacy",1421958900,1485068256,63109356,52102885.7748
"Bourne legacy",1421969580,1485068256,63098676,52102885.7748
"Bourne legacy",1422126660,1485068256,62941596,52102885.7748
"Bourne legacy",1422131220,1485068256,62937036,52102885.7748
"Bourne legacy",1422131220,1422225660,94440,52102885.7748
"Bourne legacy",1422139320,1485068256,62928936,52102885.7748
"Bourne legacy",1422139320,1423359660,1220340,52102885.7748
"Bourne legacy",1422140340,1485068256,62927916,52102885.7748
"Bourne legacy",1422140340,1422396240,255900,52102885.7748
"Bourne legacy",1422148500,1485068256,62919756,52102885.7748
"Bourne legacy",1422148500,1423015080,866580,52102885.7748
"Bourne legacy",1422307020,1485068256,62761236,52102885.7748
"Bourne legacy",1422307020,1422912900,605880,52102885.7748
"Bourne legacy",1422320040,1485068256,62748216,52102885.7748
"Bourne legacy",1422320040,1422923160,603120,52102885.7748
"Bourne legacy",1422324240,1485068256,62744016,52102885.7748
"Bourne legacy",1422324240,1424747520,2423280,52102885.7748
"Bourne legacy",1422404460,1485068256,62663796,52102885.7748
"Bourne legacy",1422404460,1422572280,167820,52102885.7748
"Bourne legacy",1422406740,1485068256,62661516,52102885.7748
"Bourne legacy",1422478440,1485068256,62589816,52102885.7748
"Bourne legacy",1422487320,1485068256,62580936,52102885.7748
"Bourne legacy",1422487320,1424910240,2422920,52102885.7748
"Bourne legacy",1422489600,1422489600,0,52102885.7748
"Bourne legacy",1422491580,1485068256,62576676,52102885.7748
"Bourne legacy",1422491580,1422836040,344460,52102885.7748
"Bourne legacy",1422499020,1485068256,62569236,52102885.7748
"Bourne legacy",1422569940,1485068256,62498316,52102885.7748
"Bourne legacy",1422572940,1485068256,62495316,52102885.7748
"Bourne legacy",1422572940,1423090920,517980,52102885.7748
"Bourne legacy",1422576180,1485068256,62492076,52102885.7748
"Bourne legacy",1422576180,1422746340,170160,52102885.7748
"Bourne legacy",1422580500,1485068256,62487756,52102885.7748
"Bourne legacy",1422580500,1424993760,2413260,52102885.7748
"Bourne legacy",1422643620,1485068256,62424636,52102885.7748
"Bourne legacy",1422655560,1485068256,62412696,52102885.7748
"Bourne legacy",1422655560,1424373300,1717740,52102885.7748
"Bourne legacy",1422663000,1485068256,62405256,52102885.7748
"Bourne legacy",1422663000,1422914940,251940,52102885.7748
"Bourne legacy",1422733200,1485068256,62335056,52102885.7748
"Bourne legacy",1422733200,1423342920,609720,52102885.7748
"Bourne legacy",1422738660,1485068256,62329596,52102885.7748
"Bourne legacy",1422738660,1423859100,1120440,52102885.7748
"Bourne legacy",1422739800,1485068256,62328456,52102885.7748
"Bourne legacy",1422739800,1423343340,603540,52102885.7748
"Bourne legacy",1422749940,1485068256,62318316,52102885.7748
"Bourne legacy",1422749940,1422913800,163860,52102885.7748
"Bourne legacy",1422755160,1485068256,62313096,52102885.7748
"Bourne legacy",1422755160,1423354740,599580,52102885.7748
"Bourne legacy",1422912900,1485068256,62155356,52102885.7748
"Bourne legacy",1422912900,1423079280,166380,52102885.7748
"Bourne legacy",1422916980,1485068256,62151276,52102885.7748
"Bourne legacy",1422916980,1423270860,353880,52102885.7748
"Bourne legacy",1422998400,1485068256,62069856,52102885.7748
"Bourne legacy",1422998400,1423612020,613620,52102885.7748
"Bourne legacy",1423000560,1485068256,62067696,52102885.7748
"Bourne legacy",1423000560,1425076020,2075460,52102885.7748
"Bourne legacy",1423078500,1485068256,61989756,52102885.7748
"Bourne legacy",1423078500,1423604100,525600,52102885.7748
"Bourne legacy",1423085160,1485068256,61983096,52102885.7748
"Bourne legacy",1423085160,1425504000,2418840,52102885.7748
"Bourne legacy",1423093620,1485068256,61974636,52102885.7748
"Bourne legacy",1423094400,1485068256,61973856,52102885.7748
"Bourne legacy",1423095840,1485068256,61972416,52102885.7748
"Bourne legacy",1423095840,1423947300,851460,52102885.7748
"Bourne legacy",1423102200,1485068256,61966056,52102885.7748
"Bourne legacy",1423102200,1423850520,748320,52102885.7748
"Bourne legacy",1423164180,1485068256,61904076,52102885.7748
"Bourne legacy",1423164180,1423948680,784500,52102885.7748
"Bourne legacy",1423179000,1485068256,61889256,52102885.7748
"Bourne legacy",1423179000,1425158760,1979760,52102885.7748
"Bourne legacy",1423189260,1485068256,61878996,52102885.7748
"Bourne legacy",1423189260,1423513680,324420,52102885.7748
"Bourne legacy",1423273320,1485068256,61794936,52102885.7748
"Bourne legacy",1423273320,1424298540,1025220,52102885.7748
"Bourne legacy",1423355520,1485068256,61712736,52102885.7748
"Bourne legacy",1423355520,1423878420,522900,52102885.7748
"Bourne legacy",1423429740,1485068256,61638516,52102885.7748
"Bourne legacy",1423429740,1423535880,106140,52102885.7748
"Bourne legacy",1423432560,1485068256,61635696,52102885.7748
"Bourne legacy",1423435260,1485068256,61632996,52102885.7748
"Bourne legacy",1423435260,1423701180,265920,52102885.7748
"Bourne legacy",1423435740,1485068256,61632516,52102885.7748
"Bourne legacy",1423517640,1485068256,61550616,52102885.7748
"Bourne legacy",1423517640,1423948320,430680,52102885.7748
"Bourne legacy",1423525680,1485068256,61542576,52102885.7748
"Bourne legacy",1423525680,1424396700,871020,52102885.7748
"Bourne legacy",1423605600,1485068256,61462656,52102885.7748
"Bourne legacy",1423605600,1424832900,1227300,52102885.7748
"Bourne legacy",1423611900,1423611960,60,52102885.7748
"Bourne legacy",1423611960,1485068256,61456296,52102885.7748
"Bourne legacy",1423611960,1425609000,1997040,52102885.7748
"Bourne legacy",1423620360,1485068256,61447896,52102885.7748
"Bourne legacy",1423620360,1424911440,1291080,52102885.7748
"Bourne legacy",1423621200,1485068256,61447056,52102885.7748
"Bourne legacy",1423622760,1485068256,61445496,52102885.7748
"Bourne legacy",1423680120,1485068256,61388136,52102885.7748
"Bourne legacy",1423680120,1424985720,1305600,52102885.7748
"Bourne legacy",1423686060,1485068256,61382196,52102885.7748
"Bourne legacy",1423686060,1424808960,1122900,52102885.7748
"Bourne legacy",1423687380,1485068256,61380876,52102885.7748
"Bourne legacy",1423687380,1424372520,685140,52102885.7748
"Bourne legacy",1423689120,1485068256,61379136,52102885.7748
"Bourne legacy",1423689120,1424039100,349980,52102885.7748
"Bourne legacy",1423712280,1485068256,61355976,52102885.7748
"Bourne legacy",1423771800,1485068256,61296456,52102885.7748
"Bourne legacy",1423771800,1424288400,516600,52102885.7748
"Bourne legacy",1423782060,1485068256,61286196,52102885.7748
"Bourne legacy",1423788840,1485068256,61279416,52102885.7748
"Bourne legacy",1423788840,1424989440,1200600,52102885.7748
"Bourne legacy",1423876500,1485068256,61191756,52102885.7748
"Bourne legacy",1423946520,1485068256,61121736,52102885.7748
"Bourne legacy",1423949700,1485068256,61118556,52102885.7748
"Bourne legacy",1423949700,1424043480,93780,52102885.7748
"Bourne legacy",1423955100,1485068256,61113156,52102885.7748
"Bourne legacy",1424031660,1485068256,61036596,52102885.7748
"Bourne legacy",1424031660,1424645100,613440,52102885.7748
"Bourne legacy",1424038080,1485068256,61030176,52102885.7748
"Bourne legacy",1424038080,1424202660,164580,52102885.7748
"Bourne legacy",1424212140,1485068256,60856116,52102885.7748
"Bourne legacy",1424212140,1425931080,1718940,52102885.7748
"Bourne legacy",1424215380,1485068256,60852876,52102885.7748
"Bourne legacy",1424215380,1424742540,527160,52102885.7748
"Bourne legacy",1424307660,1485068256,60760596,52102885.7748
"Bourne legacy",1424307660,1425522120,1214460,52102885.7748
"Bourne legacy",1424309220,1485068256,60759036,52102885.7748
"Bourne legacy",1424309220,1425598260,1289040,52102885.7748
"Bourne legacy",1424376540,1485068256,60691716,52102885.7748
"Bourne legacy",1424376540,1425590280,1213740,52102885.7748
"Bourne legacy",1424386800,1485068256,60681456,52102885.7748
"Bourne legacy",1424484120,1485068256,60584136,52102885.7748
"Bourne legacy",1424484120,1424649240,165120,52102885.7748
"Bourne legacy",1424545920,1485068256,60522336,52102885.7748
"Bourne legacy",1424545920,1425428100,882180,52102885.7748
"Bourne legacy",1424561760,1485068256,60506496,52102885.7748
"Bourne legacy",1424561760,1425593340,1031580,52102885.7748
"Bourne legacy",1424638740,1485068256,60429516,52102885.7748
"Bourne legacy",1424638740,1425166800,528060,52102885.7748
"Bourne legacy",1424655660,1485068256,60412596,52102885.7748
"Bourne legacy",1424655660,1425434280,778620,52102885.7748
"Bourne legacy",1424739840,1485068256,60328416,52102885.7748
"Bourne legacy",1424739840,1425935700,1195860,52102885.7748
"Bourne legacy",1424812140,1485068256,60256116,52102885.7748
"Bourne legacy",1424812140,1425414180,602040,52102885.7748
"Bourne legacy",1424812560,1485068256,60255696,52102885.7748
"Bourne legacy",1424812560,1428024240,3211680,52102885.7748
"Bourne legacy",1424818920,1485068256,60249336,52102885.7748
"Bourne legacy",1424818920,1425424740,605820,52102885.7748
"Bourne legacy",1424835960,1485068256,60232296,52102885.7748
"Bourne legacy",1424835960,1425440460,604500,52102885.7748
"Bourne legacy",1424896560,1485068256,60171696,52102885.7748
"Bourne legacy",1424896560,1425083280,186720,52102885.7748
"Bourne legacy",1424900040,1485068256,60168216,52102885.7748
"Bourne legacy",1424977620,1485068256,60090636,52102885.7748
"Bourne legacy",1424977620,1425075780,98160,52102885.7748
"Bourne legacy",1424985120,1485068256,60083136,52102885.7748
"Bourne legacy",1424985120,1425601020,615900,52102885.7748
"Bourne legacy",1424988360,1485068256,60079896,52102885.7748
"Bourne legacy",1424988360,1426288560,1300200,52102885.7748
"Bourne legacy",1424993940,1485068256,60074316,52102885.7748
"Bourne legacy",1424993940,1425083280,89340,52102885.7748
"Bourne legacy",1425000660,1485068256,60067596,52102885.7748
"Bourne legacy",1425000660,1426026960,1026300,52102885.7748
"Bourne legacy",1425006180,1485068256,60062076,52102885.7748
"Bourne legacy",1425006180,1425938940,932760,52102885.7748
"Bourne legacy",1425147660,1485068256,59920596,52102885.7748
"Bourne legacy",1425147660,1425680880,533220,52102885.7748
"Bourne legacy",1425149700,1485068256,59918556,52102885.7748
"Bourne legacy",1425149700,1425687360,537660,52102885.7748
"Bourne legacy",1425158520,1485068256,59909736,52102885.7748
"Bourne legacy",1425158520,1426115400,956880,52102885.7748
"Bourne legacy",1425169980,1485068256,59898276,52102885.7748
"Bourne legacy",1425257940,1485068256,59810316,52102885.7748
"Bourne legacy",1425257940,1425439860,181920,52102885.7748
"Bourne legacy",1425336240,1485068256,59732016,52102885.7748
"Bourne legacy",1425336240,1426283940,947700,52102885.7748
"Bourne legacy",1425336720,1485068256,59731536,52102885.7748
"Bourne legacy",1425336720,1425415020,78300,52102885.7748
"Bourne legacy",1425338520,1485068256,59729736,52102885.7748
"Bourne legacy",1425338520,1425597480,258960,52102885.7748
"Bourne legacy",1425434760,1485068256,59633496,52102885.7748
"Bourne legacy",1425434760,1425671220,236460,52102885.7748
"Bourne legacy",1425434880,1485068256,59633376,52102885.7748
"Bourne legacy",1425434880,1425853380,418500,52102885.7748
"Bourne legacy",1425492720,1485068256,59575536,52102885.7748
"Bourne legacy",1425493080,1485068256,59575176,52102885.7748
"Bourne legacy",1425493080,1428345660,2852580,52102885.7748
"Bourne legacy",1425507540,1485068256,59560716,52102885.7748
"Bourne legacy",1425507540,1426113840,606300,52102885.7748
"Bourne legacy",1425520800,1485068256,59547456,52102885.7748
"Bourne legacy",1425684240,1485068256,59384016,52102885.7748
"Bourne legacy",1425684840,1485068256,59383416,52102885.7748
"Bourne legacy",1425684840,1425942600,257760,52102885.7748
"Bourne legacy",1425688740,1485068256,59379516,52102885.7748
"Bourne legacy",1425688740,1427066460,1377720,52102885.7748
"Bourne legacy",1425765780,1485068256,59302476,52102885.7748
"Bourne legacy",1425765780,1426716360,950580,52102885.7748
"Bourne legacy",1425774180,1485068256,59294076,52102885.7748
"Bourne legacy",1425849840,1485068256,59218416,52102885.7748
"Bourne legacy",1425849840,1426036020,186180,52102885.7748
"Bourne legacy",1425855540,1485068256,59212716,52102885.7748
"Bourne legacy",1425855540,1426021380,165840,52102885.7748
"Bourne legacy",1425858780,1485068256,59209476,52102885.7748
"Bourne legacy",1425858780,1427670180,1811400,52102885.7748
"Bourne legacy",1425926640,1485068256,59141616,52102885.7748
"Bourne legacy",1425926640,1426111320,184680,52102885.7748
"Bourne legacy",1425934380,1485068256,59133876,52102885.7748
"Bourne legacy",1425934380,1426023480,89100,52102885.7748
"Bourne legacy",1425943920,1485068256,59124336,52102885.7748
"Bourne legacy",1425948660,1485068256,59119596,52102885.7748
"Bourne legacy",1425948660,1426545720,597060,52102885.7748
"Bourne legacy",1425950160,1485068256,59118096,52102885.7748
"Bourne legacy",1425950160,1426288500,338340,52102885.7748
"Bourne legacy",1426022880,1485068256,59045376,52102885.7748
"Bourne legacy",1426034400,1485068256,59033856,52102885.7748
"Bourne legacy",1426036020,1485068256,59032236,52102885.7748
"Bourne legacy",1426036020,1426556940,520920,52102885.7748
"Bourne legacy",1426036320,1485068256,59031936,52102885.7748
"Bourne legacy",1426036320,1427058720,1022400,52102885.7748
"Bourne legacy",1426095060,1485068256,58973196,52102885.7748
"Bourne legacy",1426095060,1426194600,99540,52102885.7748
"Bourne legacy",1426190880,1485068256,58877376,52102885.7748
"Bourne legacy",1426190880,1426786200,595320,52102885.7748
"Bourne legacy",1426199580,1485068256,58868676,52102885.7748
"Bourne legacy",1426282500,1485068256,58785756,52102885.7748
"Bourne legacy",1426282500,1429756440,3473940,52102885.7748
"Bourne legacy",1426282680,1485068256,58785576,52102885.7748
"Bourne legacy",1426282680,1427419440,1136760,52102885.7748
"Bourne legacy",1426354440,1485068256,58713816,52102885.7748
"Bourne legacy",1426354440,1427584980,1230540,52102885.7748
"Bourne legacy",1426356480,1485068256,58711776,52102885.7748
"Bourne legacy",1426356480,1426460100,103620,52102885.7748
"Bourne legacy",1426362420,1485068256,58705836,52102885.7748
"Bourne legacy",1426362420,1426463220,100800,52102885.7748
"Bourne legacy",1426377000,1485068256,58691256,52102885.7748
"Bourne legacy",1426377960,1485068256,58690296,52102885.7748
"Bourne legacy",1426377960,1426450380,72420,52102885.7748
"Bourne legacy",1426380240,1485068256,58688016,52102885.7748
"Bourne legacy",1426534260,1485068256,58533996,52102885.7748
"Bourne legacy",1426536900,1485068256,58531356,52102885.7748
"Bourne legacy",1426539420,1485068256,58528836,52102885.7748
"Bourne legacy",1426539420,1427145420,606000,52102885.7748
"Bourne legacy",1426549860,1485068256,58518396,52102885.7748
"Bourne legacy",1426549860,1427054760,504900,52102885.7748
"Bourne legacy",1426551540,1485068256,58516716,52102885.7748
"Bourne legacy",1426551540,1427404920,853380,52102885.7748
"Bourne legacy",1426555200,1485068256,58513056,52102885.7748
"Bourne legacy",1426555200,1427752680,1197480,52102885.7748
"Bourne legacy",1426627980,1485068256,58440276,52102885.7748
"Bourne legacy",1426627980,1426976580,348600,52102885.7748
"Bourne legacy",1426700580,1485068256,58367676,52102885.7748
"Bourne legacy",1426700580,1429225200,2524620,52102885.7748
"Bourne legacy",1426705560,1485068256,58362696,52102885.7748
"Bourne legacy",1426714500,1485068256,58353756,52102885.7748
"Bourne legacy",1426718580,1485068256,58349676,52102885.7748
"Bourne legacy",1426727520,1485068256,58340736,52102885.7748
"Bourne legacy",1426727520,1428633720,1906200,52102885.7748
"Bourne legacy",1426797300,1485068256,58270956,52102885.7748
"Bourne legacy",1426797300,1429397160,2599860,52102885.7748
"Bourne legacy",1426819020,1485068256,58249236,52102885.7748
"Bourne legacy",1426819020,1426957500,138480,52102885.7748
"Bourne legacy",1426893360,1485068256,58174896,52102885.7748
"Bourne legacy",1426893360,1427160420,267060,52102885.7748
"Bourne legacy",1426896180,1485068256,58172076,52102885.7748
"Bourne legacy",1426897680,1485068256,58170576,52102885.7748
"Bourne legacy",1426897680,1427136840,239160,52102885.7748
"Bourne legacy",1426897860,1485068256,58170396,52102885.7748
"Bourne legacy",1426897860,1428358980,1461120,52102885.7748
"Bourne legacy",1426971120,1485068256,58097136,52102885.7748
"Bourne legacy",1426971120,1428176460,1205340,52102885.7748
"Bourne legacy",1426972500,1485068256,58095756,52102885.7748
"Bourne legacy",1426972500,1427757540,785040,52102885.7748
"Bourne legacy",1427142420,1485068256,57925836,52102885.7748
"Bourne legacy",1427148840,1485068256,57919416,52102885.7748
"Bourne legacy",1427148840,1427667600,518760,52102885.7748
"Bourne legacy",1427149500,1485068256,57918756,52102885.7748
"Bourne legacy",1427149500,1428004440,854940,52102885.7748
"Bourne legacy",1427157420,1485068256,57910836,52102885.7748
"Bourne legacy",1427157420,1427576580,419160,52102885.7748
"Bourne legacy",1427157660,1485068256,57910596,52102885.7748
"Bourne legacy",1427157660,1429576860,2419200,52102885.7748
"Bourne legacy",1427234400,1485068256,57833856,52102885.7748
"Bourne legacy",1427234400,1428698640,1464240,52102885.7748
"Bourne legacy",1427239680,1485068256,57828576,52102885.7748
"Bourne legacy",1427239680,1427847300,607620,52102885.7748
"Bourne legacy",1427250780,1485068256,57817476,52102885.7748
"Bourne legacy",1427250780,1427659800,409020,52102885.7748
"Bourne legacy",1427393160,1485068256,57675096,52102885.7748
"Bourne legacy",1427482440,1485068256,57585816,52102885.7748
"Bourne legacy",1427482440,1427832300,349860,52102885.7748
"Bourne legacy",1427567220,1485068256,57501036,52102885.7748
"Bourne legacy",1427567220,1428701460,1134240,52102885.7748
"Bourne legacy",1427661840,1485068256,57406416,52102885.7748
"Bourne legacy",1427661840,1431823620,4161780,52102885.7748
"Bourne legacy",1427662140,1485068256,57406116,52102885.7748
"Bourne legacy",1427662140,1428091680,429540,52102885.7748
"Bourne legacy",1427665020,1485068256,57403236,52102885.7748
"Bourne legacy",1427665020,1428442800,777780,52102885.7748
"Bourne legacy",1427736540,1485068256,57331716,52102885.7748
"Bourne legacy",1427736540,1428025440,288900,52102885.7748
"Bourne legacy",1427746080,1485068256,57322176,52102885.7748
"Bourne legacy",1427746080,1430260080,2514000,52102885.7748
"Bourne legacy",1427747160,1485068256,57321096,52102885.7748
"Bourne legacy",1427850360,1485068256,57217896,52102885.7748
"Bourne legacy",1427917320,1485068256,57150936,52102885.7748
"Bourne legacy",1427917320,1428189000,271680,52102885.7748
"Bourne legacy",1428007920,1485068256,57060336,52102885.7748
"Bourne legacy",1428007920,1429135620,1127700,52102885.7748
"Bourne legacy",1428024660,1485068256,57043596,52102885.7748
"Bourne legacy",1428024660,1428772500,747840,52102885.7748
"Bourne legacy",1428086400,1485068256,56981856,52102885.7748
"Bourne legacy",1428086400,1428370560,284160,52102885.7748
"Bourne legacy",1428091080,1485068256,56977176,52102885.7748
"Bourne legacy",1428091080,1428372780,281700,52102885.7748
"Bourne legacy",1428096120,1485068256,56972136,52102885.7748
"Bourne legacy",1428101220,1485068256,56967036,52102885.7748
"Bourne legacy",1428101220,1429137420,1036200,52102885.7748
"Bourne legacy",1428106500,1485068256,56961756,52102885.7748
"Bourne legacy",1428106500,1430767920,2661420,52102885.7748
"Bourne legacy",1428175200,1485068256,56893056,52102885.7748
"Bourne legacy",1428175200,1428623340,448140,52102885.7748
"Bourne legacy",1428183420,1485068256,56884836,52102885.7748
"Bourne legacy",1428183420,1429397880,1214460,52102885.7748
"Bourne legacy",1428192360,1485068256,56875896,52102885.7748
"Bourne legacy",1428345300,1485068256,56722956,52102885.7748
"Bourne legacy",1428357180,1485068256,56711076,52102885.7748
"Bourne legacy",1428357180,1428618720,261540,52102885.7748
"Bourne legacy",1428359700,1485068256,56708556,52102885.7748
"Bourne legacy",1428359700,1429476900,1117200,52102885.7748
"Bourne legacy",1428374340,1485068256,56693916,52102885.7748
"Bourne legacy",1428374340,1428539340,165000,52102885.7748
"Bourne legacy",1428450780,1485068256,56617476,52102885.7748
"Bourne legacy",1428450780,1429549560,1098780,52102885.7748
"Bourne legacy",1428513660,1485068256,56554596,52102885.7748
"Bourne legacy",1428513660,1428961560,447900,52102885.7748
"Bourne legacy",1428539280,1485068256,56528976,52102885.7748
"Bourne legacy",1428539280,1429817820,1278540,52102885.7748
"Bourne legacy",1428607200,1485068256,56461056,52102885.7748
"Bourne legacy",1428607200,1429736820,1129620,52102885.7748
"Bourne legacy",1428702060,1485068256,56366196,52102885.7748
"Bourne legacy",1428702060,1429221360,519300,52102885.7748
"Bourne legacy",1428702480,1485068256,56365776,52102885.7748
"Bourne legacy",1428702480,1429234800,532320,52102885.7748
"Bourne legacy",1428708480,1485068256,56359776,52102885.7748
"Bourne legacy",1428777660,1485068256,56290596,52102885.7748
"Bourne legacy",1428791340,1485068256,56276916,52102885.7748
"Bourne legacy",1428791340,1432262160,3470820,52102885.7748
"Bourne legacy",1428871680,1485068256,56196576,52102885.7748
"Bourne legacy",1428871680,1429549020,677340,52102885.7748
"Bourne legacy",1428872460,1485068256,56195796,52102885.7748
"Bourne legacy",1428879240,1485068256,56189016,52102885.7748
"Bourne legacy",1428879240,1429647120,767880,52102885.7748
"Bourne legacy",1428879660,1485068256,56188596,52102885.7748
"Bourne legacy",1428879660,1430178720,1299060,52102885.7748
"Bourne legacy",1428972840,1485068256,56095416,52102885.7748
"Bourne legacy",1428975420,1485068256,56092836,52102885.7748
"Bourne legacy",1429034160,1485068256,56034096,52102885.7748
"Bourne legacy",1429048440,1485068256,56019816,52102885.7748
"Bourne legacy",1429048440,1430273520,1225080,52102885.7748
"Bourne legacy",1429055400,1485068256,56012856,52102885.7748
"Bourne legacy",1429055400,1429563840,508440,52102885.7748
"Bourne legacy",1429055520,1485068256,56012736,52102885.7748
"Bourne legacy",1429055520,1429230720,175200,52102885.7748
"Bourne legacy",1429065180,1485068256,56003076,52102885.7748
"Bourne legacy",1429145400,1485068256,55922856,52102885.7748
"Bourne legacy",1429145400,1429396860,251460,52102885.7748
"Bourne legacy",1429300500,1485068256,55767756,52102885.7748
"Bourne legacy",1429300500,1429656060,355560,52102885.7748
"Bourne legacy",1429310580,1485068256,55757676,52102885.7748
"Bourne legacy",1429479900,1485068256,55588356,52102885.7748
"Bourne legacy",1429479900,1430006280,526380,52102885.7748
"Bourne legacy",1429485420,1485068256,55582836,52102885.7748
"Bourne legacy",1429485420,1430871060,1385640,52102885.7748
"Bourne legacy",1429549560,1485068256,55518696,52102885.7748
"Bourne legacy",1429549560,1430155860,606300,52102885.7748
"Bourne legacy",1429565940,1485068256,55502316,52102885.7748
"Bourne legacy",1429565940,1430175600,609660,52102885.7748
"Bourne legacy",1429646280,1485068256,55421976,52102885.7748
"Bourne legacy",1429646280,1430855040,1208760,52102885.7748
"Bourne legacy",1429649160,1485068256,55419096,52102885.7748
"Bourne legacy",1429649160,1429734720,85560,52102885.7748
"Bourne legacy",1429658520,1485068256,55409736,52102885.7748
"Bourne legacy",1429661040,1485068256,55407216,52102885.7748
"Bourne legacy",1429661040,1432000320,2339280,52102885.7748
"Bourne legacy",1429661340,1485068256,55406916,52102885.7748
"Bourne legacy",1429661340,1430518320,856980,52102885.7748
"Bourne legacy",1429668360,1485068256,55399896,52102885.7748
"Bourne legacy",1429668360,1430352540,684180,52102885.7748
"Bourne legacy",1429732020,1485068256,55336236,52102885.7748
"Bourne legacy",1429732020,1430275680,543660,52102885.7748
"Bourne legacy",1429741500,1485068256,55326756,52102885.7748
"Bourne legacy",1429741500,1430436060,694560,52102885.7748
"Bourne legacy",1429746060,1485068256,55322196,52102885.7748
"Bourne legacy",1429746060,1430864160,1118100,52102885.7748
"Bourne legacy",1429757880,1485068256,55310376,52102885.7748
"Bourne legacy",1429757880,1432498320,2740440,52102885.7748
"Bourne legacy",1429823340,1485068256,55244916,52102885.7748
"Bourne legacy",1429823340,1430089980,266640,52102885.7748
"Bourne legacy",1429843860,1485068256,55224396,52102885.7748
"Bourne legacy",1429843860,1430684880,841020,52102885.7748
"Bourne legacy",1429919640,1485068256,55148616,52102885.7748
"Bourne legacy",1429919640,1430592300,672660,52102885.7748
"Bourne legacy",1429994760,1485068256,55073496,52102885.7748
"Bourne legacy",1429994760,1431457500,1462740,52102885.7748
"Bourne legacy",1429996200,1485068256,55072056,52102885.7748
"Bourne legacy",1430002140,1485068256,55066116,52102885.7748
"Bourne legacy",1430002140,1431214140,1212000,52102885.7748
"Bourne legacy",1430002620,1485068256,55065636,52102885.7748
"Bourne legacy",1430002620,1431216120,1213500,52102885.7748
"Bourne legacy",1430164800,1485068256,54903456,52102885.7748
"Bourne legacy",1430164800,1430599800,435000,52102885.7748
"Bourne legacy",1430171280,1485068256,54896976,52102885.7748
"Bourne legacy",1430252640,1485068256,54815616,52102885.7748
"Bourne legacy",1430252640,1430428380,175740,52102885.7748
"Bourne legacy",1430264640,1485068256,54803616,52102885.7748
"Bourne legacy",1430268240,1485068256,54800016,52102885.7748
"Bourne legacy",1430268240,1430695680,427440,52102885.7748
"Bourne legacy",1430356260,1485068256,54711996,52102885.7748
"Bourne legacy",1430356260,1431388260,1032000,52102885.7748
"Bourne legacy",1430444160,1485068256,54624096,52102885.7748
"Bourne legacy",1430444160,1431567540,1123380,52102885.7748
"Bourne legacy",1430610000,1485068256,54458256,52102885.7748
"Bourne legacy",1430610000,1431638040,1028040,52102885.7748
"Bourne legacy",1430614500,1485068256,54453756,52102885.7748
"Bourne legacy",1430614500,1431216480,601980,52102885.7748
"Bourne legacy",1430692020,1485068256,54376236,52102885.7748
"Bourne legacy",1430692020,1431128220,436200,52102885.7748
"Bourne legacy",1430779380,1485068256,54288876,52102885.7748
"Bourne legacy",1430779380,1431647460,868080,52102885.7748
"Bourne legacy",1430783580,1485068256,54284676,52102885.7748
"Bourne legacy",1430783580,1431645420,861840,52102885.7748
"Bourne legacy",1430854980,1485068256,54213276,52102885.7748
"Bourne legacy",1430854980,1431645840,790860,52102885.7748
"Bourne legacy",1430856060,1485068256,54212196,52102885.7748
"Bourne legacy",1430856060,1431560400,704340,52102885.7748
"Bourne legacy",1430859660,1485068256,54208596,52102885.7748
"Bourne legacy",1430859660,1432501920,1642260,52102885.7748
"Bourne legacy",1430953200,1485068256,54115056,52102885.7748
"Bourne legacy",1430953200,1432256640,1303440,52102885.7748
"Bourne legacy",1430953440,1485068256,54114816,52102885.7748
"Bourne legacy",1430953440,1431474600,521160,52102885.7748
"Bourne legacy",1430959800,1485068256,54108456,52102885.7748
"Bourne legacy",1430959800,1432001160,1041360,52102885.7748
"Bourne legacy",1431022440,1485068256,54045816,52102885.7748
"Bourne legacy",1431022440,1431633180,610740,52102885.7748
"Bourne legacy",1431025680,1485068256,54042576,52102885.7748
"Bourne legacy",1431025680,1434408780,3383100,52102885.7748
"Bourne legacy",1431030180,1485068256,54038076,52102885.7748
"Bourne legacy",1431030180,1431822780,792600,52102885.7748
"Bourne legacy",1431042660,1485068256,54025596,52102885.7748
"Bourne legacy",1431117120,1485068256,53951136,52102885.7748
"Bourne legacy",1431120420,1485068256,53947836,52102885.7748
"Bourne legacy",1431217320,1485068256,53850936,52102885.7748
"Bourne legacy",1431217620,1485068256,53850636,52102885.7748
"Bourne legacy",1431217620,1432151640,934020,52102885.7748
"Bourne legacy",1431288420,1485068256,53779836,52102885.7748
"Bourne legacy",1431297420,1485068256,53770836,52102885.7748
"Bourne legacy",1431302520,1485068256,53765736,52102885.7748
"Bourne legacy",1431392400,1485068256,53675856,52102885.7748
"Bourne legacy",1431392400,1431807840,415440,52102885.7748
"Bourne legacy",1431393180,1485068256,53675076,52102885.7748
"Bourne legacy",1431393180,1431633660,240480,52102885.7748
"Bourne legacy",1431396600,1485068256,53671656,52102885.7748
"Bourne legacy",1431462000,1485068256,53606256,52102885.7748
"Bourne legacy",1431462000,1431713100,251100,52102885.7748
"Bourne legacy",1431481380,1485068256,53586876,52102885.7748
"Bourne legacy",1431647940,1485068256,53420316,52102885.7748
"Bourne legacy",1431647940,1434507060,2859120,52102885.7748
"Bourne legacy",1431737760,1485068256,53330496,52102885.7748
"Bourne legacy",1431737760,1432506720,768960,52102885.7748
"Bourne legacy",1431800760,1485068256,53267496,52102885.7748
"Bourne legacy",1431800760,1431900300,99540,52102885.7748
"Bourne legacy",1431810840,1485068256,53257416,52102885.7748
"Bourne legacy",1431810840,1432243140,432300,52102885.7748
"Bourne legacy",1431817140,1485068256,53251116,52102885.7748
"Bourne legacy",1431817140,1431993780,176640,52102885.7748
"Bourne legacy",1431902460,1485068256,53165796,52102885.7748
"Bourne legacy",1431902460,1432925640,1023180,52102885.7748
"Bourne legacy",1431975900,1485068256,53092356,52102885.7748
"Bourne legacy",1431975900,1432665960,690060,52102885.7748
"Bourne legacy",1431991260,1485068256,53076996,52102885.7748
"Bourne legacy",1431991260,1432153500,162240,52102885.7748
"Bourne legacy",1431991320,1485068256,53076936,52102885.7748
"Bourne legacy",1431991320,1433194860,1203540,52102885.7748
"Bourne legacy",1431997200,1485068256,53071056,52102885.7748
"Bourne legacy",1431997200,1432418040,420840,52102885.7748
"Bourne legacy",1432068420,1485068256,52999836,52102885.7748
"Bourne legacy",1432068420,1432500120,431700,52102885.7748
"Bourne legacy",1432068660,1485068256,52999596,52102885.7748
"Bourne legacy",1432088100,1485068256,52980156,52102885.7748
"Bourne legacy",1432088100,1433031960,943860,52102885.7748
"Bourne legacy",1432089300,1485068256,52978956,52102885.7748
"Bourne legacy",1432089300,1432694580,605280,52102885.7748
"Bourne legacy",1432150260,1485068256,52917996,52102885.7748
"Bourne legacy",1432150260,1432335360,185100,52102885.7748
"Bourne legacy",1432151100,1485068256,52917156,52102885.7748
"Bourne legacy",1432237740,1485068256,52830516,52102885.7748
"Bourne legacy",1432237740,1433028480,790740,52102885.7748
"Bourne legacy",1432252200,1485068256,52816056,52102885.7748
"Bourne legacy",1432252200,1433186940,934740,52102885.7748
"Bourne legacy",1432252620,1485068256,52815636,52102885.7748
"Bourne legacy",1432252620,1433010720,758100,52102885.7748
"Bourne legacy",1432256040,1485068256,52812216,52102885.7748
"Bourne legacy",1432256040,1432511940,255900,52102885.7748
"Bourne legacy",1432330980,1485068256,52737276,52102885.7748
"Bourne legacy",1432330980,1432932360,601380,52102885.7748
"Bourne legacy",1432420620,1485068256,52647636,52102885.7748
"Bourne legacy",1432420620,1433025180,604560,52102885.7748
"Bourne legacy",1432421640,1485068256,52646616,52102885.7748
"Bourne legacy",1432500840,1485068256,52567416,52102885.7748
"Bourne legacy",1432500840,1432678320,177480,52102885.7748
"Bourne legacy",1432511400,1485068256,52556856,52102885.7748
"Bourne legacy",1432676040,1485068256,52392216,52102885.7748
"Bourne legacy",1432676040,1434064500,1388460,52102885.7748
"Bourne legacy",1432676160,1485068256,52392096,52102885.7748
"Bourne legacy",1432676160,1433891700,1215540,52102885.7748
"Bourne legacy",1432687200,1485068256,52381056,52102885.7748
"Bourne legacy",1432687200,1433297280,610080,52102885.7748
"Bourne legacy",1432692660,1485068256,52375596,52102885.7748
"Bourne legacy",1432692660,1434494760,1802100,52102885.7748
"Bourne legacy",1432693380,1485068256,52374876,52102885.7748
"Bourne legacy",1432693380,1433109540,416160,52102885.7748
"Bourne legacy",1432762500,1485068256,52305756,52102885.7748
"Bourne legacy",1432762500,1435882620,3120120,52102885.7748
"Bourne legacy",1432768500,1485068256,52299756,52102885.7748
"Bourne legacy",1432769940,1485068256,52298316,52102885.7748
"Bourne legacy",1432769940,1433194380,424440,52102885.7748
"Bourne legacy",1432847040,1485068256,52221216,52102885.7748
"Bourne legacy",1432850220,1485068256,52218036,52102885.7748
"Bourne legacy",1432850220,1433284980,434760,52102885.7748
"Bourne legacy",1432926720,1485068256,52141536,52102885.7748
"Bourne legacy",1432926720,1434145440,1218720,52102885.7748
"Bourne legacy",1432943100,1485068256,52125156,52102885.7748
"Bourne legacy",1432943100,1433548500,605400,52102885.7748
"Bourne legacy",1433031540,1485068256,52036716,52102885.7748
"Bourne legacy",1433033760,1485068256,52034496,52102885.7748
"Bourne legacy",1433033760,1434592560,1558800,52102885.7748
"Bourne legacy",1433033760,1435082460,2048700,52102885.7748
"Bourne legacy",1433033880,1485068256,52034376,52102885.7748
"Bourne legacy",1433033880,1434229380,1195500,52102885.7748
"Bourne legacy",1433111220,1485068256,51957036,52102885.7748
"Bourne legacy",1433111220,1434314640,1203420,52102885.7748
"Bourne legacy",1433115240,1485068256,51953016,52102885.7748
"Bourne legacy",1433115240,1433615100,499860,52102885.7748
"Bourne legacy",1433120160,1485068256,51948096,52102885.7748
"Bourne legacy",1433120160,1433454660,334500,52102885.7748
"Bourne legacy",1433192940,1485068256,51875316,52102885.7748
"Bourne legacy",1433192940,1433374320,181380,52102885.7748
"Bourne legacy",1433285340,1485068256,51782916,52102885.7748
"Bourne legacy",1433285340,1433462280,176940,52102885.7748
"Bourne legacy",1433292240,1485068256,51776016,52102885.7748
"Bourne legacy",1433292240,1435027860,1735620,52102885.7748
"Bourne legacy",1433292780,1485068256,51775476,52102885.7748
"Bourne legacy",1433292780,1434049680,756900,52102885.7748
"Bourne legacy",1433372340,1485068256,51695916,52102885.7748
"Bourne legacy",1433372340,1433796240,423900,52102885.7748
"Bourne legacy",1433376840,1485068256,51691416,52102885.7748
"Bourne legacy",1433376840,1436129100,2752260,52102885.7748
"Bourne legacy",1433460780,1485068256,51607476,52102885.7748
"Bourne legacy",1433460780,1434760620,1299840,52102885.7748
"Bourne legacy",1433460840,1485068256,51607416,52102885.7748
"Bourne legacy",1433460840,1434672540,1211700,52102885.7748
"Bourne legacy",1433464320,1485068256,51603936,52102885.7748
"Bourne legacy",1433464320,1434071100,606780,52102885.7748
"Bourne legacy",1433542860,1485068256,51525396,52102885.7748
"Bourne legacy",1433542860,1433892180,349320,52102885.7748
"Bourne legacy",1433620380,1485068256,51447876,52102885.7748
"Bourne legacy",1433620380,1435438860,1818480,52102885.7748
"Bourne legacy",1433623800,1485068256,51444456,52102885.7748
"Bourne legacy",1433623800,1433716860,93060,52102885.7748
"Bourne legacy",1433634900,1485068256,51433356,52102885.7748
"Bourne legacy",1433634900,1434241980,607080,52102885.7748
"Bourne legacy",1433715720,1485068256,51352536,52102885.7748
"Bourne legacy",1433719380,1485068256,51348876,52102885.7748
"Bourne legacy",1433721540,1485068256,51346716,52102885.7748
"Bourne legacy",1433721540,1435444380,1722840,52102885.7748
"Bourne legacy",1433800980,1485068256,51267276,52102885.7748
"Bourne legacy",1433800980,1434142200,341220,52102885.7748
"Bourne legacy",1433801940,1485068256,51266316,52102885.7748
"Bourne legacy",1433801940,1435356180,1554240,52102885.7748
"Bourne legacy",1433807280,1485068256,51260976,52102885.7748
"Bourne legacy",1433807280,1434760860,953580,52102885.7748
"Bourne legacy",1433808780,1485068256,51259476,52102885.7748
"Bourne legacy",1433816520,1485068256,51251736,52102885.7748
"Bourne legacy",1433816520,1434580920,764400,52102885.7748
"Bourne legacy",1433967540,1485068256,51100716,52102885.7748
"Bourne legacy",1433967540,1434586260,618720,52102885.7748
"Bourne legacy",1434053520,1485068256,51014736,52102885.7748
"Bourne legacy",1434132660,1485068256,50935596,52102885.7748
"Bourne legacy",1434132660,1434660540,527880,52102885.7748
"Bourne legacy",1434228840,1485068256,50839416,52102885.7748
"Bourne legacy",1434228840,1434398700,169860,52102885.7748
"Bourne legacy",1434238320,1485068256,50829936,52102885.7748
"Bourne legacy",1434238320,1435266180,1027860,52102885.7748
"Bourne legacy",1434309360,1485068256,50758896,52102885.7748
"Bourne legacy",1434309360,1434490980,181620,52102885.7748
"Bourne legacy",1434314460,1485068256,50753796,52102885.7748
"Bourne legacy",1434314460,1434398220,83760,52102885.7748
"Bourne legacy",1434321060,1485068256,50747196,52102885.7748
"Bourne legacy",1434321060,1435009680,688620,52102885.7748
"Bourne legacy",1434321300,1485068256,50746956,52102885.7748
"Bourne legacy",1434321300,1435199880,878580,52102885.7748
"Bourne legacy",1434403920,1485068256,50664336,52102885.7748
"Bourne legacy",1434419580,1485068256,50648676,52102885.7748
"Bourne legacy",1434509340,1485068256,50558916,52102885.7748
"Bourne legacy",1434561240,1485068256,50507016,52102885.7748
"Bourne legacy",1434561240,1436719560,2158320,52102885.7748
"Bourne legacy",1434569520,1485068256,50498736,52102885.7748
"Bourne legacy",1434569520,1435088940,519420,52102885.7748
"Bourne legacy",1434575580,1485068256,50492676,52102885.7748
"Bourne legacy",1434575580,1435433280,857700,52102885.7748
"Bourne legacy",1434582300,1485068256,50485956,52102885.7748
"Bourne legacy",1434582300,1435279920,697620,52102885.7748
"Bourne legacy",1434583740,1485068256,50484516,52102885.7748
"Bourne legacy",1434583740,1435014780,431040,52102885.7748
"Bourne legacy",1434670620,1485068256,50397636,52102885.7748
"Bourne legacy",1434670620,1435276680,606060,52102885.7748
"Bourne legacy",1434672660,1485068256,50395596,52102885.7748
"Bourne legacy",1434672660,1435707540,1034880,52102885.7748
"Bourne legacy",1434837480,1485068256,50230776,52102885.7748
"Bourne legacy",1434842940,1485068256,50225316,52102885.7748
"Bourne legacy",1434842940,1435694640,851700,52102885.7748
"Bourne legacy",1434847740,1485068256,50220516,52102885.7748
"Bourne legacy",1434847740,1436403840,1556100,52102885.7748
"Bourne legacy",1434924000,1485068256,50144256,52102885.7748
"Bourne legacy",1434996180,1485068256,50072076,52102885.7748
"Bourne legacy",1434996180,1435252020,255840,52102885.7748
"Bourne legacy",1435008480,1485068256,50059776,52102885.7748
"Bourne legacy",1435008480,1435444800,436320,52102885.7748
"Bourne legacy",1435024380,1485068256,50043876,52102885.7748
"Bourne legacy",1435090560,1485068256,49977696,52102885.7748
"Bourne legacy",1435090560,1435173300,82740,52102885.7748
"Bourne legacy",1435196520,1485068256,49871736,52102885.7748
"Bourne legacy",1435263480,1485068256,49804776,52102885.7748
"Bourne legacy",1435263480,1436396400,1132920,52102885.7748
"Bourne legacy",1435271520,1485068256,49796736,52102885.7748
"Bourne legacy",1435271520,1436294400,1022880,52102885.7748
"Bourne legacy",1435279680,1485068256,49788576,52102885.7748
"Bourne legacy",1435279680,1436215980,936300,52102885.7748
"Bourne legacy",1435339260,1485068256,49728996,52102885.7748
"Bourne legacy",1435339260,1437803700,2464440,52102885.7748
"Bourne legacy",1435365420,1485068256,49702836,52102885.7748
"Bourne legacy",1435425840,1485068256,49642416,52102885.7748
"Bourne legacy",1435425840,1436649540,1223700,52102885.7748
"Bourne legacy",1435429620,1485068256,49638636,52102885.7748
"Bourne legacy",1435444380,1485068256,49623876,52102885.7748
"Bourne legacy",1435448040,1485068256,49620216,52102885.7748
"Bourne legacy",1435448040,1437442200,1994160,52102885.7748
"Bourne legacy",1435452780,1485068256,49615476,52102885.7748
"Bourne legacy",1435452780,1439071020,3618240,52102885.7748
"Bourne legacy",1435606080,1485068256,49462176,52102885.7748
"Bourne legacy",1435606080,1436660940,1054860,52102885.7748
"Bourne legacy",1435608660,1485068256,49459596,52102885.7748
"Bourne legacy",1435608660,1436653620,1044960,52102885.7748
"Bourne legacy",1435611000,1485068256,49457256,52102885.7748
"Bourne legacy",1435629000,1485068256,49439256,52102885.7748
"Bourne legacy",1435629000,1435794300,165300,52102885.7748
"Bourne legacy",1435630260,1485068256,49437996,52102885.7748
"Bourne legacy",1435630260,1436926860,1296600,52102885.7748
"Bourne legacy",1435692900,1485068256,49375356,52102885.7748
"Bourne legacy",1435692900,1436818740,1125840,52102885.7748
"Bourne legacy",1435798020,1485068256,49270236,52102885.7748
"Bourne legacy",1435866060,1485068256,49202196,52102885.7748
"Bourne legacy",1435870500,1485068256,49197756,52102885.7748
"Bourne legacy",1435870500,1436301000,430500,52102885.7748
"Bourne legacy",1435944420,1485068256,49123836,52102885.7748
"Bourne legacy",1435944420,1436993220,1048800,52102885.7748
"Bourne legacy",1435952160,1485068256,49116096,52102885.7748
"Bourne legacy",1435952160,1436480100,527940,52102885.7748
"Bourne legacy",1435955040,1485068256,49113216,52102885.7748
"Bourne legacy",1435955040,1437510480,1555440,52102885.7748
"Bourne legacy",1436222520,1485068256,48845736,52102885.7748
"Bourne legacy",1436222520,1437156840,934320,52102885.7748
"Bourne legacy",1436223360,1485068256,48844896,52102885.7748
"Bourne legacy",1436223360,1436814660,591300,52102885.7748
"Bourne legacy",1436307000,1485068256,48761256,52102885.7748
"Bourne legacy",1436307000,1436482500,175500,52102885.7748
"Bourne legacy",1436314680,1485068256,48753576,52102885.7748
"Bourne legacy",1436322240,1485068256,48746016,52102885.7748
"Bourne legacy",1436322240,1437698520,1376280,52102885.7748
"Bourne legacy",1436561340,1485068256,48506916,52102885.7748
"Bourne legacy",1436561340,1437258840,697500,52102885.7748
"Bourne legacy",1436576280,1485068256,48491976,52102885.7748
"Bourne legacy",1436576280,1436820480,244200,52102885.7748
"Bourne legacy",1436659200,1485068256,48409056,52102885.7748
"Bourne legacy",1436659200,1437613080,953880,52102885.7748
"Bourne legacy",1436661060,1485068256,48407196,52102885.7748
"Bourne legacy",1436661060,1436742720,81660,52102885.7748
"Bourne legacy",1436662140,1485068256,48406116,52102885.7748
"Bourne legacy",1436662140,1437433140,771000,52102885.7748
"Bourne legacy",1436807640,1485068256,48260616,52102885.7748
"Bourne legacy",1436820720,1485068256,48247536,52102885.7748
"Bourne legacy",1436838960,1485068256,48229296,52102885.7748
"Bourne legacy",1436838960,1436897640,58680,52102885.7748
"Bourne legacy",1436841600,1485068256,48226656,52102885.7748
"Bourne legacy",1436907300,1485068256,48160956,52102885.7748
"Bourne legacy",1436907300,1437167520,260220,52102885.7748
"Bourne legacy",1436922660,1485068256,48145596,52102885.7748
"Bourne legacy",1436998140,1485068256,48070116,52102885.7748
"Bourne legacy",1436998140,1438294680,1296540,52102885.7748
"Bourne legacy",1437011220,1485068256,48057036,52102885.7748
"Bourne legacy",1437011220,1437518280,507060,52102885.7748
"Bourne legacy",1437074940,1485068256,47993316,52102885.7748
"Bourne legacy",1437074940,1437611280,536340,52102885.7748
"Bourne legacy",1437080340,1485068256,47987916,52102885.7748
"Bourne legacy",1437080340,1437341460,261120,52102885.7748
"Bourne legacy",1437084060,1485068256,47984196,52102885.7748
"Bourne legacy",1437084060,1437440400,356340,52102885.7748
"Bourne legacy",1437088380,1485068256,47979876,52102885.7748
"Bourne legacy",1437090480,1485068256,47977776,52102885.7748
"Bourne legacy",1437090480,1437179280,88800,52102885.7748
"Bourne legacy",1437172920,1485068256,47895336,52102885.7748
"Bourne legacy",1437176220,1485068256,47892036,52102885.7748
"Bourne legacy",1437176220,1437702360,526140,52102885.7748
"Bourne legacy",1437243300,1485068256,47824956,52102885.7748
"Bourne legacy",1437243300,1437518340,275040,52102885.7748
"Bourne legacy",1437337320,1485068256,47730936,52102885.7748
"Bourne legacy",1437337320,1437499080,161760,52102885.7748
"Bourne legacy",1437417420,1485068256,47650836,52102885.7748
"Bourne legacy",1437417420,1440444720,3027300,52102885.7748
"Bourne legacy",1437442500,1485068256,47625756,52102885.7748
"Bourne legacy",1437442500,1438459200,1016700,52102885.7748
"Bourne legacy",1437447300,1485068256,47620956,52102885.7748
"Bourne legacy",1437514500,1485068256,47553756,52102885.7748
"Bourne legacy",1437514500,1437870480,355980,52102885.7748
"Bourne legacy",1437520320,1485068256,47547936,52102885.7748
"Bourne legacy",1437520320,1437857940,337620,52102885.7748
"Bourne legacy",1437525540,1485068256,47542716,52102885.7748
"Bourne legacy",1437608700,1485068256,47459556,52102885.7748
"Bourne legacy",1437608700,1438024680,415980,52102885.7748
"Bourne legacy",1437673740,1485068256,47394516,52102885.7748
"Bourne legacy",1437673740,1438721160,1047420,52102885.7748
"Bourne legacy",1437676980,1485068256,47391276,52102885.7748
"Bourne legacy",1437676980,1437854940,177960,52102885.7748
"Bourne legacy",1437696720,1485068256,47371536,52102885.7748
"Bourne legacy",1437696720,1438893540,1196820,52102885.7748
"Bourne legacy",1437769920,1485068256,47298336,52102885.7748
"Bourne legacy",1437778740,1485068256,47289516,52102885.7748
"Bourne legacy",1437778740,1441143540,3364800,52102885.7748
"Bourne legacy",1437856860,1485068256,47211396,52102885.7748
"Bourne legacy",1437857520,1485068256,47210736,52102885.7748
"Bourne legacy",1437944700,1485068256,47123556,52102885.7748
"Bourne legacy",1437944700,1438217880,273180,52102885.7748
"Bourne legacy",1437944760,1485068256,47123496,52102885.7748
"Bourne legacy",1437944760,1439154240,1209480,52102885.7748
"Bourne legacy",1437953640,1485068256,47114616,52102885.7748
"Bourne legacy",1438025160,1485068256,47043096,52102885.7748
"Bourne legacy",1438025160,1438191480,166320,52102885.7748
"Bourne legacy",1438032120,1485068256,47036136,52102885.7748
"Bourne legacy",1438040820,1485068256,47027436,52102885.7748
"Bourne legacy",1438040820,1438211760,170940,52102885.7748
"Bourne legacy",1438201200,1485068256,46867056,52102885.7748
"Bourne legacy",1438201200,1438728720,527520,52102885.7748
"Bourne legacy",1438222260,1485068256,46845996,52102885.7748
"Bourne legacy",1438222260,1440034500,1812240,52102885.7748
"Bourne legacy",1438293660,1485068256,46774596,52102885.7748
"Bourne legacy",1438301520,1485068256,46766736,52102885.7748
"Bourne legacy",1438301520,1438740600,439080,52102885.7748
"Bourne legacy",1438371240,1485068256,46697016,52102885.7748
"Bourne legacy",1438371240,1439255820,884580,52102885.7748
"Bourne legacy",1438389600,1485068256,46678656,52102885.7748
"Bourne legacy",1438389600,1439589240,1199640,52102885.7748
"Bourne legacy",1438458240,1485068256,46610016,52102885.7748
"Bourne legacy",1438458240,1439494860,1036620,52102885.7748
"Bourne legacy",1438552320,1485068256,46515936,52102885.7748
"Bourne legacy",1438552320,1438903200,350880,52102885.7748
"Bourne legacy",1438558140,1485068256,46510116,52102885.7748
"Bourne legacy",1438558140,1439932980,1374840,52102885.7748
"Bourne legacy",1438559820,1485068256,46508436,52102885.7748
"Bourne legacy",1438632540,1485068256,46435716,52102885.7748
"Bourne legacy",1438647480,1485068256,46420776,52102885.7748
"Bourne legacy",1438647480,1439434260,786780,52102885.7748
"Bourne legacy",1438647900,1485068256,46420356,52102885.7748
"Bourne legacy",1438647900,1439154120,506220,52102885.7748
"Bourne legacy",1438825500,1485068256,46242756,52102885.7748
"Bourne legacy",1438825500,1439766360,940860,52102885.7748
"Bourne legacy",1438828920,1485068256,46239336,52102885.7748
"Bourne legacy",1438828920,1439347200,518280,52102885.7748
"Bourne legacy",1438903800,1485068256,46164456,52102885.7748
"Bourne legacy",1438903800,1439852700,948900,52102885.7748
"Bourne legacy",1439057220,1485068256,46011036,52102885.7748
"Bourne legacy",1439057220,1439684820,627600,52102885.7748
"Bourne legacy",1439149860,1485068256,45918396,52102885.7748
"Bourne legacy",1439149860,1439836500,686640,52102885.7748
"Bourne legacy",1439154900,1485068256,45913356,52102885.7748
"Bourne legacy",1439154900,1442092320,2937420,52102885.7748
"Bourne legacy",1439242380,1485068256,45825876,52102885.7748
"Bourne legacy",1439242380,1439324340,81960,52102885.7748
"Bourne legacy",1439335800,1485068256,45732456,52102885.7748
"Bourne legacy",1439335800,1440894600,1558800,52102885.7748
"Bourne legacy",1439339280,1485068256,45728976,52102885.7748
"Bourne legacy",1439410620,1485068256,45657636,52102885.7748
"Bourne legacy",1439410620,1441992780,2582160,52102885.7748
"Bourne legacy",1439419200,1441066260,1647060,52102885.7748
"Bourne legacy",1439421360,1485068256,45646896,52102885.7748
"Bourne legacy",1439421360,1439854440,433080,52102885.7748
"Bourne legacy",1439493180,1485068256,45575076,52102885.7748
"Bourne legacy",1439493180,1440192060,698880,52102885.7748
"Bourne legacy",1439508360,1485068256,45559896,52102885.7748
"Bourne legacy",1439508360,1439862660,354300,52102885.7748
"Bourne legacy",1439673420,1485068256,45394836,52102885.7748
"Bourne legacy",1439679180,1485068256,45389076,52102885.7748
"Bourne legacy",1439679180,1440727020,1047840,52102885.7748
"Bourne legacy",1439682180,1485068256,45386076,52102885.7748
"Bourne legacy",1439682180,1440872820,1190640,52102885.7748
"Bourne legacy",1439755740,1485068256,45312516,52102885.7748
"Bourne legacy",1439755740,1440036360,280620,52102885.7748
"Bourne legacy",1439761680,1485068256,45306576,52102885.7748
"Bourne legacy",1439932560,1485068256,45135696,52102885.7748
"Bourne legacy",1439932560,1441144080,1211520,52102885.7748
"Bourne legacy",1439944440,1485068256,45123816,52102885.7748
"Bourne legacy",1439944440,1440191580,247140,52102885.7748
"Bourne legacy",1439945040,1485068256,45123216,52102885.7748
"Bourne legacy",1439945340,1485068256,45122916,52102885.7748
"Bourne legacy",1439945340,1443665640,3720300,52102885.7748
"Bourne legacy",1440096840,1485068256,44971416,52102885.7748
"Bourne legacy",1440096840,1443039360,2942520,52102885.7748
"Bourne legacy",1440101820,1485068256,44966436,52102885.7748
"Bourne legacy",1440101820,1440266760,164940,52102885.7748
"Bourne legacy",1440184680,1485068256,44883576,52102885.7748
"Bourne legacy",1440270960,1485068256,44797296,52102885.7748
"Bourne legacy",1440270960,1440887760,616800,52102885.7748
"Bourne legacy",1440273720,1485068256,44794536,52102885.7748
"Bourne legacy",1440273720,1441232400,958680,52102885.7748
"Bourne legacy",1440274980,1485068256,44793276,52102885.7748
"Bourne legacy",1440274980,1441320000,1045020,52102885.7748
"Bourne legacy",1440282900,1485068256,44785356,52102885.7748
"Bourne legacy",1440282900,1441491960,1209060,52102885.7748
"Bourne legacy",1440289800,1485068256,44778456,52102885.7748
"Bourne legacy",1440289800,1440977940,688140,52102885.7748
"Bourne legacy",1440453240,1485068256,44615016,52102885.7748
"Bourne legacy",1440453240,1440882660,429420,52102885.7748
"Bourne legacy",1440454200,1485068256,44614056,52102885.7748
"Bourne legacy",1440454200,1441761600,1307400,52102885.7748
"Bourne legacy",1440461760,1485068256,44606496,52102885.7748
"Bourne legacy",1440461760,1441824840,1363080,52102885.7748
"Bourne legacy",1440549240,1485068256,44519016,52102885.7748
"Bourne legacy",1440551280,1485068256,44516976,52102885.7748
"Bourne legacy",1440800880,1485068256,44267376,52102885.7748
"Bourne legacy",1440800880,1441496520,695640,52102885.7748
"Bourne legacy",1440871560,1485068256,44196696,52102885.7748
"Bourne legacy",1440871560,1443997140,3125580,52102885.7748
"Bourne legacy",1440876900,1485068256,44191356,52102885.7748
"Bourne legacy",1440876900,1440974100,97200,52102885.7748
"Bourne legacy",1440890460,1485068256,44177796,52102885.7748
"Bourne legacy",1440890460,1441404960,514500,52102885.7748
"Bourne legacy",1441048860,1485068256,44019396,52102885.7748
"Bourne legacy",1441048860,1441220940,172080,52102885.7748
"Bourne legacy",1441050480,1485068256,44017776,52102885.7748
"Bourne legacy",1441050480,1441220700,170220,52102885.7748
"Bourne legacy",1441061460,1485068256,44006796,52102885.7748
"Bourne legacy",1441061460,1441757580,696120,52102885.7748
"Bourne legacy",1441062120,1485068256,44006136,52102885.7748
"Bourne legacy",1441062120,1441746000,683880,52102885.7748
"Bourne legacy",1441149000,1485068256,43919256,52102885.7748
"Bourne legacy",1441149000,1442267220,1118220,52102885.7748
"Bourne legacy",1441238700,1485068256,43829556,52102885.7748
"Bourne legacy",1441238700,1441570080,331380,52102885.7748
"Bourne legacy",1441240500,1485068256,43827756,52102885.7748
"Bourne legacy",1441396500,1485068256,43671756,52102885.7748
"Bourne legacy",1441396500,1443916140,2519640,52102885.7748
"Bourne legacy",1441407420,1485068256,43660836,52102885.7748
"Bourne legacy",1441491900,1485068256,43576356,52102885.7748
"Bourne legacy",1441496160,1485068256,43572096,52102885.7748
"Bourne legacy",1441496160,1441816620,320460,52102885.7748
"Bourne legacy",1441579560,1485068256,43488696,52102885.7748
"Bourne legacy",1441580880,1485068256,43487376,52102885.7748
"Bourne legacy",1441580880,1442790660,1209780,52102885.7748
"Bourne legacy",1441746060,1485068256,43322196,52102885.7748
"Bourne legacy",1441750620,1485068256,43317636,52102885.7748
"Bourne legacy",1441750620,1441920720,170100,52102885.7748
"Bourne legacy",1441754940,1485068256,43313316,52102885.7748
"Bourne legacy",1441756740,1485068256,43311516,52102885.7748
"Bourne legacy",1441756740,1442265480,508740,52102885.7748
"Bourne legacy",1441762440,1485068256,43305816,52102885.7748
"Bourne legacy",1441762440,1442280540,518100,52102885.7748
"Bourne legacy",1441826280,1485068256,43241976,52102885.7748
"Bourne legacy",1441826280,1442006100,179820,52102885.7748
"Bourne legacy",1441828140,1485068256,43240116,52102885.7748
"Bourne legacy",1441846500,1485068256,43221756,52102885.7748
"Bourne legacy",1441846500,1442695500,849000,52102885.7748
"Bourne legacy",1441931880,1485068256,43136376,52102885.7748
"Bourne legacy",1441931880,1442356440,424560,52102885.7748
"Bourne legacy",1441937760,1485068256,43130496,52102885.7748
"Bourne legacy",1441937760,1442521620,583860,52102885.7748
"Bourne legacy",1442083800,1485068256,42984456,52102885.7748
"Bourne legacy",1442083800,1443119880,1036080,52102885.7748
"Bourne legacy",1442101020,1485068256,42967236,52102885.7748
"Bourne legacy",1442101680,1485068256,42966576,52102885.7748
"Bourne legacy",1442101680,1443136080,1034400,52102885.7748
"Bourne legacy",1442101800,1485068256,42966456,52102885.7748
"Bourne legacy",1442101800,1442454000,352200,52102885.7748
"Bourne legacy",1442101980,1485068256,42966276,52102885.7748
"Bourne legacy",1442103780,1485068256,42964476,52102885.7748
"Bourne legacy",1442103780,1442793060,689280,52102885.7748
"Bourne legacy",1442171580,1485068256,42896676,52102885.7748
"Bourne legacy",1442171580,1442326860,155280,52102885.7748
"Bourne legacy",1442260920,1485068256,42807336,52102885.7748
"Bourne legacy",1442370960,1485068256,42697296,52102885.7748
"Bourne legacy",1442370960,1442788260,417300,52102885.7748
"Bourne legacy",1442430540,1485068256,42637716,52102885.7748
"Bourne legacy",1442430540,1442959560,529020,52102885.7748
"Bourne legacy",1442437680,1485068256,42630576,52102885.7748
"Bourne legacy",1442437680,1443644760,1207080,52102885.7748
"Bourne legacy",1442513760,1485068256,42554496,52102885.7748
"Bourne legacy",1442513760,1442622120,108360,52102885.7748
"Bourne legacy",1442517960,1485068256,42550296,52102885.7748
"Bourne legacy",1442691360,1485068256,42376896,52102885.7748
"Bourne legacy",1442696040,1485068256,42372216,52102885.7748
"Bourne legacy",1442696040,1443137040,441000,52102885.7748
"Bourne legacy",1442702520,1485068256,42365736,52102885.7748
"Bourne legacy",1442778960,1485068256,42289296,52102885.7748
"Bourne legacy",1442778960,1442859420,80460,52102885.7748
"Bourne legacy",1442779680,1485068256,42288576,52102885.7748
"Bourne legacy",1442779680,1443309120,529440,52102885.7748
"Bourne legacy",1442875380,1485068256,42192876,52102885.7748
"Bourne legacy",1442875380,1443555060,679680,52102885.7748
"Bourne legacy",1442879640,1485068256,42188616,52102885.7748
"Bourne legacy",1442889480,1485068256,42178776,52102885.7748
"Bourne legacy",1442889480,1444096320,1206840,52102885.7748
"Bourne legacy",1442949000,1485068256,42119256,52102885.7748
"Bourne legacy",1443116700,1485068256,41951556,52102885.7748
"Bourne legacy",1443133080,1485068256,41935176,52102885.7748
"Bourne legacy",1443133080,1444605420,1472340,52102885.7748
"Bourne legacy",1443212580,1485068256,41855676,52102885.7748
"Bourne legacy",1443212580,1445561100,2348520,52102885.7748
"Bourne legacy",1443224100,1485068256,41844156,52102885.7748
"Bourne legacy",1443224100,1444509000,1284900,52102885.7748
"Bourne legacy",1443225960,1485068256,41842296,52102885.7748
"Bourne legacy",1443225960,1443828360,602400,52102885.7748
"Bourne legacy",1443303300,1485068256,41764956,52102885.7748
"Bourne legacy",1443303300,1446938280,3634980,52102885.7748
"Bourne legacy",1443385440,1485068256,41682816,52102885.7748
"Bourne legacy",1443385440,1444074840,689400,52102885.7748
"Bourne legacy",1443546420,1485068256,41521836,52102885.7748
"Bourne legacy",1443546420,1443808260,261840,52102885.7748
"Bourne legacy",1443564180,1485068256,41504076,52102885.7748
"Bourne legacy",1443564180,1444693860,1129680,52102885.7748
"Bourne legacy",1443641460,1485068256,41426796,52102885.7748
"Bourne legacy",1443641460,1444243440,601980,52102885.7748
"Bourne legacy",1443825900,1485068256,41242356,52102885.7748
"Bourne legacy",1443825900,1445722740,1896840,52102885.7748
"Bourne legacy",1443898740,1485068256,41169516,52102885.7748
"Bourne legacy",1443898740,1445207700,1308960,52102885.7748
"Bourne legacy",1443991080,1485068256,41077176,52102885.7748
"Bourne legacy",1443991080,1444692900,701820,52102885.7748
"Bourne legacy",1443997440,1485068256,41070816,52102885.7748
"Bourne legacy",1443997440,1444862700,865260,52102885.7748
"Bourne legacy",1444099380,1485068256,40968876,52102885.7748
"Bourne legacy",1444099380,1445888520,1789140,52102885.7748
"Bourne legacy",1444151640,1485068256,40916616,52102885.7748
"Bourne legacy",1444152000,1485068256,40916256,52102885.7748
"Bourne legacy",1444152000,1444344480,192480,52102885.7748
"Bourne legacy",1444161960,1485068256,40906296,52102885.7748
"Bourne legacy",1444167420,1485068256,40900836,52102885.7748
"Bourne legacy",1444167420,1447813080,3645660,52102885.7748
"Bourne legacy",1444245240,1485068256,40823016,52102885.7748
"Bourne legacy",1444245240,1444500780,255540,52102885.7748
"Bourne legacy",1444254120,1485068256,40814136,52102885.7748
"Bourne legacy",1444254120,1445303700,1049580,52102885.7748
"Bourne legacy",1444344720,1485068256,40723536,52102885.7748
"Bourne legacy",1444344720,1444524900,180180,52102885.7748
"Bourne legacy",1444433400,1485068256,40634856,52102885.7748
"Bourne legacy",1444433400,1444767480,334080,52102885.7748
"Bourne legacy",1444516380,1485068256,40551876,52102885.7748
"Bourne legacy",1444606860,1485068256,40461396,52102885.7748
"Bourne legacy",1444606860,1445037720,430860,52102885.7748
"Bourne legacy",1444674660,1485068256,40393596,52102885.7748
"Bourne legacy",1444674660,1445115780,441120,52102885.7748
"Bourne legacy",1444761780,1485068256,40306476,52102885.7748
"Bourne legacy",1444766160,1485068256,40302096,52102885.7748
"Bourne legacy",1444766160,1444845420,79260,52102885.7748
"Bourne legacy",1444777320,1485068256,40290936,52102885.7748
"Bourne legacy",1444777320,1445107440,330120,52102885.7748
"Bourne legacy",1444777920,1485068256,40290336,52102885.7748
"Bourne legacy",1444777920,1445720520,942600,52102885.7748
"Bourne legacy",1444863120,1485068256,40205136,52102885.7748
"Bourne legacy",1444863120,1445902500,1039380,52102885.7748
"Bourne legacy",1444872120,1485068256,40196136,52102885.7748
"Bourne legacy",1445018580,1485068256,40049676,52102885.7748
"Bourne legacy",1445018580,1445277000,258420,52102885.7748
"Bourne legacy",1445040120,1485068256,40028136,52102885.7748
"Bourne legacy",1445040120,1445639820,599700,52102885.7748
"Bourne legacy",1445043180,1485068256,40025076,52102885.7748
"Bourne legacy",1445114700,1485068256,39953556,52102885.7748
"Bourne legacy",1445114700,1447541580,2426880,52102885.7748
"Bourne legacy",1445114880,1485068256,39953376,52102885.7748
"Bourne legacy",1445114880,1445449440,334560,52102885.7748
"Bourne legacy",1445201760,1485068256,39866496,52102885.7748
"Bourne legacy",1445201760,1445984040,782280,52102885.7748
"Bourne legacy",1445289840,1485068256,39778416,52102885.7748
"Bourne legacy",1445289840,1446243840,954000,52102885.7748
"Bourne legacy",1445371440,1485068256,39696816,52102885.7748
"Bourne legacy",1445371440,1448409420,3037980,52102885.7748
"Bourne legacy",1445446920,1485068256,39621336,52102885.7748
"Bourne legacy",1445446920,1447702140,2255220,52102885.7748
"Bourne legacy",1445564880,1485068256,39503376,52102885.7748
"Bourne legacy",1445635800,1485068256,39432456,52102885.7748
"Bourne legacy",1445635800,1446850560,1214760,52102885.7748
"Bourne legacy",1445639460,1485068256,39428796,52102885.7748
"Bourne legacy",1445639460,1445990640,351180,52102885.7748
"Bourne legacy",1445646240,1485068256,39422016,52102885.7748
"Bourne legacy",1445646240,1446491940,845700,52102885.7748
"Bourne legacy",1445727780,1485068256,39340476,52102885.7748
"Bourne legacy",1445727780,1446515760,787980,52102885.7748
"Bourne legacy",1445804940,1485068256,39263316,52102885.7748
"Bourne legacy",1445806620,1485068256,39261636,52102885.7748
"Bourne legacy",1445806620,1446858900,1052280,52102885.7748
"Bourne legacy",1445880780,1485068256,39187476,52102885.7748
"Bourne legacy",1445880780,1446060300,179520,52102885.7748
"Bourne legacy",1445904780,1485068256,39163476,52102885.7748
"Bourne legacy",1445904780,1446083820,179040,52102885.7748
"Bourne legacy",1445976480,1485068256,39091776,52102885.7748
"Bourne legacy",1445976480,1447210140,1233660,52102885.7748
"Bourne legacy",1445996820,1485068256,39071436,52102885.7748
"Bourne legacy",1445996820,1446165480,168660,52102885.7748
"Bourne legacy",1445997660,1485068256,39070596,52102885.7748
"Bourne legacy",1446157020,1485068256,38911236,52102885.7748
"Bourne legacy",1446157020,1446849300,692280,52102885.7748
"Bourne legacy",1446157080,1485068256,38911176,52102885.7748
"Bourne legacy",1446167400,1485068256,38900856,52102885.7748
"Bourne legacy",1446167400,1446686100,518700,52102885.7748
"Bourne legacy",1446231420,1485068256,38836836,52102885.7748
"Bourne legacy",1446231420,1446412560,181140,52102885.7748
"Bourne legacy",1446237780,1485068256,38830476,52102885.7748
"Bourne legacy",1446237780,1446501780,264000,52102885.7748
"Bourne legacy",1446247860,1485068256,38820396,52102885.7748
"Bourne legacy",1446247860,1448938200,2690340,52102885.7748
"Bourne legacy",1446327480,1485068256,38740776,52102885.7748
"Bourne legacy",1446327480,1446508440,180960,52102885.7748
"Bourne legacy",1446328380,1485068256,38739876,52102885.7748
"Bourne legacy",1446328380,1448750880,2422500,52102885.7748
"Bourne legacy",1446336300,1485068256,38731956,52102885.7748
"Bourne legacy",1446422220,1485068256,38646036,52102885.7748
"Bourne legacy",1446422220,1446669060,246840,52102885.7748
"Bourne legacy",1446596640,1485068256,38471616,52102885.7748
"Bourne legacy",1446596640,1447726500,1129860,52102885.7748
"Bourne legacy",1446597120,1485068256,38471136,52102885.7748
"Bourne legacy",1446597120,1447462920,865800,52102885.7748
"Bourne legacy",1446661980,1485068256,38406276,52102885.7748
"Bourne legacy",1446685800,1485068256,38382456,52102885.7748
"Bourne legacy",1446752160,1485068256,38316096,52102885.7748
"Bourne legacy",1446752160,1447975140,1222980,52102885.7748
"Bourne legacy",1446773460,1485068256,38294796,52102885.7748
"Bourne legacy",1446834660,1485068256,38233596,52102885.7748
"Bourne legacy",1446834660,1447366500,531840,52102885.7748
"Bourne legacy",1446923220,1485068256,38145036,52102885.7748
"Bourne legacy",1446923220,1447544520,621300,52102885.7748
"Bourne legacy",1446940080,1485068256,38128176,52102885.7748
"Bourne legacy",1446940080,1447539180,599100,52102885.7748
"Bourne legacy",1446943380,1485068256,38124876,52102885.7748
"Bourne legacy",1446943620,1485068256,38124636,52102885.7748
"Bourne legacy",1447189800,1485068256,37878456,52102885.7748
"Bourne legacy",1447189800,1447964940,775140,52102885.7748
"Bourne legacy",1447200780,1485068256,37867476,52102885.7748
"Bourne legacy",1447200780,1447721040,520260,52102885.7748
"Bourne legacy",1447204620,1485068256,37863636,52102885.7748
"Bourne legacy",1447204620,1448654880,1450260,52102885.7748
"Bourne legacy",1447209300,1485068256,37858956,52102885.7748
"Bourne legacy",1447209300,1448232900,1023600,52102885.7748
"Bourne legacy",1447528140,1485068256,37540116,52102885.7748
"Bourne legacy",1447528140,1485068256,37540116,52102885.7748
"Bourne legacy",1447528140,1448133120,604980,52102885.7748
"Bourne legacy",1447528140,1457813820,10285680,52102885.7748
"Bourne legacy",1447549800,1485068256,37518456,52102885.7748
"Bourne legacy",1447549800,1449026040,1476240,52102885.7748
"Bourne legacy",1447626960,1485068256,37441296,52102885.7748
"Bourne legacy",1447626960,1448315340,688380,52102885.7748
"Bourne legacy",1447717200,1485068256,37351056,52102885.7748
"Bourne legacy",1447717200,1448927580,1210380,52102885.7748
"Bourne legacy",1447800900,1485068256,37267356,52102885.7748
"Bourne legacy",1447800900,1447980780,179880,52102885.7748
"Bourne legacy",1447819140,1485068256,37249116,52102885.7748
"Bourne legacy",1447819140,1448069940,250800,52102885.7748
"Bourne legacy",1447877400,1485068256,37190856,52102885.7748
"Bourne legacy",1447895460,1485068256,37172796,52102885.7748
"Bourne legacy",1447956600,1485068256,37111656,52102885.7748
"Bourne legacy",1447956600,1448923500,966900,52102885.7748
"Bourne legacy",1447957140,1485068256,37111116,52102885.7748
"Bourne legacy",1447959900,1485068256,37108356,52102885.7748
"Bourne legacy",1447959900,1448926080,966180,52102885.7748
"Bourne legacy",1447967220,1485068256,37101036,52102885.7748
"Bourne legacy",1447967220,1449438420,1471200,52102885.7748
"Bourne legacy",1447978620,1485068256,37089636,52102885.7748
"Bourne legacy",1447978620,1448328600,349980,52102885.7748
"Bourne legacy",1448139900,1485068256,36928356,52102885.7748
"Bourne legacy",1448140380,1485068256,36927876,52102885.7748
"Bourne legacy",1448140380,1448656380,516000,52102885.7748
"Bourne legacy",1448321280,1485068256,36746976,52102885.7748
"Bourne legacy",1448323500,1485068256,36744756,52102885.7748
"Bourne legacy",1448323500,1449446100,1122600,52102885.7748
"Bourne legacy",1448413020,1485068256,36655236,52102885.7748
"Bourne legacy",1448413020,1448831580,418560,52102885.7748
"Bourne legacy",1448484120,1485068256,36584136,52102885.7748
"Bourne legacy",1448484120,1448653320,169200,52102885.7748
"Bourne legacy",1448500740,1485068256,36567516,52102885.7748
"Bourne legacy",1448668980,1485068256,36399276,52102885.7748
"Bourne legacy",1448668980,1448744580,75600,52102885.7748
"Bourne legacy",1448675760,1485068256,36392496,52102885.7748
"Bourne legacy",1448675760,1448839380,163620,52102885.7748
"Bourne legacy",1448734200,1485068256,36334056,52102885.7748
"Bourne legacy",1448734200,1448922480,188280,52102885.7748
"Bourne legacy",1448747040,1485068256,36321216,52102885.7748
"Bourne legacy",1448747040,1449024540,277500,52102885.7748
"Bourne legacy",1448747640,1485068256,36320616,52102885.7748
"Bourne legacy",1448747640,1449089760,342120,52102885.7748
"Bourne legacy",1448754180,1485068256,36314076,52102885.7748
"Bourne legacy",1448759640,1485068256,36308616,52102885.7748
"Bourne legacy",1448759640,1450149660,1390020,52102885.7748
"Bourne legacy",1448832540,1485068256,36235716,52102885.7748
"Bourne legacy",1448926680,1485068256,36141576,52102885.7748
"Bourne legacy",1448926680,1449104760,178080,52102885.7748
"Bourne legacy",1448932860,1485068256,36135396,52102885.7748
"Bourne legacy",1448932860,1449527160,594300,52102885.7748
"Bourne legacy",1449004620,1485068256,36063636,52102885.7748
"Bourne legacy",1449006000,1485068256,36062256,52102885.7748
"Bourne legacy",1449006000,1449175920,169920,52102885.7748
"Bourne legacy",1449006120,1485068256,36062136,52102885.7748
"Bourne legacy",1449012720,1485068256,36055536,52102885.7748
"Bourne legacy",1449012720,1449278820,266100,52102885.7748
"Bourne legacy",1449086820,1485068256,35981436,52102885.7748
"Bourne legacy",1449086820,1450136280,1049460,52102885.7748
"Bourne legacy",1449091680,1485068256,35976576,52102885.7748
"Bourne legacy",1449091680,1450048380,956700,52102885.7748
"Bourne legacy",1449095940,1485068256,35972316,52102885.7748
"Bourne legacy",1449095940,1449270300,174360,52102885.7748
"Bourne legacy",1449096780,1485068256,35971476,52102885.7748
"Bourne legacy",1449096780,1450226460,1129680,52102885.7748
"Bourne legacy",1449098040,1485068256,35970216,52102885.7748
"Bourne legacy",1449098040,1450310100,1212060,52102885.7748
"Bourne legacy",1449172440,1485068256,35895816,52102885.7748
"Bourne legacy",1449172440,1449531240,358800,52102885.7748
"Bourne legacy",1449172800,1485068256,35895456,52102885.7748
"Bourne legacy",1449172800,1449876240,703440,52102885.7748
"Bourne legacy",1449178680,1485068256,35889576,52102885.7748
"Bourne legacy",1449178680,1449713940,535260,52102885.7748
"Bourne legacy",1449183300,1485068256,35884956,52102885.7748
"Bourne legacy",1449183300,1449800640,617340,52102885.7748
"Bourne legacy",1449276120,1485068256,35792136,52102885.7748
"Bourne legacy",1449276120,1449879900,603780,52102885.7748
"Bourne legacy",1449366840,1485068256,35701416,52102885.7748
"Bourne legacy",1449520140,1485068256,35548116,52102885.7748
"Bourne legacy",1449525120,1485068256,35543136,52102885.7748
"Bourne legacy",1449525120,1449874860,349740,52102885.7748
"Bourne legacy",1449529920,1485068256,35538336,52102885.7748
"Bourne legacy",1449529920,1449698400,168480,52102885.7748
"Bourne legacy",1449860100,1485068256,35208156,52102885.7748
"Bourne legacy",1449863520,1485068256,35204736,52102885.7748
"Bourne legacy",1449863520,1450387260,523740,52102885.7748
"Bourne legacy",1449946560,1485068256,35121696,52102885.7748
"Bourne legacy",1449947640,1485068256,35120616,52102885.7748
"Bourne legacy",1449947640,1450301280,353640,52102885.7748
"Bourne legacy",1449952380,1485068256,35115876,52102885.7748
"Bourne legacy",1449952380,1451156820,1204440,52102885.7748
"Bourne legacy",1450051020,1485068256,35017236,52102885.7748
"Bourne legacy",1450051020,1451164140,1113120,52102885.7748
"Bourne legacy",1450120860,1485068256,34947396,52102885.7748
"Bourne legacy",1450120860,1450230060,109200,52102885.7748
"Bourne legacy",1450139040,1485068256,34929216,52102885.7748
"Bourne legacy",1450139040,1450897680,758640,52102885.7748
"Bourne legacy",1450144320,1485068256,34923936,52102885.7748
"Bourne legacy",1450144320,1450645440,501120,52102885.7748
"Bourne legacy",1450146120,1485068256,34922136,52102885.7748
"Bourne legacy",1450224180,1485068256,34844076,52102885.7748
"Bourne legacy",1450291680,1485068256,34776576,52102885.7748
"Bourne legacy",1450303380,1485068256,34764876,52102885.7748
"Bourne legacy",1450318440,1485068256,34749816,52102885.7748
"Bourne legacy",1450383060,1485068256,34685196,52102885.7748
"Bourne legacy",1450383060,1452989220,2606160,52102885.7748
"Bourne legacy",1450384200,1485068256,34684056,52102885.7748
"Bourne legacy",1450384200,1451591460,1207260,52102885.7748
"Bourne legacy",1450400760,1485068256,34667496,52102885.7748
"Bourne legacy",1450400760,1451947080,1546320,52102885.7748
"Bourne legacy",1450559220,1485068256,34509036,52102885.7748
"Bourne legacy",1450569660,1485068256,34498596,52102885.7748
"Bourne legacy",1450647360,1485068256,34420896,52102885.7748
"Bourne legacy",1450647360,1451179920,532560,52102885.7748
"Bourne legacy",1450648200,1485068256,34420056,52102885.7748
"Bourne legacy",1450648200,1451347080,698880,52102885.7748
"Bourne legacy",1450651620,1485068256,34416636,52102885.7748
"Bourne legacy",1450651620,1452052740,1401120,52102885.7748
"Bourne legacy",1450732620,1485068256,34335636,52102885.7748
"Bourne legacy",1450732620,1451156100,423480,52102885.7748
"Bourne legacy",1450823640,1485068256,34244616,52102885.7748
"Bourne legacy",1450833840,1485068256,34234416,52102885.7748
"Bourne legacy",1450898940,1485068256,34169316,52102885.7748
"Bourne legacy",1450898940,1451338200,439260,52102885.7748
"Bourne legacy",1450907280,1485068256,34160976,52102885.7748
"Bourne legacy",1451171220,1451604300,433080,52102885.7748
"Bourne legacy",1451173200,1451601360,428160,52102885.7748
"Bourne legacy",1451177220,1485068256,33891036,52102885.7748
"Bourne legacy",1451177220,1452032160,854940,52102885.7748
"Bourne legacy",1451181120,1485068256,33887136,52102885.7748
"Bourne legacy",1451256120,1485068256,33812136,52102885.7748
"Bourne legacy",1451256120,1452030840,774720,52102885.7748
"Bourne legacy",1451338800,1485068256,33729456,52102885.7748
"Bourne legacy",1451338800,1452557880,1219080,52102885.7748
"Bourne legacy",1451340600,1485068256,33727656,52102885.7748
"Bourne legacy",1451340600,1453255620,1915020,52102885.7748
"Bourne legacy",1451341200,1485068256,33727056,52102885.7748
"Bourne legacy",1451353020,1485068256,33715236,52102885.7748
"Bourne legacy",1451433600,1485068256,33634656,52102885.7748
"Bourne legacy",1451433600,1451866740,433140,52102885.7748
"Bourne legacy",1451525040,1485068256,33543216,52102885.7748
"Bourne legacy",1451525040,1452726060,1201020,52102885.7748
"Bourne legacy",1451584020,1485068256,33484236,52102885.7748
"Bourne legacy",1451584020,1454692800,3108780,52102885.7748
"Bourne legacy",1451596200,1485068256,33472056,52102885.7748
"Bourne legacy",1451599440,1485068256,33468816,52102885.7748
"Bourne legacy",1451599440,1452219840,620400,52102885.7748
"Bourne legacy",1451610420,1485068256,33457836,52102885.7748
"Bourne legacy",1451777400,1485068256,33290856,52102885.7748
"Bourne legacy",1451784720,1485068256,33283536,52102885.7748
"Bourne legacy",1452044220,1485068256,33024036,52102885.7748
"Bourne legacy",1452049080,1485068256,33019176,52102885.7748
"Bourne legacy",1452110160,1485068256,32958096,52102885.7748
"Bourne legacy",1452110160,1452211140,100980,52102885.7748
"Bourne legacy",1452112320,1485068256,32955936,52102885.7748
"Bourne legacy",1452125340,1485068256,32942916,52102885.7748
"Bourne legacy",1452126180,1485068256,32942076,52102885.7748
"Bourne legacy",1452126180,1452363660,237480,52102885.7748
"Bourne legacy",1452277620,1485068256,32790636,52102885.7748
"Bourne legacy",1452277620,1452892920,615300,52102885.7748
"Bourne legacy",1452282120,1485068256,32786136,52102885.7748
"Bourne legacy",1452282120,1452553020,270900,52102885.7748
"Bourne legacy",1452369060,1485068256,32699196,52102885.7748
"Bourne legacy",1452464700,1485068256,32603556,52102885.7748
"Bourne legacy",1452464700,1452800460,335760,52102885.7748
"Bourne legacy",1452545400,1485068256,32522856,52102885.7748
"Bourne legacy",1452545400,1453239420,694020,52102885.7748
"Bourne legacy",1452564540,1485068256,32503716,52102885.7748
"Bourne legacy",1452564540,1455484440,2919900,52102885.7748
"Bourne legacy",1452628740,1485068256,32439516,52102885.7748
"Bourne legacy",1452628740,1453751580,1122840,52102885.7748
"Bourne legacy",1452653040,1485068256,32415216,52102885.7748
"Bourne legacy",1452653040,1453865580,1212540,52102885.7748
"Bourne legacy",1452655440,1485068256,32412816,52102885.7748
"Bourne legacy",1452728880,1485068256,32339376,52102885.7748
"Bourne legacy",1452728880,1453588200,859320,52102885.7748
"Bourne legacy",1452732060,1485068256,32336196,52102885.7748
"Bourne legacy",1452732060,1453407900,675840,52102885.7748
"Bourne legacy",1452734160,1485068256,32334096,52102885.7748
"Bourne legacy",1452734160,1453334340,600180,52102885.7748
"Bourne legacy",1452986100,1485068256,32082156,52102885.7748
"Bourne legacy",1452986100,1453576500,590400,52102885.7748
"Bourne legacy",1453073580,1485068256,31994676,52102885.7748
"Bourne legacy",1453073580,1453338540,264960,52102885.7748
"Bourne legacy",1453230120,1485068256,31838136,52102885.7748
"Bourne legacy",1453230120,1453326000,95880,52102885.7748
"Bourne legacy",1453313340,1485068256,31754916,52102885.7748
"Bourne legacy",1453313340,1455732600,2419260,52102885.7748
"Bourne legacy",1453337940,1485068256,31730316,52102885.7748
"Bourne legacy",1453337940,1453860600,522660,52102885.7748
"Bourne legacy",1453408260,1485068256,31659996,52102885.7748
"Bourne legacy",1453408260,1453766220,357960,52102885.7748
"Bourne legacy",1453488660,1485068256,31579596,52102885.7748
"Bourne legacy",1453488660,1453847820,359160,52102885.7748
"Bourne legacy",1453502700,1485068256,31565556,52102885.7748
"Bourne legacy",1453502700,1454638980,1136280,52102885.7748
"Bourne legacy",1453573920,1485068256,31494336,52102885.7748
"Bourne legacy",1453573920,1454284620,710700,52102885.7748
"Bourne legacy",1453578660,1485068256,31489596,52102885.7748
"Bourne legacy",1453578660,1455131160,1552500,52102885.7748
"Bourne legacy",1453584240,1485068256,31484016,52102885.7748
"Bourne legacy",1453586880,1485068256,31481376,52102885.7748
"Bourne legacy",1453590240,1485068256,31478016,52102885.7748
"Bourne legacy",1453590240,1454804880,1214640,52102885.7748
"Bourne legacy",1453591800,1485068256,31476456,52102885.7748
"Bourne legacy",1453596540,1485068256,31471716,52102885.7748
"Bourne legacy",1453596540,1454186220,589680,52102885.7748
"Bourne legacy",1453600680,1485068256,31467576,52102885.7748
"Bourne legacy",1453600680,1457306460,3705780,52102885.7748
"Bourne legacy",1453677000,1485068256,31391256,52102885.7748
"Bourne legacy",1453677000,1454202480,525480,52102885.7748
"Bourne legacy",1453766280,1485068256,31301976,52102885.7748
"Bourne legacy",1453766280,1454463420,697140,52102885.7748
"Bourne legacy",1453771560,1485068256,31296696,52102885.7748
"Bourne legacy",1453771560,1454371920,600360,52102885.7748
"Bourne legacy",1454027820,1485068256,31040436,52102885.7748
"Bourne legacy",1454027820,1454190060,162240,52102885.7748
"Bourne legacy",1454103420,1485068256,30964836,52102885.7748
"Bourne legacy",1454103420,1455750060,1646640,52102885.7748
"Bourne legacy",1454116800,1485068256,30951456,52102885.7748
"Bourne legacy",1454116800,1455241740,1124940,52102885.7748
"Bourne legacy",1454274420,1485068256,30793836,52102885.7748
"Bourne legacy",1454274420,1455232260,957840,52102885.7748
"Bourne legacy",1454277840,1485068256,30790416,52102885.7748
"Bourne legacy",1454277840,1454384400,106560,52102885.7748
"Bourne legacy",1454283960,1485068256,30784296,52102885.7748
"Bourne legacy",1454375160,1485068256,30693096,52102885.7748
"Bourne legacy",1454379960,1485068256,30688296,52102885.7748
"Bourne legacy",1454379960,1454988660,608700,52102885.7748
"Bourne legacy",1454382960,1485068256,30685296,52102885.7748
"Bourne legacy",1454385300,1485068256,30682956,52102885.7748
"Bourne legacy",1454462760,1485068256,30605496,52102885.7748
"Bourne legacy",1454462760,1455672000,1209240,52102885.7748
"Bourne legacy",1454555760,1485068256,30512496,52102885.7748
"Bourne legacy",1454555760,1455767760,1212000,52102885.7748
"Bourne legacy",1454617740,1485068256,30450516,52102885.7748
"Bourne legacy",1454617740,1454968200,350460,52102885.7748
"Bourne legacy",1454710560,1485068256,30357696,52102885.7748
"Bourne legacy",1454710560,1457133900,2423340,52102885.7748
"Bourne legacy",1454807220,1485068256,30261036,52102885.7748
"Bourne legacy",1454807220,1457221740,2414520,52102885.7748
"Bourne legacy",1454965020,1485068256,30103236,52102885.7748
"Bourne legacy",1454965020,1455321780,356760,52102885.7748
"Bourne legacy",1454972700,1485068256,30095556,52102885.7748
"Bourne legacy",1454972700,1455839640,866940,52102885.7748
"Bourne legacy",1454987100,1485068256,30081156,52102885.7748
"Bourne legacy",1455139140,1485068256,29929116,52102885.7748
"Bourne legacy",1455139140,1457558040,2418900,52102885.7748
"Bourne legacy",1455146520,1485068256,29921736,52102885.7748
"Bourne legacy",1455146520,1455398940,252420,52102885.7748
"Bourne legacy",1455154260,1485068256,29913996,52102885.7748
"Bourne legacy",1455154260,1455844620,690360,52102885.7748
"Bourne legacy",1455247680,1485068256,29820576,52102885.7748
"Bourne legacy",1455247680,1455666660,418980,52102885.7748
"Bourne legacy",1455654660,1485068256,29413596,52102885.7748
"Bourne legacy",1455654660,1456527720,873060,52102885.7748
"Bourne legacy",1455658860,1485068256,29409396,52102885.7748
"Bourne legacy",1455658860,1457487420,1828560,52102885.7748
"Bourne legacy",1455672060,1485068256,29396196,52102885.7748
"Bourne legacy",1455672060,1456453680,781620,52102885.7748
"Bourne legacy",1455680580,1485068256,29387676,52102885.7748
"Bourne legacy",1455680580,1458685440,3004860,52102885.7748
"Bourne legacy",1455741900,1485068256,29326356,52102885.7748
"Bourne legacy",1455741900,1456350960,609060,52102885.7748
"Bourne legacy",1455832020,1485068256,29236236,52102885.7748
"Bourne legacy",1455924000,1485068256,29144256,52102885.7748
"Bourne legacy",1455924000,1456190280,266280,52102885.7748
"Bourne legacy",1456003140,1485068256,29065116,52102885.7748
"Bourne legacy",1456006680,1485068256,29061576,52102885.7748
"Bourne legacy",1456006680,1456888380,881700,52102885.7748
"Bourne legacy",1456015500,1485068256,29052756,52102885.7748
"Bourne legacy",1456016100,1485068256,29052156,52102885.7748
"Bourne legacy",1456016100,1456619580,603480,52102885.7748
"Bourne legacy",1456016760,1485068256,29051496,52102885.7748
"Bourne legacy",1456016760,1456096200,79440,52102885.7748
"Bourne legacy",1456090980,1485068256,28977276,52102885.7748
"Bourne legacy",1456090980,1456602720,511740,52102885.7748
"Bourne legacy",1456171860,1485068256,28896396,52102885.7748
"Bourne legacy",1456171860,1456523100,351240,52102885.7748
"Bourne legacy",1456265520,1456265700,180,52102885.7748
"Bourne legacy",1456265760,1485068256,28802496,52102885.7748
"Bourne legacy",1456344780,1485068256,28723476,52102885.7748
"Bourne legacy",1456344780,1457384580,1039800,52102885.7748
"Bourne legacy",1456353600,1485068256,28714656,52102885.7748
"Bourne legacy",1456353600,1456952820,599220,52102885.7748
"Bourne legacy",1456602960,1485068256,28465296,52102885.7748
"Bourne legacy",1456602960,1457214000,611040,52102885.7748
"Bourne legacy",1456606200,1485068256,28462056,52102885.7748
"Bourne legacy",1456606200,1456701720,95520,52102885.7748
"Bourne legacy",1456618500,1485068256,28449756,52102885.7748
"Bourne legacy",1456618500,1457223180,604680,52102885.7748
"Bourne legacy",1456703040,1485068256,28365216,52102885.7748
"Bourne legacy",1456703040,1458857340,2154300,52102885.7748
"Bourne legacy",1456706100,1485068256,28362156,52102885.7748
"Bourne legacy",1456706100,1460997960,4291860,52102885.7748
"Bourne legacy",1456771020,1485068256,28297236,52102885.7748
"Bourne legacy",1456799400,1485068256,28268856,52102885.7748
"Bourne legacy",1456890780,1485068256,28177476,52102885.7748
"Bourne legacy",1456890780,1456951200,60420,52102885.7748
"Bourne legacy",1456946580,1485068256,28121676,52102885.7748
"Bourne legacy",1456946580,1457994120,1047540,52102885.7748
"Bourne legacy",1456957260,1485068256,28110996,52102885.7748
"Bourne legacy",1456957260,1457037780,80520,52102885.7748
"Bourne legacy",1456970160,1485068256,28098096,52102885.7748
"Bourne legacy",1456970160,1457392440,422280,52102885.7748
"Bourne legacy",1457205900,1485068256,27862356,52102885.7748
"Bourne legacy",1457205900,1458508260,1302360,52102885.7748
"Bourne legacy",1457211120,1485068256,27857136,52102885.7748
"Bourne legacy",1457211120,1457647080,435960,52102885.7748
"Bourne legacy",1457221860,1485068256,27846396,52102885.7748
"Bourne legacy",1457221860,1458001680,779820,52102885.7748
"Bourne legacy",1457305920,1485068256,27762336,52102885.7748
"Bourne legacy",1457305920,1457476680,170760,52102885.7748
"Bourne legacy",1457308620,1485068256,27759636,52102885.7748
"Bourne legacy",1457308620,1457570160,261540,52102885.7748
"Bourne legacy",1457401800,1485068256,27666456,52102885.7748
"Bourne legacy",1457401800,1458610860,1209060,52102885.7748
"Bourne legacy",1457477160,1485068256,27591096,52102885.7748
"Bourne legacy",1457477160,1458172080,694920,52102885.7748
"Bourne legacy",1457478720,1485068256,27589536,52102885.7748
"Bourne legacy",1457478720,1458432600,953880,52102885.7748
"Bourne legacy",1457488260,1485068256,27579996,52102885.7748
"Bourne legacy",1457556840,1485068256,27511416,52102885.7748
"Bourne legacy",1457556840,1458321540,764700,52102885.7748
"Bourne legacy",1457574240,1485068256,27494016,52102885.7748
"Bourne legacy",1457574240,1457661900,87660,52102885.7748
"Bourne legacy",1457648940,1485068256,27419316,52102885.7748
"Bourne legacy",1457648940,1458334200,685260,52102885.7748
"Bourne legacy",1457664660,1485068256,27403596,52102885.7748
"Bourne legacy",1457664660,1458698580,1033920,52102885.7748
"Bourne legacy",1457734920,1485068256,27333336,52102885.7748
"Bourne legacy",1457734920,1458249180,514260,52102885.7748
"Bourne legacy",1457741220,1485068256,27327036,52102885.7748
"Bourne legacy",1457741220,1458082200,340980,52102885.7748
"Bourne legacy",1457743980,1485068256,27324276,52102885.7748
"Bourne legacy",1457743980,1459823280,2079300,52102885.7748
"Bourne legacy",1457820720,1485068256,27247536,52102885.7748
"Bourne legacy",1457820720,1458342660,521940,52102885.7748
"Bourne legacy",1457993460,1485068256,27074796,52102885.7748
"Bourne legacy",1457993460,1458235140,241680,52102885.7748
"Bourne legacy",1458080760,1485068256,26987496,52102885.7748
"Bourne legacy",1458080760,1458339300,258540,52102885.7748
"Bourne legacy",1458097020,1485068256,26971236,52102885.7748
"Bourne legacy",1458097020,1458347040,250020,52102885.7748
"Bourne legacy",1458264180,1485068256,26804076,52102885.7748
"Bourne legacy",1458264180,1458765120,500940,52102885.7748
"Bourne legacy",1458326220,1485068256,26742036,52102885.7748
"Bourne legacy",1458326220,1458938940,612720,52102885.7748
"Bourne legacy",1458347040,1485068256,26721216,52102885.7748
"Bourne legacy",1458347040,1459202760,855720,52102885.7748
"Bourne legacy",1458409140,1485068256,26659116,52102885.7748
"Bourne legacy",1458409140,1459632840,1223700,52102885.7748
"Bourne legacy",1458409800,1485068256,26658456,52102885.7748
"Bourne legacy",1458409800,1458607440,197640,52102885.7748
"Bourne legacy",1458414540,1485068256,26653716,52102885.7748
"Bourne legacy",1458414540,1459298700,884160,52102885.7748
"Bourne legacy",1458415260,1485068256,26652996,52102885.7748
"Bourne legacy",1458415260,1459629780,1214520,52102885.7748
"Bourne legacy",1458417120,1485068256,26651136,52102885.7748
"Bourne legacy",1458417120,1458678360,261240,52102885.7748
"Bourne legacy",1458421860,1485068256,26646396,52102885.7748
"Bourne legacy",1458421860,1459474500,1052640,52102885.7748
"Bourne legacy",1458505080,1485068256,26563176,52102885.7748
"Bourne legacy",1458505080,1459531440,1026360,52102885.7748
"Bourne legacy",1458505200,1485068256,26563056,52102885.7748
"Bourne legacy",1458505200,1459304940,799740,52102885.7748
"Bourne legacy",1458678480,1485068256,26389776,52102885.7748
"Bourne legacy",1458678480,1459217280,538800,52102885.7748
"Bourne legacy",1458686760,1485068256,26381496,52102885.7748
"Bourne legacy",1458686760,1459116840,430080,52102885.7748
"Bourne legacy",1458694680,1485068256,26373576,52102885.7748
"Bourne legacy",1458699960,1485068256,26368296,52102885.7748
"Bourne legacy",1458700920,1485068256,26367336,52102885.7748
"Bourne legacy",1458847680,1485068256,26220576,52102885.7748
"Bourne legacy",1458847680,1459111800,264120,52102885.7748
"Bourne legacy",1458865920,1485068256,26202336,52102885.7748
"Bourne legacy",1458865920,1459114500,248580,52102885.7748
"Bourne legacy",1459022760,1485068256,26045496,52102885.7748
"Bourne legacy",1459022760,1460233920,1211160,52102885.7748
"Bourne legacy",1459026600,1485068256,26041656,52102885.7748
"Bourne legacy",1459034760,1485068256,26033496,52102885.7748
"Bourne legacy",1459034760,1462041180,3006420,52102885.7748
"Bourne legacy",1459189260,1485068256,25878996,52102885.7748
"Bourne legacy",1459189260,1459632360,443100,52102885.7748
"Bourne legacy",1459207140,1485068256,25861116,52102885.7748
"Bourne legacy",1459214880,1485068256,25853376,52102885.7748
"Bourne legacy",1459219380,1485068256,25848876,52102885.7748
"Bourne legacy",1459219380,1459819320,599940,52102885.7748
"Bourne legacy",1459362180,1485068256,25706076,52102885.7748
"Bourne legacy",1459362180,1460852760,1490580,52102885.7748
"Bourne legacy",1459392480,1485068256,25675776,52102885.7748
"Bourne legacy",1459392480,1460323140,930660,52102885.7748
"Bourne legacy",1459448040,1485068256,25620216,52102885.7748
"Bourne legacy",1459448040,1460066400,618360,52102885.7748
"Bourne legacy",1459471680,1485068256,25596576,52102885.7748
"Bourne legacy",1459471680,1460833740,1362060,52102885.7748
"Bourne legacy",1459531200,1485068256,25537056,52102885.7748
"Bourne legacy",1459531200,1460842620,1311420,52102885.7748
"Bourne legacy",1459539840,1485068256,25528416,52102885.7748
"Bourne legacy",1459539840,1460230320,690480,52102885.7748
"Bourne legacy",1459619460,1485068256,25448796,52102885.7748
"Bourne legacy",1459719180,1485068256,25349076,52102885.7748
"Bourne legacy",1459719180,1460081520,362340,52102885.7748
"Bourne legacy",1459822920,1485068256,25245336,52102885.7748
"Bourne legacy",1459822920,1460595360,772440,52102885.7748
"Bourne legacy",1459876440,1485068256,25191816,52102885.7748
"Bourne legacy",1459888380,1485068256,25179876,52102885.7748
"Bourne legacy",1459888380,1460074500,186120,52102885.7748
"Bourne legacy",1459968540,1485068256,25099716,52102885.7748
"Bourne legacy",1459968540,1460409480,440940,52102885.7748
"Bourne legacy",1459968840,1485068256,25099416,52102885.7748
"Bourne legacy",1459968840,1461178680,1209840,52102885.7748
"Bourne legacy",1459993560,1485068256,25074696,52102885.7748
"Bourne legacy",1459993560,1460049240,55680,52102885.7748
"Bourne legacy",1459993980,1485068256,25074276,52102885.7748
"Bourne legacy",1459993980,1466460540,6466560,52102885.7748
"Bourne legacy",1460070600,1485068256,24997656,52102885.7748
"Bourne legacy",1460070600,1460399040,328440,52102885.7748
"Bourne legacy",1460136300,1485068256,24931956,52102885.7748
"Bourne legacy",1460136300,1460668920,532620,52102885.7748
"Bourne legacy",1460238960,1485068256,24829296,52102885.7748
"Bourne legacy",1460238960,1460489760,250800,52102885.7748
"Bourne legacy",1460239560,1485068256,24828696,52102885.7748
"Bourne legacy",1460239560,1460513460,273900,52102885.7748
"Bourne legacy",1460240880,1485068256,24827376,52102885.7748
"Bourne legacy",1460243340,1485068256,24824916,52102885.7748
"Bourne legacy",1460243340,1460418240,174900,52102885.7748
"Bourne legacy",1460408400,1485068256,24659856,52102885.7748
"Bourne legacy",1460427180,1485068256,24641076,52102885.7748
"Bourne legacy",1460495940,1485068256,24572316,52102885.7748
"Bourne legacy",1460495940,1461444300,948360,52102885.7748
"Bourne legacy",1460515680,1485068256,24552576,52102885.7748
"Bourne legacy",1460515680,1460766600,250920,52102885.7748
"Bourne legacy",1460581980,1485068256,24486276,52102885.7748
"Bourne legacy",1460589960,1485068256,24478296,52102885.7748
"Bourne legacy",1460665080,1485068256,24403176,52102885.7748
"Bourne legacy",1460665080,1461530100,865020,52102885.7748
"Bourne legacy",1460671020,1485068256,24397236,52102885.7748
"Bourne legacy",1460685600,1485068256,24382656,52102885.7748
"Bourne legacy",1460685600,1461627780,942180,52102885.7748
"Bourne legacy",1460752800,1485068256,24315456,52102885.7748
"Bourne legacy",1460846460,1485068256,24221796,52102885.7748
"Bourne legacy",1460931000,1485068256,24137256,52102885.7748
"Bourne legacy",1460931000,1461724500,793500,52102885.7748
"Bourne legacy",1461017160,1485068256,24051096,52102885.7748
"Bourne legacy",1461017160,1461193680,176520,52102885.7748
"Bourne legacy",1461110040,1485068256,23958216,52102885.7748
"Bourne legacy",1461115200,1485068256,23953056,52102885.7748
"Bourne legacy",1461115200,1461866160,750960,52102885.7748
"Bourne legacy",1461200520,1485068256,23867736,52102885.7748
"Bourne legacy",1461200520,1461635640,435120,52102885.7748
"Bourne legacy",1461348900,1485068256,23719356,52102885.7748
"Bourne legacy",1461348900,1461701280,352380,52102885.7748
"Bourne legacy",1461366300,1485068256,23701956,52102885.7748
"Bourne legacy",1461454800,1485068256,23613456,52102885.7748
"Bourne legacy",1461457740,1485068256,23610516,52102885.7748
"Bourne legacy",1461457740,1461875760,418020,52102885.7748
"Bourne legacy",1461538200,1485068256,23530056,52102885.7748
"Bourne legacy",1461538200,1462742940,1204740,52102885.7748
"Bourne legacy",1461540600,1485068256,23527656,52102885.7748
"Bourne legacy",1461540600,1462144980,604380,52102885.7748
"Bourne legacy",1461618600,1485068256,23449656,52102885.7748
"Bourne legacy",1461618600,1462828740,1210140,52102885.7748
"Bourne legacy",1461635640,1485068256,23432616,52102885.7748
"Bourne legacy",1461635640,1461896940,261300,52102885.7748
"Bourne legacy",1461695940,1485068256,23372316,52102885.7748
"Bourne legacy",1461695940,1462398180,702240,52102885.7748
"Bourne legacy",1461786240,1485068256,23282016,52102885.7748
"Bourne legacy",1461786240,1462400160,613920,52102885.7748
"Bourne legacy",1461804120,1485068256,23264136,52102885.7748
"Bourne legacy",1461879480,1485068256,23188776,52102885.7748
"Bourne legacy",1461886020,1485068256,23182236,52102885.7748
"Bourne legacy",1461886020,1462831500,945480,52102885.7748
"Bourne legacy",1461974280,1485068256,23093976,52102885.7748
"Bourne legacy",1461974280,1462240080,265800,52102885.7748
"Bourne legacy",1462049760,1485068256,23018496,52102885.7748
"Bourne legacy",1462050420,1485068256,23017836,52102885.7748
"Bourne legacy",1462050420,1462570680,520260,52102885.7748
"Bourne legacy",1462221300,1485068256,22846956,52102885.7748
"Bourne legacy",1462221300,1465244580,3023280,52102885.7748
"Bourne legacy",1462222380,1485068256,22845876,52102885.7748
"Bourne legacy",1462222380,1463877360,1654980,52102885.7748
"Bourne legacy",1462235040,1485068256,22833216,52102885.7748
"Bourne legacy",1462235040,1462922160,687120,52102885.7748
"Bourne legacy",1462241340,1485068256,22826916,52102885.7748
"Bourne legacy",1462241340,1462576020,334680,52102885.7748
"Bourne legacy",1462299960,1485068256,22768296,52102885.7748
"Bourne legacy",1462299960,1464720420,2420460,52102885.7748
"Bourne legacy",1462309560,1485068256,22758696,52102885.7748
"Bourne legacy",1462309560,1462926660,617100,52102885.7748
"Bourne legacy",1462324740,1485068256,22743516,52102885.7748
"Bourne legacy",1462324740,1465072680,2747940,52102885.7748
"Bourne legacy",1462402140,1485068256,22666116,52102885.7748
"Bourne legacy",1462402140,1462831500,429360,52102885.7748
"Bourne legacy",1462643040,1485068256,22425216,52102885.7748
"Bourne legacy",1462643040,1464057300,1414260,52102885.7748
"Bourne legacy",1462741800,1485068256,22326456,52102885.7748
"Bourne legacy",1462741800,1463870460,1128660,52102885.7748
"Bourne legacy",1462742940,1485068256,22325316,52102885.7748
"Bourne legacy",1462742940,1464565500,1822560,52102885.7748
"Bourne legacy",1462751460,1485068256,22316796,52102885.7748
"Bourne legacy",1462751460,1463959080,1207620,52102885.7748
"Bourne legacy",1462836840,1485068256,22231416,52102885.7748
"Bourne legacy",1462846080,1485068256,22222176,52102885.7748
"Bourne legacy",1462846080,1465345740,2499660,52102885.7748
"Bourne legacy",1462923240,1485068256,22145016,52102885.7748
"Bourne legacy",1462923240,1463091120,167880,52102885.7748
"Bourne legacy",1462929840,1485068256,22138416,52102885.7748
"Bourne legacy",1462929840,1463084460,154620,52102885.7748
"Bourne legacy",1462991940,1485068256,22076316,52102885.7748
"Bourne legacy",1462991940,1463688060,696120,52102885.7748
"Bourne legacy",1463082960,1485068256,21985296,52102885.7748
"Bourne legacy",1463183580,1485068256,21884676,52102885.7748
"Bourne legacy",1463183580,1463622420,438840,52102885.7748
"Bourne legacy",1463250840,1485068256,21817416,52102885.7748
"Bourne legacy",1463250840,1463776560,525720,52102885.7748
"Bourne legacy",1463266920,1485068256,21801336,52102885.7748
"Bourne legacy",1463266920,1463533020,266100,52102885.7748
"Bourne legacy",1463268300,1485068256,21799956,52102885.7748
"Bourne legacy",1463268300,1464834240,1565940,52102885.7748
"Bourne legacy",1463355960,1485068256,21712296,52102885.7748
"Bourne legacy",1463436420,1485068256,21631836,52102885.7748
"Bourne legacy",1463436420,1463710920,274500,52102885.7748
"Bourne legacy",1463618760,1485068256,21449496,52102885.7748
"Bourne legacy",1463618760,1464727080,1108320,52102885.7748
"Bourne legacy",1463696100,1485068256,21372156,52102885.7748
"Bourne legacy",1463869500,1485068256,21198756,52102885.7748
"Bourne legacy",1463869500,1465941420,2071920,52102885.7748
"Bourne legacy",1463875680,1485068256,21192576,52102885.7748
"Bourne legacy",1463875680,1463955060,79380,52102885.7748
"Bourne legacy",1463956380,1485068256,21111876,52102885.7748
"Bourne legacy",1463956380,1465243920,1287540,52102885.7748
"Bourne legacy",1463959680,1485068256,21108576,52102885.7748
"Bourne legacy",1463959680,1466043420,2083740,52102885.7748
"Bourne legacy",1464028980,1485068256,21039276,52102885.7748
"Bourne legacy",1464028980,1467153060,3124080,52102885.7748
"Bourne legacy",1464058500,1485068256,21009756,52102885.7748
"Bourne legacy",1464058500,1464836100,777600,52102885.7748
"Bourne legacy",1464211680,1485068256,20856576,52102885.7748
"Bourne legacy",1464211680,1464472380,260700,52102885.7748
"Bourne legacy",1464222420,1485068256,20845836,52102885.7748
"Bourne legacy",1464222420,1464821700,599280,52102885.7748
"Bourne legacy",1464478380,1485068256,20589876,52102885.7748
"Bourne legacy",1464725640,1485068256,20342616,52102885.7748
"Bourne legacy",1464725640,1465772820,1047180,52102885.7748
"Bourne legacy",1464737280,1485068256,20330976,52102885.7748
"Bourne legacy",1464737280,1465692180,954900,52102885.7748
"Bourne legacy",1464802860,1485068256,20265396,52102885.7748
"Bourne legacy",1464802860,1466442840,1639980,52102885.7748
"Bourne legacy",1464805680,1485068256,20262576,52102885.7748
"Bourne legacy",1464805680,1465169940,364260,52102885.7748
"Bourne legacy",1464824040,1485068256,20244216,52102885.7748
"Bourne legacy",1464902400,1485068256,20165856,52102885.7748
"Bourne legacy",1464902400,1465338600,436200,52102885.7748
"Bourne legacy",1464993900,1466190240,1196340,52102885.7748
"Bourne legacy",1465068900,1485068256,19999356,52102885.7748
"Bourne legacy",1465068900,1465509120,440220,52102885.7748
"Bourne legacy",1465073760,1485068256,19994496,52102885.7748
"Bourne legacy",1465079820,1485068256,19988436,52102885.7748
"Bourne legacy",1465158120,1485068256,19910136,52102885.7748
"Bourne legacy",1465158120,1465405680,247560,52102885.7748
"Bourne legacy",1465244820,1485068256,19823436,52102885.7748
"Bourne legacy",1465244820,1475527980,10283160,52102885.7748
"Bourne legacy",1465246800,1485068256,19821456,52102885.7748
"Bourne legacy",1465246800,1466542200,1295400,52102885.7748
"Bourne legacy",1465259760,1485068256,19808496,52102885.7748
"Bourne legacy",1465259760,1466294220,1034460,52102885.7748
"Bourne legacy",1465341900,1485068256,19726356,52102885.7748
"Bourne legacy",1465341900,1466040000,698100,52102885.7748
"Bourne legacy",1465409160,1485068256,19659096,52102885.7748
"Bourne legacy",1465409160,1465861200,452040,52102885.7748
"Bourne legacy",1465415640,1485068256,19652616,52102885.7748
"Bourne legacy",1465415640,1466458500,1042860,52102885.7748
"Bourne legacy",1465596840,1485068256,19471416,52102885.7748
"Bourne legacy",1465596840,1465944480,347640,52102885.7748
"Bourne legacy",1465598820,1485068256,19469436,52102885.7748
"Bourne legacy",1465598820,1466544180,945360,52102885.7748
"Bourne legacy",1465670400,1485068256,19397856,52102885.7748
"Bourne legacy",1465670400,1466103660,433260,52102885.7748
"Bourne legacy",1465872060,1485068256,19196196,52102885.7748
"Bourne legacy",1465872060,1466213040,340980,52102885.7748
"Bourne legacy",1465936260,1485068256,19131996,52102885.7748
"Bourne legacy",1465936260,1467328560,1392300,52102885.7748
"Bourne legacy",1466104980,1485068256,18963276,52102885.7748
"Bourne legacy",1466104980,1467239100,1134120,52102885.7748
"Bourne legacy",1466125200,1485068256,18943056,52102885.7748
"Bourne legacy",1466130240,1485068256,18938016,52102885.7748
"Bourne legacy",1466130240,1467339960,1209720,52102885.7748
"Bourne legacy",1466198400,1485068256,18869856,52102885.7748
"Bourne legacy",1466198400,1466807100,608700,52102885.7748
"Bourne legacy",1466278380,1485068256,18789876,52102885.7748
"Bourne legacy",1466296740,1485068256,18771516,52102885.7748
"Bourne legacy",1466371020,1485068256,18697236,52102885.7748
"Bourne legacy",1466371020,1467491400,1120380,52102885.7748
"Bourne legacy",1466377080,1485068256,18691176,52102885.7748
"Bourne legacy",1466377080,1466725620,348540,52102885.7748
"Bourne legacy",1466534880,1485068256,18533376,52102885.7748
"Bourne legacy",1466534880,1467159720,624840,52102885.7748
"Bourne legacy",1466545080,1485068256,18523176,52102885.7748
"Bourne legacy",1466545080,1466880120,335040,52102885.7748
"Bourne legacy",1466553900,1485068256,18514356,52102885.7748
"Bourne legacy",1466553900,1467849900,1296000,52102885.7748
"Bourne legacy",1466635980,1485068256,18432276,52102885.7748
"Bourne legacy",1466635980,1466711700,75720,52102885.7748
"Bourne legacy",1466637540,1485068256,18430716,52102885.7748
"Bourne legacy",1466637540,1468869900,2232360,52102885.7748
"Bourne legacy",1466724660,1485068256,18343596,52102885.7748
"Bourne legacy",1466724660,1467589020,864360,52102885.7748
"Bourne legacy",1466724840,1485068256,18343416,52102885.7748
"Bourne legacy",1466724840,1466974740,249900,52102885.7748
"Bourne legacy",1466880360,1485068256,18187896,52102885.7748
"Bourne legacy",1466880360,1467061800,181440,52102885.7748
"Bourne legacy",1466890620,1485068256,18177636,52102885.7748
"Bourne legacy",1466890620,1467336480,445860,52102885.7748
"Bourne legacy",1466892600,1485068256,18175656,52102885.7748
"Bourne legacy",1466892600,1467228600,336000,52102885.7748
"Bourne legacy",1466897520,1485068256,18170736,52102885.7748
"Bourne legacy",1467058620,1485068256,18009636,52102885.7748
"Bourne legacy",1467058620,1467497700,439080,52102885.7748
"Bourne legacy",1467143340,1485068256,17924916,52102885.7748
"Bourne legacy",1467143340,1467910860,767520,52102885.7748
"Bourne legacy",1467334740,1485068256,17733516,52102885.7748
"Bourne legacy",1467395940,1485068256,17672316,52102885.7748
"Bourne legacy",1467395940,1468264740,868800,52102885.7748
"Bourne legacy",1467396180,1485068256,17672076,52102885.7748
"Bourne legacy",1467396180,1468435920,1039740,52102885.7748
"Bourne legacy",1467416820,1485068256,17651436,52102885.7748
"Bourne legacy",1467416820,1468359420,942600,52102885.7748
"Bourne legacy",1467496680,1485068256,17571576,52102885.7748
"Bourne legacy",1467496680,1468876800,1380120,52102885.7748
"Bourne legacy",1467500400,1485068256,17567856,52102885.7748
"Bourne legacy",1467500400,1468024920,524520,52102885.7748
"Bourne legacy",1467503760,1485068256,17564496,52102885.7748
"Bourne legacy",1467503760,1468793220,1289460,52102885.7748
"Bourne legacy",1467751200,1485068256,17317056,52102885.7748
"Bourne legacy",1467751200,1468193760,442560,52102885.7748
"Bourne legacy",1467756240,1485068256,17312016,52102885.7748
"Bourne legacy",1467760800,1485068256,17307456,52102885.7748
"Bourne legacy",1468021560,1485068256,17046696,52102885.7748
"Bourne legacy",1468021560,1468191900,170340,52102885.7748
"Bourne legacy",1468088280,1485068256,16979976,52102885.7748
"Bourne legacy",1468088280,1468447320,359040,52102885.7748
"Bourne legacy",1468180440,1485068256,16887816,52102885.7748
"Bourne legacy",1468180440,1468783140,602700,52102885.7748
"Bourne legacy",1468182060,1485068256,16886196,52102885.7748
"Bourne legacy",1468182060,1469500980,1318920,52102885.7748
"Bourne legacy",1468192920,1485068256,16875336,52102885.7748
"Bourne legacy",1468194960,1485068256,16873296,52102885.7748
"Bourne legacy",1468194960,1468708800,513840,52102885.7748
"Bourne legacy",1468270140,1485068256,16798116,52102885.7748
"Bourne legacy",1468270140,1468612860,342720,52102885.7748
"Bourne legacy",1468362780,1485068256,16705476,52102885.7748
"Bourne legacy",1468362780,1468703340,340560,52102885.7748
"Bourne legacy",1468442640,1485068256,16625616,52102885.7748
"Bourne legacy",1468527720,1485068256,16540536,52102885.7748
"Bourne legacy",1468527720,1468956780,429060,52102885.7748
"Bourne legacy",1468541100,1485068256,16527156,52102885.7748
"Bourne legacy",1468541100,1468871820,330720,52102885.7748
"Bourne legacy",1468704420,1485068256,16363836,52102885.7748
"Bourne legacy",1468704420,1469143560,439140,52102885.7748
"Bourne legacy",1468795140,1485068256,16273116,52102885.7748
"Bourne legacy",1468795140,1469297880,502740,52102885.7748
"Bourne legacy",1468866000,1485068256,16202256,52102885.7748
"Bourne legacy",1468866000,1469587260,721260,52102885.7748
"Bourne legacy",1468956060,1485068256,16112196,52102885.7748
"Bourne legacy",1468956060,1469142900,186840,52102885.7748
"Bourne legacy",1468958100,1485068256,16110156,52102885.7748
"Bourne legacy",1468958100,1469069340,111240,52102885.7748
"Bourne legacy",1469046660,1485068256,16021596,52102885.7748
"Bourne legacy",1469129400,1485068256,15938856,52102885.7748
"Bourne legacy",1469129400,1469572260,442860,52102885.7748
"Bourne legacy",1469132400,1485068256,15935856,52102885.7748
"Bourne legacy",1469132400,1469654220,521820,52102885.7748
"Bourne legacy",1469143620,1485068256,15924636,52102885.7748
"Bourne legacy",1469143620,1469582460,438840,52102885.7748
"Bourne legacy",1469211060,1485068256,15857196,52102885.7748
"Bourne legacy",1469211060,1472235060,3024000,52102885.7748
"Bourne legacy",1469223840,1485068256,15844416,52102885.7748
"Bourne legacy",1469223840,1469733180,509340,52102885.7748
"Bourne legacy",1469232360,1485068256,15835896,52102885.7748
"Bourne legacy",1469305740,1485068256,15762516,52102885.7748
"Bourne legacy",1469306460,1485068256,15761796,52102885.7748
"Bourne legacy",1469306460,1469649840,343380,52102885.7748
"Bourne legacy",1469306880,1485068256,15761376,52102885.7748
"Bourne legacy",1469306880,1469924040,617160,52102885.7748
"Bourne legacy",1469391600,1485068256,15676656,52102885.7748
"Bourne legacy",1469493600,1485068256,15574656,52102885.7748
"Bourne legacy",1469493600,1470268740,775140,52102885.7748
"Bourne legacy",1469584980,1485068256,15483276,52102885.7748
"Bourne legacy",1469584980,1470528360,943380,52102885.7748
"Bourne legacy",1469647800,1485068256,15420456,52102885.7748
"Bourne legacy",1469647800,1470254160,606360,52102885.7748
"Bourne legacy",1469659140,1485068256,15409116,52102885.7748
"Bourne legacy",1469659140,1470256740,597600,52102885.7748
"Bourne legacy",1469667720,1485068256,15400536,52102885.7748
"Bourne legacy",1469667720,1469919240,251520,52102885.7748
"Bourne legacy",1469674140,1485068256,15394116,52102885.7748
"Bourne legacy",1469757300,1485068256,15310956,52102885.7748
"Bourne legacy",1469812680,1485068256,15255576,52102885.7748
"Bourne legacy",1469812680,1470086940,274260,52102885.7748
"Bourne legacy",1469903760,1485068256,15164496,52102885.7748
"Bourne legacy",1469903760,1470685920,782160,52102885.7748
"Bourne legacy",1469904180,1485068256,15164076,52102885.7748
"Bourne legacy",1469904180,1470516300,612120,52102885.7748
"Bourne legacy",1469909100,1485068256,15159156,52102885.7748
"Bourne legacy",1469909100,1471038840,1129740,52102885.7748
"Bourne legacy",1470077820,1485068256,14990436,52102885.7748
"Bourne legacy",1470077820,1470509940,432120,52102885.7748
"Bourne legacy",1470093840,1485068256,14974416,52102885.7748
"Bourne legacy",1470093840,1470606000,512160,52102885.7748
"Bourne legacy",1470163500,1470163860,360,52102885.7748
"Bourne legacy",1470272340,1485068256,14795916,52102885.7748
"Bourne legacy",1470349200,1485068256,14719056,52102885.7748
"Bourne legacy",1470418320,1485068256,14649936,52102885.7748
"Bourne legacy",1470418320,1471298580,880260,52102885.7748
"Bourne legacy",1470442320,1485068256,14625936,52102885.7748
"Bourne legacy",1470519240,1485068256,14549016,52102885.7748
"Bourne legacy",1470519240,1470697920,178680,52102885.7748
"Bourne legacy",1470692280,1485068256,14375976,52102885.7748
"Bourne legacy",1470692280,1480980600,10288320,52102885.7748
"Bourne legacy",1470701280,1485068256,14366976,52102885.7748
"Bourne legacy",1470701280,1472156880,1455600,52102885.7748
"Bourne legacy",1470766800,1485068256,14301456,52102885.7748
"Bourne legacy",1470766800,1471374000,607200,52102885.7748
"Bourne legacy",1470787080,1485068256,14281176,52102885.7748
"Bourne legacy",1470787080,1471209840,422760,52102885.7748
"Bourne legacy",1470795420,1485068256,14272836,52102885.7748
"Bourne legacy",1470795420,1472606640,1811220,52102885.7748
"Bourne legacy",1470795540,1485068256,14272716,52102885.7748
"Bourne legacy",1470852660,1485068256,14215596,52102885.7748
"Bourne legacy",1470870720,1485068256,14197536,52102885.7748
"Bourne legacy",1470870720,1471565640,694920,52102885.7748
"Bourne legacy",1470949800,1485068256,14118456,52102885.7748
"Bourne legacy",1470949800,1472755380,1805580,52102885.7748
"Bourne legacy",1471024080,1485068256,14044176,52102885.7748
"Bourne legacy",1471024080,1471729740,705660,52102885.7748
"Bourne legacy",1471206180,1485068256,13862076,52102885.7748
"Bourne legacy",1471207500,1485068256,13860756,52102885.7748
"Bourne legacy",1471207500,1472323980,1116480,52102885.7748
"Bourne legacy",1471291800,1485068256,13776456,52102885.7748
"Bourne legacy",1471291800,1471723140,431340,52102885.7748
"Bourne legacy",1471301340,1485068256,13766916,52102885.7748
"Bourne legacy",1471301340,1471538700,237360,52102885.7748
"Bourne legacy",1471315860,1485068256,13752396,52102885.7748
"Bourne legacy",1471399980,1485068256,13668276,52102885.7748
"Bourne legacy",1471399980,1472093400,693420,52102885.7748
"Bourne legacy",1471568820,1485068256,13499436,52102885.7748
"Bourne legacy",1471637580,1485068256,13430676,52102885.7748
"Bourne legacy",1471637580,1472250000,612420,52102885.7748
"Bourne legacy",1471738020,1485068256,13330236,52102885.7748
"Bourne legacy",1471906920,1485068256,13161336,52102885.7748
"Bourne legacy",1471906920,1472928180,1021260,52102885.7748
"Bourne legacy",1471984740,1485068256,13083516,52102885.7748
"Bourne legacy",1471984740,1472587800,603060,52102885.7748
"Bourne legacy",1471990500,1485068256,13077756,52102885.7748
"Bourne legacy",1471990500,1473193500,1203000,52102885.7748
"Bourne legacy",1472168640,1485068256,12899616,52102885.7748
"Bourne legacy",1472168640,1472932680,764040,52102885.7748
"Bourne legacy",1472168880,1485068256,12899376,52102885.7748
"Bourne legacy",1472168880,1472235600,66720,52102885.7748
"Bourne legacy",1472254380,1485068256,12813876,52102885.7748
"Bourne legacy",1472254380,1473381180,1126800,52102885.7748
"Bourne legacy",1472330520,1485068256,12737736,52102885.7748
"Bourne legacy",1472336340,1485068256,12731916,52102885.7748
"Bourne legacy",1472336340,1472850120,513780,52102885.7748
"Bourne legacy",1472339640,1485068256,12728616,52102885.7748
"Bourne legacy",1472425320,1485068256,12642936,52102885.7748
"Bourne legacy",1472425320,1473547740,1122420,52102885.7748
"Bourne legacy",1472597580,1485068256,12470676,52102885.7748
"Bourne legacy",1472597580,1473194940,597360,52102885.7748
"Bourne legacy",1472671800,1485068256,12396456,52102885.7748
"Bourne legacy",1472671800,1473454500,782700,52102885.7748
"Bourne legacy",1472675460,1485068256,12392796,52102885.7748
"Bourne legacy",1472942220,1485068256,12126036,52102885.7748
"Bourne legacy",1473028800,1485068256,12039456,52102885.7748
"Bourne legacy",1473195780,1485068256,11872476,52102885.7748
"Bourne legacy",1473195780,1473294060,98280,52102885.7748
"Bourne legacy",1473211980,1485068256,11856276,52102885.7748
"Bourne legacy",1473213600,1485068256,11854656,52102885.7748
"Bourne legacy",1473288000,1485068256,11780256,52102885.7748
"Bourne legacy",1473288000,1474423920,1135920,52102885.7748
"Bourne legacy",1473359580,1485068256,11708676,52102885.7748
"Bourne legacy",1473448020,1485068256,11620236,52102885.7748
"Bourne legacy",1473448020,1474598280,1150260,52102885.7748
"Bourne legacy",1473456300,1485068256,11611956,52102885.7748
"Bourne legacy",1473456300,1474581120,1124820,52102885.7748
"Bourne legacy",1473540660,1485068256,11527596,52102885.7748
"Bourne legacy",1473540660,1474401300,860640,52102885.7748
"Bourne legacy",1473544860,1485068256,11523396,52102885.7748
"Bourne legacy",1473544860,1474757880,1213020,52102885.7748
"Bourne legacy",1473720840,1485068256,11347416,52102885.7748
"Bourne legacy",1473720840,1474066320,345480,52102885.7748
"Bourne legacy",1473724200,1485068256,11344056,52102885.7748
"Bourne legacy",1473724200,1473977160,252960,52102885.7748
"Bourne legacy",1473794760,1485068256,11273496,52102885.7748
"Bourne legacy",1473794760,1474998540,1203780,52102885.7748
"Bourne legacy",1473896820,1485068256,11171436,52102885.7748
"Bourne legacy",1473986280,1485068256,11081976,52102885.7748
"Bourne legacy",1473986280,1475202960,1216680,52102885.7748
"Bourne legacy",1474073580,1485068256,10994676,52102885.7748
"Bourne legacy",1474073580,1474506240,432660,52102885.7748
"Bourne legacy",1474142460,1485068256,10925796,52102885.7748
"Bourne legacy",1474142460,1474396860,254400,52102885.7748
"Bourne legacy",1474142520,1485068256,10925736,52102885.7748
"Bourne legacy",1474142520,1475029500,886980,52102885.7748
"Bourne legacy",1474229160,1485068256,10839096,52102885.7748
"Bourne legacy",1474229160,1474310040,80880,52102885.7748
"Bourne legacy",1474392300,1485068256,10675956,52102885.7748
"Bourne legacy",1474392300,1474481100,88800,52102885.7748
"Bourne legacy",1474415100,1485068256,10653156,52102885.7748
"Bourne legacy",1474415100,1474935300,520200,52102885.7748
"Bourne legacy",1474488240,1485068256,10580016,52102885.7748
"Bourne legacy",1474578600,1485068256,10489656,52102885.7748
"Bourne legacy",1474578600,1474933200,354600,52102885.7748
"Bourne legacy",1474596000,1485068256,10472256,52102885.7748
"Bourne legacy",1474596000,1475091840,495840,52102885.7748
"Bourne legacy",1474671420,1485068256,10396836,52102885.7748
"Bourne legacy",1474671420,1475622660,951240,52102885.7748
"Bourne legacy",1474671720,1485068256,10396536,52102885.7748
"Bourne legacy",1474675500,1485068256,10392756,52102885.7748
"Bourne legacy",1474675500,1475546280,870780,52102885.7748
"Bourne legacy",1474764660,1485068256,10303596,52102885.7748
"Bourne legacy",1474844940,1485068256,10223316,52102885.7748
"Bourne legacy",1474844940,1475628120,783180,52102885.7748
"Bourne legacy",1474929360,1485068256,10138896,52102885.7748
"Bourne legacy",1474929360,1475190120,260760,52102885.7748
"Bourne legacy",1475012220,1485068256,10056036,52102885.7748
"Bourne legacy",1475012220,1477163220,2151000,52102885.7748
"Bourne legacy",1475027880,1485068256,10040376,52102885.7748
"Bourne legacy",1475027880,1476208500,1180620,52102885.7748
"Bourne legacy",1475089860,1485068256,9978396,52102885.7748
"Bourne legacy",1475094660,1485068256,9973596,52102885.7748
"Bourne legacy",1475094660,1475451480,356820,52102885.7748
"Bourne legacy",1475107080,1485068256,9961176,52102885.7748
"Bourne legacy",1475263500,1485068256,9804756,52102885.7748
"Bourne legacy",1475263500,1475797140,533640,52102885.7748
"Bourne legacy",1475269140,1485068256,9799116,52102885.7748
"Bourne legacy",1475269140,1476219120,949980,52102885.7748
"Bourne legacy",1475439120,1485068256,9629136,52102885.7748
"Bourne legacy",1475444100,1485068256,9624156,52102885.7748
"Bourne legacy",1475444100,1476312420,868320,52102885.7748
"Bourne legacy",1475634540,1485068256,9433716,52102885.7748
"Bourne legacy",1475636040,1485068256,9432216,52102885.7748
"Bourne legacy",1475636040,1477445700,1809660,52102885.7748
"Bourne legacy",1475687280,1485068256,9380976,52102885.7748
"Bourne legacy",1475695020,1485068256,9373236,52102885.7748
"Bourne legacy",1475695020,1476402420,707400,52102885.7748
"Bourne legacy",1475710200,1485068256,9358056,52102885.7748
"Bourne legacy",1475710200,1476143160,432960,52102885.7748
"Bourne legacy",1475777340,1485068256,9290916,52102885.7748
"Bourne legacy",1475777340,1476564240,786900,52102885.7748
"Bourne legacy",1475783580,1485068256,9284676,52102885.7748
"Bourne legacy",1475783580,1477182540,1398960,52102885.7748
"Bourne legacy",1475882520,1485068256,9185736,52102885.7748
"Bourne legacy",1475952540,1485068256,9115716,52102885.7748
"Bourne legacy",1475966520,1485068256,9101736,52102885.7748
"Bourne legacy",1475966520,1476046260,79740,52102885.7748
"Bourne legacy",1476214560,1485068256,8853696,52102885.7748
"Bourne legacy",1476214560,1477426920,1212360,52102885.7748
"Bourne legacy",1476230040,1485068256,8838216,52102885.7748
"Bourne legacy",1476234480,1485068256,8833776,52102885.7748
"Bourne legacy",1476234480,1476300720,66240,52102885.7748
"Bourne legacy",1476234840,1485068256,8833416,52102885.7748
"Bourne legacy",1476234840,1477697640,1462800,52102885.7748
"Bourne legacy",1476235620,1485068256,8832636,52102885.7748
"Bourne legacy",1476314400,1485068256,8753856,52102885.7748
"Bourne legacy",1476314400,1476490860,176460,52102885.7748
"Bourne legacy",1476382680,1485068256,8685576,52102885.7748
"Bourne legacy",1476382680,1476482160,99480,52102885.7748
"Bourne legacy",1476389880,1485068256,8678376,52102885.7748
"Bourne legacy",1476389880,1479339540,2949660,52102885.7748
"Bourne legacy",1476401820,1485068256,8666436,52102885.7748
"Bourne legacy",1476401820,1477621500,1219680,52102885.7748
"Bourne legacy",1476407700,1485068256,8660556,52102885.7748
"Bourne legacy",1476552180,1485068256,8516076,52102885.7748
"Bourne legacy",1476652860,1485068256,8415396,52102885.7748
"Bourne legacy",1476652860,1476995280,342420,52102885.7748
"Bourne legacy",1476749820,1485068256,8318436,52102885.7748
"Bourne legacy",1476827220,1485068256,8241036,52102885.7748
"Bourne legacy",1477260540,1485068256,7807716,52102885.7748
"Bourne legacy",1477260540,1477518120,257580,52102885.7748
"Bourne legacy",1477438980,1485068256,7629276,52102885.7748
"Bourne legacy",1477438980,1479686940,2247960,52102885.7748
"Bourne legacy",1477509180,1485068256,7559076,52102885.7748
"Bourne legacy",1477509180,1477599000,89820,52102885.7748
"Bourne legacy",1477620060,1485068256,7448196,52102885.7748
"Bourne legacy",1477679460,1485068256,7388796,52102885.7748
"Bourne legacy",1477679460,1478288700,609240,52102885.7748
"Bourne legacy",1477686120,1485068256,7382136,52102885.7748
"Bourne legacy",1477686900,1485068256,7381356,52102885.7748
"Bourne legacy",1477686900,1478044860,357960,52102885.7748
"Bourne legacy",1477773660,1485068256,7294596,52102885.7748
"Bourne legacy",1477773660,1477947720,174060,52102885.7748
"Bourne legacy",1477786800,1485068256,7281456,52102885.7748
"Bourne legacy",1477948980,1485068256,7119276,52102885.7748
"Bourne legacy",1477948980,1478720700,771720,52102885.7748
"Bourne legacy",1478053560,1485068256,7014696,52102885.7748
"Bourne legacy",1478132220,1485068256,6936036,52102885.7748
"Bourne legacy",1478132220,1478563980,431760,52102885.7748
"Bourne legacy",1478197980,1485068256,6870276,52102885.7748
"Bourne legacy",1478221080,1485068256,6847176,52102885.7748
"Bourne legacy",1478221080,1478563320,342240,52102885.7748
"Bourne legacy",1478292780,1485068256,6775476,52102885.7748
"Bourne legacy",1478478900,1485068256,6589356,52102885.7748
"Bourne legacy",1478478900,1479167880,688980,52102885.7748
"Bourne legacy",1478551800,1485068256,6516456,52102885.7748
"Bourne legacy",1478551800,1479326820,775020,52102885.7748
"Bourne legacy",1478561280,1485068256,6506976,52102885.7748
"Bourne legacy",1478561280,1479242340,681060,52102885.7748
"Bourne legacy",1478572440,1485068256,6495816,52102885.7748
"Bourne legacy",1478572440,1479263640,691200,52102885.7748
"Bourne legacy",1478723220,1485068256,6345036,52102885.7748
"Bourne legacy",1478986860,1485068256,6081396,52102885.7748
"Bourne legacy",1478986860,1481495880,2509020,52102885.7748
"Bourne legacy",1478999520,1481409360,2409840,52102885.7748
"Bourne legacy",1479172380,1485068256,5895876,52102885.7748
"Bourne legacy",1479172380,1479606540,434160,52102885.7748
"Bourne legacy",1479244740,1485068256,5823516,52102885.7748
"Bourne legacy",1479244740,1479948720,703980,52102885.7748
"Bourne legacy",1479254280,1485068256,5813976,52102885.7748
"Bourne legacy",1479254280,1480551180,1296900,52102885.7748
"Bourne legacy",1479330420,1485068256,5737836,52102885.7748
"Bourne legacy",1479330420,1479679320,348900,52102885.7748
"Bourne legacy",1479419400,1485068256,5648856,52102885.7748
"Bourne legacy",1479435540,1485068256,5632716,52102885.7748
"Bourne legacy",1479435540,1480205460,769920,52102885.7748
"Bourne legacy",1479509220,1485068256,5559036,52102885.7748
"Bourne legacy",1479604320,1485068256,5463936,52102885.7748
"Bourne legacy",1479604320,1479847140,242820,52102885.7748
"Bourne legacy",1479689760,1485068256,5378496,52102885.7748
"Bourne legacy",1479766680,1485068256,5301576,52102885.7748
"Bourne legacy",1479766680,1480554420,787740,52102885.7748
"Bourne legacy",1479772680,1485068256,5295576,52102885.7748
"Bourne legacy",1479772680,1481328180,1555500,52102885.7748
"Bourne legacy",1479844200,1485068256,5224056,52102885.7748
"Bourne legacy",1479844200,1480473960,629760,52102885.7748
"Bourne legacy",1480125300,1485068256,4942956,52102885.7748
"Bourne legacy",1480125300,1481064900,939600,52102885.7748
"Bourne legacy",1480196520,1485068256,4871736,52102885.7748
"Bourne legacy",1480196940,1485068256,4871316,52102885.7748
"Bourne legacy",1480196940,1480542540,345600,52102885.7748
"Bourne legacy",1480285320,1485068256,4782936,52102885.7748
"Bourne legacy",1480285320,1481232540,947220,52102885.7748
"Bourne legacy",1480467120,1485068256,4601136,52102885.7748
"Bourne legacy",1480467120,1484008320,3541200,52102885.7748
"Bourne legacy",1480711920,1485068256,4356336,52102885.7748
"Bourne legacy",1480711920,1482095400,1383480,52102885.7748
"Bourne legacy",1480799580,1485068256,4268676,52102885.7748
"Bourne legacy",1480799580,1482792480,1992900,52102885.7748
"Bourne legacy",1480979640,1485068256,4088616,52102885.7748
"Bourne legacy",1480979640,1482283860,1304220,52102885.7748
"Bourne legacy",1481150520,1485068256,3917736,52102885.7748
"Bourne legacy",1481150520,1481398140,247620,52102885.7748
"Bourne legacy",1481154300,1485068256,3913956,52102885.7748
"Bourne legacy",1481154300,1481332980,178680,52102885.7748
"Bourne legacy",1481155440,1485068256,3912816,52102885.7748
"Bourne legacy",1481155440,1481584980,429540,52102885.7748
"Bourne legacy",1481227320,1485068256,3840936,52102885.7748
"Bourne legacy",1481227320,1482265080,1037760,52102885.7748
"Bourne legacy",1481250000,1485068256,3818256,52102885.7748
"Bourne legacy",1481250000,1481678880,428880,52102885.7748
"Bourne legacy",1481327340,1485068256,3740916,52102885.7748
"Bourne legacy",1481335200,1485068256,3733056,52102885.7748
"Bourne legacy",1481335200,1481676840,341640,52102885.7748
"Bourne legacy",1481393100,1485068256,3675156,52102885.7748
"Bourne legacy",1481393100,1481744040,350940,52102885.7748
"Bourne legacy",1481400360,1485068256,3667896,52102885.7748
"Bourne legacy",1481400360,1482791760,1391400,52102885.7748
"Bourne legacy",1481411340,1485068256,3656916,52102885.7748
"Bourne legacy",1481411340,1481937960,526620,52102885.7748
"Bourne legacy",1481421180,1485068256,3647076,52102885.7748
"Bourne legacy",1481577600,1485068256,3490656,52102885.7748
"Bourne legacy",1481577600,1482010080,432480,52102885.7748
"Bourne legacy",1481582640,1485068256,3485616,52102885.7748
"Bourne legacy",1481582640,1482011040,428400,52102885.7748
"Bourne legacy",1481659140,1485068256,3409116,52102885.7748
"Bourne legacy",1481763480,1485068256,3304776,52102885.7748
"Bourne legacy",1481763480,1482447480,684000,52102885.7748
"Bourne legacy",1481839980,1485068256,3228276,52102885.7748
"Bourne legacy",1481839980,1482203340,363360,52102885.7748
"Bourne legacy",1481911320,1485068256,3156936,52102885.7748
"Bourne legacy",1481911320,1484008380,2097060,52102885.7748
"Bourne legacy",1482005040,1485068256,3063216,52102885.7748
"Bourne legacy",1482263640,1485068256,2804616,52102885.7748
"Bourne legacy",1482280860,1485068256,2787396,52102885.7748
"Bourne legacy",1482280860,1483390620,1109760,52102885.7748
"Bourne legacy",1482365220,1485068256,2703036,52102885.7748
"Bourne legacy",1482365220,1482971520,606300,52102885.7748
"Bourne legacy",1482440940,1485068256,2627316,52102885.7748
"Bourne legacy",1482440940,1482877440,436500,52102885.7748
"Bourne legacy",1482448260,1485068256,2619996,52102885.7748
"Bourne legacy",1482459600,1485068256,2608656,52102885.7748
"Bourne legacy",1482459600,1483500840,1041240,52102885.7748
"Bourne legacy",1482524580,1485068256,2543676,52102885.7748
"Bourne legacy",1482528840,1485068256,2539416,52102885.7748
"Bourne legacy",1482528840,1483389780,860940,52102885.7748
"Bourne legacy",1482783840,1485068256,2284416,52102885.7748
"Bourne legacy",1482789840,1485068256,2278416,52102885.7748
"Bourne legacy",1482789840,1483838460,1048620,52102885.7748
"Bourne legacy",1482794040,1485068256,2274216,52102885.7748
"Bourne legacy",1482794040,1482976140,182100,52102885.7748
"Bourne legacy",1482863280,1485068256,2204976,52102885.7748
"Bourne legacy",1482863280,1483564320,701040,52102885.7748
"Bourne legacy",1482873900,1485068256,2194356,52102885.7748
"Bourne legacy",1482873900,1483838040,964140,52102885.7748
"Bourne legacy",1482886860,1485068256,2181396,52102885.7748
"Bourne legacy",1482886860,1483917660,1030800,52102885.7748
"Bourne legacy",1482894720,1485068256,2173536,52102885.7748
"Bourne legacy",1482894720,1484949960,2055240,52102885.7748
"Bourne legacy",1483039860,1485068256,2028396,52102885.7748
"Bourne legacy",1483039860,1483823100,783240,52102885.7748
"Bourne legacy",1483055820,1485068256,2012436,52102885.7748
"Bourne legacy",1483055820,1484959200,1903380,52102885.7748
"Bourne legacy",1483220880,1485068256,1847376,52102885.7748
"Bourne legacy",1483220880,1484157720,936840,52102885.7748
"Bourne legacy",1483564920,1485068256,1503336,52102885.7748
"Bourne legacy",1483578960,1485068256,1489296,52102885.7748
"Bourne legacy",1483578960,1484011320,432360,52102885.7748
"Bourne legacy",1483834440,1485068256,1233816,52102885.7748
"Bourne legacy",1483834440,1484087880,253440,52102885.7748
"Bourne legacy",1483996320,1485068256,1071936,52102885.7748
"Bourne legacy",1483996320,1484255940,259620,52102885.7748
"Bourne legacy",1484002620,1485068256,1065636,52102885.7748
"Bourne legacy",1484002620,1484263800,261180,52102885.7748
"Bourne legacy",1484013960,1485068256,1054296,52102885.7748
"Bourne legacy",1484013960,1484435640,421680,52102885.7748
"Bourne legacy",1484168760,1485068256,899496,52102885.7748
"Bourne legacy",1484168880,1485068256,899376,52102885.7748
"Bourne legacy",1484168880,1484525400,356520,52102885.7748
"Bourne legacy",1484261700,1485068256,806556,52102885.7748
"Bourne legacy",1484272500,1485068256,795756,52102885.7748
"Bourne legacy",1484277900,1485068256,790356,52102885.7748
"Bourne legacy",1484331660,1485068256,736596,52102885.7748
"Bourne legacy",1484332260,1485068256,735996,52102885.7748
"Bourne legacy",1484344020,1485068256,724236,52102885.7748
"Bourne legacy",1484344020,1484697720,353700,52102885.7748
"Bourne legacy",1484347800,1485068256,720456,52102885.7748
"Bourne legacy",1484433960,1485068256,634296,52102885.7748
"Bourne legacy",1484442000,1485068256,626256,52102885.7748
"Bourne legacy",1484705100,1485068256,363156,52102885.7748
"Bourne legacy",1484869740,1485068256,198516,52102885.7748
"Bourne identity",1119299400,1138915440,19616040,102780779.1806
"Bourne identity",1119299400,1139533140,20233740,102780779.1806
"Bourne identity",1119299400,1140027720,20728320,102780779.1806
"Bourne identity",1120774140,1139253540,18479400,102780779.1806
"Bourne identity",1120774140,1139349780,18575640,102780779.1806
"Bourne identity",1128291120,1136918820,8627700,102780779.1806
"Bourne identity",1128291120,1137183900,8892780,102780779.1806
"Bourne identity",1131491460,1136518200,5026740,102780779.1806
"Bourne identity",1131491460,1136840280,5348820,102780779.1806
"Bourne identity",1133391720,1136330700,2938980,102780779.1806
"Bourne identity",1133406720,1142113320,8706600,102780779.1806
"Bourne identity",1133480220,1136406120,2925900,102780779.1806
"Bourne identity",1133553720,1136486040,2932320,102780779.1806
"Bourne identity",1133644380,1136679720,3035340,102780779.1806
"Bourne identity",1133646720,1136924880,3278160,102780779.1806
"Bourne identity",1134062580,1139513760,5451180,102780779.1806
"Bourne identity",1134259320,1136238060,1978740,102780779.1806
"Bourne identity",1134259320,1137088560,2829240,102780779.1806
"Bourne identity",1134259320,1137125220,2865900,102780779.1806
"Bourne identity",1134697920,1139941440,5243520,102780779.1806
"Bourne identity",1134777420,1136583480,1806060,102780779.1806
"Bourne identity",1135284420,1138404780,3120360,102780779.1806
"Bourne identity",1135284420,1138653540,3369120,102780779.1806
"Bourne identity",1135290780,1136245320,954540,102780779.1806
"Bourne identity",1135290780,1136339820,1049040,102780779.1806
"Bourne identity",1135381920,1136490600,1108680,102780779.1806
"Bourne identity",1135382460,1136405220,1022760,102780779.1806
"Bourne identity",1135644720,1136965440,1320720,102780779.1806
"Bourne identity",1135644720,1137009060,1364340,102780779.1806
"Bourne identity",1135814340,1137100500,1286160,102780779.1806
"Bourne identity",1135881240,1136484540,603300,102780779.1806
"Bourne identity",1135906500,1137030660,1124160,102780779.1806
"Bourne identity",1135906500,1137191160,1284660,102780779.1806
"Bourne identity",1135967100,1137261720,1294620,102780779.1806
"Bourne identity",1135986480,1136480580,494100,102780779.1806
"Bourne identity",1135992540,1136337420,344880,102780779.1806
"Bourne identity",1135992540,1136486940,494400,102780779.1806
"Bourne identity",1135992540,1136863560,871020,102780779.1806
"Bourne identity",1136243400,1485068256,348824856,102780779.1806
"Bourne identity",1136243400,1137195300,951900,102780779.1806
"Bourne identity",1136249040,1485068256,348819216,102780779.1806
"Bourne identity",1136249040,1138237020,1987980,102780779.1806
"Bourne identity",1136249040,1138254840,2005800,102780779.1806
"Bourne identity",1136249040,1138483860,2234820,102780779.1806
"Bourne identity",1136252820,1485068256,348815436,102780779.1806
"Bourne identity",1136331000,1485068256,348737256,102780779.1806
"Bourne identity",1136331000,1136505720,174720,102780779.1806
"Bourne identity",1136416380,1485068256,348651876,102780779.1806
"Bourne identity",1136416380,1136589840,173460,102780779.1806
"Bourne identity",1136416380,1137014940,598560,102780779.1806
"Bourne identity",1136426940,1485068256,348641316,102780779.1806
"Bourne identity",1136426940,1140053220,3626280,102780779.1806
"Bourne identity",1136426940,1140306540,3879600,102780779.1806
"Bourne identity",1136426940,1140634560,4207620,102780779.1806
"Bourne identity",1136502540,1485068256,348565716,102780779.1806
"Bourne identity",1136502540,1136582640,80100,102780779.1806
"Bourne identity",1136510940,1485068256,348557316,102780779.1806
"Bourne identity",1136510940,1137026700,515760,102780779.1806
"Bourne identity",1136512620,1485068256,348555636,102780779.1806
"Bourne identity",1136512620,1136842860,330240,102780779.1806
"Bourne identity",1136572560,1485068256,348495696,102780779.1806
"Bourne identity",1136666940,1137277380,610440,102780779.1806
"Bourne identity",1136666940,1138394220,1727280,102780779.1806
"Bourne identity",1136684640,1485068256,348383616,102780779.1806
"Bourne identity",1136684640,1136762940,78300,102780779.1806
"Bourne identity",1136756880,1485068256,348311376,102780779.1806
"Bourne identity",1136756880,1142208540,5451660,102780779.1806
"Bourne identity",1136846460,1485068256,348221796,102780779.1806
"Bourne identity",1136846460,1137196080,349620,102780779.1806
"Bourne identity",1136850300,1485068256,348217956,102780779.1806
"Bourne identity",1136850300,1137199260,348960,102780779.1806
"Bourne identity",1136853240,1485068256,348215016,102780779.1806
"Bourne identity",1136853240,1138732680,1879440,102780779.1806
"Bourne identity",1136861460,1485068256,348206796,102780779.1806
"Bourne identity",1136942520,1485068256,348125736,102780779.1806
"Bourne identity",1136942520,1139098980,2156460,102780779.1806
"Bourne identity",1136942520,1139241720,2299200,102780779.1806
"Bourne identity",1136943960,1485068256,348124296,102780779.1806
"Bourne identity",1136943960,1137026820,82860,102780779.1806
"Bourne identity",1136950020,1485068256,348118236,102780779.1806
"Bourne identity",1136950020,1138996260,2046240,102780779.1806
"Bourne identity",1137026880,1485068256,348041376,102780779.1806
"Bourne identity",1137112140,1485068256,347956116,102780779.1806
"Bourne identity",1137117180,1485068256,347951076,102780779.1806
"Bourne identity",1137117180,1138915560,1798380,102780779.1806
"Bourne identity",1137117180,1139353560,2236380,102780779.1806
"Bourne identity",1137117180,1139440020,2322840,102780779.1806
"Bourne identity",1137117180,1139594760,2477580,102780779.1806
"Bourne identity",1137117180,1140822420,3705240,102780779.1806
"Bourne identity",1137184140,1485068256,347884116,102780779.1806
"Bourne identity",1137190380,1485068256,347877876,102780779.1806
"Bourne identity",1137190740,1485068256,347877516,102780779.1806
"Bourne identity",1137190740,1138824180,1633440,102780779.1806
"Bourne identity",1137190740,1139429940,2239200,102780779.1806
"Bourne identity",1137194760,1485068256,347873496,102780779.1806
"Bourne identity",1137199680,1139102280,1902600,102780779.1806
"Bourne identity",1137199680,1139512680,2313000,102780779.1806
"Bourne identity",1137199680,1141343520,4143840,102780779.1806
"Bourne identity",1137264000,1485068256,347804256,102780779.1806
"Bourne identity",1137283440,1146623040,9339600,102780779.1806
"Bourne identity",1137284160,1138229640,945480,102780779.1806
"Bourne identity",1137515460,1140547260,3031800,102780779.1806
"Bourne identity",1137534660,1139358060,1823400,102780779.1806
"Bourne identity",1137534660,1139544060,2009400,102780779.1806
"Bourne identity",1137540900,1142121540,4580640,102780779.1806
"Bourne identity",1137540900,1142555160,5014260,102780779.1806
"Bourne identity",1137540900,1142895240,5354340,102780779.1806
"Bourne identity",1137611220,1138222200,610980,102780779.1806
"Bourne identity",1137611220,1138471200,859980,102780779.1806
"Bourne identity",1137611220,1138652520,1041300,102780779.1806
"Bourne identity",1137611220,1138817460,1206240,102780779.1806
"Bourne identity",1137637380,1138485000,847620,102780779.1806
"Bourne identity",1137787680,1139363400,1575720,102780779.1806
"Bourne identity",1137787680,1139438160,1650480,102780779.1806
"Bourne identity",1137880680,1138850400,969720,102780779.1806
"Bourne identity",1137880680,1139278560,1397880,102780779.1806
"Bourne identity",1137880680,1139342040,1461360,102780779.1806
"Bourne identity",1137972000,1138835640,863640,102780779.1806
"Bourne identity",1138053960,1138650300,596340,102780779.1806
"Bourne identity",1138053960,1138823580,769620,102780779.1806
"Bourne identity",1138053960,1138992420,938460,102780779.1806
"Bourne identity",1138053960,1139367300,1313340,102780779.1806
"Bourne identity",1138053960,1139429220,1375260,102780779.1806
"Bourne identity",1138069740,1139451600,1381860,102780779.1806
"Bourne identity",1138069740,1139684340,1614600,102780779.1806
"Bourne identity",1138069740,1139885820,1816080,102780779.1806
"Bourne identity",1138070160,1141426800,3356640,102780779.1806
"Bourne identity",1138070160,1142912520,4842360,102780779.1806
"Bourne identity",1138070160,1142972760,4902600,102780779.1806
"Bourne identity",1138070160,1143227880,5157720,102780779.1806
"Bourne identity",1138119840,1141171140,3051300,102780779.1806
"Bourne identity",1138119840,1142275500,4155660,102780779.1806
"Bourne identity",1138119840,1142276640,4156800,102780779.1806
"Bourne identity",1138119840,1142384100,4264260,102780779.1806
"Bourne identity",1138119840,1142456820,4336980,102780779.1806
"Bourne identity",1138141980,1485068256,346926276,102780779.1806
"Bourne identity",1138213380,1485068256,346854876,102780779.1806
"Bourne identity",1138213380,1139097420,884040,102780779.1806
"Bourne identity",1138218180,1485068256,346850076,102780779.1806
"Bourne identity",1138218180,1138824480,606300,102780779.1806
"Bourne identity",1138218180,1139009280,791100,102780779.1806
"Bourne identity",1138223700,1485068256,346844556,102780779.1806
"Bourne identity",1138236480,1485068256,346831776,102780779.1806
"Bourne identity",1138236480,1140896880,2660400,102780779.1806
"Bourne identity",1138236600,1485068256,346831656,102780779.1806
"Bourne identity",1138236600,1138998840,762240,102780779.1806
"Bourne identity",1138237680,1485068256,346830576,102780779.1806
"Bourne identity",1138237680,1139262180,1024500,102780779.1806
"Bourne identity",1138237680,1140895200,2657520,102780779.1806
"Bourne identity",1138240860,1485068256,346827396,102780779.1806
"Bourne identity",1138240860,1140054000,1813140,102780779.1806
"Bourne identity",1138312080,1485068256,346756176,102780779.1806
"Bourne identity",1138312080,1140126180,1814100,102780779.1806
"Bourne identity",1138312080,1140634560,2322480,102780779.1806
"Bourne identity",1138390080,1485068256,346678176,102780779.1806
"Bourne identity",1138402020,1485068256,346666236,102780779.1806
"Bourne identity",1138402020,1139703300,1301280,102780779.1806
"Bourne identity",1138402020,1139940600,1538580,102780779.1806
"Bourne identity",1138402020,1140127740,1725720,102780779.1806
"Bourne identity",1138403760,1485068256,346664496,102780779.1806
"Bourne identity",1138403760,1138825980,422220,102780779.1806
"Bourne identity",1138403760,1138914420,510660,102780779.1806
"Bourne identity",1138409040,1485068256,346659216,102780779.1806
"Bourne identity",1138409040,1138836180,427140,102780779.1806
"Bourne identity",1138409040,1138947660,538620,102780779.1806
"Bourne identity",1138409040,1139258580,849540,102780779.1806
"Bourne identity",1138572360,1485068256,346495896,102780779.1806
"Bourne identity",1138661700,1485068256,346406556,102780779.1806
"Bourne identity",1138661700,1145043060,6381360,102780779.1806
"Bourne identity",1138661700,1148366880,9705180,102780779.1806
"Bourne identity",1138661700,1148417160,9755460,102780779.1806
"Bourne identity",1138671240,1485068256,346397016,102780779.1806
"Bourne identity",1138671240,1140396240,1725000,102780779.1806
"Bourne identity",1138671240,1143579900,4908660,102780779.1806
"Bourne identity",1138759620,1485068256,346308636,102780779.1806
"Bourne identity",1138759620,1139879580,1119960,102780779.1806
"Bourne identity",1138759620,1140207120,1447500,102780779.1806
"Bourne identity",1138916700,1485068256,346151556,102780779.1806
"Bourne identity",1138916700,1143585600,4668900,102780779.1806
"Bourne identity",1138990920,1485068256,346077336,102780779.1806
"Bourne identity",1138990920,1141170180,2179260,102780779.1806
"Bourne identity",1138990920,1141237200,2246280,102780779.1806
"Bourne identity",1139009640,1485068256,346058616,102780779.1806
"Bourne identity",1139009640,1139368860,359220,102780779.1806
"Bourne identity",1139017740,1485068256,346050516,102780779.1806
"Bourne identity",1139077380,1140062160,984780,102780779.1806
"Bourne identity",1139077380,1140121080,1043700,102780779.1806
"Bourne identity",1139094180,1485068256,345974076,102780779.1806
"Bourne identity",1139094180,1139942400,848220,102780779.1806
"Bourne identity",1139094600,1485068256,345973656,102780779.1806
"Bourne identity",1139094600,1139706240,611640,102780779.1806
"Bourne identity",1139094600,1141082280,1987680,102780779.1806
"Bourne identity",1139094600,1141234440,2139840,102780779.1806
"Bourne identity",1139173380,1485068256,345894876,102780779.1806
"Bourne identity",1139173380,1139885160,711780,102780779.1806
"Bourne identity",1139173380,1140029640,856260,102780779.1806
"Bourne identity",1139173380,1141516920,2343540,102780779.1806
"Bourne identity",1139180640,1485068256,345887616,102780779.1806
"Bourne identity",1139250600,1485068256,345817656,102780779.1806
"Bourne identity",1139256180,1485068256,345812076,102780779.1806
"Bourne identity",1139256180,1139529300,273120,102780779.1806
"Bourne identity",1139361420,1485068256,345706836,102780779.1806
"Bourne identity",1139361420,1141175820,1814400,102780779.1806
"Bourne identity",1139363460,1485068256,345704796,102780779.1806
"Bourne identity",1139363460,1140661260,1297800,102780779.1806
"Bourne identity",1139363460,1140838140,1474680,102780779.1806
"Bourne identity",1139435940,1485068256,345632316,102780779.1806
"Bourne identity",1139435940,1149359820,9923880,102780779.1806
"Bourne identity",1139435940,1149537480,10101540,102780779.1806
"Bourne identity",1139442600,1485068256,345625656,102780779.1806
"Bourne identity",1139442600,1139694780,252180,102780779.1806
"Bourne identity",1139533680,1485068256,345534576,102780779.1806
"Bourne identity",1139533680,1139887200,353520,102780779.1806
"Bourne identity",1139533680,1140312000,778320,102780779.1806
"Bourne identity",1139611320,1485068256,345456936,102780779.1806
"Bourne identity",1139611320,1140821880,1210560,102780779.1806
"Bourne identity",1139613600,1485068256,345454656,102780779.1806
"Bourne identity",1139613600,1142123340,2509740,102780779.1806
"Bourne identity",1139617680,1485068256,345450576,102780779.1806
"Bourne identity",1139617680,1140556620,938940,102780779.1806
"Bourne identity",1139621340,1485068256,345446916,102780779.1806
"Bourne identity",1139698440,1485068256,345369816,102780779.1806
"Bourne identity",1139698440,1140305220,606780,102780779.1806
"Bourne identity",1139789160,1485068256,345279096,102780779.1806
"Bourne identity",1139789160,1141767360,1978200,102780779.1806
"Bourne identity",1139879700,1485068256,345188556,102780779.1806
"Bourne identity",1139973000,1485068256,345095256,102780779.1806
"Bourne identity",1139973000,1140041340,68340,102780779.1806
"Bourne identity",1140034440,1485068256,345033816,102780779.1806
"Bourne identity",1140057900,1485068256,345010356,102780779.1806
"Bourne identity",1140057900,1140211140,153240,102780779.1806
"Bourne identity",1140123000,1485068256,344945256,102780779.1806
"Bourne identity",1140123000,1141429800,1306800,102780779.1806
"Bourne identity",1140140820,1485068256,344927436,102780779.1806
"Bourne identity",1140140820,1141168560,1027740,102780779.1806
"Bourne identity",1140220200,1485068256,344848056,102780779.1806
"Bourne identity",1140220200,1142882820,2662620,102780779.1806
"Bourne identity",1140226020,1485068256,344842236,102780779.1806
"Bourne identity",1140226020,1141257180,1031160,102780779.1806
"Bourne identity",1140227040,1485068256,344841216,102780779.1806
"Bourne identity",1140227040,1141513620,1286580,102780779.1806
"Bourne identity",1140227040,1141767120,1540080,102780779.1806
"Bourne identity",1140227040,1141839360,1612320,102780779.1806
"Bourne identity",1140227400,1485068256,344840856,102780779.1806
"Bourne identity",1140227400,1141958460,1731060,102780779.1806
"Bourne identity",1140227400,1142563980,2336580,102780779.1806
"Bourne identity",1140287280,1485068256,344780976,102780779.1806
"Bourne identity",1140287280,1140815400,528120,102780779.1806
"Bourne identity",1140291660,1485068256,344776596,102780779.1806
"Bourne identity",1140291660,1144284480,3992820,102780779.1806
"Bourne identity",1140310500,1485068256,344757756,102780779.1806
"Bourne identity",1140310500,1141430820,1120320,102780779.1806
"Bourne identity",1140311340,1485068256,344756916,102780779.1806
"Bourne identity",1140311340,1142106300,1794960,102780779.1806
"Bourne identity",1140561420,1485068256,344506836,102780779.1806
"Bourne identity",1140561420,1142394180,1832760,102780779.1806
"Bourne identity",1140562260,1485068256,344505996,102780779.1806
"Bourne identity",1140562260,1142558700,1996440,102780779.1806
"Bourne identity",1140564120,1485068256,344504136,102780779.1806
"Bourne identity",1140564120,1141772040,1207920,102780779.1806
"Bourne identity",1140571200,1485068256,344497056,102780779.1806
"Bourne identity",1140571200,1145055780,4484580,102780779.1806
"Bourne identity",1140651600,1485068256,344416656,102780779.1806
"Bourne identity",1140651600,1141178880,527280,102780779.1806
"Bourne identity",1140820260,1485068256,344247996,102780779.1806
"Bourne identity",1140820260,1142387700,1567440,102780779.1806
"Bourne identity",1140897360,1485068256,344170896,102780779.1806
"Bourne identity",1140897360,1144196520,3299160,102780779.1806
"Bourne identity",1140900840,1485068256,344167416,102780779.1806
"Bourne identity",1140900840,1141762980,862140,102780779.1806
"Bourne identity",1140902820,1485068256,344165436,102780779.1806
"Bourne identity",1140902820,1141872120,969300,102780779.1806
"Bourne identity",1141065060,1143483480,2418420,102780779.1806
"Bourne identity",1141068660,1142880180,1811520,102780779.1806
"Bourne identity",1141068660,1143490140,2421480,102780779.1806
"Bourne identity",1141081860,1485068256,343986396,102780779.1806
"Bourne identity",1141081860,1141668060,586200,102780779.1806
"Bourne identity",1141081860,1142018460,936600,102780779.1806
"Bourne identity",1141081860,1142280360,1198500,102780779.1806
"Bourne identity",1141081860,1142541300,1459440,102780779.1806
"Bourne identity",1141183260,1485068256,343884996,102780779.1806
"Bourne identity",1141183260,1145129700,3946440,102780779.1806
"Bourne identity",1141245720,1485068256,343822536,102780779.1806
"Bourne identity",1141245720,1143742680,2496960,102780779.1806
"Bourne identity",1141245720,1143837840,2592120,102780779.1806
"Bourne identity",1141245720,1144079880,2834160,102780779.1806
"Bourne identity",1141257240,1485068256,343811016,102780779.1806
"Bourne identity",1141257240,1141694280,437040,102780779.1806
"Bourne identity",1141262880,1485068256,343805376,102780779.1806
"Bourne identity",1141348860,1485068256,343719396,102780779.1806
"Bourne identity",1141356900,1485068256,343711356,102780779.1806
"Bourne identity",1141356900,1141423020,66120,102780779.1806
"Bourne identity",1141356900,1141680240,323340,102780779.1806
"Bourne identity",1141430460,1485068256,343637796,102780779.1806
"Bourne identity",1141430460,1143331080,1900620,102780779.1806
"Bourne identity",1141501500,1485068256,343566756,102780779.1806
"Bourne identity",1141501500,1142297880,796380,102780779.1806
"Bourne identity",1141506540,1485068256,343561716,102780779.1806
"Bourne identity",1141506540,1141590480,83940,102780779.1806
"Bourne identity",1141506540,1141688340,181800,102780779.1806
"Bourne identity",1141679880,1485068256,343388376,102780779.1806
"Bourne identity",1141687020,1485068256,343381236,102780779.1806
"Bourne identity",1141687020,1143498360,1811340,102780779.1806
"Bourne identity",1141945200,1485068256,343123056,102780779.1806
"Bourne identity",1141952400,1485068256,343115856,102780779.1806
"Bourne identity",1141952400,1142556300,603900,102780779.1806
"Bourne identity",1141953060,1485068256,343115196,102780779.1806
"Bourne identity",1141953060,1142993040,1039980,102780779.1806
"Bourne identity",1141956480,1485068256,343111776,102780779.1806
"Bourne identity",1141956480,1144113720,2157240,102780779.1806
"Bourne identity",1142020560,1485068256,343047696,102780779.1806
"Bourne identity",1142020560,1143085080,1064520,102780779.1806
"Bourne identity",1142029380,1485068256,343038876,102780779.1806
"Bourne identity",1142029380,1142307840,278460,102780779.1806
"Bourne identity",1142032380,1485068256,343035876,102780779.1806
"Bourne identity",1142032380,1142479440,447060,102780779.1806
"Bourne identity",1142041800,1485068256,343026456,102780779.1806
"Bourne identity",1142041800,1142998500,956700,102780779.1806
"Bourne identity",1142117100,1485068256,342951156,102780779.1806
"Bourne identity",1142127120,1485068256,342941136,102780779.1806
"Bourne identity",1142127120,1142300100,172980,102780779.1806
"Bourne identity",1142127540,1485068256,342940716,102780779.1806
"Bourne identity",1142127540,1143673380,1545840,102780779.1806
"Bourne identity",1142127540,1143760920,1633380,102780779.1806
"Bourne identity",1142204220,1485068256,342864036,102780779.1806
"Bourne identity",1142204220,1144200180,1995960,102780779.1806
"Bourne identity",1142204220,1144694880,2490660,102780779.1806
"Bourne identity",1142204220,1145989020,3784800,102780779.1806
"Bourne identity",1142204220,1146087060,3882840,102780779.1806
"Bourne identity",1142204220,1146159780,3955560,102780779.1806
"Bourne identity",1142300760,1485068256,342767496,102780779.1806
"Bourne identity",1142300760,1144198740,1897980,102780779.1806
"Bourne identity",1142300760,1144786980,2486220,102780779.1806
"Bourne identity",1142301000,1485068256,342767256,102780779.1806
"Bourne identity",1142301000,1143164520,863520,102780779.1806
"Bourne identity",1142301000,1143254880,953880,102780779.1806
"Bourne identity",1142382420,1485068256,342685836,102780779.1806
"Bourne identity",1142382420,1143939540,1557120,102780779.1806
"Bourne identity",1142382420,1144207080,1824660,102780779.1806
"Bourne identity",1142394840,1485068256,342673416,102780779.1806
"Bourne identity",1142394840,1143923160,1528320,102780779.1806
"Bourne identity",1142446440,1485068256,342621816,102780779.1806
"Bourne identity",1142452440,1485068256,342615816,102780779.1806
"Bourne identity",1142452440,1142634780,182340,102780779.1806
"Bourne identity",1142467500,1485068256,342600756,102780779.1806
"Bourne identity",1142467500,1143582300,1114800,102780779.1806
"Bourne identity",1142467500,1143676380,1208880,102780779.1806
"Bourne identity",1142469840,1485068256,342598416,102780779.1806
"Bourne identity",1142479800,1485068256,342588456,102780779.1806
"Bourne identity",1142479800,1144695000,2215200,102780779.1806
"Bourne identity",1142479800,1145925600,3445800,102780779.1806
"Bourne identity",1142543400,1485068256,342524856,102780779.1806
"Bourne identity",1142543400,1143407160,863760,102780779.1806
"Bourne identity",1142544180,1485068256,342524076,102780779.1806
"Bourne identity",1142544180,1144187400,1643220,102780779.1806
"Bourne identity",1142544180,1144885500,2341320,102780779.1806
"Bourne identity",1142544180,1144956540,2412360,102780779.1806
"Bourne identity",1142547180,1485068256,342521076,102780779.1806
"Bourne identity",1142643600,1485068256,342424656,102780779.1806
"Bourne identity",1142643600,1144518060,1874460,102780779.1806
"Bourne identity",1142645040,1485068256,342423216,102780779.1806
"Bourne identity",1142645040,1143319200,674160,102780779.1806
"Bourne identity",1142645040,1143754500,1109460,102780779.1806
"Bourne identity",1142718540,1142718600,60,102780779.1806
"Bourne identity",1142812440,1485068256,342255816,102780779.1806
"Bourne identity",1142812440,1144022040,1209600,102780779.1806
"Bourne identity",1142891940,1485068256,342176316,102780779.1806
"Bourne identity",1142891940,1143333840,441900,102780779.1806
"Bourne identity",1142893560,1485068256,342174696,102780779.1806
"Bourne identity",1142904360,1485068256,342163896,102780779.1806
"Bourne identity",1142904360,1144438740,1534380,102780779.1806
"Bourne identity",1143060360,1485068256,342007896,102780779.1806
"Bourne identity",1143060360,1144802340,1741980,102780779.1806
"Bourne identity",1143137640,1485068256,341930616,102780779.1806
"Bourne identity",1143162780,1485068256,341905476,102780779.1806
"Bourne identity",1143162780,1144280220,1117440,102780779.1806
"Bourne identity",1143244560,1485068256,341823696,102780779.1806
"Bourne identity",1143244560,1145653080,2408520,102780779.1806
"Bourne identity",1143313920,1485068256,341754336,102780779.1806
"Bourne identity",1143313920,1144170180,856260,102780779.1806
"Bourne identity",1143316440,1143316500,60,102780779.1806
"Bourne identity",1143316440,1144371000,1054560,102780779.1806
"Bourne identity",1143495960,1485068256,341572296,102780779.1806
"Bourne identity",1143495960,1144205220,709260,102780779.1806
"Bourne identity",1143497040,1485068256,341571216,102780779.1806
"Bourne identity",1143497040,1143751320,254280,102780779.1806
"Bourne identity",1143497100,1485068256,341571156,102780779.1806
"Bourne identity",1143497100,1143917100,420000,102780779.1806
"Bourne identity",1143499500,1485068256,341568756,102780779.1806
"Bourne identity",1143499500,1144791180,1291680,102780779.1806
"Bourne identity",1143499500,1157222280,13722780,102780779.1806
"Bourne identity",1143587760,1485068256,341480496,102780779.1806
"Bourne identity",1143587760,1143748260,160500,102780779.1806
"Bourne identity",1143670560,1485068256,341397696,102780779.1806
"Bourne identity",1143670560,1146869700,3199140,102780779.1806
"Bourne identity",1143671820,1485068256,341396436,102780779.1806
"Bourne identity",1143671820,1144615020,943200,102780779.1806
"Bourne identity",1143671820,1144787100,1115280,102780779.1806
"Bourne identity",1143686280,1485068256,341381976,102780779.1806
"Bourne identity",1143686280,1144021140,334860,102780779.1806
"Bourne identity",1143686460,1485068256,341381796,102780779.1806
"Bourne identity",1143765540,1485068256,341302716,102780779.1806
"Bourne identity",1143766140,1485068256,341302116,102780779.1806
"Bourne identity",1143830220,1485068256,341238036,102780779.1806
"Bourne identity",1143830220,1144344720,514500,102780779.1806
"Bourne identity",1143841320,1485068256,341226936,102780779.1806
"Bourne identity",1143841320,1144105020,263700,102780779.1806
"Bourne identity",1143848880,1485068256,341219376,102780779.1806
"Bourne identity",1143936060,1485068256,341132196,102780779.1806
"Bourne identity",1143936060,1144375740,439680,102780779.1806
"Bourne identity",1143936060,1144440300,504240,102780779.1806
"Bourne identity",1143939120,1485068256,341129136,102780779.1806
"Bourne identity",1143939120,1145582460,1643340,102780779.1806
"Bourne identity",1144097400,1485068256,340970856,102780779.1806
"Bourne identity",1144097400,1144345500,248100,102780779.1806
"Bourne identity",1144108500,1485068256,340959756,102780779.1806
"Bourne identity",1144188540,1485068256,340879716,102780779.1806
"Bourne identity",1144188540,1144690980,502440,102780779.1806
"Bourne identity",1144188540,1144801200,612660,102780779.1806
"Bourne identity",1144191840,1485068256,340876416,102780779.1806
"Bourne identity",1144191840,1144282260,90420,102780779.1806
"Bourne identity",1144268640,1144810320,541680,102780779.1806
"Bourne identity",1144282620,1485068256,340785636,102780779.1806
"Bourne identity",1144282620,1144435800,153180,102780779.1806
"Bourne identity",1144282620,1145309220,1026600,102780779.1806
"Bourne identity",1144292520,1485068256,340775736,102780779.1806
"Bourne identity",1144347420,1485068256,340720836,102780779.1806
"Bourne identity",1144347420,1144527780,180360,102780779.1806
"Bourne identity",1144363680,1146174840,1811160,102780779.1806
"Bourne identity",1144366560,1146244980,1878420,102780779.1806
"Bourne identity",1144432920,1485068256,340635336,102780779.1806
"Bourne identity",1144432920,1145057160,624240,102780779.1806
"Bourne identity",1144443300,1485068256,340624956,102780779.1806
"Bourne identity",1144443300,1144786380,343080,102780779.1806
"Bourne identity",1144457340,1144457760,420,102780779.1806
"Bourne identity",1144457340,1485068256,340610916,102780779.1806
"Bourne identity",1144517280,1485068256,340550976,102780779.1806
"Bourne identity",1144517280,1145125800,608520,102780779.1806
"Bourne identity",1144526820,1485068256,340541436,102780779.1806
"Bourne identity",1144526820,1144700040,173220,102780779.1806
"Bourne identity",1144526820,1144948320,421500,102780779.1806
"Bourne identity",1144526820,1145123580,596760,102780779.1806
"Bourne identity",1144615740,1485068256,340452516,102780779.1806
"Bourne identity",1144615860,1485068256,340452396,102780779.1806
"Bourne identity",1144615860,1145928240,1312380,102780779.1806
"Bourne identity",1144625100,1485068256,340443156,102780779.1806
"Bourne identity",1144625100,1144951320,326220,102780779.1806
"Bourne identity",1144688820,1485068256,340379436,102780779.1806
"Bourne identity",1144688820,1147108260,2419440,102780779.1806
"Bourne identity",1144703100,1485068256,340365156,102780779.1806
"Bourne identity",1144712760,1485068256,340355496,102780779.1806
"Bourne identity",1144712760,1145042340,329580,102780779.1806
"Bourne identity",1144713420,1485068256,340354836,102780779.1806
"Bourne identity",1144713420,1145730780,1017360,102780779.1806
"Bourne identity",1144717200,1485068256,340351056,102780779.1806
"Bourne identity",1144717200,1144892700,175500,102780779.1806
"Bourne identity",1144858860,1485068256,340209396,102780779.1806
"Bourne identity",1144858860,1150301700,5442840,102780779.1806
"Bourne identity",1144871220,1485068256,340197036,102780779.1806
"Bourne identity",1144871220,1145915640,1044420,102780779.1806
"Bourne identity",1144873860,1485068256,340194396,102780779.1806
"Bourne identity",1144873860,1145923380,1049520,102780779.1806
"Bourne identity",1144873860,1145994840,1120980,102780779.1806
"Bourne identity",1144875720,1485068256,340192536,102780779.1806
"Bourne identity",1144875720,1146181860,1306140,102780779.1806
"Bourne identity",1144888980,1485068256,340179276,102780779.1806
"Bourne identity",1144888980,1146778920,1889940,102780779.1806
"Bourne identity",1144888980,1148496300,3607320,102780779.1806
"Bourne identity",1144955160,1485068256,340113096,102780779.1806
"Bourne identity",1144955160,1146162240,1207080,102780779.1806
"Bourne identity",1144966260,1485068256,340101996,102780779.1806
"Bourne identity",1144970520,1485068256,340097736,102780779.1806
"Bourne identity",1144970520,1145660280,689760,102780779.1806
"Bourne identity",1144982700,1485068256,340085556,102780779.1806
"Bourne identity",1144982700,1146088920,1106220,102780779.1806
"Bourne identity",1145058060,1485068256,340010196,102780779.1806
"Bourne identity",1145061180,1485068256,340007076,102780779.1806
"Bourne identity",1145061180,1146791100,1729920,102780779.1806
"Bourne identity",1145062620,1485068256,340005636,102780779.1806
"Bourne identity",1145132640,1485068256,339935616,102780779.1806
"Bourne identity",1145132640,1146073260,940620,102780779.1806
"Bourne identity",1145137620,1485068256,339930636,102780779.1806
"Bourne identity",1145320200,1145728620,408420,102780779.1806
"Bourne identity",1145395860,1145826180,430320,102780779.1806
"Bourne identity",1145397900,1145925060,527160,102780779.1806
"Bourne identity",1145403300,1146005520,602220,102780779.1806
"Bourne identity",1145482860,1145667240,184380,102780779.1806
"Bourne identity",1145501040,1146099960,598920,102780779.1806
"Bourne identity",1145578200,1485068256,339490056,102780779.1806
"Bourne identity",1145578200,1145744820,166620,102780779.1806
"Bourne identity",1145582460,1485068256,339485796,102780779.1806
"Bourne identity",1145582460,1145924940,342480,102780779.1806
"Bourne identity",1145657640,1485068256,339410616,102780779.1806
"Bourne identity",1145657640,1145922180,264540,102780779.1806
"Bourne identity",1145665680,1485068256,339402576,102780779.1806
"Bourne identity",1145665680,1146270600,604920,102780779.1806
"Bourne identity",1145666340,1485068256,339401916,102780779.1806
"Bourne identity",1145666340,1146791700,1125360,102780779.1806
"Bourne identity",1145736480,1485068256,339331776,102780779.1806
"Bourne identity",1145736480,1145933100,196620,102780779.1806
"Bourne identity",1145751960,1485068256,339316296,102780779.1806
"Bourne identity",1145751960,1145914620,162660,102780779.1806
"Bourne identity",1145751960,1146107280,355320,102780779.1806
"Bourne identity",1145751960,1146159660,407700,102780779.1806
"Bourne identity",1145823420,1485068256,339244836,102780779.1806
"Bourne identity",1145823420,1145998200,174780,102780779.1806
"Bourne identity",1145891160,1485068256,339177096,102780779.1806
"Bourne identity",1145891160,1146777360,886200,102780779.1806
"Bourne identity",1145906580,1151541660,5635080,102780779.1806
"Bourne identity",1145921040,1485068256,339147216,102780779.1806
"Bourne identity",1145921040,1146790380,869340,102780779.1806
"Bourne identity",1145988360,1485068256,339079896,102780779.1806
"Bourne identity",1145988360,1146076380,88020,102780779.1806
"Bourne identity",1146000540,1485068256,339067716,102780779.1806
"Bourne identity",1146000540,1146782700,782160,102780779.1806
"Bourne identity",1146007500,1485068256,339060756,102780779.1806
"Bourne identity",1146012180,1485068256,339056076,102780779.1806
"Bourne identity",1146086340,1485068256,338981916,102780779.1806
"Bourne identity",1146086340,1146345060,258720,102780779.1806
"Bourne identity",1146087840,1485068256,338980416,102780779.1806
"Bourne identity",1146087840,1147210320,1122480,102780779.1806
"Bourne identity",1146088140,1485068256,338980116,102780779.1806
"Bourne identity",1146088140,1147040640,952500,102780779.1806
"Bourne identity",1146160380,1485068256,338907876,102780779.1806
"Bourne identity",1146162360,1485068256,338905896,102780779.1806
"Bourne identity",1146186480,1485068256,338881776,102780779.1806
"Bourne identity",1146186480,1485068256,338881776,102780779.1806
"Bourne identity",1146186480,1146780540,594060,102780779.1806
"Bourne identity",1146186480,1146868080,681600,102780779.1806
"Bourne identity",1146186480,1147118100,931620,102780779.1806
"Bourne identity",1146187800,1485068256,338880456,102780779.1806
"Bourne identity",1146189900,1485068256,338878356,102780779.1806
"Bourne identity",1146189900,1146436440,246540,102780779.1806
"Bourne identity",1146189900,1146701700,511800,102780779.1806
"Bourne identity",1146190740,1485068256,338877516,102780779.1806
"Bourne identity",1146244680,1485068256,338823576,102780779.1806
"Bourne identity",1146244680,1146949740,705060,102780779.1806
"Bourne identity",1146256800,1485068256,338811456,102780779.1806
"Bourne identity",1146256800,1146858840,602040,102780779.1806
"Bourne identity",1146257040,1485068256,338811216,102780779.1806
"Bourne identity",1146257040,1146862560,605520,102780779.1806
"Bourne identity",1146257880,1485068256,338810376,102780779.1806
"Bourne identity",1146345420,1485068256,338722836,102780779.1806
"Bourne identity",1146426420,1485068256,338641836,102780779.1806
"Bourne identity",1146431220,1485068256,338637036,102780779.1806
"Bourne identity",1146520860,1146767700,246840,102780779.1806
"Bourne identity",1146616260,1485068256,338451996,102780779.1806
"Bourne identity",1146617940,1485068256,338450316,102780779.1806
"Bourne identity",1146617940,1150849260,4231320,102780779.1806
"Bourne identity",1146763380,1485068256,338304876,102780779.1806
"Bourne identity",1146763380,1148521740,1758360,102780779.1806
"Bourne identity",1146763380,1148704680,1941300,102780779.1806
"Bourne identity",1146769560,1485068256,338298696,102780779.1806
"Bourne identity",1146777360,1485068256,338290896,102780779.1806
"Bourne identity",1146777360,1149203400,2426040,102780779.1806
"Bourne identity",1146777360,1149622860,2845500,102780779.1806
"Bourne identity",1146780000,1485068256,338288256,102780779.1806
"Bourne identity",1146780120,1485068256,338288136,102780779.1806
"Bourne identity",1146780120,1147216800,436680,102780779.1806
"Bourne identity",1146784560,1485068256,338283696,102780779.1806
"Bourne identity",1146790380,1485068256,338277876,102780779.1806
"Bourne identity",1146790380,1148430720,1640340,102780779.1806
"Bourne identity",1146850500,1485068256,338217756,102780779.1806
"Bourne identity",1146850500,1147123680,273180,102780779.1806
"Bourne identity",1146850500,1147209420,358920,102780779.1806
"Bourne identity",1146859860,1485068256,338208396,102780779.1806
"Bourne identity",1146935340,1485068256,338132916,102780779.1806
"Bourne identity",1146939420,1485068256,338128836,102780779.1806
"Bourne identity",1146939420,1148334240,1394820,102780779.1806
"Bourne identity",1147048680,1485068256,338019576,102780779.1806
"Bourne identity",1147048680,1147141680,93000,102780779.1806
"Bourne identity",1147120980,1485068256,337947276,102780779.1806
"Bourne identity",1147120980,1148765040,1644060,102780779.1806
"Bourne identity",1147137060,1485068256,337931196,102780779.1806
"Bourne identity",1147197060,1485068256,337871196,102780779.1806
"Bourne identity",1147218540,1485068256,337849716,102780779.1806
"Bourne identity",1147218540,1148343480,1124940,102780779.1806
"Bourne identity",1147218540,1148529180,1310640,102780779.1806
"Bourne identity",1147218540,1148843400,1624860,102780779.1806
"Bourne identity",1147219560,1485068256,337848696,102780779.1806
"Bourne identity",1147219560,1151278320,4058760,102780779.1806
"Bourne identity",1147304100,1149039900,1735800,102780779.1806
"Bourne identity",1147304100,1149215640,1911540,102780779.1806
"Bourne identity",1147307700,1148507460,1199760,102780779.1806
"Bourne identity",1147391160,1149112920,1721760,102780779.1806
"Bourne identity",1147391160,1149535140,2143980,102780779.1806
"Bourne identity",1147393560,1150938540,3544980,102780779.1806
"Bourne identity",1147541040,1148359140,818100,102780779.1806
"Bourne identity",1147541040,1148412180,871140,102780779.1806
"Bourne identity",1147552260,1148417880,865620,102780779.1806
"Bourne identity",1147558860,1148679360,1120500,102780779.1806
"Bourne identity",1147558860,1151434200,3875340,102780779.1806
"Bourne identity",1147564200,1149043200,1479000,102780779.1806
"Bourne identity",1147732980,1148239080,506100,102780779.1806
"Bourne identity",1147732980,1149101640,1368660,102780779.1806
"Bourne identity",1147740060,1148320680,580620,102780779.1806
"Bourne identity",1147828140,1148509200,681060,102780779.1806
"Bourne identity",1147885380,1148492820,607440,102780779.1806
"Bourne identity",1147900320,1148332200,431880,102780779.1806
"Bourne identity",1147904880,1150928760,3023880,102780779.1806
"Bourne identity",1147904880,1151014200,3109320,102780779.1806
"Bourne identity",1147983060,1148515200,532140,102780779.1806
"Bourne identity",1148060100,1148670720,610620,102780779.1806
"Bourne identity",1148071800,1148507940,436140,102780779.1806
"Bourne identity",1148077080,1148588520,511440,102780779.1806
"Bourne identity",1148153460,1148760840,607380,102780779.1806
"Bourne identity",1148159640,1148760840,601200,102780779.1806
"Bourne identity",1148338740,1485068256,336729516,102780779.1806
"Bourne identity",1148338740,1149125940,787200,102780779.1806
"Bourne identity",1148408940,1485068256,336659316,102780779.1806
"Bourne identity",1148408940,1148490660,81720,102780779.1806
"Bourne identity",1148408940,1148584980,176040,102780779.1806
"Bourne identity",1148418240,1485068256,336650016,102780779.1806
"Bourne identity",1148418240,1149102720,684480,102780779.1806
"Bourne identity",1148433420,1485068256,336634836,102780779.1806
"Bourne identity",1148433420,1149293580,860160,102780779.1806
"Bourne identity",1148434740,1485068256,336633516,102780779.1806
"Bourne identity",1148434740,1149097800,663060,102780779.1806
"Bourne identity",1148519640,1485068256,336548616,102780779.1806
"Bourne identity",1148525040,1485068256,336543216,102780779.1806
"Bourne identity",1148577900,1485068256,336490356,102780779.1806
"Bourne identity",1148577900,1149010860,432960,102780779.1806
"Bourne identity",1148596800,1485068256,336471456,102780779.1806
"Bourne identity",1148596800,1148770260,173460,102780779.1806
"Bourne identity",1148596800,1149029580,432780,102780779.1806
"Bourne identity",1148596860,1485068256,336471396,102780779.1806
"Bourne identity",1148596860,1149365040,768180,102780779.1806
"Bourne identity",1148600640,1485068256,336467616,102780779.1806
"Bourne identity",1148600640,1149279300,678660,102780779.1806
"Bourne identity",1148600640,1149976380,1375740,102780779.1806
"Bourne identity",1148600640,1150832880,2232240,102780779.1806
"Bourne identity",1148600640,1150920900,2320260,102780779.1806
"Bourne identity",1148611860,1485068256,336456396,102780779.1806
"Bourne identity",1148768700,1485068256,336299556,102780779.1806
"Bourne identity",1148768700,1149288120,519420,102780779.1806
"Bourne identity",1148774040,1485068256,336294216,102780779.1806
"Bourne identity",1148774040,1149451620,677580,102780779.1806
"Bourne identity",1148774640,1485068256,336293616,102780779.1806
"Bourne identity",1148774640,1148857020,82380,102780779.1806
"Bourne identity",1148774640,1149108960,334320,102780779.1806
"Bourne identity",1148774940,1485068256,336293316,102780779.1806
"Bourne identity",1148774940,1149377340,602400,102780779.1806
"Bourne identity",1148776800,1485068256,336291456,102780779.1806
"Bourne identity",1148776800,1149097500,320700,102780779.1806
"Bourne identity",1149020760,1485068256,336047496,102780779.1806
"Bourne identity",1149020760,1150852920,1832160,102780779.1806
"Bourne identity",1149020760,1485068256,336047496,102780779.1806
"Bourne identity",1149020760,1154397180,5376420,102780779.1806
"Bourne identity",1149020760,1154627760,5607000,102780779.1806
"Bourne identity",1149020760,1157062740,8041980,102780779.1806
"Bourne identity",1149024240,1485068256,336044016,102780779.1806
"Bourne identity",1149024240,1149893400,869160,102780779.1806
"Bourne identity",1149032400,1485068256,336035856,102780779.1806
"Bourne identity",1149032400,1150418760,1386360,102780779.1806
"Bourne identity",1149032400,1152223680,3191280,102780779.1806
"Bourne identity",1149032400,1154811900,5779500,102780779.1806
"Bourne identity",1149032400,1155166440,6134040,102780779.1806
"Bourne identity",1149032580,1485068256,336035676,102780779.1806
"Bourne identity",1149032580,1150160160,1127580,102780779.1806
"Bourne identity",1149040680,1485068256,336027576,102780779.1806
"Bourne identity",1149040680,1149898680,858000,102780779.1806
"Bourne identity",1149102060,1485068256,335966196,102780779.1806
"Bourne identity",1149102060,1149534120,432060,102780779.1806
"Bourne identity",1149104460,1485068256,335963796,102780779.1806
"Bourne identity",1149106620,1485068256,335961636,102780779.1806
"Bourne identity",1149106620,1149699120,592500,102780779.1806
"Bourne identity",1149189360,1485068256,335878896,102780779.1806
"Bourne identity",1149189360,1150488960,1299600,102780779.1806
"Bourne identity",1149189360,1153504800,4315440,102780779.1806
"Bourne identity",1149189360,1154481960,5292600,102780779.1806
"Bourne identity",1149189360,1154558160,5368800,102780779.1806
"Bourne identity",1149208200,1485068256,335860056,102780779.1806
"Bourne identity",1149208200,1149814320,606120,102780779.1806
"Bourne identity",1149217020,1485068256,335851236,102780779.1806
"Bourne identity",1149217020,1150252380,1035360,102780779.1806
"Bourne identity",1149293520,1485068256,335774736,102780779.1806
"Bourne identity",1149293520,1149622920,329400,102780779.1806
"Bourne identity",1149293880,1485068256,335774376,102780779.1806
"Bourne identity",1149376440,1485068256,335691816,102780779.1806
"Bourne identity",1149376440,1151176920,1800480,102780779.1806
"Bourne identity",1149378900,1485068256,335689356,102780779.1806
"Bourne identity",1149378900,1150063860,684960,102780779.1806
"Bourne identity",1149382680,1485068256,335685576,102780779.1806
"Bourne identity",1149382680,1149978720,596040,102780779.1806
"Bourne identity",1149539040,1485068256,335529216,102780779.1806
"Bourne identity",1149539040,1149571440,32400,102780779.1806
"Bourne identity",1149548280,1485068256,335519976,102780779.1806
"Bourne identity",1149548280,1149898560,350280,102780779.1806
"Bourne identity",1149552600,1485068256,335515656,102780779.1806
"Bourne identity",1149637140,1485068256,335431116,102780779.1806
"Bourne identity",1149637140,1150502760,865620,102780779.1806
"Bourne identity",1149637140,1150915380,1278240,102780779.1806
"Bourne identity",1149705300,1485068256,335362956,102780779.1806
"Bourne identity",1149705300,1150320240,614940,102780779.1806
"Bourne identity",1149718440,1485068256,335349816,102780779.1806
"Bourne identity",1149718440,1150145760,427320,102780779.1806
"Bourne identity",1149726120,1485068256,335342136,102780779.1806
"Bourne identity",1149726120,1150331460,605340,102780779.1806
"Bourne identity",1149734760,1485068256,335333496,102780779.1806
"Bourne identity",1149734760,1150252320,517560,102780779.1806
"Bourne identity",1149807900,1485068256,335260356,102780779.1806
"Bourne identity",1149807900,1151449320,1641420,102780779.1806
"Bourne identity",1149808440,1485068256,335259816,102780779.1806
"Bourne identity",1149808440,1150067340,258900,102780779.1806
"Bourne identity",1149819720,1485068256,335248536,102780779.1806
"Bourne identity",1149819720,1149969780,150060,102780779.1806
"Bourne identity",1149819720,1153346400,3526680,102780779.1806
"Bourne identity",1149819720,1154381400,4561680,102780779.1806
"Bourne identity",1149873720,1485068256,335194536,102780779.1806
"Bourne identity",1149873720,1150306200,432480,102780779.1806
"Bourne identity",1149880320,1485068256,335187936,102780779.1806
"Bourne identity",1149880320,1150313040,432720,102780779.1806
"Bourne identity",1149889080,1485068256,335179176,102780779.1806
"Bourne identity",1149889080,1150480740,591660,102780779.1806
"Bourne identity",1149896460,1485068256,335171796,102780779.1806
"Bourne identity",1149896460,1150247820,351360,102780779.1806
"Bourne identity",1149975540,1485068256,335092716,102780779.1806
"Bourne identity",1149975540,1152486600,2511060,102780779.1806
"Bourne identity",1149981360,1485068256,335086896,102780779.1806
"Bourne identity",1149983220,1485068256,335085036,102780779.1806
"Bourne identity",1150057740,1485068256,335010516,102780779.1806
"Bourne identity",1150057740,1150394160,336420,102780779.1806
"Bourne identity",1150147200,1485068256,334921056,102780779.1806
"Bourne identity",1150240260,1485068256,334827996,102780779.1806
"Bourne identity",1150240260,1151625360,1385100,102780779.1806
"Bourne identity",1150243560,1485068256,334824696,102780779.1806
"Bourne identity",1150243560,1150412340,168780,102780779.1806
"Bourne identity",1150246620,1485068256,334821636,102780779.1806
"Bourne identity",1150253760,1485068256,334814496,102780779.1806
"Bourne identity",1150253760,1151179080,925320,102780779.1806
"Bourne identity",1150310640,1485068256,334757616,102780779.1806
"Bourne identity",1150310640,1150942140,631500,102780779.1806
"Bourne identity",1150311180,1485068256,334757076,102780779.1806
"Bourne identity",1150325880,1485068256,334742376,102780779.1806
"Bourne identity",1150329900,1485068256,334738356,102780779.1806
"Bourne identity",1150329900,1150663860,333960,102780779.1806
"Bourne identity",1150403820,1485068256,334664436,102780779.1806
"Bourne identity",1150403820,1151195160,791340,102780779.1806
"Bourne identity",1150406400,1485068256,334661856,102780779.1806
"Bourne identity",1150406640,1485068256,334661616,102780779.1806
"Bourne identity",1150406640,1150840080,433440,102780779.1806
"Bourne identity",1150406640,1150924860,518220,102780779.1806
"Bourne identity",1150412880,1485068256,334655376,102780779.1806
"Bourne identity",1150412880,1151353860,940980,102780779.1806
"Bourne identity",1150412880,1151446620,1033740,102780779.1806
"Bourne identity",1150416840,1485068256,334651416,102780779.1806
"Bourne identity",1150416840,1151092140,675300,102780779.1806
"Bourne identity",1150566960,1485068256,334501296,102780779.1806
"Bourne identity",1150572240,1485068256,334496016,102780779.1806
"Bourne identity",1150572240,1153851480,3279240,102780779.1806
"Bourne identity",1150840260,1485068256,334227996,102780779.1806
"Bourne identity",1150840260,1151449500,609240,102780779.1806
"Bourne identity",1150850220,1485068256,334218036,102780779.1806
"Bourne identity",1150850220,1151441280,591060,102780779.1806
"Bourne identity",1150919460,1485068256,334148796,102780779.1806
"Bourne identity",1150919460,1151444820,525360,102780779.1806
"Bourne identity",1150920780,1485068256,334147476,102780779.1806
"Bourne identity",1150920780,1151007060,86280,102780779.1806
"Bourne identity",1150927080,1485068256,334141176,102780779.1806
"Bourne identity",1150932420,1150933500,1080,102780779.1806
"Bourne identity",1150932420,1151110740,178320,102780779.1806
"Bourne identity",1150932420,1151353020,420600,102780779.1806
"Bourne identity",1150937340,1485068256,334130916,102780779.1806
"Bourne identity",1150937340,1151096340,159000,102780779.1806
"Bourne identity",1151001180,1485068256,334067076,102780779.1806
"Bourne identity",1151001180,1151354340,353160,102780779.1806
"Bourne identity",1151014740,1485068256,334053516,102780779.1806
"Bourne identity",1151098080,1485068256,333970176,102780779.1806
"Bourne identity",1151110620,1485068256,333957636,102780779.1806
"Bourne identity",1151173020,1485068256,333895236,102780779.1806
"Bourne identity",1151173020,1152307020,1134000,102780779.1806
"Bourne identity",1151187720,1485068256,333880536,102780779.1806
"Bourne identity",1151355360,1485068256,333712896,102780779.1806
"Bourne identity",1151367720,1485068256,333700536,102780779.1806
"Bourne identity",1151367720,1152473940,1106220,102780779.1806
"Bourne identity",1151367720,1152731940,1364220,102780779.1806
"Bourne identity",1151455920,1485068256,333612336,102780779.1806
"Bourne identity",1151460840,1485068256,333607416,102780779.1806
"Bourne identity",1151460840,1153181340,1720500,102780779.1806
"Bourne identity",1151462940,1485068256,333605316,102780779.1806
"Bourne identity",1151519760,1485068256,333548496,102780779.1806
"Bourne identity",1151519760,1151620920,101160,102780779.1806
"Bourne identity",1151533080,1485068256,333535176,102780779.1806
"Bourne identity",1151533080,1152581760,1048680,102780779.1806
"Bourne identity",1151538600,1485068256,333529656,102780779.1806
"Bourne identity",1151538600,1151633400,94800,102780779.1806
"Bourne identity",1151548380,1485068256,333519876,102780779.1806
"Bourne identity",1151548380,1151880720,332340,102780779.1806
"Bourne identity",1151548380,1152213780,665400,102780779.1806
"Bourne identity",1151606700,1485068256,333461556,102780779.1806
"Bourne identity",1151606700,1152218820,612120,102780779.1806
"Bourne identity",1151609400,1485068256,333458856,102780779.1806
"Bourne identity",1151609400,1152236280,626880,102780779.1806
"Bourne identity",1151609400,1152476340,866940,102780779.1806
"Bourne identity",1151609400,1153426080,1816680,102780779.1806
"Bourne identity",1151621340,1485068256,333446916,102780779.1806
"Bourne identity",1151621340,1151795880,174540,102780779.1806
"Bourne identity",1151621340,1153251780,1630440,102780779.1806
"Bourne identity",1151621340,1153424760,1803420,102780779.1806
"Bourne identity",1151625420,1485068256,333442836,102780779.1806
"Bourne identity",1151630040,1485068256,333438216,102780779.1806
"Bourne identity",1151630040,1152219240,589200,102780779.1806
"Bourne identity",1151695860,1485068256,333372396,102780779.1806
"Bourne identity",1151696880,1485068256,333371376,102780779.1806
"Bourne identity",1151696880,1152575160,878280,102780779.1806
"Bourne identity",1151698980,1485068256,333369276,102780779.1806
"Bourne identity",1151698980,1152318000,619020,102780779.1806
"Bourne identity",1151713020,1485068256,333355236,102780779.1806
"Bourne identity",1151957580,1485068256,333110676,102780779.1806
"Bourne identity",1151964960,1485068256,333103296,102780779.1806
"Bourne identity",1151964960,1153270020,1305060,102780779.1806
"Bourne identity",1151977380,1485068256,333090876,102780779.1806
"Bourne identity",1151977380,1152581520,604140,102780779.1806
"Bourne identity",1151981460,1485068256,333086796,102780779.1806
"Bourne identity",1151981460,1153091880,1110420,102780779.1806
"Bourne identity",1152131880,1485068256,332936376,102780779.1806
"Bourne identity",1152146640,1485068256,332921616,102780779.1806
"Bourne identity",1152146640,1152658920,512280,102780779.1806
"Bourne identity",1152146760,1485068256,332921496,102780779.1806
"Bourne identity",1152146760,1152737220,590460,102780779.1806
"Bourne identity",1152206040,1485068256,332862216,102780779.1806
"Bourne identity",1152217740,1485068256,332850516,102780779.1806
"Bourne identity",1152217740,1153351500,1133760,102780779.1806
"Bourne identity",1152217740,1154377560,2159820,102780779.1806
"Bourne identity",1152217740,1154458920,2241180,102780779.1806
"Bourne identity",1152224640,1485068256,332843616,102780779.1806
"Bourne identity",1152224640,1152298200,73560,102780779.1806
"Bourne identity",1152225060,1485068256,332843196,102780779.1806
"Bourne identity",1152225060,1153262100,1037040,102780779.1806
"Bourne identity",1152225480,1485068256,332842776,102780779.1806
"Bourne identity",1152225480,1152405540,180060,102780779.1806
"Bourne identity",1152294120,1485068256,332774136,102780779.1806
"Bourne identity",1152294120,1152379560,85440,102780779.1806
"Bourne identity",1152302760,1485068256,332765496,102780779.1806
"Bourne identity",1152302760,1153692180,1389420,102780779.1806
"Bourne identity",1152302760,1156215060,3912300,102780779.1806
"Bourne identity",1152309600,1485068256,332758656,102780779.1806
"Bourne identity",1152309600,1153331340,1021740,102780779.1806
"Bourne identity",1152311400,1485068256,332756856,102780779.1806
"Bourne identity",1152311400,1152924060,612660,102780779.1806
"Bourne identity",1152311400,1153348680,1037280,102780779.1806
"Bourne identity",1152313680,1485068256,332754576,102780779.1806
"Bourne identity",1152313680,1152666300,352620,102780779.1806
"Bourne identity",1152318480,1485068256,332749776,102780779.1806
"Bourne identity",1152318480,1152405120,86640,102780779.1806
"Bourne identity",1152318480,1152726720,408240,102780779.1806
"Bourne identity",1152318480,1152902280,583800,102780779.1806
"Bourne identity",1152318480,1153173720,855240,102780779.1806
"Bourne identity",1152320040,1485068256,332748216,102780779.1806
"Bourne identity",1152320220,1485068256,332748036,102780779.1806
"Bourne identity",1152388080,1485068256,332680176,102780779.1806
"Bourne identity",1152388080,1152731220,343140,102780779.1806
"Bourne identity",1152485400,1485068256,332582856,102780779.1806
"Bourne identity",1152584280,1485068256,332483976,102780779.1806
"Bourne identity",1152647940,1485068256,332420316,102780779.1806
"Bourne identity",1152647940,1154292120,1644180,102780779.1806
"Bourne identity",1152647940,1154454840,1806900,102780779.1806
"Bourne identity",1152656100,1485068256,332412156,102780779.1806
"Bourne identity",1152656100,1153167000,510900,102780779.1806
"Bourne identity",1152727080,1485068256,332341176,102780779.1806
"Bourne identity",1152727080,1152828420,101340,102780779.1806
"Bourne identity",1152727080,1153168200,441120,102780779.1806
"Bourne identity",1152747360,1485068256,332320896,102780779.1806
"Bourne identity",1152747360,1154659860,1912500,102780779.1806
"Bourne identity",1152752040,1485068256,332316216,102780779.1806
"Bourne identity",1152752040,1153076880,324840,102780779.1806
"Bourne identity",1152817740,1485068256,332250516,102780779.1806
"Bourne identity",1152817740,1153416300,598560,102780779.1806
"Bourne identity",1152817740,1153504380,686640,102780779.1806
"Bourne identity",1152824880,1485068256,332243376,102780779.1806
"Bourne identity",1152824880,1153435440,610560,102780779.1806
"Bourne identity",1152824880,1153599360,774480,102780779.1806
"Bourne identity",1152825600,1485068256,332242656,102780779.1806
"Bourne identity",1152825600,1153257900,432300,102780779.1806
"Bourne identity",1152835740,1485068256,332232516,102780779.1806
"Bourne identity",1152835740,1153182600,346860,102780779.1806
"Bourne identity",1152835740,1154385840,1550100,102780779.1806
"Bourne identity",1152835740,1154446860,1611120,102780779.1806
"Bourne identity",1152840600,1485068256,332227656,102780779.1806
"Bourne identity",1152840600,1153269960,429360,102780779.1806
"Bourne identity",1152840600,1153432260,591660,102780779.1806
"Bourne identity",1152840600,1154401260,1560660,102780779.1806
"Bourne identity",1152840600,1154467020,1626420,102780779.1806
"Bourne identity",1152844860,1485068256,332223396,102780779.1806
"Bourne identity",1152844860,1485068256,332223396,102780779.1806
"Bourne identity",1152844860,1153080540,235680,102780779.1806
"Bourne identity",1152844860,1153371120,526260,102780779.1806
"Bourne identity",1152844860,1153425120,580260,102780779.1806
"Bourne identity",1153092060,1485068256,331976196,102780779.1806
"Bourne identity",1153092060,1153446300,354240,102780779.1806
"Bourne identity",1153173420,1485068256,331894836,102780779.1806
"Bourne identity",1153173420,1153966800,793380,102780779.1806
"Bourne identity",1153173420,1154402520,1229100,102780779.1806
"Bourne identity",1153173420,1154451420,1278000,102780779.1806
"Bourne identity",1153176060,1485068256,331892196,102780779.1806
"Bourne identity",1153191240,1485068256,331877016,102780779.1806
"Bourne identity",1153191240,1155088080,1896840,102780779.1806
"Bourne identity",1153267620,1485068256,331800636,102780779.1806
"Bourne identity",1153267620,1153785480,517860,102780779.1806
"Bourne identity",1153333740,1485068256,331734516,102780779.1806
"Bourne identity",1153333740,1153422180,88440,102780779.1806
"Bourne identity",1153333740,1153977960,644220,102780779.1806
"Bourne identity",1153333740,1154032500,698760,102780779.1806
"Bourne identity",1153339920,1485068256,331728336,102780779.1806
"Bourne identity",1153341000,1485068256,331727256,102780779.1806
"Bourne identity",1153341000,1154208900,867900,102780779.1806
"Bourne identity",1153341000,1154376480,1035480,102780779.1806
"Bourne identity",1153350780,1485068256,331717476,102780779.1806
"Bourne identity",1153350780,1153690080,339300,102780779.1806
"Bourne identity",1153351140,1485068256,331717116,102780779.1806
"Bourne identity",1153357380,1485068256,331710876,102780779.1806
"Bourne identity",1153357380,1157580540,4223160,102780779.1806
"Bourne identity",1153357380,1158170520,4813140,102780779.1806
"Bourne identity",1153424040,1485068256,331644216,102780779.1806
"Bourne identity",1153424040,1153776360,352320,102780779.1806
"Bourne identity",1153442640,1485068256,331625616,102780779.1806
"Bourne identity",1153447860,1485068256,331620396,102780779.1806
"Bourne identity",1153447860,1154053620,605760,102780779.1806
"Bourne identity",1153450260,1485068256,331617996,102780779.1806
"Bourne identity",1153450260,1154201520,751260,102780779.1806
"Bourne identity",1153509720,1485068256,331558536,102780779.1806
"Bourne identity",1153517160,1485068256,331551096,102780779.1806
"Bourne identity",1153517160,1154195100,677940,102780779.1806
"Bourne identity",1153517160,1154457780,940620,102780779.1806
"Bourne identity",1153605720,1485068256,331462536,102780779.1806
"Bourne identity",1153605720,1154202540,596820,102780779.1806
"Bourne identity",1153609140,1485068256,331459116,102780779.1806
"Bourne identity",1153609140,1153790580,181440,102780779.1806
"Bourne identity",1153762500,1485068256,331305756,102780779.1806
"Bourne identity",1153762500,1156786560,3024060,102780779.1806
"Bourne identity",1153783920,1485068256,331284336,102780779.1806
"Bourne identity",1153789920,1485068256,331278336,102780779.1806
"Bourne identity",1153789920,1154385300,595380,102780779.1806
"Bourne identity",1153789920,1156276980,2487060,102780779.1806
"Bourne identity",1153862460,1485068256,331205796,102780779.1806
"Bourne identity",1153862460,1154031900,169440,102780779.1806
"Bourne identity",1153951020,1485068256,331117236,102780779.1806
"Bourne identity",1153951020,1154565120,614100,102780779.1806
"Bourne identity",1153959120,1485068256,331109136,102780779.1806
"Bourne identity",1153959120,1155424260,1465140,102780779.1806
"Bourne identity",1153965000,1485068256,331103256,102780779.1806
"Bourne identity",1153965000,1154899620,934620,102780779.1806
"Bourne identity",1154020920,1485068256,331047336,102780779.1806
"Bourne identity",1154020920,1154366580,345660,102780779.1806
"Bourne identity",1154035740,1485068256,331032516,102780779.1806
"Bourne identity",1154042700,1485068256,331025556,102780779.1806
"Bourne identity",1154042700,1155173820,1131120,102780779.1806
"Bourne identity",1154042700,1155246360,1203660,102780779.1806
"Bourne identity",1154042700,1155583020,1540320,102780779.1806
"Bourne identity",1154047860,1485068256,331020396,102780779.1806
"Bourne identity",1154047860,1154641980,594120,102780779.1806
"Bourne identity",1154049180,1485068256,331019076,102780779.1806
"Bourne identity",1154049180,1158261720,4212540,102780779.1806
"Bourne identity",1154125140,1485068256,330943116,102780779.1806
"Bourne identity",1154125140,1154561400,436260,102780779.1806
"Bourne identity",1154132520,1485068256,330935736,102780779.1806
"Bourne identity",1154132520,1154714760,582240,102780779.1806
"Bourne identity",1154203200,1485068256,330865056,102780779.1806
"Bourne identity",1154203200,1154301480,98280,102780779.1806
"Bourne identity",1154205240,1485068256,330863016,102780779.1806
"Bourne identity",1154205240,1154810400,605160,102780779.1806
"Bourne identity",1154207640,1485068256,330860616,102780779.1806
"Bourne identity",1154207640,1154485020,277380,102780779.1806
"Bourne identity",1154209020,1485068256,330859236,102780779.1806
"Bourne identity",1154300820,1485068256,330767436,102780779.1806
"Bourne identity",1154300820,1156631280,2330460,102780779.1806
"Bourne identity",1154301840,1485068256,330766416,102780779.1806
"Bourne identity",1154301840,1154645100,343260,102780779.1806
"Bourne identity",1154396280,1485068256,330671976,102780779.1806
"Bourne identity",1154396280,1154996940,600660,102780779.1806
"Bourne identity",1154471820,1485068256,330596436,102780779.1806
"Bourne identity",1154471820,1154641440,169620,102780779.1806
"Bourne identity",1154471820,1154909340,437520,102780779.1806
"Bourne identity",1154471820,1155066060,594240,102780779.1806
"Bourne identity",1154552880,1485068256,330515376,102780779.1806
"Bourne identity",1154552880,1155946800,1393920,102780779.1806
"Bourne identity",1154556540,1485068256,330511716,102780779.1806
"Bourne identity",1154556540,1155259920,703380,102780779.1806
"Bourne identity",1154565600,1485068256,330502656,102780779.1806
"Bourne identity",1154565600,1154995440,429840,102780779.1806
"Bourne identity",1154569920,1485068256,330498336,102780779.1806
"Bourne identity",1154569920,1155067320,497400,102780779.1806
"Bourne identity",1154569920,1155249300,679380,102780779.1806
"Bourne identity",1154573220,1485068256,330495036,102780779.1806
"Bourne identity",1154573220,1156299600,1726380,102780779.1806
"Bourne identity",1154631720,1485068256,330436536,102780779.1806
"Bourne identity",1154631720,1158191940,3560220,102780779.1806
"Bourne identity",1154631720,1161372240,6740520,102780779.1806
"Bourne identity",1154656620,1485068256,330411636,102780779.1806
"Bourne identity",1154659620,1485068256,330408636,102780779.1806
"Bourne identity",1154659620,1155001680,342060,102780779.1806
"Bourne identity",1154725380,1485068256,330342876,102780779.1806
"Bourne identity",1154725380,1155330180,604800,102780779.1806
"Bourne identity",1154797860,1485068256,330270396,102780779.1806
"Bourne identity",1154797860,1155175740,377880,102780779.1806
"Bourne identity",1154801460,1485068256,330266796,102780779.1806
"Bourne identity",1154803560,1485068256,330264696,102780779.1806
"Bourne identity",1154824200,1485068256,330244056,102780779.1806
"Bourne identity",1154824200,1155678720,854520,102780779.1806
"Bourne identity",1154987160,1485068256,330081096,102780779.1806
"Bourne identity",1154987160,1155673200,686040,102780779.1806
"Bourne identity",1155068400,1485068256,329999856,102780779.1806
"Bourne identity",1155068400,1155685980,617580,102780779.1806
"Bourne identity",1155069300,1485068256,329998956,102780779.1806
"Bourne identity",1155069300,1156366560,1297260,102780779.1806
"Bourne identity",1155174780,1485068256,329893476,102780779.1806
"Bourne identity",1155174780,1155936180,761400,102780779.1806
"Bourne identity",1155226080,1485068256,329842176,102780779.1806
"Bourne identity",1155226080,1158271980,3045900,102780779.1806
"Bourne identity",1155237600,1485068256,329830656,102780779.1806
"Bourne identity",1155256080,1485068256,329812176,102780779.1806
"Bourne identity",1155256080,1155938280,682200,102780779.1806
"Bourne identity",1155264600,1485068256,329803656,102780779.1806
"Bourne identity",1155264600,1156365120,1100520,102780779.1806
"Bourne identity",1155326460,1485068256,329741796,102780779.1806
"Bourne identity",1155326460,1155675240,348780,102780779.1806
"Bourne identity",1155326460,1155847560,521100,102780779.1806
"Bourne identity",1155329400,1485068256,329738856,102780779.1806
"Bourne identity",1155336840,1485068256,329731416,102780779.1806
"Bourne identity",1155336840,1155585720,248880,102780779.1806
"Bourne identity",1155342900,1485068256,329725356,102780779.1806
"Bourne identity",1155342900,1155940740,597840,102780779.1806
"Bourne identity",1155406620,1485068256,329661636,102780779.1806
"Bourne identity",1155406620,1155921180,514560,102780779.1806
"Bourne identity",1155508800,1485068256,329559456,102780779.1806
"Bourne identity",1155597780,1485068256,329470476,102780779.1806
"Bourne identity",1155603660,1485068256,329464596,102780779.1806
"Bourne identity",1155606900,1485068256,329461356,102780779.1806
"Bourne identity",1155606900,1155865200,258300,102780779.1806
"Bourne identity",1155606900,1156010700,403800,102780779.1806
"Bourne identity",1155606900,1156173600,566700,102780779.1806
"Bourne identity",1155674340,1485068256,329393916,102780779.1806
"Bourne identity",1155674340,1156890000,1215660,102780779.1806
"Bourne identity",1155677880,1485068256,329390376,102780779.1806
"Bourne identity",1155679020,1485068256,329389236,102780779.1806
"Bourne identity",1155679020,1156453140,774120,102780779.1806
"Bourne identity",1155686640,1485068256,329381616,102780779.1806
"Bourne identity",1155686640,1156112640,426000,102780779.1806
"Bourne identity",1155695220,1485068256,329373036,102780779.1806
"Bourne identity",1155750360,1485068256,329317896,102780779.1806
"Bourne identity",1155750360,1158879360,3129000,102780779.1806
"Bourne identity",1155750360,1162245780,6495420,102780779.1806
"Bourne identity",1155835920,1485068256,329232336,102780779.1806
"Bourne identity",1155835920,1156111260,275340,102780779.1806
"Bourne identity",1155842460,1485068256,329225796,102780779.1806
"Bourne identity",1155842460,1156016100,173640,102780779.1806
"Bourne identity",1155933480,1485068256,329134776,102780779.1806
"Bourne identity",1155933480,1156027140,93660,102780779.1806
"Bourne identity",1155934440,1485068256,329133816,102780779.1806
"Bourne identity",1156018080,1485068256,329050176,102780779.1806
"Bourne identity",1156018080,1156722720,704640,102780779.1806
"Bourne identity",1156018080,1157145120,1127040,102780779.1806
"Bourne identity",1156018080,1163484060,7465980,102780779.1806
"Bourne identity",1156034400,1485068256,329033856,102780779.1806
"Bourne identity",1156034400,1156381140,346740,102780779.1806
"Bourne identity",1156189860,1156189980,120,102780779.1806
"Bourne identity",1156189860,1156563420,373560,102780779.1806
"Bourne identity",1156203720,1485068256,328864536,102780779.1806
"Bourne identity",1156203720,1156279080,75360,102780779.1806
"Bourne identity",1156215240,1485068256,328853016,102780779.1806
"Bourne identity",1156289340,1485068256,328778916,102780779.1806
"Bourne identity",1156383060,1485068256,328685196,102780779.1806
"Bourne identity",1156443360,1485068256,328624896,102780779.1806
"Bourne identity",1156443360,1159728240,3284880,102780779.1806
"Bourne identity",1156457640,1485068256,328610616,102780779.1806
"Bourne identity",1156457640,1156807620,349980,102780779.1806
"Bourne identity",1156458120,1485068256,328610136,102780779.1806
"Bourne identity",1156458120,1158186120,1728000,102780779.1806
"Bourne identity",1156464960,1485068256,328603296,102780779.1806
"Bourne identity",1156464960,1157075160,610200,102780779.1806
"Bourne identity",1156466220,1485068256,328602036,102780779.1806
"Bourne identity",1156469880,1485068256,328598376,102780779.1806
"Bourne identity",1156469880,1157079300,609420,102780779.1806
"Bourne identity",1156469880,1157230800,760920,102780779.1806
"Bourne identity",1156469880,1157500080,1030200,102780779.1806
"Bourne identity",1156551060,1485068256,328517196,102780779.1806
"Bourne identity",1156551060,1156628160,77100,102780779.1806
"Bourne identity",1156551060,1156920060,369000,102780779.1806
"Bourne identity",1156551060,1157057040,505980,102780779.1806
"Bourne identity",1156552500,1485068256,328515756,102780779.1806
"Bourne identity",1156552500,1157215680,663180,102780779.1806
"Bourne identity",1156552500,1157698080,1145580,102780779.1806
"Bourne identity",1156552500,1157735100,1182600,102780779.1806
"Bourne identity",1156612560,1485068256,328455696,102780779.1806
"Bourne identity",1156612560,1157230020,617460,102780779.1806
"Bourne identity",1156635780,1485068256,328432476,102780779.1806
"Bourne identity",1156635780,1157221200,585420,102780779.1806
"Bourne identity",1156797000,1485068256,328271256,102780779.1806
"Bourne identity",1156797000,1158179220,1382220,102780779.1806
"Bourne identity",1156808280,1485068256,328259976,102780779.1806
"Bourne identity",1156808280,1158614640,1806360,102780779.1806
"Bourne identity",1156809600,1485068256,328258656,102780779.1806
"Bourne identity",1156809600,1165563840,8754240,102780779.1806
"Bourne identity",1156809600,1165611000,8801400,102780779.1806
"Bourne identity",1156970640,1485068256,328097616,102780779.1806
"Bourne identity",1156970640,1158342720,1372080,102780779.1806
"Bourne identity",1156971420,1485068256,328096836,102780779.1806
"Bourne identity",1156972920,1485068256,328095336,102780779.1806
"Bourne identity",1156972920,1157244360,271440,102780779.1806
"Bourne identity",1157070780,1485068256,327997476,102780779.1806
"Bourne identity",1157070780,1158351720,1280940,102780779.1806
"Bourne identity",1157153400,1485068256,327914856,102780779.1806
"Bourne identity",1157155860,1485068256,327912396,102780779.1806
"Bourne identity",1157155860,1160442720,3286860,102780779.1806
"Bourne identity",1157222040,1485068256,327846216,102780779.1806
"Bourne identity",1157222040,1158253380,1031340,102780779.1806
"Bourne identity",1157222040,1158342960,1120920,102780779.1806
"Bourne identity",1157224200,1485068256,327844056,102780779.1806
"Bourne identity",1157224200,1158179940,955740,102780779.1806
"Bourne identity",1157311620,1485068256,327756636,102780779.1806
"Bourne identity",1157311620,1158971280,1659660,102780779.1806
"Bourne identity",1157311620,1160087220,2775600,102780779.1806
"Bourne identity",1157316420,1485068256,327751836,102780779.1806
"Bourne identity",1157492160,1485068256,327576096,102780779.1806
"Bourne identity",1157492160,1157574780,82620,102780779.1806
"Bourne identity",1157492160,1157683860,191700,102780779.1806
"Bourne identity",1157657580,1485068256,327410676,102780779.1806
"Bourne identity",1157657580,1157659920,2340,102780779.1806
"Bourne identity",1157740500,1158189120,448620,102780779.1806
"Bourne identity",1157756640,1158623160,866520,102780779.1806
"Bourne identity",1157823960,1158283440,459480,102780779.1806
"Bourne identity",1157826000,1158766560,940560,102780779.1806
"Bourne identity",1157832420,1158449280,616860,102780779.1806
"Bourne identity",1158027120,1158348360,321240,102780779.1806
"Bourne identity",1158114780,1485068256,326953476,102780779.1806
"Bourne identity",1158114780,1160178660,2063880,102780779.1806
"Bourne identity",1158262260,1485068256,326805996,102780779.1806
"Bourne identity",1158262260,1158620340,358080,102780779.1806
"Bourne identity",1158263760,1158263940,180,102780779.1806
"Bourne identity",1158264060,1485068256,326804196,102780779.1806
"Bourne identity",1158264060,1158692460,428400,102780779.1806
"Bourne identity",1158266040,1485068256,326802216,102780779.1806
"Bourne identity",1158266040,1159392780,1126740,102780779.1806
"Bourne identity",1158270060,1485068256,326798196,102780779.1806
"Bourne identity",1158270060,1159231800,961740,102780779.1806
"Bourne identity",1158272100,1485068256,326796156,102780779.1806
"Bourne identity",1158272100,1158363840,91740,102780779.1806
"Bourne identity",1158342720,1485068256,326725536,102780779.1806
"Bourne identity",1158342720,1161038640,2695920,102780779.1806
"Bourne identity",1158342720,1161292620,2949900,102780779.1806
"Bourne identity",1158342720,1161466380,3123660,102780779.1806
"Bourne identity",1158353160,1485068256,326715096,102780779.1806
"Bourne identity",1158353160,1161478020,3124860,102780779.1806
"Bourne identity",1158353160,1163722980,5369820,102780779.1806
"Bourne identity",1158367140,1485068256,326701116,102780779.1806
"Bourne identity",1158367140,1158886920,519780,102780779.1806
"Bourne identity",1158367140,1159311540,944400,102780779.1806
"Bourne identity",1158531240,1485068256,326537016,102780779.1806
"Bourne identity",1158531240,1159477020,945780,102780779.1806
"Bourne identity",1158613380,1485068256,326454876,102780779.1806
"Bourne identity",1158618060,1485068256,326450196,102780779.1806
"Bourne identity",1158618060,1159043160,425100,102780779.1806
"Bourne identity",1158618060,1159211280,593220,102780779.1806
"Bourne identity",1158623700,1485068256,326444556,102780779.1806
"Bourne identity",1158629040,1485068256,326439216,102780779.1806
"Bourne identity",1158634560,1485068256,326433696,102780779.1806
"Bourne identity",1158634560,1159238820,604260,102780779.1806
"Bourne identity",1158634560,1161026520,2391960,102780779.1806
"Bourne identity",1158697320,1485068256,326370936,102780779.1806
"Bourne identity",1158697320,1159562280,864960,102780779.1806
"Bourne identity",1158697320,1159995900,1298580,102780779.1806
"Bourne identity",1158698580,1485068256,326369676,102780779.1806
"Bourne identity",1158698580,1159309560,610980,102780779.1806
"Bourne identity",1158698580,1159837140,1138560,102780779.1806
"Bourne identity",1158698580,1160078880,1380300,102780779.1806
"Bourne identity",1158705480,1485068256,326362776,102780779.1806
"Bourne identity",1158705480,1159316640,611160,102780779.1806
"Bourne identity",1158705480,1159463700,758220,102780779.1806
"Bourne identity",1158705480,1159553700,848220,102780779.1806
"Bourne identity",1158778740,1485068256,326289516,102780779.1806
"Bourne identity",1158778740,1158868020,89280,102780779.1806
"Bourne identity",1158788340,1485068256,326279916,102780779.1806
"Bourne identity",1158788340,1161299460,2511120,102780779.1806
"Bourne identity",1158788340,1161725520,2937180,102780779.1806
"Bourne identity",1158797160,1485068256,326271096,102780779.1806
"Bourne identity",1158797160,1159238640,441480,102780779.1806
"Bourne identity",1158946680,1485068256,326121576,102780779.1806
"Bourne identity",1158946680,1160250900,1304220,102780779.1806
"Bourne identity",1159052520,1485068256,326015736,102780779.1806
"Bourne identity",1159052520,1159550940,498420,102780779.1806
"Bourne identity",1159311240,1485068256,325757016,102780779.1806
"Bourne identity",1159311240,1159842480,531240,102780779.1806
"Bourne identity",1159312980,1485068256,325755276,102780779.1806
"Bourne identity",1159312980,1159920960,607980,102780779.1806
"Bourne identity",1159312980,1160083500,770520,102780779.1806
"Bourne identity",1159315680,1485068256,325752576,102780779.1806
"Bourne identity",1159315680,1160437320,1121640,102780779.1806
"Bourne identity",1159317060,1485068256,325751196,102780779.1806
"Bourne identity",1159317060,1160110920,793860,102780779.1806
"Bourne identity",1159317060,1160156880,839820,102780779.1806
"Bourne identity",1159370400,1485068256,325697856,102780779.1806
"Bourne identity",1159370400,1161803160,2432760,102780779.1806
"Bourne identity",1159370400,1162362300,2991900,102780779.1806
"Bourne identity",1159370400,1162414800,3044400,102780779.1806
"Bourne identity",1159386900,1485068256,325681356,102780779.1806
"Bourne identity",1159386900,1159486440,99540,102780779.1806
"Bourne identity",1159400280,1485068256,325667976,102780779.1806
"Bourne identity",1159400280,1160530440,1130160,102780779.1806
"Bourne identity",1159492740,1485068256,325575516,102780779.1806
"Bourne identity",1159558560,1485068256,325509696,102780779.1806
"Bourne identity",1159558560,1160765460,1206900,102780779.1806
"Bourne identity",1159568280,1485068256,325499976,102780779.1806
"Bourne identity",1159568280,1159649820,81540,102780779.1806
"Bourne identity",1159568280,1159927560,359280,102780779.1806
"Bourne identity",1159568280,1159987740,419460,102780779.1806
"Bourne identity",1159568700,1485068256,325499556,102780779.1806
"Bourne identity",1159568700,1160087700,519000,102780779.1806
"Bourne identity",1159570620,1485068256,325497636,102780779.1806
"Bourne identity",1159570620,1160086260,515640,102780779.1806
"Bourne identity",1159573740,1485068256,325494516,102780779.1806
"Bourne identity",1159573740,1161204840,1631100,102780779.1806
"Bourne identity",1159574940,1485068256,325493316,102780779.1806
"Bourne identity",1159653780,1485068256,325414476,102780779.1806
"Bourne identity",1159735140,1485068256,325333116,102780779.1806
"Bourne identity",1159735140,1161220140,1485000,102780779.1806
"Bourne identity",1159982100,1485068256,325086156,102780779.1806
"Bourne identity",1159982100,1160168700,186600,102780779.1806
"Bourne identity",1160002920,1485068256,325065336,102780779.1806
"Bourne identity",1160002920,1161908400,1905480,102780779.1806
"Bourne identity",1160002920,1162238340,2235420,102780779.1806
"Bourne identity",1160007900,1485068256,325060356,102780779.1806
"Bourne identity",1160007900,1160244720,236820,102780779.1806
"Bourne identity",1160007900,1160462760,454860,102780779.1806
"Bourne identity",1160007900,1160680200,672300,102780779.1806
"Bourne identity",1160090040,1485068256,324978216,102780779.1806
"Bourne identity",1160090040,1163125020,3034980,102780779.1806
"Bourne identity",1160099100,1485068256,324969156,102780779.1806
"Bourne identity",1160099100,1160674200,575100,102780779.1806
"Bourne identity",1160169480,1162836420,2666940,102780779.1806
"Bourne identity",1160169480,1164141900,3972420,102780779.1806
"Bourne identity",1160172480,1485068256,324895776,102780779.1806
"Bourne identity",1160172480,1160176500,4020,102780779.1806
"Bourne identity",1160180580,1485068256,324887676,102780779.1806
"Bourne identity",1160182440,1485068256,324885816,102780779.1806
"Bourne identity",1160182440,1160527380,344940,102780779.1806
"Bourne identity",1160416080,1485068256,324652176,102780779.1806
"Bourne identity",1160416080,1160527980,111900,102780779.1806
"Bourne identity",1160416080,1161375420,959340,102780779.1806
"Bourne identity",1160428500,1160428860,360,102780779.1806
"Bourne identity",1160428500,1162419060,1990560,102780779.1806
"Bourne identity",1160428500,1162678500,2250000,102780779.1806
"Bourne identity",1160428500,1164679380,4250880,102780779.1806
"Bourne identity",1160428500,1164833220,4404720,102780779.1806
"Bourne identity",1160514660,1485068256,324553596,102780779.1806
"Bourne identity",1160514660,1160779980,265320,102780779.1806
"Bourne identity",1160514660,1161111060,596400,102780779.1806
"Bourne identity",1160514660,1161112020,597360,102780779.1806
"Bourne identity",1160514660,1161196740,682080,102780779.1806
"Bourne identity",1160595060,1485068256,324473196,102780779.1806
"Bourne identity",1160595060,1161126540,531480,102780779.1806
"Bourne identity",1160608380,1485068256,324459876,102780779.1806
"Bourne identity",1160608380,1161225900,617520,102780779.1806
"Bourne identity",1160614320,1485068256,324453936,102780779.1806
"Bourne identity",1160685780,1485068256,324382476,102780779.1806
"Bourne identity",1160685780,1160690160,4380,102780779.1806
"Bourne identity",1160765940,1162063380,1297440,102780779.1806
"Bourne identity",1160767560,1485068256,324300696,102780779.1806
"Bourne identity",1160772000,1485068256,324296256,102780779.1806
"Bourne identity",1160772000,1161367500,595500,102780779.1806
"Bourne identity",1160772000,1161720420,948420,102780779.1806
"Bourne identity",1160772300,1485068256,324295956,102780779.1806
"Bourne identity",1160772300,1161375180,602880,102780779.1806
"Bourne identity",1160777340,1160778240,900,102780779.1806
"Bourne identity",1160786460,1485068256,324281796,102780779.1806
"Bourne identity",1160786460,1164846540,4060080,102780779.1806
"Bourne identity",1160854020,1485068256,324214236,102780779.1806
"Bourne identity",1160854020,1161545640,691620,102780779.1806
"Bourne identity",1160854020,1161753720,899700,102780779.1806
"Bourne identity",1160854020,1161802500,948480,102780779.1806
"Bourne identity",1160859720,1485068256,324208536,102780779.1806
"Bourne identity",1160869140,1485068256,324199116,102780779.1806
"Bourne identity",1160869140,1161462120,592980,102780779.1806
"Bourne identity",1160869140,1161889380,1020240,102780779.1806
"Bourne identity",1160869140,1161993900,1124760,102780779.1806
"Bourne identity",1160869140,1162247160,1378020,102780779.1806
"Bourne identity",1160956620,1485068256,324111636,102780779.1806
"Bourne identity",1160956620,1161046800,90180,102780779.1806
"Bourne identity",1161029640,1485068256,324038616,102780779.1806
"Bourne identity",1161049020,1485068256,324019236,102780779.1806
"Bourne identity",1161049020,1162670640,1621620,102780779.1806
"Bourne identity",1161099780,1485068256,323968476,102780779.1806
"Bourne identity",1161099780,1164060720,2960940,102780779.1806
"Bourne identity",1161099780,1164224940,3125160,102780779.1806
"Bourne identity",1161212040,1485068256,323856216,102780779.1806
"Bourne identity",1161224400,1485068256,323843856,102780779.1806
"Bourne identity",1161224400,1162419840,1195440,102780779.1806
"Bourne identity",1161303600,1485068256,323764656,102780779.1806
"Bourne identity",1161303600,1161900480,596880,102780779.1806
"Bourne identity",1161303600,1163698740,2395140,102780779.1806
"Bourne identity",1161310920,1485068256,323757336,102780779.1806
"Bourne identity",1161310920,1162074720,763800,102780779.1806
"Bourne identity",1161366240,1485068256,323702016,102780779.1806
"Bourne identity",1161366240,1161457680,91440,102780779.1806
"Bourne identity",1161384300,1485068256,323683956,102780779.1806
"Bourne identity",1161453600,1485068256,323614656,102780779.1806
"Bourne identity",1161453600,1162059240,605640,102780779.1806
"Bourne identity",1161461760,1485068256,323606496,102780779.1806
"Bourne identity",1161461760,1162418820,957060,102780779.1806
"Bourne identity",1161466800,1485068256,323601456,102780779.1806
"Bourne identity",1161471000,1485068256,323597256,102780779.1806
"Bourne identity",1161471000,1162264980,793980,102780779.1806
"Bourne identity",1161476700,1485068256,323591556,102780779.1806
"Bourne identity",1161476700,1161823800,347100,102780779.1806
"Bourne identity",1161476700,1162521720,1045020,102780779.1806
"Bourne identity",1161476700,1162856400,1379700,102780779.1806
"Bourne identity",1161560220,1485068256,323508036,102780779.1806
"Bourne identity",1161560220,1162152540,592320,102780779.1806
"Bourne identity",1161636360,1485068256,323431896,102780779.1806
"Bourne identity",1161653700,1485068256,323414556,102780779.1806
"Bourne identity",1161653700,1164161220,2507520,102780779.1806
"Bourne identity",1161653700,1168035300,6381600,102780779.1806
"Bourne identity",1161744360,1485068256,323323896,102780779.1806
"Bourne identity",1161744360,1164573360,2829000,102780779.1806
"Bourne identity",1161744360,1164919080,3174720,102780779.1806
"Bourne identity",1161798540,1485068256,323269716,102780779.1806
"Bourne identity",1161798540,1161994080,195540,102780779.1806
"Bourne identity",1161798540,1162584780,786240,102780779.1806
"Bourne identity",1161798540,1162933800,1135260,102780779.1806
"Bourne identity",1161803940,1485068256,323264316,102780779.1806
"Bourne identity",1161803940,1162437000,633060,102780779.1806
"Bourne identity",1161815640,1485068256,323252616,102780779.1806
"Bourne identity",1161815640,1162080060,264420,102780779.1806
"Bourne identity",1161831600,1485068256,323236656,102780779.1806
"Bourne identity",1161831600,1169766060,7934460,102780779.1806
"Bourne identity",1161884880,1485068256,323183376,102780779.1806
"Bourne identity",1161904980,1485068256,323163276,102780779.1806
"Bourne identity",1161904980,1162411980,507000,102780779.1806
"Bourne identity",1161996060,1485068256,323072196,102780779.1806
"Bourne identity",1161996060,1162413660,417600,102780779.1806
"Bourne identity",1161996060,1162606020,609960,102780779.1806
"Bourne identity",1161996060,1163232000,1235940,102780779.1806
"Bourne identity",1162076160,1485068256,322992096,102780779.1806
"Bourne identity",1162159740,1485068256,322908516,102780779.1806
"Bourne identity",1162329600,1485068256,322738656,102780779.1806
"Bourne identity",1162329600,1162848720,519120,102780779.1806
"Bourne identity",1162346760,1485068256,322721496,102780779.1806
"Bourne identity",1162346760,1164245640,1898880,102780779.1806
"Bourne identity",1162431540,1485068256,322636716,102780779.1806
"Bourne identity",1162431540,1165022520,2590980,102780779.1806
"Bourne identity",1162431540,1165880880,3449340,102780779.1806
"Bourne identity",1162432260,1485068256,322635996,102780779.1806
"Bourne identity",1162432260,1163126460,694200,102780779.1806
"Bourne identity",1162432260,1164132240,1699980,102780779.1806
"Bourne identity",1162432260,1164220740,1788480,102780779.1806
"Bourne identity",1162599960,1485068256,322468296,102780779.1806
"Bourne identity",1162599960,1162855380,255420,102780779.1806
"Bourne identity",1162599960,1163620200,1020240,102780779.1806
"Bourne identity",1162599960,1164587940,1987980,102780779.1806
"Bourne identity",1162599960,1164678300,2078340,102780779.1806
"Bourne identity",1162602720,1485068256,322465536,102780779.1806
"Bourne identity",1162670820,1485068256,322397436,102780779.1806
"Bourne identity",1162670820,1165013400,2342580,102780779.1806
"Bourne identity",1162850040,1485068256,322218216,102780779.1806
"Bourne identity",1162850040,1163459220,609180,102780779.1806
"Bourne identity",1162850040,1163553840,703800,102780779.1806
"Bourne identity",1162854420,1485068256,322213836,102780779.1806
"Bourne identity",1162854420,1164225300,1370880,102780779.1806
"Bourne identity",1162868100,1485068256,322200156,102780779.1806
"Bourne identity",1162868100,1163377980,509880,102780779.1806
"Bourne identity",1162869360,1485068256,322198896,102780779.1806
"Bourne identity",1162925160,1485068256,322143096,102780779.1806
"Bourne identity",1162925160,1166052420,3127260,102780779.1806
"Bourne identity",1162943280,1485068256,322124976,102780779.1806
"Bourne identity",1162943280,1163027100,83820,102780779.1806
"Bourne identity",1163109600,1485068256,321958656,102780779.1806
"Bourne identity",1163109600,1164662520,1552920,102780779.1806
"Bourne identity",1163109600,1165284240,2174640,102780779.1806
"Bourne identity",1163127780,1485068256,321940476,102780779.1806
"Bourne identity",1163127780,1163875980,748200,102780779.1806
"Bourne identity",1163127780,1164740280,1612500,102780779.1806
"Bourne identity",1163187060,1485068256,321881196,102780779.1806
"Bourne identity",1163187060,1163892540,705480,102780779.1806
"Bourne identity",1163187060,1164174720,987660,102780779.1806
"Bourne identity",1163187060,1164226920,1039860,102780779.1806
"Bourne identity",1163192520,1485068256,321875736,102780779.1806
"Bourne identity",1163192520,1163797380,604860,102780779.1806
"Bourne identity",1163192520,1164225360,1032840,102780779.1806
"Bourne identity",1163192520,1164401640,1209120,102780779.1806
"Bourne identity",1163201100,1485068256,321867156,102780779.1806
"Bourne identity",1163201100,1164219660,1018560,102780779.1806
"Bourne identity",1163201100,1164570840,1369740,102780779.1806
"Bourne identity",1163202120,1485068256,321866136,102780779.1806
"Bourne identity",1163202120,1163626800,424680,102780779.1806
"Bourne identity",1163202120,1163712300,510180,102780779.1806
"Bourne identity",1163476140,1485068256,321592116,102780779.1806
"Bourne identity",1163476140,1165018020,1541880,102780779.1806
"Bourne identity",1163541480,1485068256,321526776,102780779.1806
"Bourne identity",1163541480,1163545320,3840,102780779.1806
"Bourne identity",1163541480,1485068256,321526776,102780779.1806
"Bourne identity",1163541480,1164916260,1374780,102780779.1806
"Bourne identity",1163543100,1485068256,321525156,102780779.1806
"Bourne identity",1163615940,1485068256,321452316,102780779.1806
"Bourne identity",1163615940,1164760800,1144860,102780779.1806
"Bourne identity",1163615940,1167205380,3589440,102780779.1806
"Bourne identity",1163615940,1167249300,3633360,102780779.1806
"Bourne identity",1163638500,1485068256,321429756,102780779.1806
"Bourne identity",1163638500,1165120260,1481760,102780779.1806
"Bourne identity",1163638500,1165256280,1617780,102780779.1806
"Bourne identity",1163799840,1485068256,321268416,102780779.1806
"Bourne identity",1163799840,1164227100,427260,102780779.1806
"Bourne identity",1163803740,1485068256,321264516,102780779.1806
"Bourne identity",1163803740,1164843360,1039620,102780779.1806
"Bourne identity",1163803740,1167336060,3532320,102780779.1806
"Bourne identity",1163808540,1485068256,321259716,102780779.1806
"Bourne identity",1163808540,1167270360,3461820,102780779.1806
"Bourne identity",1163815020,1485068256,321253236,102780779.1806
"Bourne identity",1163885460,1485068256,321182796,102780779.1806
"Bourne identity",1163885460,1164402420,516960,102780779.1806
"Bourne identity",1163885460,1164763860,878400,102780779.1806
"Bourne identity",1163885460,1164837000,951540,102780779.1806
"Bourne identity",1164061140,1485068256,321007116,102780779.1806
"Bourne identity",1164061140,1166658540,2597400,102780779.1806
"Bourne identity",1164061140,1166748420,2687280,102780779.1806
"Bourne identity",1164241860,1485068256,320826396,102780779.1806
"Bourne identity",1164241860,1164756060,514200,102780779.1806
"Bourne identity",1164492180,1485068256,320576076,102780779.1806
"Bourne identity",1164492180,1166138940,1646760,102780779.1806
"Bourne identity",1164492180,1166584320,2092140,102780779.1806
"Bourne identity",1164492180,1166648760,2156580,102780779.1806
"Bourne identity",1164494460,1485068256,320573796,102780779.1806
"Bourne identity",1164494460,1164668580,174120,102780779.1806
"Bourne identity",1164504660,1485068256,320563596,102780779.1806
"Bourne identity",1164504660,1164844860,340200,102780779.1806
"Bourne identity",1164504660,1165359720,855060,102780779.1806
"Bourne identity",1164504900,1485068256,320563356,102780779.1806
"Bourne identity",1164504900,1165532220,1027320,102780779.1806
"Bourne identity",1164581820,1485068256,320486436,102780779.1806
"Bourne identity",1164581820,1165005900,424080,102780779.1806
"Bourne identity",1164588420,1485068256,320479836,102780779.1806
"Bourne identity",1164588420,1164839520,251100,102780779.1806
"Bourne identity",1164667800,1485068256,320400456,102780779.1806
"Bourne identity",1164667800,1165090140,422340,102780779.1806
"Bourne identity",1164758400,1485068256,320309856,102780779.1806
"Bourne identity",1164770160,1485068256,320298096,102780779.1806
"Bourne identity",1164770160,1165970100,1199940,102780779.1806
"Bourne identity",1164825840,1485068256,320242416,102780779.1806
"Bourne identity",1164825840,1165624140,798300,102780779.1806
"Bourne identity",1164855180,1485068256,320213076,102780779.1806
"Bourne identity",1164855180,1164931680,76500,102780779.1806
"Bourne identity",1164913320,1485068256,320154936,102780779.1806
"Bourne identity",1164913320,1165364340,451020,102780779.1806
"Bourne identity",1164913320,1165692360,779040,102780779.1806
"Bourne identity",1164920760,1485068256,320147496,102780779.1806
"Bourne identity",1164920760,1165022940,102180,102780779.1806
"Bourne identity",1164928200,1485068256,320140056,102780779.1806
"Bourne identity",1164932880,1485068256,320135376,102780779.1806
"Bourne identity",1165017900,1485068256,320050356,102780779.1806
"Bourne identity",1165017900,1165882260,864360,102780779.1806
"Bourne identity",1165096980,1485068256,319971276,102780779.1806
"Bourne identity",1165096980,1166068020,971040,102780779.1806
"Bourne identity",1165100400,1485068256,319967856,102780779.1806
"Bourne identity",1165100400,1165700880,600480,102780779.1806
"Bourne identity",1165100400,1166049300,948900,102780779.1806
"Bourne identity",1165100880,1485068256,319967376,102780779.1806
"Bourne identity",1165100880,1165450740,349860,102780779.1806
"Bourne identity",1165103940,1485068256,319964316,102780779.1806
"Bourne identity",1165109760,1485068256,319958496,102780779.1806
"Bourne identity",1165109760,1165796520,686760,102780779.1806
"Bourne identity",1165109760,1165952880,843120,102780779.1806
"Bourne identity",1165282260,1485068256,319785996,102780779.1806
"Bourne identity",1165282260,1167331920,2049660,102780779.1806
"Bourne identity",1165282260,1167332760,2050500,102780779.1806
"Bourne identity",1165282260,1167776280,2494020,102780779.1806
"Bourne identity",1165291020,1485068256,319777236,102780779.1806
"Bourne identity",1165291020,1166661120,1370100,102780779.1806
"Bourne identity",1165361640,1485068256,319706616,102780779.1806
"Bourne identity",1165361640,1166748780,1387140,102780779.1806
"Bourne identity",1165361640,1168313640,2952000,102780779.1806
"Bourne identity",1165519860,1485068256,319548396,102780779.1806
"Bourne identity",1165519860,1166153100,633240,102780779.1806
"Bourne identity",1165519860,1167852420,2332560,102780779.1806
"Bourne identity",1165543920,1485068256,319524336,102780779.1806
"Bourne identity",1165547340,1485068256,319520916,102780779.1806
"Bourne identity",1165547340,1165892280,344940,102780779.1806
"Bourne identity",1165613400,1485068256,319454856,102780779.1806
"Bourne identity",1165613400,1166571420,958020,102780779.1806
"Bourne identity",1165613400,1166832660,1219260,102780779.1806
"Bourne identity",1165613400,1167762540,2149140,102780779.1806
"Bourne identity",1165704360,1485068256,319363896,102780779.1806
"Bourne identity",1165704360,1166732820,1028460,102780779.1806
"Bourne identity",1165704660,1485068256,319363596,102780779.1806
"Bourne identity",1165704660,1167848700,2144040,102780779.1806
"Bourne identity",1165704660,1168201140,2496480,102780779.1806
"Bourne identity",1165708080,1485068256,319360176,102780779.1806
"Bourne identity",1165708080,1166666340,958260,102780779.1806
"Bourne identity",1165708080,1166915580,1207500,102780779.1806
"Bourne identity",1165708080,1167252240,1544160,102780779.1806
"Bourne identity",1165708080,1485068256,319360176,102780779.1806
"Bourne identity",1165708080,1166665920,957840,102780779.1806
"Bourne identity",1165708080,1166916360,1208280,102780779.1806
"Bourne identity",1165708080,1167257760,1549680,102780779.1806
"Bourne identity",1165710120,1485068256,319358136,102780779.1806
"Bourne identity",1165710120,1166910600,1200480,102780779.1806
"Bourne identity",1165710120,1167337620,1627500,102780779.1806
"Bourne identity",1165714560,1485068256,319353696,102780779.1806
"Bourne identity",1165714560,1167606660,1892100,102780779.1806
"Bourne identity",1165714560,1167951780,2237220,102780779.1806
"Bourne identity",1165797900,1485068256,319270356,102780779.1806
"Bourne identity",1165797900,1166220240,422340,102780779.1806
"Bourne identity",1165870200,1485068256,319198056,102780779.1806
"Bourne identity",1165870200,1166648040,777840,102780779.1806
"Bourne identity",1165872840,1485068256,319195416,102780779.1806
"Bourne identity",1165872840,1167513420,1640580,102780779.1806
"Bourne identity",1165872840,1168118100,2245260,102780779.1806
"Bourne identity",1165884360,1485068256,319183896,102780779.1806
"Bourne identity",1165884360,1167185580,1301220,102780779.1806
"Bourne identity",1165978500,1485068256,319089756,102780779.1806
"Bourne identity",1165978500,1167870300,1891800,102780779.1806
"Bourne identity",1166063940,1485068256,319004316,102780779.1806
"Bourne identity",1166063940,1167416400,1352460,102780779.1806
"Bourne identity",1166066400,1485068256,319001856,102780779.1806
"Bourne identity",1166066400,1166120400,54000,102780779.1806
"Bourne identity",1166066400,1166561880,495480,102780779.1806
"Bourne identity",1166123820,1485068256,318944436,102780779.1806
"Bourne identity",1166123820,1166737320,613500,102780779.1806
"Bourne identity",1166123820,1167265440,1141620,102780779.1806
"Bourne identity",1166123820,1167421380,1297560,102780779.1806
"Bourne identity",1166123820,1167770520,1646700,102780779.1806
"Bourne identity",1166168100,1485068256,318900156,102780779.1806
"Bourne identity",1166168100,1166741280,573180,102780779.1806
"Bourne identity",1166312040,1166662740,350700,102780779.1806
"Bourne identity",1166312040,1167165120,853080,102780779.1806
"Bourne identity",1166312040,1167262140,950100,102780779.1806
"Bourne identity",1166460120,1485068256,318608136,102780779.1806
"Bourne identity",1166484900,1485068256,318583356,102780779.1806
"Bourne identity",1166489040,1485068256,318579216,102780779.1806
"Bourne identity",1166498880,1485068256,318569376,102780779.1806
"Bourne identity",1166498880,1167359220,860340,102780779.1806
"Bourne identity",1166576640,1485068256,318491616,102780779.1806
"Bourne identity",1166576640,1167269220,692580,102780779.1806
"Bourne identity",1166815200,1485068256,318253056,102780779.1806
"Bourne identity",1166826480,1485068256,318241776,102780779.1806
"Bourne identity",1166826480,1167249120,422640,102780779.1806
"Bourne identity",1166830860,1485068256,318237396,102780779.1806
"Bourne identity",1166830860,1167771480,940620,102780779.1806
"Bourne identity",1167244380,1485068256,317823876,102780779.1806
"Bourne identity",1167244380,1168472760,1228380,102780779.1806
"Bourne identity",1167244380,1169154780,1910400,102780779.1806
"Bourne identity",1167247620,1485068256,317820636,102780779.1806
"Bourne identity",1167247620,1167865260,617640,102780779.1806
"Bourne identity",1167262320,1485068256,317805936,102780779.1806
"Bourne identity",1167262320,1167877740,615420,102780779.1806
"Bourne identity",1167269760,1485068256,317798496,102780779.1806
"Bourne identity",1167348480,1485068256,317719776,102780779.1806
"Bourne identity",1167348480,1167877200,528720,102780779.1806
"Bourne identity",1167350760,1167350940,180,102780779.1806
"Bourne identity",1167350940,1485068256,317717316,102780779.1806
"Bourne identity",1167356160,1485068256,317712096,102780779.1806
"Bourne identity",1167356160,1167527700,171540,102780779.1806
"Bourne identity",1167362280,1485068256,317705976,102780779.1806
"Bourne identity",1167362280,1167794820,432540,102780779.1806
"Bourne identity",1167424080,1485068256,317644176,102780779.1806
"Bourne identity",1167424080,1167779580,355500,102780779.1806
"Bourne identity",1167505020,1485068256,317563236,102780779.1806
"Bourne identity",1167515040,1485068256,317553216,102780779.1806
"Bourne identity",1167515040,1167966000,450960,102780779.1806
"Bourne identity",1167524520,1485068256,317543736,102780779.1806
"Bourne identity",1167524520,1168733040,1208520,102780779.1806
"Bourne identity",1167526740,1485068256,317541516,102780779.1806
"Bourne identity",1167526740,1167789660,262920,102780779.1806
"Bourne identity",1167529860,1485068256,317538396,102780779.1806
"Bourne identity",1167774300,1485068256,317293956,102780779.1806
"Bourne identity",1167774300,1168122180,347880,102780779.1806
"Bourne identity",1167851640,1485068256,317216616,102780779.1806
"Bourne identity",1167851640,1168291200,439560,102780779.1806
"Bourne identity",1167853920,1485068256,317214336,102780779.1806
"Bourne identity",1167860220,1485068256,317208036,102780779.1806
"Bourne identity",1167860220,1172868180,5007960,102780779.1806
"Bourne identity",1167860220,1177964520,10104300,102780779.1806
"Bourne identity",1167860220,1178151480,10291260,102780779.1806
"Bourne identity",1167869160,1485068256,317199096,102780779.1806
"Bourne identity",1167935400,1485068256,317132856,102780779.1806
"Bourne identity",1168045620,1485068256,317022636,102780779.1806
"Bourne identity",1168045620,1169169180,1123560,102780779.1806
"Bourne identity",1168047840,1485068256,317020416,102780779.1806
"Bourne identity",1168127820,1168564620,436800,102780779.1806
"Bourne identity",1168127820,1168730100,602280,102780779.1806
"Bourne identity",1168127940,1171834800,3706860,102780779.1806
"Bourne identity",1168127940,1172356440,4228500,102780779.1806
"Bourne identity",1168217460,1169620980,1403520,102780779.1806
"Bourne identity",1168299180,1168885080,585900,102780779.1806
"Bourne identity",1168299180,1171684380,3385200,102780779.1806
"Bourne identity",1168299180,1172094120,3794940,102780779.1806
"Bourne identity",1168303200,1168971120,667920,102780779.1806
"Bourne identity",1168303260,1169582880,1279620,102780779.1806
"Bourne identity",1168719240,1485068256,316349016,102780779.1806
"Bourne identity",1168727040,1485068256,316341216,102780779.1806
"Bourne identity",1168727040,1169342160,615120,102780779.1806
"Bourne identity",1169082060,1485068256,315986196,102780779.1806
"Bourne identity",1169154540,1485068256,315913716,102780779.1806
"Bourne identity",1169782320,1172011920,2229600,102780779.1806
"Bourne identity",1169782320,1172879400,3097080,102780779.1806
"Bourne identity",1169782320,1173471840,3689520,102780779.1806
"Bourne identity",1170126480,1171486080,1359600,102780779.1806
"Bourne identity",1170203700,1172104560,1900860,102780779.1806
"Bourne identity",1170203700,1172268900,2065200,102780779.1806
"Bourne identity",1170275460,1171511400,1235940,102780779.1806
"Bourne identity",1170277560,1171835040,1557480,102780779.1806
"Bourne identity",1170277560,1172098980,1821420,102780779.1806
"Bourne identity",1170277560,1172780640,2503080,102780779.1806
"Bourne identity",1170288900,1172970720,2681820,102780779.1806
"Bourne identity",1170467340,1171763040,1295700,102780779.1806
"Bourne identity",1170467340,1172189460,1722120,102780779.1806
"Bourne identity",1170467340,1172516700,2049360,102780779.1806
"Bourne identity",1170530400,1171650060,1119660,102780779.1806
"Bourne identity",1170536760,1172713680,2176920,102780779.1806
"Bourne identity",1170536760,1173496500,2959740,102780779.1806
"Bourne identity",1170536760,1173897720,3360960,102780779.1806
"Bourne identity",1170712260,1173423720,2711460,102780779.1806
"Bourne identity",1170712260,1173896580,3184320,102780779.1806
"Bourne identity",1170714780,1172712180,1997400,102780779.1806
"Bourne identity",1170714780,1172872080,2157300,102780779.1806
"Bourne identity",1170726240,1174682220,3955980,102780779.1806
"Bourne identity",1170883800,1171501500,617700,102780779.1806
"Bourne identity",1170883800,1171569720,685920,102780779.1806
"Bourne identity",1170883800,1172648400,1764600,102780779.1806
"Bourne identity",1170883800,1172769420,1885620,102780779.1806
"Bourne identity",1170903120,1171578180,675060,102780779.1806
"Bourne identity",1170903120,1171953900,1050780,102780779.1806
"Bourne identity",1170903120,1172010240,1107120,102780779.1806
"Bourne identity",1170983700,1171416780,433080,102780779.1806
"Bourne identity",1170983700,1171650180,666480,102780779.1806
"Bourne identity",1170983700,1172716440,1732740,102780779.1806
"Bourne identity",1170983700,1172784000,1800300,102780779.1806
"Bourne identity",1170983820,1172191140,1207320,102780779.1806
"Bourne identity",1171055400,1172102880,1047480,102780779.1806
"Bourne identity",1171139220,1172970600,1831380,102780779.1806
"Bourne identity",1171139340,1173134940,1995600,102780779.1806
"Bourne identity",1171139340,1173318900,2179560,102780779.1806
"Bourne identity",1171139340,1173485040,2345700,102780779.1806
"Bourne identity",1171139340,1173734160,2594820,102780779.1806
"Bourne identity",1171420620,1485068256,313647636,102780779.1806
"Bourne identity",1171420620,1171511160,90540,102780779.1806
"Bourne identity",1171420620,1172178480,757860,102780779.1806
"Bourne identity",1171421820,1485068256,313646436,102780779.1806
"Bourne identity",1171421820,1171737900,316080,102780779.1806
"Bourne identity",1171656480,1485068256,313411776,102780779.1806
"Bourne identity",1171656480,1172029260,372780,102780779.1806
"Bourne identity",1171663860,1485068256,313404396,102780779.1806
"Bourne identity",1171663860,1174078200,2414340,102780779.1806
"Bourne identity",1171663860,1176834480,5170620,102780779.1806
"Bourne identity",1171663860,1176919860,5256000,102780779.1806
"Bourne identity",1171665840,1485068256,313402416,102780779.1806
"Bourne identity",1171665840,1172104680,438840,102780779.1806
"Bourne identity",1171745940,1485068256,313322316,102780779.1806
"Bourne identity",1171745940,1172544480,798540,102780779.1806
"Bourne identity",1171745940,1172797500,1051560,102780779.1806
"Bourne identity",1171844820,1485068256,313223436,102780779.1806
"Bourne identity",1171844820,1172447580,602760,102780779.1806
"Bourne identity",1171844820,1172720580,875760,102780779.1806
"Bourne identity",1172084280,1485068256,312983976,102780779.1806
"Bourne identity",1172084280,1172772900,688620,102780779.1806
"Bourne identity",1172178900,1485068256,312889356,102780779.1806
"Bourne identity",1172178900,1173216120,1037220,102780779.1806
"Bourne identity",1172178900,1173310440,1131540,102780779.1806
"Bourne identity",1172197440,1485068256,312870816,102780779.1806
"Bourne identity",1172197440,1173237900,1040460,102780779.1806
"Bourne identity",1172197860,1485068256,312870396,102780779.1806
"Bourne identity",1172264160,1485068256,312804096,102780779.1806
"Bourne identity",1172264160,1172791680,527520,102780779.1806
"Bourne identity",1172271360,1485068256,312796896,102780779.1806
"Bourne identity",1172343660,1485068256,312724596,102780779.1806
"Bourne identity",1172343660,1172713680,370020,102780779.1806
"Bourne identity",1172354520,1485068256,312713736,102780779.1806
"Bourne identity",1172354520,1173397020,1042500,102780779.1806
"Bourne identity",1172354520,1173751980,1397460,102780779.1806
"Bourne identity",1172452620,1174696980,2244360,102780779.1806
"Bourne identity",1172452620,1175111400,2658780,102780779.1806
"Bourne identity",1172527260,1485068256,312540996,102780779.1806
"Bourne identity",1172527260,1173739320,1212060,102780779.1806
"Bourne identity",1172629980,1485068256,312438276,102780779.1806
"Bourne identity",1172629980,1174421700,1791720,102780779.1806
"Bourne identity",1172776860,1485068256,312291396,102780779.1806
"Bourne identity",1172776860,1173986400,1209540,102780779.1806
"Bourne identity",1172797140,1485068256,312271116,102780779.1806
"Bourne identity",1172797140,1174158420,1361280,102780779.1806
"Bourne identity",1172797140,1174629480,1832340,102780779.1806
"Bourne identity",1172797140,1174678980,1881840,102780779.1806
"Bourne identity",1172799360,1485068256,312268896,102780779.1806
"Bourne identity",1172799360,1173406260,606900,102780779.1806
"Bourne identity",1172799360,1173827580,1028220,102780779.1806
"Bourne identity",1172870580,1485068256,312197676,102780779.1806
"Bourne identity",1172870580,1173231720,361140,102780779.1806
"Bourne identity",1172870580,1173421800,551220,102780779.1806
"Bourne identity",1172870580,1173897840,1027260,102780779.1806
"Bourne identity",1172887020,1485068256,312181236,102780779.1806
"Bourne identity",1172967300,1485068256,312100956,102780779.1806
"Bourne identity",1172967300,1173742140,774840,102780779.1806
"Bourne identity",1172967300,1174679520,1712220,102780779.1806
"Bourne identity",1172967300,1175119500,2152200,102780779.1806
"Bourne identity",1172967300,1175195340,2228040,102780779.1806
"Bourne identity",1172967300,1178051100,5083800,102780779.1806
"Bourne identity",1173050580,1485068256,312017676,102780779.1806
"Bourne identity",1173050580,1173561000,510420,102780779.1806
"Bourne identity",1173055740,1485068256,312012516,102780779.1806
"Bourne identity",1173055740,1173498780,443040,102780779.1806
"Bourne identity",1173055740,1173898440,842700,102780779.1806
"Bourne identity",1173055740,1174066140,1010400,102780779.1806
"Bourne identity",1173139140,1485068256,311929116,102780779.1806
"Bourne identity",1173139140,1174066860,927720,102780779.1806
"Bourne identity",1173139140,1174326540,1187400,102780779.1806
"Bourne identity",1173145560,1485068256,311922696,102780779.1806
"Bourne identity",1173145560,1174170300,1024740,102780779.1806
"Bourne identity",1173145980,1485068256,311922276,102780779.1806
"Bourne identity",1173145980,1173725760,579780,102780779.1806
"Bourne identity",1173146460,1485068256,311921796,102780779.1806
"Bourne identity",1173146460,1175825460,2679000,102780779.1806
"Bourne identity",1173232140,1485068256,311836116,102780779.1806
"Bourne identity",1173232140,1173727380,495240,102780779.1806
"Bourne identity",1173300360,1485068256,311767896,102780779.1806
"Bourne identity",1173300360,1174346640,1046280,102780779.1806
"Bourne identity",1173477720,1485068256,311590536,102780779.1806
"Bourne identity",1173477720,1175205180,1727460,102780779.1806
"Bourne identity",1173556860,1485068256,311511396,102780779.1806
"Bourne identity",1173556860,1179863640,6306780,102780779.1806
"Bourne identity",1173559080,1485068256,311509176,102780779.1806
"Bourne identity",1173559080,1173832500,273420,102780779.1806
"Bourne identity",1173744300,1485068256,311323956,102780779.1806
"Bourne identity",1173751800,1485068256,311316456,102780779.1806
"Bourne identity",1173751800,1178568780,4816980,102780779.1806
"Bourne identity",1173751800,1178649000,4897200,102780779.1806
"Bourne identity",1173825180,1485068256,311243076,102780779.1806
"Bourne identity",1173825180,1174428660,603480,102780779.1806
"Bourne identity",1173825900,1485068256,311242356,102780779.1806
"Bourne identity",1173910860,1485068256,311157396,102780779.1806
"Bourne identity",1173918120,1485068256,311150136,102780779.1806
"Bourne identity",1173918120,1174368060,449940,102780779.1806
"Bourne identity",1173918120,1174422600,504480,102780779.1806
"Bourne identity",1173919080,1485068256,311149176,102780779.1806
"Bourne identity",1173919080,1177977480,4058400,102780779.1806
"Bourne identity",1173921120,1173921480,360,102780779.1806
"Bourne identity",1173921120,1173987420,66300,102780779.1806
"Bourne identity",1173984360,1485068256,311083896,102780779.1806
"Bourne identity",1173984360,1175727060,1742700,102780779.1806
"Bourne identity",1174003380,1485068256,311064876,102780779.1806
"Bourne identity",1174003380,1175371080,1367700,102780779.1806
"Bourne identity",1174005060,1485068256,311063196,102780779.1806
"Bourne identity",1174005060,1175125440,1120380,102780779.1806
"Bourne identity",1174005060,1175286780,1281720,102780779.1806
"Bourne identity",1174005060,1175542380,1537320,102780779.1806
"Bourne identity",1174009860,1485068256,311058396,102780779.1806
"Bourne identity",1174009860,1176511980,2502120,102780779.1806
"Bourne identity",1174076460,1485068256,310991796,102780779.1806
"Bourne identity",1174076460,1174683780,607320,102780779.1806
"Bourne identity",1174076460,1175194440,1117980,102780779.1806
"Bourne identity",1174164960,1485068256,310903296,102780779.1806
"Bourne identity",1174175700,1485068256,310892556,102780779.1806
"Bourne identity",1174175700,1174863960,688260,102780779.1806
"Bourne identity",1174176960,1485068256,310891296,102780779.1806
"Bourne identity",1174176960,1174442160,265200,102780779.1806
"Bourne identity",1174250700,1485068256,310817556,102780779.1806
"Bourne identity",1174520940,1485068256,310547316,102780779.1806
"Bourne identity",1174520940,1177522740,3001800,102780779.1806
"Bourne identity",1174525200,1485068256,310543056,102780779.1806
"Bourne identity",1174525200,1175128620,603420,102780779.1806
"Bourne identity",1174530360,1485068256,310537896,102780779.1806
"Bourne identity",1174530360,1177267560,2737200,102780779.1806
"Bourne identity",1174617660,1485068256,310450596,102780779.1806
"Bourne identity",1174617660,1175547120,929460,102780779.1806
"Bourne identity",1174617660,1175725680,1108020,102780779.1806
"Bourne identity",1174618020,1485068256,310450236,102780779.1806
"Bourne identity",1174618020,1175215140,597120,102780779.1806
"Bourne identity",1174667100,1174667040,60,102780779.1806
"Bourne identity",1174667100,1175305380,638280,102780779.1806
"Bourne identity",1174682700,1485068256,310385556,102780779.1806
"Bourne identity",1174682700,1175121960,439260,102780779.1806
"Bourne identity",1174695480,1485068256,310372776,102780779.1806
"Bourne identity",1174695480,1176141360,1445880,102780779.1806
"Bourne identity",1175122980,1485068256,309945276,102780779.1806
"Bourne identity",1175122980,1175466000,343020,102780779.1806
"Bourne identity",1175122980,1175633820,510840,102780779.1806
"Bourne identity",1175128920,1485068256,309939336,102780779.1806
"Bourne identity",1175128920,1176251760,1122840,102780779.1806
"Bourne identity",1175128920,1177018980,1890060,102780779.1806
"Bourne identity",1175133420,1485068256,309934836,102780779.1806
"Bourne identity",1175133420,1176426840,1293420,102780779.1806
"Bourne identity",1175133960,1485068256,309934296,102780779.1806
"Bourne identity",1175133960,1176949440,1815480,102780779.1806
"Bourne identity",1175220240,1485068256,309848016,102780779.1806
"Bourne identity",1175220240,1177641360,2421120,102780779.1806
"Bourne identity",1175220240,1178055180,2834940,102780779.1806
"Bourne identity",1175222880,1485068256,309845376,102780779.1806
"Bourne identity",1175222880,1176171960,949080,102780779.1806
"Bourne identity",1175285220,1485068256,309783036,102780779.1806
"Bourne identity",1175372460,1485068256,309695796,102780779.1806
"Bourne identity",1175372460,1176592500,1220040,102780779.1806
"Bourne identity",1175372460,1177698780,2326320,102780779.1806
"Bourne identity",1175385000,1485068256,309683256,102780779.1806
"Bourne identity",1175385000,1175905920,520920,102780779.1806
"Bourne identity",1175385000,1176321300,936300,102780779.1806
"Bourne identity",1175385540,1485068256,309682716,102780779.1806
"Bourne identity",1175464320,1485068256,309603936,102780779.1806
"Bourne identity",1175464320,1177278420,1814100,102780779.1806
"Bourne identity",1175464320,1177383600,1919280,102780779.1806
"Bourne identity",1175464320,1177445280,1980960,102780779.1806
"Bourne identity",1175731800,1485068256,309336456,102780779.1806
"Bourne identity",1175732520,1485068256,309335736,102780779.1806
"Bourne identity",1175732520,1177548720,1816200,102780779.1806
"Bourne identity",1175807700,1485068256,309260556,102780779.1806
"Bourne identity",1175807700,1176849900,1042200,102780779.1806
"Bourne identity",1175807700,1177379640,1571940,102780779.1806
"Bourne identity",1175821500,1485068256,309246756,102780779.1806
"Bourne identity",1175821500,1177037760,1216260,102780779.1806
"Bourne identity",1175900160,1485068256,309168096,102780779.1806
"Bourne identity",1175900160,1177460280,1560120,102780779.1806
"Bourne identity",1175977920,1485068256,309090336,102780779.1806
"Bourne identity",1175977920,1176147180,169260,102780779.1806
"Bourne identity",1175979660,1485068256,309088596,102780779.1806
"Bourne identity",1175979660,1176773880,794220,102780779.1806
"Bourne identity",1175979660,1177002600,1022940,102780779.1806
"Bourne identity",1175979660,1177095360,1115700,102780779.1806
"Bourne identity",1175989620,1485068256,309078636,102780779.1806
"Bourne identity",1176163740,1485068256,308904516,102780779.1806
"Bourne identity",1176163740,1176512460,348720,102780779.1806
"Bourne identity",1176171180,1485068256,308897076,102780779.1806
"Bourne identity",1176171180,1177382580,1211400,102780779.1806
"Bourne identity",1176171180,1177699260,1528080,102780779.1806
"Bourne identity",1176172200,1485068256,308896056,102780779.1806
"Bourne identity",1176425400,1485068256,308642856,102780779.1806
"Bourne identity",1176425400,1176509580,84180,102780779.1806
"Bourne identity",1176590580,1485068256,308477676,102780779.1806
"Bourne identity",1176590580,1176854940,264360,102780779.1806
"Bourne identity",1176590580,1177364940,774360,102780779.1806
"Bourne identity",1176591420,1485068256,308476836,102780779.1806
"Bourne identity",1176591420,1181424240,4832820,102780779.1806
"Bourne identity",1176591420,1181801340,5209920,102780779.1806
"Bourne identity",1176591420,1181850300,5258880,102780779.1806
"Bourne identity",1176744000,1485068256,308324256,102780779.1806
"Bourne identity",1176744000,1176915840,171840,102780779.1806
"Bourne identity",1176761520,1485068256,308306736,102780779.1806
"Bourne identity",1176761520,1177534080,772560,102780779.1806
"Bourne identity",1176770400,1485068256,308297856,102780779.1806
"Bourne identity",1176770400,1176960540,190140,102780779.1806
"Bourne identity",1176841440,1485068256,308226816,102780779.1806
"Bourne identity",1176841440,1178567280,1725840,102780779.1806
"Bourne identity",1176929520,1485068256,308138736,102780779.1806
"Bourne identity",1176929520,1177018680,89160,102780779.1806
"Bourne identity",1176929520,1177182600,253080,102780779.1806
"Bourne identity",1176929520,1177444380,514860,102780779.1806
"Bourne identity",1176929520,1178570580,1641060,102780779.1806
"Bourne identity",1176929520,1178673960,1744440,102780779.1806
"Bourne identity",1176929520,1179950400,3020880,102780779.1806
"Bourne identity",1176949560,1485068256,308118696,102780779.1806
"Bourne identity",1176949560,1178928120,1978560,102780779.1806
"Bourne identity",1177026120,1485068256,308042136,102780779.1806
"Bourne identity",1177026120,1178153160,1127040,102780779.1806
"Bourne identity",1177026120,1178313660,1287540,102780779.1806
"Bourne identity",1177026120,1178568840,1542720,102780779.1806
"Bourne identity",1177036980,1485068256,308031276,102780779.1806
"Bourne identity",1177036980,1178412960,1375980,102780779.1806
"Bourne identity",1177101780,1485068256,307966476,102780779.1806
"Bourne identity",1177101780,1177976880,875100,102780779.1806
"Bourne identity",1177106340,1485068256,307961916,102780779.1806
"Bourne identity",1177106340,1177377840,271500,102780779.1806
"Bourne identity",1177195500,1485068256,307872756,102780779.1806
"Bourne identity",1177195500,1178138280,942780,102780779.1806
"Bourne identity",1177195500,1485068256,307872756,102780779.1806
"Bourne identity",1177195500,1178153580,958080,102780779.1806
"Bourne identity",1177354440,1485068256,307713816,102780779.1806
"Bourne identity",1177354440,1177632420,277980,102780779.1806
"Bourne identity",1177373520,1485068256,307694736,102780779.1806
"Bourne identity",1177373520,1177556040,182520,102780779.1806
"Bourne identity",1177378740,1485068256,307689516,102780779.1806
"Bourne identity",1177378740,1178069880,691140,102780779.1806
"Bourne identity",1177378740,1178218020,839280,102780779.1806
"Bourne identity",1177378740,1178560800,1182060,102780779.1806
"Bourne identity",1177439040,1485068256,307629216,102780779.1806
"Bourne identity",1177439040,1178040180,601140,102780779.1806
"Bourne identity",1177622640,1485068256,307445616,102780779.1806
"Bourne identity",1177622640,1177972980,350340,102780779.1806
"Bourne identity",1177629480,1485068256,307438776,102780779.1806
"Bourne identity",1177629480,1177981860,352380,102780779.1806
"Bourne identity",1177631460,1485068256,307436796,102780779.1806
"Bourne identity",1177631460,1178323140,691680,102780779.1806
"Bourne identity",1177631460,1178645940,1014480,102780779.1806
"Bourne identity",1177633080,1485068256,307435176,102780779.1806
"Bourne identity",1177633080,1178245740,612660,102780779.1806
"Bourne identity",1177711020,1485068256,307357236,102780779.1806
"Bourne identity",1177715580,1485068256,307352676,102780779.1806
"Bourne identity",1177715580,1178398800,683220,102780779.1806
"Bourne identity",1177715580,1178576220,860640,102780779.1806
"Bourne identity",1177720140,1485068256,307348116,102780779.1806
"Bourne identity",1177720140,1180031340,2311200,102780779.1806
"Bourne identity",1177720320,1485068256,307347936,102780779.1806
"Bourne identity",1177804980,1485068256,307263276,102780779.1806
"Bourne identity",1177968780,1485068256,307099476,102780779.1806
"Bourne identity",1177976880,1485068256,307091376,102780779.1806
"Bourne identity",1177976880,1178406480,429600,102780779.1806
"Bourne identity",1177979520,1485068256,307088736,102780779.1806
"Bourne identity",1177981920,1485068256,307086336,102780779.1806
"Bourne identity",1177981920,1178402820,420900,102780779.1806
"Bourne identity",1177985160,1485068256,307083096,102780779.1806
"Bourne identity",1178143320,1485068256,306924936,102780779.1806
"Bourne identity",1178143320,1179348300,1204980,102780779.1806
"Bourne identity",1178143320,1179522540,1379220,102780779.1806
"Bourne identity",1178143320,1179872400,1729080,102780779.1806
"Bourne identity",1178143320,1179935880,1792560,102780779.1806
"Bourne identity",1178213040,1485068256,306855216,102780779.1806
"Bourne identity",1178213040,1179940560,1727520,102780779.1806
"Bourne identity",1178217120,1485068256,306851136,102780779.1806
"Bourne identity",1178217120,1179514680,1297560,102780779.1806
"Bourne identity",1178217120,1179801060,1583940,102780779.1806
"Bourne identity",1178219940,1485068256,306848316,102780779.1806
"Bourne identity",1178219940,1178490420,270480,102780779.1806
"Bourne identity",1178234820,1485068256,306833436,102780779.1806
"Bourne identity",1178234820,1178919780,684960,102780779.1806
"Bourne identity",1178234820,1179258900,1024080,102780779.1806
"Bourne identity",1178298780,1485068256,306769476,102780779.1806
"Bourne identity",1178298780,1179881820,1583040,102780779.1806
"Bourne identity",1178298780,1182904620,4605840,102780779.1806
"Bourne identity",1178298780,1184367360,6068580,102780779.1806
"Bourne identity",1178300520,1485068256,306767736,102780779.1806
"Bourne identity",1178300520,1178908680,608160,102780779.1806
"Bourne identity",1178389140,1485068256,306679116,102780779.1806
"Bourne identity",1178389140,1178561640,172500,102780779.1806
"Bourne identity",1178389500,1485068256,306678756,102780779.1806
"Bourne identity",1178389500,1182627120,4237620,102780779.1806
"Bourne identity",1178390460,1485068256,306677796,102780779.1806
"Bourne identity",1178402880,1485068256,306665376,102780779.1806
"Bourne identity",1178484120,1485068256,306584136,102780779.1806
"Bourne identity",1178484120,1179360840,876720,102780779.1806
"Bourne identity",1178484120,1179426060,941940,102780779.1806
"Bourne identity",1178486820,1485068256,306581436,102780779.1806
"Bourne identity",1178491560,1485068256,306576696,102780779.1806
"Bourne identity",1178491560,1178913240,421680,102780779.1806
"Bourne identity",1178491560,1179169920,678360,102780779.1806
"Bourne identity",1178491560,1179266640,775080,102780779.1806
"Bourne identity",1178574000,1485068256,306494256,102780779.1806
"Bourne identity",1178583960,1485068256,306484296,102780779.1806
"Bourne identity",1178583960,1179796440,1212480,102780779.1806
"Bourne identity",1178583960,1179881220,1297260,102780779.1806
"Bourne identity",1178655780,1485068256,306412476,102780779.1806
"Bourne identity",1178655780,1178928180,272400,102780779.1806
"Bourne identity",1178655780,1179272160,616380,102780779.1806
"Bourne identity",1178655780,1179346860,691080,102780779.1806
"Bourne identity",1178667000,1485068256,306401256,102780779.1806
"Bourne identity",1178667000,1179340440,673440,102780779.1806
"Bourne identity",1178839560,1485068256,306228696,102780779.1806
"Bourne identity",1178839560,1179195060,355500,102780779.1806
"Bourne identity",1178847600,1485068256,306220656,102780779.1806
"Bourne identity",1178847600,1181253180,2405580,102780779.1806
"Bourne identity",1178851800,1485068256,306216456,102780779.1806
"Bourne identity",1178851800,1179268800,417000,102780779.1806
"Bourne identity",1178851800,1179423960,572160,102780779.1806
"Bourne identity",1178906220,1485068256,306162036,102780779.1806
"Bourne identity",1178906220,1179784860,878640,102780779.1806
"Bourne identity",1179013680,1485068256,306054576,102780779.1806
"Bourne identity",1179014220,1485068256,306054036,102780779.1806
"Bourne identity",1179014220,1179868800,854580,102780779.1806
"Bourne identity",1179014220,1182907200,3892980,102780779.1806
"Bourne identity",1179014220,1182985440,3971220,102780779.1806
"Bourne identity",1179014220,1485068256,306054036,102780779.1806
"Bourne identity",1179014220,1179016920,2700,102780779.1806
"Bourne identity",1179017580,1485068256,306050676,102780779.1806
"Bourne identity",1179017580,1179602340,584760,102780779.1806
"Bourne identity",1179091440,1485068256,305976816,102780779.1806
"Bourne identity",1179091440,1179615000,523560,102780779.1806
"Bourne identity",1179096180,1485068256,305972076,102780779.1806
"Bourne identity",1179096180,1179355320,259140,102780779.1806
"Bourne identity",1179168900,1485068256,305899356,102780779.1806
"Bourne identity",1179168900,1180490640,1321740,102780779.1806
"Bourne identity",1179174600,1485068256,305893656,102780779.1806
"Bourne identity",1179174600,1179611640,437040,102780779.1806
"Bourne identity",1179174600,1182814440,3639840,102780779.1806
"Bourne identity",1179174600,1182970200,3795600,102780779.1806
"Bourne identity",1179174600,1185043680,5869080,102780779.1806
"Bourne identity",1179174600,1185211740,6037140,102780779.1806
"Bourne identity",1179174600,1186380480,7205880,102780779.1806
"Bourne identity",1179174600,1186444140,7269540,102780779.1806
"Bourne identity",1179176460,1485068256,305891796,102780779.1806
"Bourne identity",1179176460,1180225860,1049400,102780779.1806
"Bourne identity",1179197580,1485068256,305870676,102780779.1806
"Bourne identity",1179197580,1180222560,1024980,102780779.1806
"Bourne identity",1179198000,1485068256,305870256,102780779.1806
"Bourne identity",1179198000,1179259440,61440,102780779.1806
"Bourne identity",1179198000,1179856320,658320,102780779.1806
"Bourne identity",1179198000,1179949800,751800,102780779.1806
"Bourne identity",1179437160,1485068256,305631096,102780779.1806
"Bourne identity",1179437160,1182452460,3015300,102780779.1806
"Bourne identity",1179437160,1182826140,3388980,102780779.1806
"Bourne identity",1179437160,1183059120,3621960,102780779.1806
"Bourne identity",1179520920,1485068256,305547336,102780779.1806
"Bourne identity",1179520920,1182877020,3356100,102780779.1806
"Bourne identity",1179520920,1485068256,305547336,102780779.1806
"Bourne identity",1179520920,1181424300,1903380,102780779.1806
"Bourne identity",1179614580,1485068256,305453676,102780779.1806
"Bourne identity",1179614580,1180219080,604500,102780779.1806
"Bourne identity",1179693960,1485068256,305374296,102780779.1806
"Bourne identity",1179705240,1485068256,305363016,102780779.1806
"Bourne identity",1179790980,1485068256,305277276,102780779.1806
"Bourne identity",1179790980,1181711460,1920480,102780779.1806
"Bourne identity",1179790980,1181758260,1967280,102780779.1806
"Bourne identity",1179859260,1485068256,305208996,102780779.1806
"Bourne identity",1179880440,1485068256,305187816,102780779.1806
"Bourne identity",1179880440,1182909660,3029220,102780779.1806
"Bourne identity",1179882000,1485068256,305186256,102780779.1806
"Bourne identity",1179882000,1180145820,263820,102780779.1806
"Bourne identity",1179882000,1180476480,594480,102780779.1806
"Bourne identity",1179963720,1485068256,305104536,102780779.1806
"Bourne identity",1179963720,1181600760,1637040,102780779.1806
"Bourne identity",1180034340,1485068256,305033916,102780779.1806
"Bourne identity",1180034340,1181330820,1296480,102780779.1806
"Bourne identity",1180038780,1485068256,305029476,102780779.1806
"Bourne identity",1180048320,1485068256,305019936,102780779.1806
"Bourne identity",1180048320,1182031440,1983120,102780779.1806
"Bourne identity",1180048320,1182492600,2444280,102780779.1806
"Bourne identity",1180048320,1182823080,2774760,102780779.1806
"Bourne identity",1180120980,1485068256,304947276,102780779.1806
"Bourne identity",1180120980,1181614560,1493580,102780779.1806
"Bourne identity",1180120980,1181776080,1655100,102780779.1806
"Bourne identity",1180137720,1180138260,540,102780779.1806
"Bourne identity",1180199340,1485068256,304868916,102780779.1806
"Bourne identity",1180455840,1485068256,304612416,102780779.1806
"Bourne identity",1180455840,1182788040,2332200,102780779.1806
"Bourne identity",1180490280,1485068256,304577976,102780779.1806
"Bourne identity",1180490280,1181850240,1359960,102780779.1806
"Bourne identity",1180492620,1485068256,304575636,102780779.1806
"Bourne identity",1180492620,1181252640,760020,102780779.1806
"Bourne identity",1180549980,1485068256,304518276,102780779.1806
"Bourne identity",1180549980,1184187720,3637740,102780779.1806
"Bourne identity",1180572120,1181506020,933900,102780779.1806
"Bourne identity",1180636320,1182652440,2016120,102780779.1806
"Bourne identity",1180636320,1182810180,2173860,102780779.1806
"Bourne identity",1180741680,1181845680,1104000,102780779.1806
"Bourne identity",1180741680,1181948220,1206540,102780779.1806
"Bourne identity",1180805700,1181330580,524880,102780779.1806
"Bourne identity",1181247720,1182451860,1204140,102780779.1806
"Bourne identity",1181270880,1485068256,303797376,102780779.1806
"Bourne identity",1181270880,1182563460,1292580,102780779.1806
"Bourne identity",1181270880,1182959400,1688520,102780779.1806
"Bourne identity",1181414880,1485068256,303653376,102780779.1806
"Bourne identity",1181414880,1181600340,185460,102780779.1806
"Bourne identity",1181414880,1181929800,514920,102780779.1806
"Bourne identity",1181424060,1485068256,303644196,102780779.1806
"Bourne identity",1181425620,1485068256,303642636,102780779.1806
"Bourne identity",1181425620,1182022440,596820,102780779.1806
"Bourne identity",1181425620,1182199620,774000,102780779.1806
"Bourne identity",1181425620,1182291900,866280,102780779.1806
"Bourne identity",1181609700,1485068256,303458556,102780779.1806
"Bourne identity",1181609700,1183083120,1473420,102780779.1806
"Bourne identity",1181609700,1183747620,2137920,102780779.1806
"Bourne identity",1181695320,1485068256,303372936,102780779.1806
"Bourne identity",1181695320,1183249260,1553940,102780779.1806
"Bourne identity",1181698200,1485068256,303370056,102780779.1806
"Bourne identity",1181698200,1182636900,938700,102780779.1806
"Bourne identity",1181698200,1182926100,1227900,102780779.1806
"Bourne identity",1181698200,1182985260,1287060,102780779.1806
"Bourne identity",1181756280,1485068256,303311976,102780779.1806
"Bourne identity",1181756280,1183699440,1943160,102780779.1806
"Bourne identity",1181756280,1183752060,1995780,102780779.1806
"Bourne identity",1181781060,1485068256,303287196,102780779.1806
"Bourne identity",1181781060,1182998280,1217220,102780779.1806
"Bourne identity",1181851740,1485068256,303216516,102780779.1806
"Bourne identity",1181866980,1485068256,303201276,102780779.1806
"Bourne identity",1181866980,1182465120,598140,102780779.1806
"Bourne identity",1181866980,1182804120,937140,102780779.1806
"Bourne identity",1181866980,1182970260,1103280,102780779.1806
"Bourne identity",1181868960,1485068256,303199296,102780779.1806
"Bourne identity",1181868960,1186353840,4484880,102780779.1806
"Bourne identity",1181868960,1186510560,4641600,102780779.1806
"Bourne identity",1181868960,1186603440,4734480,102780779.1806
"Bourne identity",1181873160,1485068256,303195096,102780779.1806
"Bourne identity",1181873160,1182640740,767580,102780779.1806
"Bourne identity",1181932020,1485068256,303136236,102780779.1806
"Bourne identity",1181932020,1184965080,3033060,102780779.1806
"Bourne identity",1181932020,1185308640,3376620,102780779.1806
"Bourne identity",1182197580,1485068256,302870676,102780779.1806
"Bourne identity",1182197580,1184175900,1978320,102780779.1806
"Bourne identity",1182197580,1184283720,2086140,102780779.1806
"Bourne identity",1182210660,1485068256,302857596,102780779.1806
"Bourne identity",1182210660,1183427520,1216860,102780779.1806
"Bourne identity",1182210660,1183765380,1554720,102780779.1806
"Bourne identity",1182210660,1184033580,1822920,102780779.1806
"Bourne identity",1182452040,1485068256,302616216,102780779.1806
"Bourne identity",1182452040,1184019120,1567080,102780779.1806
"Bourne identity",1182452040,1184098380,1646340,102780779.1806
"Bourne identity",1182559500,1485068256,302508756,102780779.1806
"Bourne identity",1182559500,1183077300,517800,102780779.1806
"Bourne identity",1182638340,1485068256,302429916,102780779.1806
"Bourne identity",1182638340,1185063180,2424840,102780779.1806
"Bourne identity",1182719040,1485068256,302349216,102780779.1806
"Bourne identity",1182795300,1485068256,302272956,102780779.1806
"Bourne identity",1182795300,1185214260,2418960,102780779.1806
"Bourne identity",1182796440,1485068256,302271816,102780779.1806
"Bourne identity",1182796440,1185214740,2418300,102780779.1806
"Bourne identity",1182989040,1485068256,302079216,102780779.1806
"Bourne identity",1182989040,1183416960,427920,102780779.1806
"Bourne identity",1183076220,1485068256,301992036,102780779.1806
"Bourne identity",1183076220,1183763640,687420,102780779.1806
"Bourne identity",1183076220,1184265720,1189500,102780779.1806
"Bourne identity",1183076460,1485068256,301991796,102780779.1806
"Bourne identity",1183076460,1185414240,2337780,102780779.1806
"Bourne identity",1183076460,1185582720,2506260,102780779.1806
"Bourne identity",1183084080,1485068256,301984176,102780779.1806
"Bourne identity",1183084080,1184117460,1033380,102780779.1806
"Bourne identity",1183160220,1485068256,301908036,102780779.1806
"Bourne identity",1183160220,1184966100,1805880,102780779.1806
"Bourne identity",1183320060,1485068256,301748196,102780779.1806
"Bourne identity",1183320060,1184117520,797460,102780779.1806
"Bourne identity",1183320060,1184704560,1384500,102780779.1806
"Bourne identity",1183320060,1185136560,1816500,102780779.1806
"Bourne identity",1183320060,1185310620,1990560,102780779.1806
"Bourne identity",1183327320,1485068256,301740936,102780779.1806
"Bourne identity",1183327320,1184628240,1300920,102780779.1806
"Bourne identity",1183333560,1485068256,301734696,102780779.1806
"Bourne identity",1183333560,1184115660,782100,102780779.1806
"Bourne identity",1183333560,1184379780,1046220,102780779.1806
"Bourne identity",1183333560,1184617020,1283460,102780779.1806
"Bourne identity",1183409460,1485068256,301658796,102780779.1806
"Bourne identity",1183409460,1185229380,1819920,102780779.1806
"Bourne identity",1183410840,1485068256,301657416,102780779.1806
"Bourne identity",1183410840,1183680660,269820,102780779.1806
"Bourne identity",1183411320,1485068256,301656936,102780779.1806
"Bourne identity",1183495800,1485068256,301572456,102780779.1806
"Bourne identity",1183495800,1184440260,944460,102780779.1806
"Bourne identity",1183495800,1184618100,1122300,102780779.1806
"Bourne identity",1183495800,1185920100,2424300,102780779.1806
"Bourne identity",1183753320,1485068256,301314936,102780779.1806
"Bourne identity",1183753320,1185425940,1672620,102780779.1806
"Bourne identity",1183753320,1185470340,1717020,102780779.1806
"Bourne identity",1183753320,1186100940,2347620,102780779.1806
"Bourne identity",1183753320,1186162260,2408940,102780779.1806
"Bourne identity",1183762020,1485068256,301306236,102780779.1806
"Bourne identity",1183762020,1184368680,606660,102780779.1806
"Bourne identity",1183762020,1184616660,854640,102780779.1806
"Bourne identity",1183762020,1184715120,953100,102780779.1806
"Bourne identity",1183768860,1485068256,301299396,102780779.1806
"Bourne identity",1183768860,1184178660,409800,102780779.1806
"Bourne identity",1183835460,1485068256,301232796,102780779.1806
"Bourne identity",1183835460,1184975220,1139760,102780779.1806
"Bourne identity",1183835460,1185344040,1508580,102780779.1806
"Bourne identity",1183835460,1185395580,1560120,102780779.1806
"Bourne identity",1183850520,1485068256,301217736,102780779.1806
"Bourne identity",1183850520,1184033580,183060,102780779.1806
"Bourne identity",1183922400,1485068256,301145856,102780779.1806
"Bourne identity",1183922400,1185498600,1576200,102780779.1806
"Bourne identity",1183922400,1185918660,1996260,102780779.1806
"Bourne identity",1184102940,1485068256,300965316,102780779.1806
"Bourne identity",1184102940,1185040680,937740,102780779.1806
"Bourne identity",1184102940,1185253800,1150860,102780779.1806
"Bourne identity",1184102940,1185388680,1285740,102780779.1806
"Bourne identity",1184106540,1485068256,300961716,102780779.1806
"Bourne identity",1184106540,1184622840,516300,102780779.1806
"Bourne identity",1184106540,1185040800,934260,102780779.1806
"Bourne identity",1184114100,1485068256,300954156,102780779.1806
"Bourne identity",1184114100,1184794440,680340,102780779.1806
"Bourne identity",1184177340,1485068256,300890916,102780779.1806
"Bourne identity",1184177340,1184446800,269460,102780779.1806
"Bourne identity",1184182920,1485068256,300885336,102780779.1806
"Bourne identity",1184182920,1184876820,693900,102780779.1806
"Bourne identity",1184182920,1185145560,962640,102780779.1806
"Bourne identity",1184182920,1185322020,1139100,102780779.1806
"Bourne identity",1184286000,1485068256,300782256,102780779.1806
"Bourne identity",1184286000,1186435920,2149920,102780779.1806
"Bourne identity",1184286000,1186684740,2398740,102780779.1806
"Bourne identity",1184294520,1485068256,300773736,102780779.1806
"Bourne identity",1184294520,1186430220,2135700,102780779.1806
"Bourne identity",1184295360,1485068256,300772896,102780779.1806
"Bourne identity",1184295360,1185141840,846480,102780779.1806
"Bourne identity",1184295360,1185328080,1032720,102780779.1806
"Bourne identity",1184295360,1185478920,1183560,102780779.1806
"Bourne identity",1184354340,1485068256,300713916,102780779.1806
"Bourne identity",1184354340,1185063180,708840,102780779.1806
"Bourne identity",1184354340,1185221880,867540,102780779.1806
"Bourne identity",1184433660,1485068256,300634596,102780779.1806
"Bourne identity",1184440920,1485068256,300627336,102780779.1806
"Bourne identity",1184440920,1185225900,784980,102780779.1806
"Bourne identity",1184440920,1185578220,1137300,102780779.1806
"Bourne identity",1184440920,1185833580,1392660,102780779.1806
"Bourne identity",1184526300,1485068256,300541956,102780779.1806
"Bourne identity",1184526300,1186726920,2200620,102780779.1806
"Bourne identity",1184526300,1187036760,2510460,102780779.1806
"Bourne identity",1184619660,1485068256,300448596,102780779.1806
"Bourne identity",1184619660,1185406800,787140,102780779.1806
"Bourne identity",1184702160,1485068256,300366096,102780779.1806
"Bourne identity",1184702160,1185043260,341100,102780779.1806
"Bourne identity",1184719740,1485068256,300348516,102780779.1806
"Bourne identity",1184719740,1186616640,1896900,102780779.1806
"Bourne identity",1184719740,1186799760,2080020,102780779.1806
"Bourne identity",1184719740,1187122800,2403060,102780779.1806
"Bourne identity",1184812440,1485068256,300255816,102780779.1806
"Bourne identity",1184812440,1188330000,3517560,102780779.1806
"Bourne identity",1184812440,1188535020,3722580,102780779.1806
"Bourne identity",1184812440,1190227860,5415420,102780779.1806
"Bourne identity",1184879520,1485068256,300188736,102780779.1806
"Bourne identity",1184879520,1185559080,679560,102780779.1806
"Bourne identity",1185151740,1485068256,299916516,102780779.1806
"Bourne identity",1185151740,1185920820,769080,102780779.1806
"Bourne identity",1185151740,1185990120,838380,102780779.1806
"Bourne identity",1185222540,1485068256,299845716,102780779.1806
"Bourne identity",1185222540,1188246120,3023580,102780779.1806
"Bourne identity",1185245640,1485068256,299822616,102780779.1806
"Bourne identity",1185245640,1185935700,690060,102780779.1806
"Bourne identity",1185299040,1485068256,299769216,102780779.1806
"Bourne identity",1185299040,1185906480,607440,102780779.1806
"Bourne identity",1185323100,1485068256,299745156,102780779.1806
"Bourne identity",1185323100,1187645100,2322000,102780779.1806
"Bourne identity",1185323100,1188245700,2922600,102780779.1806
"Bourne identity",1185323100,1189723140,4400040,102780779.1806
"Bourne identity",1185329640,1485068256,299738616,102780779.1806
"Bourne identity",1185329640,1187375220,2045580,102780779.1806
"Bourne identity",1185416280,1485068256,299651976,102780779.1806
"Bourne identity",1185416280,1187299260,1882980,102780779.1806
"Bourne identity",1185490680,1485068256,299577576,102780779.1806
"Bourne identity",1185490680,1186455000,964320,102780779.1806
"Bourne identity",1185556620,1485068256,299511636,102780779.1806
"Bourne identity",1185556620,1187205720,1649100,102780779.1806
"Bourne identity",1185574980,1485068256,299493276,102780779.1806
"Bourne identity",1185574980,1186786740,1211760,102780779.1806
"Bourne identity",1185574980,1187040420,1465440,102780779.1806
"Bourne identity",1185583620,1485068256,299484636,102780779.1806
"Bourne identity",1185583620,1185900780,317160,102780779.1806
"Bourne identity",1185584220,1485068256,299484036,102780779.1806
"Bourne identity",1185643560,1485068256,299424696,102780779.1806
"Bourne identity",1185643560,1186875600,1232040,102780779.1806
"Bourne identity",1185667020,1485068256,299401236,102780779.1806
"Bourne identity",1185667020,1186357140,690120,102780779.1806
"Bourne identity",1185667020,1186439280,772260,102780779.1806
"Bourne identity",1185750300,1485068256,299317956,102780779.1806
"Bourne identity",1185750300,1187031060,1280760,102780779.1806
"Bourne identity",1185828300,1485068256,299239956,102780779.1806
"Bourne identity",1185828300,1187212140,1383840,102780779.1806
"Bourne identity",1185828300,1187313780,1485480,102780779.1806
"Bourne identity",1185845520,1485068256,299222736,102780779.1806
"Bourne identity",1185846180,1485068256,299222076,102780779.1806
"Bourne identity",1185846180,1187051280,1205100,102780779.1806
"Bourne identity",1185846180,1187124540,1278360,102780779.1806
"Bourne identity",1185919620,1485068256,299148636,102780779.1806
"Bourne identity",1185919620,1191481200,5561580,102780779.1806
"Bourne identity",1185925140,1485068256,299143116,102780779.1806
"Bourne identity",1185925140,1187903640,1978500,102780779.1806
"Bourne identity",1185925140,1188241800,2316660,102780779.1806
"Bourne identity",1185925560,1485068256,299142696,102780779.1806
"Bourne identity",1185925560,1186624380,698820,102780779.1806
"Bourne identity",1185930840,1485068256,299137416,102780779.1806
"Bourne identity",1185930840,1186080300,149460,102780779.1806
"Bourne identity",1185930840,1187137200,1206360,102780779.1806
"Bourne identity",1185930840,1187319840,1389000,102780779.1806
"Bourne identity",1185930840,1187375400,1444560,102780779.1806
"Bourne identity",1186095540,1485068256,298972716,102780779.1806
"Bourne identity",1186095540,1187585520,1489980,102780779.1806
"Bourne identity",1186095540,1187717820,1622280,102780779.1806
"Bourne identity",1186163700,1485068256,298904556,102780779.1806
"Bourne identity",1186163700,1186445460,281760,102780779.1806
"Bourne identity",1186163700,1186531320,367620,102780779.1806
"Bourne identity",1186446120,1485068256,298622136,102780779.1806
"Bourne identity",1186446120,1188788040,2341920,102780779.1806
"Bourne identity",1186454400,1485068256,298613856,102780779.1806
"Bourne identity",1186454400,1186947540,493140,102780779.1806
"Bourne identity",1186454400,1187197860,743460,102780779.1806
"Bourne identity",1186519500,1485068256,298548756,102780779.1806
"Bourne identity",1186519500,1188345960,1826460,102780779.1806
"Bourne identity",1186524300,1485068256,298543956,102780779.1806
"Bourne identity",1186524300,1187371920,847620,102780779.1806
"Bourne identity",1186529040,1485068256,298539216,102780779.1806
"Bourne identity",1186529040,1189210140,2681100,102780779.1806
"Bourne identity",1186529040,1189450800,2921760,102780779.1806
"Bourne identity",1186529040,1189631580,3102540,102780779.1806
"Bourne identity",1186529040,1189707000,3177960,102780779.1806
"Bourne identity",1186625340,1485068256,298442916,102780779.1806
"Bourne identity",1186683360,1485068256,298384896,102780779.1806
"Bourne identity",1186683360,1188089280,1405920,102780779.1806
"Bourne identity",1186769640,1485068256,298298616,102780779.1806
"Bourne identity",1186769640,1187802840,1033200,102780779.1806
"Bourne identity",1186782720,1485068256,298285536,102780779.1806
"Bourne identity",1186782720,1187379840,597120,102780779.1806
"Bourne identity",1186782720,1187993880,1211160,102780779.1806
"Bourne identity",1186782720,1189971600,3188880,102780779.1806
"Bourne identity",1186791120,1485068256,298277136,102780779.1806
"Bourne identity",1186791120,1187232840,441720,102780779.1806
"Bourne identity",1186791120,1187392740,601620,102780779.1806
"Bourne identity",1186791120,1187640540,849420,102780779.1806
"Bourne identity",1187042100,1485068256,298026156,102780779.1806
"Bourne identity",1187042100,1187377560,335460,102780779.1806
"Bourne identity",1187050200,1485068256,298018056,102780779.1806
"Bourne identity",1187050200,1187228040,177840,102780779.1806
"Bourne identity",1187050200,1187743320,693120,102780779.1806
"Bourne identity",1187050200,1188076980,1026780,102780779.1806
"Bourne identity",1187050200,1188263700,1213500,102780779.1806
"Bourne identity",1187141520,1485068256,297926736,102780779.1806
"Bourne identity",1187141520,1188163260,1021740,102780779.1806
"Bourne identity",1187146920,1485068256,297921336,102780779.1806
"Bourne identity",1187146920,1189015140,1868220,102780779.1806
"Bourne identity",1187146920,1189106280,1959360,102780779.1806
"Bourne identity",1187146920,1190153640,3006720,102780779.1806
"Bourne identity",1187205600,1485068256,297862656,102780779.1806
"Bourne identity",1187311500,1187311500,0,102780779.1806
"Bourne identity",1187311500,1187585340,273840,102780779.1806
"Bourne identity",1187317740,1485068256,297750516,102780779.1806
"Bourne identity",1187317740,1187918100,600360,102780779.1806
"Bourne identity",1187317740,1188499740,1182000,102780779.1806
"Bourne identity",1187375340,1485068256,297692916,102780779.1806
"Bourne identity",1187375340,1187990520,615180,102780779.1806
"Bourne identity",1187375340,1188267720,892380,102780779.1806
"Bourne identity",1187375340,1188956280,1580940,102780779.1806
"Bourne identity",1187375340,1189024140,1648800,102780779.1806
"Bourne identity",1187466060,1485068256,297602196,102780779.1806
"Bourne identity",1187466060,1188504840,1038780,102780779.1806
"Bourne identity",1187466060,1188591600,1125540,102780779.1806
"Bourne identity",1187564400,1485068256,297503856,102780779.1806
"Bourne identity",1187564400,1188335280,770880,102780779.1806
"Bourne identity",1187641320,1485068256,297426936,102780779.1806
"Bourne identity",1187890860,1485068256,297177396,102780779.1806
"Bourne identity",1187897700,1485068256,297170556,102780779.1806
"Bourne identity",1187897700,1189452720,1555020,102780779.1806
"Bourne identity",1187905980,1485068256,297162276,102780779.1806
"Bourne identity",1187905980,1187906580,600,102780779.1806
"Bourne identity",1187905980,1188253200,347220,102780779.1806
"Bourne identity",1187915340,1485068256,297152916,102780779.1806
"Bourne identity",1187915340,1189119900,1204560,102780779.1806
"Bourne identity",1187924280,1485068256,297143976,102780779.1806
"Bourne identity",1187924280,1189272840,1348560,102780779.1806
"Bourne identity",1187924280,1190091720,2167440,102780779.1806
"Bourne identity",1187924280,1190242920,2318640,102780779.1806
"Bourne identity",1188072240,1188072660,420,102780779.1806
"Bourne identity",1188072240,1188337320,265080,102780779.1806
"Bourne identity",1188078300,1485068256,296989956,102780779.1806
"Bourne identity",1188078300,1188584400,506100,102780779.1806
"Bourne identity",1188083220,1485068256,296985036,102780779.1806
"Bourne identity",1188083220,1189815840,1732620,102780779.1806
"Bourne identity",1188083220,1190060100,1976880,102780779.1806
"Bourne identity",1188083220,1190144580,2061360,102780779.1806
"Bourne identity",1188086700,1485068256,296981556,102780779.1806
"Bourne identity",1188086700,1190079900,1993200,102780779.1806
"Bourne identity",1188086700,1190250480,2163780,102780779.1806
"Bourne identity",1188086700,1190506440,2419740,102780779.1806
"Bourne identity",1188086700,1190668200,2581500,102780779.1806
"Bourne identity",1188089760,1485068256,296978496,102780779.1806
"Bourne identity",1188089760,1189017180,927420,102780779.1806
"Bourne identity",1188089760,1190403660,2313900,102780779.1806
"Bourne identity",1188172320,1485068256,296895936,102780779.1806
"Bourne identity",1188172320,1189290240,1117920,102780779.1806
"Bourne identity",1188172320,1189477440,1305120,102780779.1806
"Bourne identity",1188172320,1189629720,1457400,102780779.1806
"Bourne identity",1188244080,1485068256,296824176,102780779.1806
"Bourne identity",1188244080,1189106340,862260,102780779.1806
"Bourne identity",1188420180,1485068256,296648076,102780779.1806
"Bourne identity",1188420180,1190053740,1633560,102780779.1806
"Bourne identity",1188428760,1485068256,296639496,102780779.1806
"Bourne identity",1188428760,1191701580,3272820,102780779.1806
"Bourne identity",1188494100,1485068256,296574156,102780779.1806
"Bourne identity",1188494100,1189880820,1386720,102780779.1806
"Bourne identity",1188511680,1485068256,296556576,102780779.1806
"Bourne identity",1188511680,1190408820,1897140,102780779.1806
"Bourne identity",1188514980,1485068256,296553276,102780779.1806
"Bourne identity",1188514980,1189883460,1368480,102780779.1806
"Bourne identity",1188515160,1485068256,296553096,102780779.1806
"Bourne identity",1188515160,1189724760,1209600,102780779.1806
"Bourne identity",1188515160,1190227140,1711980,102780779.1806
"Bourne identity",1188522360,1485068256,296545896,102780779.1806
"Bourne identity",1188522360,1189819080,1296720,102780779.1806
"Bourne identity",1188522360,1190068260,1545900,102780779.1806
"Bourne identity",1188524760,1485068256,296543496,102780779.1806
"Bourne identity",1188524760,1190495220,1970460,102780779.1806
"Bourne identity",1188524760,1190766660,2241900,102780779.1806
"Bourne identity",1188524760,1190832180,2307420,102780779.1806
"Bourne identity",1188528060,1188528360,300,102780779.1806
"Bourne identity",1188583500,1485068256,296484756,102780779.1806
"Bourne identity",1188583500,1190683440,2099940,102780779.1806
"Bourne identity",1188598620,1485068256,296469636,102780779.1806
"Bourne identity",1188598620,1191107220,2508600,102780779.1806
"Bourne identity",1188598620,1191527940,2929320,102780779.1806
"Bourne identity",1188598620,1192730880,4132260,102780779.1806
"Bourne identity",1188604200,1188683700,79500,102780779.1806
"Bourne identity",1188604200,1189023300,419100,102780779.1806
"Bourne identity",1188604200,1189106760,502560,102780779.1806
"Bourne identity",1188674760,1485068256,296393496,102780779.1806
"Bourne identity",1188674760,1190323440,1648680,102780779.1806
"Bourne identity",1188692520,1485068256,296375736,102780779.1806
"Bourne identity",1188692520,1189897020,1204500,102780779.1806
"Bourne identity",1188692520,1191269400,2576880,102780779.1806
"Bourne identity",1188936840,1485068256,296131416,102780779.1806
"Bourne identity",1188936840,1189715400,778560,102780779.1806
"Bourne identity",1188940320,1485068256,296127936,102780779.1806
"Bourne identity",1188940320,1191353580,2413260,102780779.1806
"Bourne identity",1189019940,1485068256,296048316,102780779.1806
"Bourne identity",1189019940,1190055660,1035720,102780779.1806
"Bourne identity",1189019940,1190143200,1123260,102780779.1806
"Bourne identity",1189024140,1485068256,296044116,102780779.1806
"Bourne identity",1189024140,1189548780,524640,102780779.1806
"Bourne identity",1189041900,1485068256,296026356,102780779.1806
"Bourne identity",1189041900,1190336640,1294740,102780779.1806
"Bourne identity",1189099380,1485068256,295968876,102780779.1806
"Bourne identity",1189099380,1189718940,619560,102780779.1806
"Bourne identity",1189099380,1190268900,1169520,102780779.1806
"Bourne identity",1189099380,1190397120,1297740,102780779.1806
"Bourne identity",1189099380,1190843640,1744260,102780779.1806
"Bourne identity",1189099380,1192131360,3031980,102780779.1806
"Bourne identity",1189114800,1485068256,295953456,102780779.1806
"Bourne identity",1189114800,1190592900,1478100,102780779.1806
"Bourne identity",1189119720,1485068256,295948536,102780779.1806
"Bourne identity",1189119720,1190310840,1191120,102780779.1806
"Bourne identity",1189129800,1485068256,295938456,102780779.1806
"Bourne identity",1189133400,1485068256,295934856,102780779.1806
"Bourne identity",1189192320,1485068256,295875936,102780779.1806
"Bourne identity",1189192320,1190230200,1037880,102780779.1806
"Bourne identity",1189209900,1485068256,295858356,102780779.1806
"Bourne identity",1189209900,1191183900,1974000,102780779.1806
"Bourne identity",1189209900,1191537600,2327700,102780779.1806
"Bourne identity",1189212660,1485068256,295855596,102780779.1806
"Bourne identity",1189212660,1189379340,166680,102780779.1806
"Bourne identity",1189277400,1485068256,295790856,102780779.1806
"Bourne identity",1189277400,1191018960,1741560,102780779.1806
"Bourne identity",1189277400,1191381120,2103720,102780779.1806
"Bourne identity",1189277400,1191436560,2159160,102780779.1806
"Bourne identity",1189296720,1485068256,295771536,102780779.1806
"Bourne identity",1189296720,1191025080,1728360,102780779.1806
"Bourne identity",1189296720,1191545580,2248860,102780779.1806
"Bourne identity",1189453440,1485068256,295614816,102780779.1806
"Bourne identity",1189453440,1190226360,772920,102780779.1806
"Bourne identity",1189553040,1485068256,295515216,102780779.1806
"Bourne identity",1189553040,1190397180,844140,102780779.1806
"Bourne identity",1189553040,1191810420,2257380,102780779.1806
"Bourne identity",1189556880,1485068256,295511376,102780779.1806
"Bourne identity",1189556880,1190654700,1097820,102780779.1806
"Bourne identity",1189624440,1485068256,295443816,102780779.1806
"Bourne identity",1189624440,1190860800,1236360,102780779.1806
"Bourne identity",1189624440,1192037520,2413080,102780779.1806
"Bourne identity",1189624440,1192135080,2510640,102780779.1806
"Bourne identity",1189635540,1485068256,295432716,102780779.1806
"Bourne identity",1189635540,1191817380,2181840,102780779.1806
"Bourne identity",1189635540,1191967440,2331900,102780779.1806
"Bourne identity",1189646040,1189646160,120,102780779.1806
"Bourne identity",1189646040,1189793220,147180,102780779.1806
"Bourne identity",1189735080,1485068256,295333176,102780779.1806
"Bourne identity",1189735080,1191560040,1824960,102780779.1806
"Bourne identity",1189735080,1191869580,2134500,102780779.1806
"Bourne identity",1189795620,1485068256,295272636,102780779.1806
"Bourne identity",1189795620,1190744940,949320,102780779.1806
"Bourne identity",1189795620,1190842140,1046520,102780779.1806
"Bourne identity",1189795620,1191435840,1640220,102780779.1806
"Bourne identity",1189795620,1192642740,2847120,102780779.1806
"Bourne identity",1189816080,1485068256,295252176,102780779.1806
"Bourne identity",1189816080,1191022860,1206780,102780779.1806
"Bourne identity",1189816080,1191267180,1451100,102780779.1806
"Bourne identity",1189817280,1485068256,295250976,102780779.1806
"Bourne identity",1189817280,1190593140,775860,102780779.1806
"Bourne identity",1189883520,1485068256,295184736,102780779.1806
"Bourne identity",1189883520,1190654520,771000,102780779.1806
"Bourne identity",1189883520,1191519660,1636140,102780779.1806
"Bourne identity",1189883520,1191528720,1645200,102780779.1806
"Bourne identity",1189883520,1191609720,1726200,102780779.1806
"Bourne identity",1189883520,1191876060,1992540,102780779.1806
"Bourne identity",1190058480,1485068256,295009776,102780779.1806
"Bourne identity",1190058480,1190217000,158520,102780779.1806
"Bourne identity",1190075280,1485068256,294992976,102780779.1806
"Bourne identity",1190075280,1190153580,78300,102780779.1806
"Bourne identity",1190075280,1190406300,331020,102780779.1806
"Bourne identity",1190080980,1485068256,294987276,102780779.1806
"Bourne identity",1190080980,1191872280,1791300,102780779.1806
"Bourne identity",1190080980,1192824960,2743980,102780779.1806
"Bourne identity",1190163120,1485068256,294905136,102780779.1806
"Bourne identity",1190168280,1485068256,294899976,102780779.1806
"Bourne identity",1190168940,1485068256,294899316,102780779.1806
"Bourne identity",1190168940,1191895080,1726140,102780779.1806
"Bourne identity",1190168940,1192831920,2662980,102780779.1806
"Bourne identity",1190249940,1485068256,294818316,102780779.1806
"Bourne identity",1190249940,1191094440,844500,102780779.1806
"Bourne identity",1190249940,1191537180,1287240,102780779.1806
"Bourne identity",1190338740,1485068256,294729516,102780779.1806
"Bourne identity",1190338740,1191106320,767580,102780779.1806
"Bourne identity",1190338740,1191389520,1050780,102780779.1806
"Bourne identity",1190338740,1191445320,1106580,102780779.1806
"Bourne identity",1190338740,1192295580,1956840,102780779.1806
"Bourne identity",1190338740,1192648200,2309460,102780779.1806
"Bourne identity",1190341740,1485068256,294726516,102780779.1806
"Bourne identity",1190341740,1191352380,1010640,102780779.1806
"Bourne identity",1190413380,1485068256,294654876,102780779.1806
"Bourne identity",1190413380,1190654340,240960,102780779.1806
"Bourne identity",1190489700,1485068256,294578556,102780779.1806
"Bourne identity",1190489700,1191698280,1208580,102780779.1806
"Bourne identity",1190666340,1485068256,294401916,102780779.1806
"Bourne identity",1190666340,1191276960,610620,102780779.1806
"Bourne identity",1190666340,1191611280,944940,102780779.1806
"Bourne identity",1190666340,1192555560,1889220,102780779.1806
"Bourne identity",1190674320,1485068256,294393936,102780779.1806
"Bourne identity",1190674320,1191549060,874740,102780779.1806
"Bourne identity",1190674320,1192058160,1383840,102780779.1806
"Bourne identity",1190674320,1192124880,1450560,102780779.1806
"Bourne identity",1190684340,1485068256,294383916,102780779.1806
"Bourne identity",1190684340,1192720740,2036400,102780779.1806
"Bourne identity",1190684340,1192834800,2150460,102780779.1806
"Bourne identity",1190767200,1485068256,294301056,102780779.1806
"Bourne identity",1190767200,1191368040,600840,102780779.1806
"Bourne identity",1190767200,1191434040,666840,102780779.1806
"Bourne identity",1190771520,1485068256,294296736,102780779.1806
"Bourne identity",1190771520,1192557960,1786440,102780779.1806
"Bourne identity",1190773260,1485068256,294294996,102780779.1806
"Bourne identity",1190773260,1190858460,85200,102780779.1806
"Bourne identity",1190773260,1191015300,242040,102780779.1806
"Bourne identity",1190773260,1191279420,506160,102780779.1806
"Bourne identity",1190848260,1485068256,294219996,102780779.1806
"Bourne identity",1190848260,1192662900,1814640,102780779.1806
"Bourne identity",1190855340,1485068256,294212916,102780779.1806
"Bourne identity",1190855340,1193677260,2821920,102780779.1806
"Bourne identity",1190859000,1485068256,294209256,102780779.1806
"Bourne identity",1190859000,1192666440,1807440,102780779.1806
"Bourne identity",1191022380,1485068256,294045876,102780779.1806
"Bourne identity",1191022380,1192644600,1622220,102780779.1806
"Bourne identity",1191027120,1485068256,294041136,102780779.1806
"Bourne identity",1191101820,1485068256,293966436,102780779.1806
"Bourne identity",1191101820,1192757220,1655400,102780779.1806
"Bourne identity",1191102840,1485068256,293965416,102780779.1806
"Bourne identity",1191102840,1191891900,789060,102780779.1806
"Bourne identity",1191102840,1192213440,1110600,102780779.1806
"Bourne identity",1191281280,1485068256,293786976,102780779.1806
"Bourne identity",1191281280,1191980880,699600,102780779.1806
"Bourne identity",1191349080,1485068256,293719176,102780779.1806
"Bourne identity",1191349080,1192556340,1207260,102780779.1806
"Bourne identity",1191366060,1485068256,293702196,102780779.1806
"Bourne identity",1191366060,1192484280,1118220,102780779.1806
"Bourne identity",1191366660,1485068256,293701596,102780779.1806
"Bourne identity",1191366660,1191965220,598560,102780779.1806
"Bourne identity",1191375720,1485068256,293692536,102780779.1806
"Bourne identity",1191375720,1192067880,692160,102780779.1806
"Bourne identity",1191375720,1192301280,925560,102780779.1806
"Bourne identity",1191375720,1192559040,1183320,102780779.1806
"Bourne identity",1191450360,1485068256,293617896,102780779.1806
"Bourne identity",1191450360,1192644000,1193640,102780779.1806
"Bourne identity",1191607740,1485068256,293460516,102780779.1806
"Bourne identity",1191607740,1192147860,540120,102780779.1806
"Bourne identity",1191607740,1192414140,806400,102780779.1806
"Bourne identity",1191607740,1192493460,885720,102780779.1806
"Bourne identity",1191608040,1485068256,293460216,102780779.1806
"Bourne identity",1191616560,1485068256,293451696,102780779.1806
"Bourne identity",1191616560,1192322160,705600,102780779.1806
"Bourne identity",1191620100,1485068256,293448156,102780779.1806
"Bourne identity",1191627720,1485068256,293440536,102780779.1806
"Bourne identity",1191627720,1192069800,442080,102780779.1806
"Bourne identity",1191627720,1192078380,450660,102780779.1806
"Bourne identity",1191627720,1192219440,591720,102780779.1806
"Bourne identity",1191701520,1485068256,293366736,102780779.1806
"Bourne identity",1191701520,1192911060,1209540,102780779.1806
"Bourne identity",1191708600,1485068256,293359656,102780779.1806
"Bourne identity",1191708600,1192568820,860220,102780779.1806
"Bourne identity",1191897240,1485068256,293171016,102780779.1806
"Bourne identity",1191897240,1194123540,2226300,102780779.1806
"Bourne identity",1191897240,1194463260,2566020,102780779.1806
"Bourne identity",1191897240,1194551580,2654340,102780779.1806
"Bourne identity",1191897240,1196363700,4466460,102780779.1806
"Bourne identity",1192056840,1485068256,293011416,102780779.1806
"Bourne identity",1192056840,1192227480,170640,102780779.1806
"Bourne identity",1192132920,1485068256,292935336,102780779.1806
"Bourne identity",1192132920,1194485280,2352360,102780779.1806
"Bourne identity",1192132920,1194658560,2525640,102780779.1806
"Bourne identity",1192132920,1195007880,2874960,102780779.1806
"Bourne identity",1192132920,1195684800,3551880,102780779.1806
"Bourne identity",1192132920,1196717760,4584840,102780779.1806
"Bourne identity",1192132920,1196796360,4663440,102780779.1806
"Bourne identity",1192145160,1485068256,292923096,102780779.1806
"Bourne identity",1192145160,1192749000,603840,102780779.1806
"Bourne identity",1192145160,1192821300,676140,102780779.1806
"Bourne identity",1192153860,1485068256,292914396,102780779.1806
"Bourne identity",1192153860,1194632940,2479080,102780779.1806
"Bourne identity",1192153860,1196118360,3964500,102780779.1806
"Bourne identity",1192214160,1485068256,292854096,102780779.1806
"Bourne identity",1192214160,1194469560,2255400,102780779.1806
"Bourne identity",1192214160,1195671660,3457500,102780779.1806
"Bourne identity",1192236720,1485068256,292831536,102780779.1806
"Bourne identity",1192236720,1192562880,326160,102780779.1806
"Bourne identity",1192305900,1485068256,292762356,102780779.1806
"Bourne identity",1192315560,1485068256,292752696,102780779.1806
"Bourne identity",1192321380,1485068256,292746876,102780779.1806
"Bourne identity",1192399980,1485068256,292668276,102780779.1806
"Bourne identity",1192578900,1194396000,1817100,102780779.1806
"Bourne identity",1192663380,1485068256,292404876,102780779.1806
"Bourne identity",1192668540,1194473100,1804560,102780779.1806
"Bourne identity",1192668540,1194574260,1905720,102780779.1806
"Bourne identity",1192738500,1485068256,292329756,102780779.1806
"Bourne identity",1192738500,1194036780,1298280,102780779.1806
"Bourne identity",1192749360,1485068256,292318896,102780779.1806
"Bourne identity",1192749360,1194318960,1569600,102780779.1806
"Bourne identity",1192749360,1194381180,1631820,102780779.1806
"Bourne identity",1192754520,1193687340,932820,102780779.1806
"Bourne identity",1192816800,1485068256,292251456,102780779.1806
"Bourne identity",1192816800,1195065300,2248500,102780779.1806
"Bourne identity",1192837740,1194030840,1193100,102780779.1806
"Bourne identity",1192837740,1195067820,2230080,102780779.1806
"Bourne identity",1192904880,1194116400,1211520,102780779.1806
"Bourne identity",1192904880,1194312960,1408080,102780779.1806
"Bourne identity",1192904880,1196383740,3478860,102780779.1806
"Bourne identity",1192904880,1196803860,3898980,102780779.1806
"Bourne identity",1192904880,1196896560,3991680,102780779.1806
"Bourne identity",1192904880,1199052540,6147660,102780779.1806
"Bourne identity",1192904880,1199305320,6400440,102780779.1806
"Bourne identity",1192904940,1194642120,1737180,102780779.1806
"Bourne identity",1192904940,1194890760,1985820,102780779.1806
"Bourne identity",1192907700,1194024660,1116960,102780779.1806
"Bourne identity",1192923600,1194132600,1209000,102780779.1806
"Bourne identity",1192923600,1194550200,1626600,102780779.1806
"Bourne identity",1193103300,1194570000,1466700,102780779.1806
"Bourne identity",1193103300,1194724620,1621320,102780779.1806
"Bourne identity",1193103300,1194990960,1887660,102780779.1806
"Bourne identity",1193175360,1193944320,768960,102780779.1806
"Bourne identity",1193190540,1194049080,858540,102780779.1806
"Bourne identity",1193191740,1194743040,1551300,102780779.1806
"Bourne identity",1193191740,1194988260,1796520,102780779.1806
"Bourne identity",1193278140,1194399300,1121160,102780779.1806
"Bourne identity",1193278140,1194540660,1262520,102780779.1806
"Bourne identity",1193366040,1196365560,2999520,102780779.1806
"Bourne identity",1193366040,1196536020,3169980,102780779.1806
"Bourne identity",1193366040,1197510000,4143960,102780779.1806
"Bourne identity",1193366040,1197569400,4203360,102780779.1806
"Bourne identity",1193366040,1199130600,5764560,102780779.1806
"Bourne identity",1193418600,1195249740,1831140,102780779.1806
"Bourne identity",1193418600,1196102340,2683740,102780779.1806
"Bourne identity",1193418600,1196186520,2767920,102780779.1806
"Bourne identity",1193424960,1194041160,616200,102780779.1806
"Bourne identity",1193430300,1195669140,2238840,102780779.1806
"Bourne identity",1193430300,1196028240,2597940,102780779.1806
"Bourne identity",1193430300,1196200680,2770380,102780779.1806
"Bourne identity",1193437800,1195598100,2160300,102780779.1806
"Bourne identity",1193437800,1196735100,3297300,102780779.1806
"Bourne identity",1193437800,1196799300,3361500,102780779.1806
"Bourne identity",1193437800,1198097280,4659480,102780779.1806
"Bourne identity",1193446440,1195595760,2149320,102780779.1806
"Bourne identity",1193446440,1195666440,2220000,102780779.1806
"Bourne identity",1193505180,1194299820,794640,102780779.1806
"Bourne identity",1193505180,1194554820,1049640,102780779.1806
"Bourne identity",1193526600,1194736200,1209600,102780779.1806
"Bourne identity",1193526600,1195251840,1725240,102780779.1806
"Bourne identity",1193604240,1485068256,291464016,102780779.1806
"Bourne identity",1193604240,1195431840,1827600,102780779.1806
"Bourne identity",1193609220,1485068256,291459036,102780779.1806
"Bourne identity",1193609220,1195683540,2074320,102780779.1806
"Bourne identity",1193703000,1485068256,291365256,102780779.1806
"Bourne identity",1193703000,1194385620,682620,102780779.1806
"Bourne identity",1193703000,1195598820,1895820,102780779.1806
"Bourne identity",1193798160,1194132660,334500,102780779.1806
"Bourne identity",1193943360,1485068256,291124896,102780779.1806
"Bourne identity",1193943360,1195168980,1225620,102780779.1806
"Bourne identity",1193943360,1195503360,1560000,102780779.1806
"Bourne identity",1193943360,1195848360,1905000,102780779.1806
"Bourne identity",1193943360,1197065640,3122280,102780779.1806
"Bourne identity",1193943360,1197327840,3384480,102780779.1806
"Bourne identity",1193956560,1485068256,291111696,102780779.1806
"Bourne identity",1193956560,1194550320,593760,102780779.1806
"Bourne identity",1194049200,1485068256,291019056,102780779.1806
"Bourne identity",1194049200,1195693380,1644180,102780779.1806
"Bourne identity",1194050220,1485068256,291018036,102780779.1806
"Bourne identity",1194132480,1485068256,290935776,102780779.1806
"Bourne identity",1194132480,1194914520,782040,102780779.1806
"Bourne identity",1194132480,1195107780,975300,102780779.1806
"Bourne identity",1194132480,1195158060,1025580,102780779.1806
"Bourne identity",1194208680,1485068256,290859576,102780779.1806
"Bourne identity",1194208680,1194570120,361440,102780779.1806
"Bourne identity",1194208680,1194723780,515100,102780779.1806
"Bourne identity",1194208680,1195081740,873060,102780779.1806
"Bourne identity",1194222660,1485068256,290845596,102780779.1806
"Bourne identity",1194222660,1194999840,777180,102780779.1806
"Bourne identity",1194222660,1195078980,856320,102780779.1806
"Bourne identity",1194298860,1485068256,290769396,102780779.1806
"Bourne identity",1194298860,1195020660,721800,102780779.1806
"Bourne identity",1194298860,1195065960,767100,102780779.1806
"Bourne identity",1194314460,1485068256,290753796,102780779.1806
"Bourne identity",1194314460,1195242600,928140,102780779.1806
"Bourne identity",1194394800,1485068256,290673456,102780779.1806
"Bourne identity",1194394800,1195248960,854160,102780779.1806
"Bourne identity",1194545460,1485068256,290522796,102780779.1806
"Bourne identity",1194545460,1196302800,1757340,102780779.1806
"Bourne identity",1194545460,1196390640,1845180,102780779.1806
"Bourne identity",1194545460,1196543820,1998360,102780779.1806
"Bourne identity",1194545460,1196813820,2268360,102780779.1806
"Bourne identity",1194550980,1485068256,290517276,102780779.1806
"Bourne identity",1194550980,1196281320,1730340,102780779.1806
"Bourne identity",1194558360,1485068256,290509896,102780779.1806
"Bourne identity",1194558360,1195504800,946440,102780779.1806
"Bourne identity",1194558360,1195680720,1122360,102780779.1806
"Bourne identity",1194577860,1485068256,290490396,102780779.1806
"Bourne identity",1194577860,1195257480,679620,102780779.1806
"Bourne identity",1194633660,1485068256,290434596,102780779.1806
"Bourne identity",1194633660,1195088700,455040,102780779.1806
"Bourne identity",1194633660,1195163520,529860,102780779.1806
"Bourne identity",1194646980,1485068256,290421276,102780779.1806
"Bourne identity",1194646980,1194915300,268320,102780779.1806
"Bourne identity",1194646980,1195069740,422760,102780779.1806
"Bourne identity",1194653820,1485068256,290414436,102780779.1806
"Bourne identity",1194653820,1195509000,855180,102780779.1806
"Bourne identity",1194653820,1195596720,942900,102780779.1806
"Bourne identity",1194728640,1485068256,290339616,102780779.1806
"Bourne identity",1194728640,1196192400,1463760,102780779.1806
"Bourne identity",1194728640,1196282160,1553520,102780779.1806
"Bourne identity",1194729660,1485068256,290338596,102780779.1806
"Bourne identity",1194729660,1196120700,1391040,102780779.1806
"Bourne identity",1194729660,1196367360,1637700,102780779.1806
"Bourne identity",1195000020,1485068256,290068236,102780779.1806
"Bourne identity",1195000020,1198177020,3177000,102780779.1806
"Bourne identity",1195066980,1195067520,540,102780779.1806
"Bourne identity",1195066980,1195236420,169440,102780779.1806
"Bourne identity",1195066980,1196490960,1423980,102780779.1806
"Bourne identity",1195066980,1196731440,1664460,102780779.1806
"Bourne identity",1195173840,1485068256,289894416,102780779.1806
"Bourne identity",1195173840,1197149100,1975260,102780779.1806
"Bourne identity",1195173840,1197342300,2168460,102780779.1806
"Bourne identity",1195173840,1197526140,2352300,102780779.1806
"Bourne identity",1195173840,1197588660,2414820,102780779.1806
"Bourne identity",1195174500,1485068256,289893756,102780779.1806
"Bourne identity",1195174500,1196905080,1730580,102780779.1806
"Bourne identity",1195174500,1197396540,2222040,102780779.1806
"Bourne identity",1195180800,1196905980,1725180,102780779.1806
"Bourne identity",1195180800,1197043260,1862460,102780779.1806
"Bourne identity",1195185240,1196281380,1096140,102780779.1806
"Bourne identity",1195239600,1485068256,289828656,102780779.1806
"Bourne identity",1195239600,1197612240,2372640,102780779.1806
"Bourne identity",1195239600,1197659640,2420040,102780779.1806
"Bourne identity",1195260780,1485068256,289807476,102780779.1806
"Bourne identity",1195260780,1195949160,688380,102780779.1806
"Bourne identity",1195260780,1196124360,863580,102780779.1806
"Bourne identity",1195260780,1196281440,1020660,102780779.1806
"Bourne identity",1195327080,1485068256,289741176,102780779.1806
"Bourne identity",1195327080,1195338540,11460,102780779.1806
"Bourne identity",1195327080,1196296920,969840,102780779.1806
"Bourne identity",1195327080,1196363520,1036440,102780779.1806
"Bourne identity",1195416840,1485068256,289651416,102780779.1806
"Bourne identity",1195416840,1196545680,1128840,102780779.1806
"Bourne identity",1195416840,1196968680,1551840,102780779.1806
"Bourne identity",1195423500,1485068256,289644756,102780779.1806
"Bourne identity",1195423500,1195430940,7440,102780779.1806
"Bourne identity",1195423500,1195670640,247140,102780779.1806
"Bourne identity",1195423500,1196809800,1386300,102780779.1806
"Bourne identity",1195433700,1485068256,289634556,102780779.1806
"Bourne identity",1195433700,1197241860,1808160,102780779.1806
"Bourne identity",1195433700,1197444540,2010840,102780779.1806
"Bourne identity",1195433700,1197490980,2057280,102780779.1806
"Bourne identity",1195433700,1199848200,4414500,102780779.1806
"Bourne identity",1195433700,1199995080,4561380,102780779.1806
"Bourne identity",1195433700,1201121340,5687640,102780779.1806
"Bourne identity",1195595640,1485068256,289472616,102780779.1806
"Bourne identity",1195595640,1196201220,605580,102780779.1806
"Bourne identity",1195595640,1196362380,766740,102780779.1806
"Bourne identity",1195595640,1196448600,852960,102780779.1806
"Bourne identity",1195612800,1485068256,289455456,102780779.1806
"Bourne identity",1195612800,1197341100,1728300,102780779.1806
"Bourne identity",1195612800,1197580560,1967760,102780779.1806
"Bourne identity",1195615800,1485068256,289452456,102780779.1806
"Bourne identity",1195615800,1195941420,325620,102780779.1806
"Bourne identity",1195681320,1485068256,289386936,102780779.1806
"Bourne identity",1195681320,1197768480,2087160,102780779.1806
"Bourne identity",1195681320,1198285500,2604180,102780779.1806
"Bourne identity",1195687980,1485068256,289380276,102780779.1806
"Bourne identity",1195687980,1197158160,1470180,102780779.1806
"Bourne identity",1195687980,1197493320,1805340,102780779.1806
"Bourne identity",1195692300,1485068256,289375956,102780779.1806
"Bourne identity",1195702800,1485068256,289365456,102780779.1806
"Bourne identity",1195702800,1196276640,573840,102780779.1806
"Bourne identity",1195853280,1485068256,289214976,102780779.1806
"Bourne identity",1195853280,1196899140,1045860,102780779.1806
"Bourne identity",1195853280,1197321180,1467900,102780779.1806
"Bourne identity",1196025300,1196025360,60,102780779.1806
"Bourne identity",1196033760,1485068256,289034496,102780779.1806
"Bourne identity",1196033760,1197836160,1802400,102780779.1806
"Bourne identity",1196128260,1485068256,288939996,102780779.1806
"Bourne identity",1196135640,1198286580,2150940,102780779.1806
"Bourne identity",1196135640,1198368960,2233320,102780779.1806
"Bourne identity",1196135640,1199140680,3005040,102780779.1806
"Bourne identity",1196199300,1485068256,288868956,102780779.1806
"Bourne identity",1196199300,1198184880,1985580,102780779.1806
"Bourne identity",1196201580,1485068256,288866676,102780779.1806
"Bourne identity",1196201580,1196799060,597480,102780779.1806
"Bourne identity",1196201580,1196887620,686040,102780779.1806
"Bourne identity",1196289120,1485068256,288779136,102780779.1806
"Bourne identity",1196295660,1485068256,288772596,102780779.1806
"Bourne identity",1196295660,1197851040,1555380,102780779.1806
"Bourne identity",1196295660,1198095840,1800180,102780779.1806
"Bourne identity",1196295660,1198784580,2488920,102780779.1806
"Bourne identity",1196295660,1198988460,2692800,102780779.1806
"Bourne identity",1196366400,1485068256,288701856,102780779.1806
"Bourne identity",1196366400,1197501540,1135140,102780779.1806
"Bourne identity",1196366400,1197601380,1234980,102780779.1806
"Bourne identity",1196367840,1485068256,288700416,102780779.1806
"Bourne identity",1196367840,1199418000,3050160,102780779.1806
"Bourne identity",1196367840,1199579940,3212100,102780779.1806
"Bourne identity",1196379600,1485068256,288688656,102780779.1806
"Bourne identity",1196379600,1197597480,1217880,102780779.1806
"Bourne identity",1196379600,1197677880,1298280,102780779.1806
"Bourne identity",1196379600,1197947100,1567500,102780779.1806
"Bourne identity",1196379600,1199998620,3619020,102780779.1806
"Bourne identity",1196380980,1485068256,288687276,102780779.1806
"Bourne identity",1196380980,1197339720,958740,102780779.1806
"Bourne identity",1196380980,1197576240,1195260,102780779.1806
"Bourne identity",1196381520,1485068256,288686736,102780779.1806
"Bourne identity",1196381520,1201653240,5271720,102780779.1806
"Bourne identity",1196393760,1485068256,288674496,102780779.1806
"Bourne identity",1196459520,1485068256,288608736,102780779.1806
"Bourne identity",1196459520,1198866660,2407140,102780779.1806
"Bourne identity",1196467200,1485068256,288601056,102780779.1806
"Bourne identity",1196467200,1197416940,949740,102780779.1806
"Bourne identity",1196467200,1197583440,1116240,102780779.1806
"Bourne identity",1196467200,1197675060,1207860,102780779.1806
"Bourne identity",1196467200,1199132100,2664900,102780779.1806
"Bourne identity",1196468880,1485068256,288599376,102780779.1806
"Bourne identity",1196468880,1197679080,1210200,102780779.1806
"Bourne identity",1196468880,1198091520,1622640,102780779.1806
"Bourne identity",1196626320,1196821380,195060,102780779.1806
"Bourne identity",1196626320,1197230160,603840,102780779.1806
"Bourne identity",1196626320,1198964160,2337840,102780779.1806
"Bourne identity",1196635200,1485068256,288433056,102780779.1806
"Bourne identity",1196635200,1197683460,1048260,102780779.1806
"Bourne identity",1196635200,1197962880,1327680,102780779.1806
"Bourne identity",1196635200,1198010520,1375320,102780779.1806
"Bourne identity",1196969040,1485068256,288099216,102780779.1806
"Bourne identity",1196969040,1202271660,5302620,102780779.1806
"Bourne identity",1196969040,1202339940,5370900,102780779.1806
"Bourne identity",1196980620,1485068256,288087636,102780779.1806
"Bourne identity",1196980620,1198807260,1826640,102780779.1806
"Bourne identity",1197060720,1485068256,288007536,102780779.1806
"Bourne identity",1197060720,1198012740,952020,102780779.1806
"Bourne identity",1197060720,1199834100,2773380,102780779.1806
"Bourne identity",1197060720,1199914200,2853480,102780779.1806
"Bourne identity",1197074820,1485068256,287993436,102780779.1806
"Bourne identity",1197142800,1485068256,287925456,102780779.1806
"Bourne identity",1197149820,1485068256,287918436,102780779.1806
"Bourne identity",1197149820,1200032760,2882940,102780779.1806
"Bourne identity",1197149820,1200347160,3197340,102780779.1806
"Bourne identity",1197156120,1485068256,287912136,102780779.1806
"Bourne identity",1197322860,1485068256,287745396,102780779.1806
"Bourne identity",1197322860,1199391420,2068560,102780779.1806
"Bourne identity",1197335280,1485068256,287732976,102780779.1806
"Bourne identity",1197335280,1199322720,1987440,102780779.1806
"Bourne identity",1197335280,1199390940,2055660,102780779.1806
"Bourne identity",1197339060,1485068256,287729196,102780779.1806
"Bourne identity",1197426420,1485068256,287641836,102780779.1806
"Bourne identity",1197426420,1198978020,1551600,102780779.1806
"Bourne identity",1197504600,1485068256,287563656,102780779.1806
"Bourne identity",1197504600,1197935940,431340,102780779.1806
"Bourne identity",1197504600,1198013220,508620,102780779.1806
"Bourne identity",1197571440,1485068256,287496816,102780779.1806
"Bourne identity",1197681720,1485068256,287386536,102780779.1806
"Bourne identity",1197681720,1198797720,1116000,102780779.1806
"Bourne identity",1197756720,1485068256,287311536,102780779.1806
"Bourne identity",1197756720,1198962900,1206180,102780779.1806
"Bourne identity",1197756720,1199394420,1637700,102780779.1806
"Bourne identity",1197848040,1485068256,287220216,102780779.1806
"Bourne identity",1197848040,1200017580,2169540,102780779.1806
"Bourne identity",1197848040,1200076320,2228280,102780779.1806
"Bourne identity",1197945420,1485068256,287122836,102780779.1806
"Bourne identity",1197945420,1200256560,2311140,102780779.1806
"Bourne identity",1197945420,1200419220,2473800,102780779.1806
"Bourne identity",1198029540,1485068256,287038716,102780779.1806
"Bourne identity",1198029540,1199325060,1295520,102780779.1806
"Bourne identity",1198029540,1200330120,2300580,102780779.1806
"Bourne identity",1198029540,1200339660,2310120,102780779.1806
"Bourne identity",1198029540,1200437940,2408400,102780779.1806
"Bourne identity",1198030320,1485068256,287037936,102780779.1806
"Bourne identity",1198030320,1199503740,1473420,102780779.1806
"Bourne identity",1198030320,1199563800,1533480,102780779.1806
"Bourne identity",1198036080,1485068256,287032176,102780779.1806
"Bourne identity",1198036080,1199394360,1358280,102780779.1806
"Bourne identity",1198036080,1199476980,1440900,102780779.1806
"Bourne identity",1198090980,1485068256,286977276,102780779.1806
"Bourne identity",1198090980,1198695480,604500,102780779.1806
"Bourne identity",1198090980,1198987620,896640,102780779.1806
"Bourne identity",1198090980,1199135220,1044240,102780779.1806
"Bourne identity",1198108620,1485068256,286959636,102780779.1806
"Bourne identity",1198108620,1206671340,8562720,102780779.1806
"Bourne identity",1198108620,1206999420,8890800,102780779.1806
"Bourne identity",1198117560,1485068256,286950696,102780779.1806
"Bourne identity",1198176240,1485068256,286892016,102780779.1806
"Bourne identity",1198176240,1198883040,706800,102780779.1806
"Bourne identity",1198183740,1485068256,286884516,102780779.1806
"Bourne identity",1198183740,1199144040,960300,102780779.1806
"Bourne identity",1198183740,1199415780,1232040,102780779.1806
"Bourne identity",1198183740,1199655720,1471980,102780779.1806
"Bourne identity",1198189200,1485068256,286879056,102780779.1806
"Bourne identity",1198189200,1198963620,774420,102780779.1806
"Bourne identity",1198189200,1199472900,1283700,102780779.1806
"Bourne identity",1198191840,1485068256,286876416,102780779.1806
"Bourne identity",1198191840,1198802220,610380,102780779.1806
"Bourne identity",1198191840,1199302140,1110300,102780779.1806
"Bourne identity",1198191840,1199382540,1190700,102780779.1806
"Bourne identity",1198195140,1485068256,286873116,102780779.1806
"Bourne identity",1198195140,1198690500,495360,102780779.1806
"Bourne identity",1198355880,1485068256,286712376,102780779.1806
"Bourne identity",1198355880,1199996520,1640640,102780779.1806
"Bourne identity",1198355880,1200440100,2084220,102780779.1806
"Bourne identity",1198702800,1485068256,286365456,102780779.1806
"Bourne identity",1198702800,1199328480,625680,102780779.1806
"Bourne identity",1198702800,1200007320,1304520,102780779.1806
"Bourne identity",1198710960,1485068256,286357296,102780779.1806
"Bourne identity",1198791300,1485068256,286276956,102780779.1806
"Bourne identity",1198791300,1199756220,964920,102780779.1806
"Bourne identity",1198877520,1485068256,286190736,102780779.1806
"Bourne identity",1198877520,1200082980,1205460,102780779.1806
"Bourne identity",1198877520,1200380880,1503360,102780779.1806
"Bourne identity",1198877520,1200507300,1629780,102780779.1806
"Bourne identity",1198877700,1485068256,286190556,102780779.1806
"Bourne identity",1198877700,1199321220,443520,102780779.1806
"Bourne identity",1198968420,1485068256,286099836,102780779.1806
"Bourne identity",1198968420,1199925660,957240,102780779.1806
"Bourne identity",1198968420,1200248460,1280040,102780779.1806
"Bourne identity",1198969920,1485068256,286098336,102780779.1806
"Bourne identity",1198969920,1199842740,872820,102780779.1806
"Bourne identity",1199133960,1485068256,285934296,102780779.1806
"Bourne identity",1199133960,1201042380,1908420,102780779.1806
"Bourne identity",1199133960,1201113780,1979820,102780779.1806
"Bourne identity",1199149860,1485068256,285918396,102780779.1806
"Bourne identity",1199149860,1200867840,1717980,102780779.1806
"Bourne identity",1199149860,1201222320,2072460,102780779.1806
"Bourne identity",1199149860,1201293960,2144100,102780779.1806
"Bourne identity",1199149860,1201729380,2579520,102780779.1806
"Bourne identity",1199149860,1201978980,2829120,102780779.1806
"Bourne identity",1199152620,1485068256,285915636,102780779.1806
"Bourne identity",1199152620,1199993880,841260,102780779.1806
"Bourne identity",1199152620,1200078420,925800,102780779.1806
"Bourne identity",1199316360,1485068256,285751896,102780779.1806
"Bourne identity",1199316360,1201220820,1904460,102780779.1806
"Bourne identity",1199319360,1485068256,285748896,102780779.1806
"Bourne identity",1199319360,1202252520,2933160,102780779.1806
"Bourne identity",1199331420,1485068256,285736836,102780779.1806
"Bourne identity",1199331420,1203712860,4381440,102780779.1806
"Bourne identity",1199400000,1485068256,285668256,102780779.1806
"Bourne identity",1199400000,1202931840,3531840,102780779.1806
"Bourne identity",1199405040,1485068256,285663216,102780779.1806
"Bourne identity",1199405040,1201317420,1912380,102780779.1806
"Bourne identity",1199472240,1485068256,285596016,102780779.1806
"Bourne identity",1199472240,1202424180,2951940,102780779.1806
"Bourne identity",1199472240,1204615200,5142960,102780779.1806
"Bourne identity",1199484300,1485068256,285583956,102780779.1806
"Bourne identity",1199484300,1201113420,1629120,102780779.1806
"Bourne identity",1199486820,1485068256,285581436,102780779.1806
"Bourne identity",1199486820,1200692100,1205280,102780779.1806
"Bourne identity",1199486820,1201055580,1568760,102780779.1806
"Bourne identity",1199486820,1201219260,1732440,102780779.1806
"Bourne identity",1199496240,1485068256,285572016,102780779.1806
"Bourne identity",1199496240,1199743920,247680,102780779.1806
"Bourne identity",1199496240,1199916420,420180,102780779.1806
"Bourne identity",1199496240,1200339360,843120,102780779.1806
"Bourne identity",1199496240,1200513480,1017240,102780779.1806
"Bourne identity",1199498040,1485068256,285570216,102780779.1806
"Bourne identity",1199498040,1199583600,85560,102780779.1806
"Bourne identity",1199498040,1200355740,857700,102780779.1806
"Bourne identity",1199559000,1485068256,285509256,102780779.1806
"Bourne identity",1199559000,1203197700,3638700,102780779.1806
"Bourne identity",1199561940,1485068256,285506316,102780779.1806
"Bourne identity",1199561940,1199749140,187200,102780779.1806
"Bourne identity",1199561940,1199839560,277620,102780779.1806
"Bourne identity",1199561940,1199997180,435240,102780779.1806
"Bourne identity",1199567460,1485068256,285500796,102780779.1806
"Bourne identity",1199567460,1199659380,91920,102780779.1806
"Bourne identity",1199567460,1199998080,430620,102780779.1806
"Bourne identity",1199568420,1485068256,285499836,102780779.1806
"Bourne identity",1199568420,1200540540,972120,102780779.1806
"Bourne identity",1199741820,1485068256,285326436,102780779.1806
"Bourne identity",1199741820,1200620340,878520,102780779.1806
"Bourne identity",1199833560,1485068256,285234696,102780779.1806
"Bourne identity",1199833560,1201829580,1996020,102780779.1806
"Bourne identity",1199833560,1202182800,2349240,102780779.1806
"Bourne identity",1199833560,1202248140,2414580,102780779.1806
"Bourne identity",1199928960,1485068256,285139296,102780779.1806
"Bourne identity",1199928960,1201553580,1624620,102780779.1806
"Bourne identity",1199928960,1201816140,1887180,102780779.1806
"Bourne identity",1199937300,1485068256,285130956,102780779.1806
"Bourne identity",1199937300,1200163440,226140,102780779.1806
"Bourne identity",1199999220,1485068256,285069036,102780779.1806
"Bourne identity",1200017220,1485068256,285051036,102780779.1806
"Bourne identity",1200017220,1200345120,327900,102780779.1806
"Bourne identity",1200081540,1485068256,284986716,102780779.1806
"Bourne identity",1200081540,1201386960,1305420,102780779.1806
"Bourne identity",1200091380,1485068256,284976876,102780779.1806
"Bourne identity",1200091380,1201284180,1192800,102780779.1806
"Bourne identity",1200093300,1485068256,284974956,102780779.1806
"Bourne identity",1200093300,1200792060,698760,102780779.1806
"Bourne identity",1200093300,1201035060,941760,102780779.1806
"Bourne identity",1200093300,1202166300,2073000,102780779.1806
"Bourne identity",1200093300,1202255160,2161860,102780779.1806
"Bourne identity",1200098580,1485068256,284969676,102780779.1806
"Bourne identity",1200098580,1201312680,1214100,102780779.1806
"Bourne identity",1200362580,1485068256,284705676,102780779.1806
"Bourne identity",1200362580,1200515220,152640,102780779.1806
"Bourne identity",1200362580,1200631860,269280,102780779.1806
"Bourne identity",1200362580,1200777060,414480,102780779.1806
"Bourne identity",1200445980,1200446100,120,102780779.1806
"Bourne identity",1200445980,1200531300,85320,102780779.1806
"Bourne identity",1200445980,1200600720,154740,102780779.1806
"Bourne identity",1200446280,1485068256,284621976,102780779.1806
"Bourne identity",1200446280,1201901280,1455000,102780779.1806
"Bourne identity",1200521880,1485068256,284546376,102780779.1806
"Bourne identity",1200521880,1202415120,1893240,102780779.1806
"Bourne identity",1200533520,1485068256,284534736,102780779.1806
"Bourne identity",1200533520,1201746960,1213440,102780779.1806
"Bourne identity",1200533520,1201847220,1313700,102780779.1806
"Bourne identity",1200533520,1203129720,2596200,102780779.1806
"Bourne identity",1200613560,1485068256,284454696,102780779.1806
"Bourne identity",1200613560,1204140780,3527220,102780779.1806
"Bourne identity",1200620400,1485068256,284447856,102780779.1806
"Bourne identity",1200620400,1202340720,1720320,102780779.1806
"Bourne identity",1200621720,1485068256,284446536,102780779.1806
"Bourne identity",1200684420,1485068256,284383836,102780779.1806
"Bourne identity",1200684420,1201203600,519180,102780779.1806
"Bourne identity",1200699660,1485068256,284368596,102780779.1806
"Bourne identity",1200699660,1201388760,689100,102780779.1806
"Bourne identity",1200699660,1201716240,1016580,102780779.1806
"Bourne identity",1200699660,1201888260,1188600,102780779.1806
"Bourne identity",1200707460,1485068256,284360796,102780779.1806
"Bourne identity",1200707460,1201746780,1039320,102780779.1806
"Bourne identity",1200707460,1201895280,1187820,102780779.1806
"Bourne identity",1200872520,1485068256,284195736,102780779.1806
"Bourne identity",1200872520,1201477680,605160,102780779.1806
"Bourne identity",1200874380,1485068256,284193876,102780779.1806
"Bourne identity",1200874380,1201751280,876900,102780779.1806
"Bourne identity",1200874380,1202420520,1546140,102780779.1806
"Bourne identity",1201041420,1485068256,284026836,102780779.1806
"Bourne identity",1201057500,1485068256,284010756,102780779.1806
"Bourne identity",1201133640,1485068256,283934616,102780779.1806
"Bourne identity",1201133640,1201371480,237840,102780779.1806
"Bourne identity",1201133640,1202769840,1636200,102780779.1806
"Bourne identity",1201146360,1485068256,283921896,102780779.1806
"Bourne identity",1201146360,1201386840,240480,102780779.1806
"Bourne identity",1201219860,1485068256,283848396,102780779.1806
"Bourne identity",1201219860,1202346360,1126500,102780779.1806
"Bourne identity",1201225920,1485068256,283842336,102780779.1806
"Bourne identity",1201225920,1201727400,501480,102780779.1806
"Bourne identity",1201299900,1485068256,283768356,102780779.1806
"Bourne identity",1201375920,1485068256,283692336,102780779.1806
"Bourne identity",1201375920,1203194100,1818180,102780779.1806
"Bourne identity",1201375920,1203733920,2358000,102780779.1806
"Bourne identity",1201375920,1203972420,2596500,102780779.1806
"Bourne identity",1201383720,1485068256,283684536,102780779.1806
"Bourne identity",1201383720,1203458280,2074560,102780779.1806
"Bourne identity",1201393380,1485068256,283674876,102780779.1806
"Bourne identity",1201393380,1202416200,1022820,102780779.1806
"Bourne identity",1201577160,1485068256,283491096,102780779.1806
"Bourne identity",1201577160,1202760300,1183140,102780779.1806
"Bourne identity",1201577160,1202850300,1273140,102780779.1806
"Bourne identity",1201627080,1485068256,283441176,102780779.1806
"Bourne identity",1201627080,1205861280,4234200,102780779.1806
"Bourne identity",1201640700,1485068256,283427556,102780779.1806
"Bourne identity",1201640700,1202512860,872160,102780779.1806
"Bourne identity",1201644720,1485068256,283423536,102780779.1806
"Bourne identity",1201644720,1203036000,1391280,102780779.1806
"Bourne identity",1201644720,1203448860,1804140,102780779.1806
"Bourne identity",1201644720,1203620160,1975440,102780779.1806
"Bourne identity",1201739400,1485068256,283328856,102780779.1806
"Bourne identity",1201739400,1203113580,1374180,102780779.1806
"Bourne identity",1201739400,1203472740,1733340,102780779.1806
"Bourne identity",1201829940,1485068256,283238316,102780779.1806
"Bourne identity",1201829940,1203456360,1626420,102780779.1806
"Bourne identity",1201829940,1203540600,1710660,102780779.1806
"Bourne identity",1201891740,1485068256,283176516,102780779.1806
"Bourne identity",1201891740,1204248060,2356320,102780779.1806
"Bourne identity",1201893300,1485068256,283174956,102780779.1806
"Bourne identity",1201893300,1202507100,613800,102780779.1806
"Bourne identity",1201998300,1485068256,283069956,102780779.1806
"Bourne identity",1201999560,1485068256,283068696,102780779.1806
"Bourne identity",1201999560,1203211200,1211640,102780779.1806
"Bourne identity",1202345700,1485068256,282722556,102780779.1806
"Bourne identity",1202345700,1203993120,1647420,102780779.1806
"Bourne identity",1202418900,1485068256,282649356,102780779.1806
"Bourne identity",1202418900,1204925880,2506980,102780779.1806
"Bourne identity",1202418900,1205347620,2928720,102780779.1806
"Bourne identity",1202418900,1205433720,3014820,102780779.1806
"Bourne identity",1202418900,1206573300,4154400,102780779.1806
"Bourne identity",1202418900,1206727680,4308780,102780779.1806
"Bourne identity",1202421720,1485068256,282646536,102780779.1806
"Bourne identity",1202430360,1485068256,282637896,102780779.1806
"Bourne identity",1202430360,1205271960,2841600,102780779.1806
"Bourne identity",1202519160,1485068256,282549096,102780779.1806
"Bourne identity",1202519160,1203889020,1369860,102780779.1806
"Bourne identity",1202519160,1204063920,1544760,102780779.1806
"Bourne identity",1202519160,1205194740,2675580,102780779.1806
"Bourne identity",1202519160,1205255880,2736720,102780779.1806
"Bourne identity",1202592360,1485068256,282475896,102780779.1806
"Bourne identity",1202592360,1202753280,160920,102780779.1806
"Bourne identity",1202592360,1203115320,522960,102780779.1806
"Bourne identity",1202596980,1485068256,282471276,102780779.1806
"Bourne identity",1202596980,1204403460,1806480,102780779.1806
"Bourne identity",1202604660,1485068256,282463596,102780779.1806
"Bourne identity",1202604660,1203983040,1378380,102780779.1806
"Bourne identity",1202606160,1485068256,282462096,102780779.1806
"Bourne identity",1202606160,1203206640,600480,102780779.1806
"Bourne identity",1202606160,1203454020,847860,102780779.1806
"Bourne identity",1202606340,1485068256,282461916,102780779.1806
"Bourne identity",1202607180,1485068256,282461076,102780779.1806
"Bourne identity",1202607180,1204416000,1808820,102780779.1806
"Bourne identity",1202685120,1485068256,282383136,102780779.1806
"Bourne identity",1202685120,1203190920,505800,102780779.1806
"Bourne identity",1202839620,1485068256,282228636,102780779.1806
"Bourne identity",1202941320,1485068256,282126936,102780779.1806
"Bourne identity",1202941320,1204749000,1807680,102780779.1806
"Bourne identity",1202941320,1204829160,1887840,102780779.1806
"Bourne identity",1202947800,1485068256,282120456,102780779.1806
"Bourne identity",1202947800,1204752540,1804740,102780779.1806
"Bourne identity",1202948400,1485068256,282119856,102780779.1806
"Bourne identity",1202948400,1203794460,846060,102780779.1806
"Bourne identity",1203014940,1485068256,282053316,102780779.1806
"Bourne identity",1203099000,1485068256,281969256,102780779.1806
"Bourne identity",1203099000,1203444180,345180,102780779.1806
"Bourne identity",1203102540,1485068256,281965716,102780779.1806
"Bourne identity",1203102540,1203809760,707220,102780779.1806
"Bourne identity",1203102540,1204006920,904380,102780779.1806
"Bourne identity",1203102540,1204061460,958920,102780779.1806
"Bourne identity",1203102540,1212299400,9196860,102780779.1806
"Bourne identity",1203102540,1212429360,9326820,102780779.1806
"Bourne identity",1203112080,1485068256,281956176,102780779.1806
"Bourne identity",1203112080,1206735780,3623700,102780779.1806
"Bourne identity",1203115980,1203115980,0,102780779.1806
"Bourne identity",1203185880,1485068256,281882376,102780779.1806
"Bourne identity",1203185880,1205005020,1819140,102780779.1806
"Bourne identity",1203212700,1485068256,281855556,102780779.1806
"Bourne identity",1203289320,1485068256,281778936,102780779.1806
"Bourne identity",1203289320,1205268060,1978740,102780779.1806
"Bourne identity",1203459420,1485068256,281608836,102780779.1806
"Bourne identity",1203459420,1204156380,696960,102780779.1806
"Bourne identity",1203552900,1485068256,281515356,102780779.1806
"Bourne identity",1203552900,1204351200,798300,102780779.1806
"Bourne identity",1203552900,1204584300,1031400,102780779.1806
"Bourne identity",1203557700,1485068256,281510556,102780779.1806
"Bourne identity",1203557700,1204403460,845760,102780779.1806
"Bourne identity",1203558240,1485068256,281510016,102780779.1806
"Bourne identity",1203558240,1204163100,604860,102780779.1806
"Bourne identity",1203558240,1204222140,663900,102780779.1806
"Bourne identity",1203563820,1485068256,281504436,102780779.1806
"Bourne identity",1203563820,1204330380,766560,102780779.1806
"Bourne identity",1203563820,1204751940,1188120,102780779.1806
"Bourne identity",1203649200,1485068256,281419056,102780779.1806
"Bourne identity",1203722160,1485068256,281346096,102780779.1806
"Bourne identity",1203722160,1205877720,2155560,102780779.1806
"Bourne identity",1203895200,1485068256,281173056,102780779.1806
"Bourne identity",1203897660,1203897720,60,102780779.1806
"Bourne identity",1203899280,1485068256,281168976,102780779.1806
"Bourne identity",1203988560,1485068256,281079696,102780779.1806
"Bourne identity",1203988560,1204400760,412200,102780779.1806
"Bourne identity",1203988560,1205100420,1111860,102780779.1806
"Bourne identity",1204069380,1485068256,280998876,102780779.1806
"Bourne identity",1204069380,1205277660,1208280,102780779.1806
"Bourne identity",1204069380,1205978280,1908900,102780779.1806
"Bourne identity",1204074000,1485068256,280994256,102780779.1806
"Bourne identity",1204074000,1205278680,1204680,102780779.1806
"Bourne identity",1204074000,1205355180,1281180,102780779.1806
"Bourne identity",1204244700,1485068256,280823556,102780779.1806
"Bourne identity",1204244700,1204597020,352320,102780779.1806
"Bourne identity",1204244700,1204761780,517080,102780779.1806
"Bourne identity",1204244700,1204828740,584040,102780779.1806
"Bourne identity",1204249680,1485068256,280818576,102780779.1806
"Bourne identity",1204316520,1485068256,280751736,102780779.1806
"Bourne identity",1204316520,1210397220,6080700,102780779.1806
"Bourne identity",1204324380,1485068256,280743876,102780779.1806
"Bourne identity",1204324380,1205259840,935460,102780779.1806
"Bourne identity",1204405920,1485068256,280662336,102780779.1806
"Bourne identity",1204405920,1205011440,605520,102780779.1806
"Bourne identity",1204405920,1205278020,872100,102780779.1806
"Bourne identity",1204405920,1206228600,1822680,102780779.1806
"Bourne identity",1204405920,1206400320,1994400,102780779.1806
"Bourne identity",1204407660,1485068256,280660596,102780779.1806
"Bourne identity",1204407660,1207428720,3021060,102780779.1806
"Bourne identity",1204494720,1485068256,280573536,102780779.1806
"Bourne identity",1204494720,1206489660,1994940,102780779.1806
"Bourne identity",1204494720,1206909000,2414280,102780779.1806
"Bourne identity",1204494720,1206981300,2486580,102780779.1806
"Bourne identity",1204505760,1485068256,280562496,102780779.1806
"Bourne identity",1204592940,1485068256,280475316,102780779.1806
"Bourne identity",1204592940,1205909400,1316460,102780779.1806
"Bourne identity",1204592940,1205967420,1374480,102780779.1806
"Bourne identity",1204669740,1485068256,280398516,102780779.1806
"Bourne identity",1204669740,1206141240,1471500,102780779.1806
"Bourne identity",1204669740,1206556560,1886820,102780779.1806
"Bourne identity",1204744560,1485068256,280323696,102780779.1806
"Bourne identity",1204744560,1206128820,1384260,102780779.1806
"Bourne identity",1204744560,1206554760,1810200,102780779.1806
"Bourne identity",1204770000,1485068256,280298256,102780779.1806
"Bourne identity",1204771440,1485068256,280296816,102780779.1806
"Bourne identity",1204771440,1205002320,230880,102780779.1806
"Bourne identity",1204771440,1205181960,410520,102780779.1806
"Bourne identity",1204771440,1205269680,498240,102780779.1806
"Bourne identity",1204843440,1485068256,280224816,102780779.1806
"Bourne identity",1205017140,1485068256,280051116,102780779.1806
"Bourne identity",1205017140,1205613900,596760,102780779.1806
"Bourne identity",1205017140,1206234840,1217700,102780779.1806
"Bourne identity",1205017140,1206473340,1456200,102780779.1806
"Bourne identity",1205021160,1485068256,280047096,102780779.1806
"Bourne identity",1205021160,1205626140,604980,102780779.1806
"Bourne identity",1205104920,1485068256,279963336,102780779.1806
"Bourne identity",1205184000,1485068256,279884256,102780779.1806
"Bourne identity",1205184000,1205624280,440280,102780779.1806
"Bourne identity",1205184000,1206828660,1644660,102780779.1806
"Bourne identity",1205276040,1485068256,279792216,102780779.1806
"Bourne identity",1205276040,1206125400,849360,102780779.1806
"Bourne identity",1205276040,1207158600,1882560,102780779.1806
"Bourne identity",1205276040,1207251840,1975800,102780779.1806
"Bourne identity",1205352420,1485068256,279715836,102780779.1806
"Bourne identity",1205352420,1207163520,1811100,102780779.1806
"Bourne identity",1205372160,1485068256,279696096,102780779.1806
"Bourne identity",1205372160,1206578880,1206720,102780779.1806
"Bourne identity",1205372160,1206827460,1455300,102780779.1806
"Bourne identity",1205372160,1206997560,1625400,102780779.1806
"Bourne identity",1205458500,1485068256,279609756,102780779.1806
"Bourne identity",1205458500,1205706420,247920,102780779.1806
"Bourne identity",1205458500,1205966460,507960,102780779.1806
"Bourne identity",1205461620,1485068256,279606636,102780779.1806
"Bourne identity",1205461620,1206501480,1039860,102780779.1806
"Bourne identity",1205461620,1206646500,1184880,102780779.1806
"Bourne identity",1205515920,1485068256,279552336,102780779.1806
"Bourne identity",1205515920,1206130800,614880,102780779.1806
"Bourne identity",1205794020,1485068256,279274236,102780779.1806
"Bourne identity",1205794020,1208127780,2333760,102780779.1806
"Bourne identity",1205799000,1485068256,279269256,102780779.1806
"Bourne identity",1205799000,1205883660,84660,102780779.1806
"Bourne identity",1205799000,1205951820,152820,102780779.1806
"Bourne identity",1205872320,1485068256,279195936,102780779.1806
"Bourne identity",1205872320,1207086720,1214400,102780779.1806
"Bourne identity",1205872320,1207266540,1394220,102780779.1806
"Bourne identity",1205872320,1207339620,1467300,102780779.1806
"Bourne identity",1205878200,1485068256,279190056,102780779.1806
"Bourne identity",1205957520,1485068256,279110736,102780779.1806
"Bourne identity",1205979900,1485068256,279088356,102780779.1806
"Bourne identity",1205979900,1206994740,1014840,102780779.1806
"Bourne identity",1206062760,1485068256,279005496,102780779.1806
"Bourne identity",1206062760,1206122220,59460,102780779.1806
"Bourne identity",1206143820,1485068256,278924436,102780779.1806
"Bourne identity",1206143820,1206679200,535380,102780779.1806
"Bourne identity",1206143820,1206813600,669780,102780779.1806
"Bourne identity",1206220200,1485068256,278848056,102780779.1806
"Bourne identity",1206220200,1208043240,1823040,102780779.1806
"Bourne identity",1206223500,1485068256,278844756,102780779.1806
"Bourne identity",1206223500,1207252080,1028580,102780779.1806
"Bourne identity",1206227640,1485068256,278840616,102780779.1806
"Bourne identity",1206230280,1485068256,278837976,102780779.1806
"Bourne identity",1206230280,1207180200,949920,102780779.1806
"Bourne identity",1206405540,1485068256,278662716,102780779.1806
"Bourne identity",1206405540,1207189380,783840,102780779.1806
"Bourne identity",1206408420,1485068256,278659836,102780779.1806
"Bourne identity",1206408420,1207354020,945600,102780779.1806
"Bourne identity",1206413280,1485068256,278654976,102780779.1806
"Bourne identity",1206413280,1207950600,1537320,102780779.1806
"Bourne identity",1206413280,1208930280,2517000,102780779.1806
"Bourne identity",1206413280,1209058740,2645460,102780779.1806
"Bourne identity",1206478620,1485068256,278589636,102780779.1806
"Bourne identity",1206478620,1211416200,4937580,102780779.1806
"Bourne identity",1206568680,1206568680,0,102780779.1806
"Bourne identity",1206651600,1485068256,278416656,102780779.1806
"Bourne identity",1206651600,1210293480,3641880,102780779.1806
"Bourne identity",1206651600,1210452540,3800940,102780779.1806
"Bourne identity",1206651600,1210622880,3971280,102780779.1806
"Bourne identity",1206726300,1485068256,278341956,102780779.1806
"Bourne identity",1206726300,1208308800,1582500,102780779.1806
"Bourne identity",1206726300,1208370720,1644420,102780779.1806
"Bourne identity",1206726420,1485068256,278341836,102780779.1806
"Bourne identity",1206726420,1208123340,1396920,102780779.1806
"Bourne identity",1206726420,1208200500,1474080,102780779.1806
"Bourne identity",1206726420,1208299320,1572900,102780779.1806
"Bourne identity",1206827160,1485068256,278241096,102780779.1806
"Bourne identity",1206911100,1485068256,278157156,102780779.1806
"Bourne identity",1206911100,1208031840,1120740,102780779.1806
"Bourne identity",1206911100,1208563020,1651920,102780779.1806
"Bourne identity",1206911100,1208834580,1923480,102780779.1806
"Bourne identity",1206911100,1208896020,1984920,102780779.1806
"Bourne identity",1206989760,1485068256,278078496,102780779.1806
"Bourne identity",1206989760,1209237000,2247240,102780779.1806
"Bourne identity",1207015020,1485068256,278053236,102780779.1806
"Bourne identity",1207015020,1208314140,1299120,102780779.1806
"Bourne identity",1207015020,1208461620,1446600,102780779.1806
"Bourne identity",1207018020,1485068256,278050236,102780779.1806
"Bourne identity",1207018020,1207271760,253740,102780779.1806
"Bourne identity",1207018020,1207523280,505260,102780779.1806
"Bourne identity",1207018020,1207613220,595200,102780779.1806
"Bourne identity",1207018020,1208644980,1626960,102780779.1806
"Bourne identity",1207084380,1485068256,277983876,102780779.1806
"Bourne identity",1207084380,1207188840,104460,102780779.1806
"Bourne identity",1207161300,1485068256,277906956,102780779.1806
"Bourne identity",1207161300,1207508940,347640,102780779.1806
"Bourne identity",1207161300,1207617240,455940,102780779.1806
"Bourne identity",1207188360,1485068256,277879896,102780779.1806
"Bourne identity",1207188360,1208825460,1637100,102780779.1806
"Bourne identity",1207255200,1485068256,277813056,102780779.1806
"Bourne identity",1207329240,1485068256,277739016,102780779.1806
"Bourne identity",1207329240,1209766020,2436780,102780779.1806
"Bourne identity",1207329240,1210801560,3472320,102780779.1806
"Bourne identity",1207329240,1211262540,3933300,102780779.1806
"Bourne identity",1207329240,1211399520,4070280,102780779.1806
"Bourne identity",1207338060,1485068256,277730196,102780779.1806
"Bourne identity",1207339620,1485068256,277728636,102780779.1806
"Bourne identity",1207339620,1209417660,2078040,102780779.1806
"Bourne identity",1207344420,1485068256,277723836,102780779.1806
"Bourne identity",1207355940,1485068256,277712316,102780779.1806
"Bourne identity",1207355940,1208650440,1294500,102780779.1806
"Bourne identity",1207438920,1485068256,277629336,102780779.1806
"Bourne identity",1207604460,1208218740,614280,102780779.1806
"Bourne identity",1207604460,1208370300,765840,102780779.1806
"Bourne identity",1207604460,1208463900,859440,102780779.1806
"Bourne identity",1207795320,1208208060,412740,102780779.1806
"Bourne identity",1207864560,1208312400,447840,102780779.1806
"Bourne identity",1207864560,1208806800,942240,102780779.1806
"Bourne identity",1207936080,1208453280,517200,102780779.1806
"Bourne identity",1207936080,1208544540,608460,102780779.1806
"Bourne identity",1208115060,1485068256,276953196,102780779.1806
"Bourne identity",1208115060,1209147660,1032600,102780779.1806
"Bourne identity",1208197560,1485068256,276870696,102780779.1806
"Bourne identity",1208197560,1210017480,1819920,102780779.1806
"Bourne identity",1208207280,1485068256,276860976,102780779.1806
"Bourne identity",1208207280,1208812860,605580,102780779.1806
"Bourne identity",1208225160,1485068256,276843096,102780779.1806
"Bourne identity",1208225160,1208475720,250560,102780779.1806
"Bourne identity",1208391360,1485068256,276676896,102780779.1806
"Bourne identity",1208391360,1211580660,3189300,102780779.1806
"Bourne identity",1208477280,1485068256,276590976,102780779.1806
"Bourne identity",1208477280,1209935040,1457760,102780779.1806
"Bourne identity",1208487300,1485068256,276580956,102780779.1806
"Bourne identity",1208487300,1209673500,1186200,102780779.1806
"Bourne identity",1208487300,1210632060,2144760,102780779.1806
"Bourne identity",1208487300,1210689420,2202120,102780779.1806
"Bourne identity",1208548440,1485068256,276519816,102780779.1806
"Bourne identity",1208554500,1485068256,276513756,102780779.1806
"Bourne identity",1208554500,1210128240,1573740,102780779.1806
"Bourne identity",1208554920,1485068256,276513336,102780779.1806
"Bourne identity",1208554920,1209157920,603000,102780779.1806
"Bourne identity",1208554920,1209258480,703560,102780779.1806
"Bourne identity",1208554920,1209421260,866340,102780779.1806
"Bourne identity",1208629200,1485068256,276439056,102780779.1806
"Bourne identity",1208629200,1208889120,259920,102780779.1806
"Bourne identity",1208637180,1485068256,276431076,102780779.1806
"Bourne identity",1208637180,1210018020,1380840,102780779.1806
"Bourne identity",1208638920,1485068256,276429336,102780779.1806
"Bourne identity",1208638920,1208642760,3840,102780779.1806
"Bourne identity",1208638920,1208978460,339540,102780779.1806
"Bourne identity",1208723640,1485068256,276344616,102780779.1806
"Bourne identity",1208723640,1211594940,2871300,102780779.1806
"Bourne identity",1208831340,1485068256,276236916,102780779.1806
"Bourne identity",1208831340,1210646160,1814820,102780779.1806
"Bourne identity",1208970720,1485068256,276097536,102780779.1806
"Bourne identity",1208970720,1212861000,3890280,102780779.1806
"Bourne identity",1208978100,1485068256,276090156,102780779.1806
"Bourne identity",1208978100,1216186500,7208400,102780779.1806
"Bourne identity",1208978100,1216325760,7347660,102780779.1806
"Bourne identity",1208997360,1485068256,276070896,102780779.1806
"Bourne identity",1209071340,1485068256,275996916,102780779.1806
"Bourne identity",1209071340,1210110180,1038840,102780779.1806
"Bourne identity",1209083040,1485068256,275985216,102780779.1806
"Bourne identity",1209083040,1209429780,346740,102780779.1806
"Bourne identity",1209083040,1209593040,510000,102780779.1806
"Bourne identity",1209083040,1209672480,589440,102780779.1806
"Bourne identity",1209083040,1209780540,697500,102780779.1806
"Bourne identity",1209083040,1210108500,1025460,102780779.1806
"Bourne identity",1209155700,1485068256,275912556,102780779.1806
"Bourne identity",1209155700,1210207500,1051800,102780779.1806
"Bourne identity",1209155700,1210359480,1203780,102780779.1806
"Bourne identity",1209155700,1210789140,1633440,102780779.1806
"Bourne identity",1209171540,1485068256,275896716,102780779.1806
"Bourne identity",1209171540,1212632700,3461160,102780779.1806
"Bourne identity",1209171540,1212777600,3606060,102780779.1806
"Bourne identity",1209243900,1485068256,275824356,102780779.1806
"Bourne identity",1209243900,1211233920,1990020,102780779.1806
"Bourne identity",1209423540,1485068256,275644716,102780779.1806
"Bourne identity",1209423540,1210633860,1210320,102780779.1806
"Bourne identity",1209423540,1210744200,1320660,102780779.1806
"Bourne identity",1209423540,1210872660,1449120,102780779.1806
"Bourne identity",1209432600,1485068256,275635656,102780779.1806
"Bourne identity",1209432600,1210189080,756480,102780779.1806
"Bourne identity",1209599280,1485068256,275468976,102780779.1806
"Bourne identity",1209599280,1215561660,5962380,102780779.1806
"Bourne identity",1209599280,1216170720,6571440,102780779.1806
"Bourne identity",1209599280,1216330680,6731400,102780779.1806
"Bourne identity",1209599280,1216754520,7155240,102780779.1806
"Bourne identity",1209599280,1216874220,7274940,102780779.1806
"Bourne identity",1209599280,1216920000,7320720,102780779.1806
"Bourne identity",1209693780,1485068256,275374476,102780779.1806
"Bourne identity",1209693780,1213043340,3349560,102780779.1806
"Bourne identity",1209693780,1213418760,3724980,102780779.1806
"Bourne identity",1210031580,1485068256,275036676,102780779.1806
"Bourne identity",1210031580,1210984680,953100,102780779.1806
"Bourne identity",1210031580,1211231880,1200300,102780779.1806
"Bourne identity",1210031580,1211306880,1275300,102780779.1806
"Bourne identity",1210036320,1485068256,275031936,102780779.1806
"Bourne identity",1210036320,1210710360,674040,102780779.1806
"Bourne identity",1210036320,1212088200,2051880,102780779.1806
"Bourne identity",1210036320,1212175980,2139660,102780779.1806
"Bourne identity",1210041060,1485068256,275027196,102780779.1806
"Bourne identity",1210041060,1211060640,1019580,102780779.1806
"Bourne identity",1210041540,1485068256,275026716,102780779.1806
"Bourne identity",1210041540,1211248440,1206900,102780779.1806
"Bourne identity",1210041540,1211332920,1291380,102780779.1806
"Bourne identity",1210041540,1211482560,1441020,102780779.1806
"Bourne identity",1210198200,1485068256,274870056,102780779.1806
"Bourne identity",1210198200,1211240220,1042020,102780779.1806
"Bourne identity",1210198200,1211403900,1205700,102780779.1806
"Bourne identity",1210198200,1211492040,1293840,102780779.1806
"Bourne identity",1210207740,1485068256,274860516,102780779.1806
"Bourne identity",1210207740,1211503380,1295640,102780779.1806
"Bourne identity",1210207740,1211595300,1387560,102780779.1806
"Bourne identity",1210207740,1211649060,1441320,102780779.1806
"Bourne identity",1210209960,1485068256,274858296,102780779.1806
"Bourne identity",1210209960,1211252340,1042380,102780779.1806
"Bourne identity",1210302000,1485068256,274766256,102780779.1806
"Bourne identity",1210302000,1211680440,1378440,102780779.1806
"Bourne identity",1210302000,1211914140,1612140,102780779.1806
"Bourne identity",1210302000,1212970500,2668500,102780779.1806
"Bourne identity",1210302000,1213038600,2736600,102780779.1806
"Bourne identity",1210376700,1485068256,274691556,102780779.1806
"Bourne identity",1210376700,1211505300,1128600,102780779.1806
"Bourne identity",1210376700,1212697140,2320440,102780779.1806
"Bourne identity",1210376700,1212872820,2496120,102780779.1806
"Bourne identity",1210376700,1213041000,2664300,102780779.1806
"Bourne identity",1210379100,1485068256,274689156,102780779.1806
"Bourne identity",1210379100,1212020940,1641840,102780779.1806
"Bourne identity",1210379100,1212257400,1878300,102780779.1806
"Bourne identity",1210379100,1212455400,2076300,102780779.1806
"Bourne identity",1210813320,1485068256,274254936,102780779.1806
"Bourne identity",1210813320,1211667780,854460,102780779.1806
"Bourne identity",1210899900,1485068256,274168356,102780779.1806
"Bourne identity",1210899900,1212519960,1620060,102780779.1806
"Bourne identity",1210903980,1485068256,274164276,102780779.1806
"Bourne identity",1210903980,1211504580,600600,102780779.1806
"Bourne identity",1210903980,1211926260,1022280,102780779.1806
"Bourne identity",1211408220,1485068256,273660036,102780779.1806
"Bourne identity",1211408220,1212022860,614640,102780779.1806
"Bourne identity",1211408220,1212267240,859020,102780779.1806
"Bourne identity",1211413920,1485068256,273654336,102780779.1806
"Bourne identity",1211413920,1212027600,613680,102780779.1806
"Bourne identity",1211419560,1485068256,273648696,102780779.1806
"Bourne identity",1211419560,1213218780,1799220,102780779.1806
"Bourne identity",1211419560,1213380600,1961040,102780779.1806
"Bourne identity",1211419560,1213633320,2213760,102780779.1806
"Bourne identity",1211419560,1214247720,2828160,102780779.1806
"Bourne identity",1211490840,1485068256,273577416,102780779.1806
"Bourne identity",1211490840,1212280800,789960,102780779.1806
"Bourne identity",1211496960,1485068256,273571296,102780779.1806
"Bourne identity",1211496960,1212004980,508020,102780779.1806
"Bourne identity",1211506860,1485068256,273561396,102780779.1806
"Bourne identity",1211506860,1212011880,505020,102780779.1806
"Bourne identity",1211584260,1485068256,273483996,102780779.1806
"Bourne identity",1211590020,1485068256,273478236,102780779.1806
"Bourne identity",1211590020,1213666260,2076240,102780779.1806
"Bourne identity",1211590020,1213908480,2318460,102780779.1806
"Bourne identity",1211655180,1485068256,273413076,102780779.1806
"Bourne identity",1211655180,1212279780,624600,102780779.1806
"Bourne identity",1211744520,1485068256,273323736,102780779.1806
"Bourne identity",1211744520,1212425880,681360,102780779.1806
"Bourne identity",1211920260,1485068256,273147996,102780779.1806
"Bourne identity",1211920260,1214271840,2351580,102780779.1806
"Bourne identity",1212014100,1485068256,273054156,102780779.1806
"Bourne identity",1212014100,1212888540,874440,102780779.1806
"Bourne identity",1212014100,1213038780,1024680,102780779.1806
"Bourne identity",1212096960,1485068256,272971296,102780779.1806
"Bourne identity",1212096960,1214266200,2169240,102780779.1806
"Bourne identity",1212115260,1485068256,272952996,102780779.1806
"Bourne identity",1212115260,1213230000,1114740,102780779.1806
"Bourne identity",1212180060,1485068256,272888196,102780779.1806
"Bourne identity",1212180060,1212545760,365700,102780779.1806
"Bourne identity",1212180060,1213306860,1126800,102780779.1806
"Bourne identity",1212259980,1485068256,272808276,102780779.1806
"Bourne identity",1212259980,1216693980,4434000,102780779.1806
"Bourne identity",1212259980,1216929300,4669320,102780779.1806
"Bourne identity",1212259980,1217276460,5016480,102780779.1806
"Bourne identity",1212348000,1485068256,272720256,102780779.1806
"Bourne identity",1212348000,1212622740,274740,102780779.1806
"Bourne identity",1212348000,1213334760,986760,102780779.1806
"Bourne identity",1212348000,1213382100,1034100,102780779.1806
"Bourne identity",1212350880,1485068256,272717376,102780779.1806
"Bourne identity",1212350880,1213400580,1049700,102780779.1806
"Bourne identity",1212350880,1213682760,1331880,102780779.1806
"Bourne identity",1212359760,1485068256,272708496,102780779.1806
"Bourne identity",1212359760,1212872460,512700,102780779.1806
"Bourne identity",1212359760,1213048500,688740,102780779.1806
"Bourne identity",1212359760,1213126860,767100,102780779.1806
"Bourne identity",1212459780,1485068256,272608476,102780779.1806
"Bourne identity",1212459780,1213144500,684720,102780779.1806
"Bourne identity",1212459780,1213379460,919680,102780779.1806
"Bourne identity",1212610680,1212610680,0,102780779.1806
"Bourne identity",1212610680,1213056840,446160,102780779.1806
"Bourne identity",1212611460,1485068256,272456796,102780779.1806
"Bourne identity",1212611460,1212792660,181200,102780779.1806
"Bourne identity",1212624360,1485068256,272443896,102780779.1806
"Bourne identity",1212624360,1213921140,1296780,102780779.1806
"Bourne identity",1212624360,1214861220,2236860,102780779.1806
"Bourne identity",1212624360,1215914100,3289740,102780779.1806
"Bourne identity",1212624360,1216066140,3441780,102780779.1806
"Bourne identity",1212626280,1485068256,272441976,102780779.1806
"Bourne identity",1212626280,1213637100,1010820,102780779.1806
"Bourne identity",1212627360,1485068256,272440896,102780779.1806
"Bourne identity",1212627360,1213928160,1300800,102780779.1806
"Bourne identity",1212627360,1213998420,1371060,102780779.1806
"Bourne identity",1212698940,1485068256,272369316,102780779.1806
"Bourne identity",1212704160,1485068256,272364096,102780779.1806
"Bourne identity",1212704160,1213211760,507600,102780779.1806
"Bourne identity",1212704160,1213293000,588840,102780779.1806
"Bourne identity",1212707640,1485068256,272360616,102780779.1806
"Bourne identity",1212707640,1213143960,436320,102780779.1806
"Bourne identity",1212707640,1213212240,504600,102780779.1806
"Bourne identity",1212708300,1485068256,272359956,102780779.1806
"Bourne identity",1212708300,1213816080,1107780,102780779.1806
"Bourne identity",1212712920,1485068256,272355336,102780779.1806
"Bourne identity",1212712920,1213393860,680940,102780779.1806
"Bourne identity",1212713100,1485068256,272355156,102780779.1806
"Bourne identity",1212713100,1213903980,1190880,102780779.1806
"Bourne identity",1212768720,1485068256,272299536,102780779.1806
"Bourne identity",1212768720,1214863980,2095260,102780779.1806
"Bourne identity",1212768720,1215305160,2536440,102780779.1806
"Bourne identity",1212768720,1215802080,3033360,102780779.1806
"Bourne identity",1212774120,1485068256,272294136,102780779.1806
"Bourne identity",1212774120,1213648020,873900,102780779.1806
"Bourne identity",1212775500,1485068256,272292756,102780779.1806
"Bourne identity",1212775500,1213318680,543180,102780779.1806
"Bourne identity",1212775500,1213641120,865620,102780779.1806
"Bourne identity",1212781200,1485068256,272287056,102780779.1806
"Bourne identity",1212781200,1214005740,1224540,102780779.1806
"Bourne identity",1212781200,1214414040,1632840,102780779.1806
"Bourne identity",1212787560,1485068256,272280696,102780779.1806
"Bourne identity",1212787560,1213138620,351060,102780779.1806
"Bourne identity",1212787560,1213465860,678300,102780779.1806
"Bourne identity",1212789540,1485068256,272278716,102780779.1806
"Bourne identity",1212789540,1213659120,869580,102780779.1806
"Bourne identity",1212789540,1213905900,1116360,102780779.1806
"Bourne identity",1212792120,1485068256,272276136,102780779.1806
"Bourne identity",1212792120,1213834080,1041960,102780779.1806
"Bourne identity",1212792120,1213913460,1121340,102780779.1806
"Bourne identity",1212792120,1215569580,2777460,102780779.1806
"Bourne identity",1212795180,1485068256,272273076,102780779.1806
"Bourne identity",1212795180,1213220520,425340,102780779.1806
"Bourne identity",1212797760,1485068256,272270496,102780779.1806
"Bourne identity",1212797760,1213740960,943200,102780779.1806
"Bourne identity",1212799860,1485068256,272268396,102780779.1806
"Bourne identity",1212799860,1213744740,944880,102780779.1806
"Bourne identity",1212799860,1213809240,1009380,102780779.1806
"Bourne identity",1212870960,1485068256,272197296,102780779.1806
"Bourne identity",1212874140,1485068256,272194116,102780779.1806
"Bourne identity",1212874140,1214080680,1206540,102780779.1806
"Bourne identity",1212874140,1214253780,1379640,102780779.1806
"Bourne identity",1212874140,1215476340,2602200,102780779.1806
"Bourne identity",1212874620,1485068256,272193636,102780779.1806
"Bourne identity",1212874620,1214344560,1469940,102780779.1806
"Bourne identity",1212874620,1214594460,1719840,102780779.1806
"Bourne identity",1212874740,1485068256,272193516,102780779.1806
"Bourne identity",1212874740,1213654140,779400,102780779.1806
"Bourne identity",1212881340,1485068256,272186916,102780779.1806
"Bourne identity",1212883320,1485068256,272184936,102780779.1806
"Bourne identity",1212886140,1485068256,272182116,102780779.1806
"Bourne identity",1212886140,1213842360,956220,102780779.1806
"Bourne identity",1212952920,1485068256,272115336,102780779.1806
"Bourne identity",1212952920,1214766480,1813560,102780779.1806
"Bourne identity",1212952920,1214856540,1903620,102780779.1806
"Bourne identity",1212952920,1216063680,3110760,102780779.1806
"Bourne identity",1212952920,1216240740,3287820,102780779.1806
"Bourne identity",1212955380,1485068256,272112876,102780779.1806
"Bourne identity",1212955380,1213562280,606900,102780779.1806
"Bourne identity",1212955380,1213643100,687720,102780779.1806
"Bourne identity",1212955380,1214775900,1820520,102780779.1806
"Bourne identity",1212955380,1214846640,1891260,102780779.1806
"Bourne identity",1212956460,1485068256,272111796,102780779.1806
"Bourne identity",1212956760,1485068256,272111496,102780779.1806
"Bourne identity",1212956760,1216405800,3449040,102780779.1806
"Bourne identity",1212958980,1485068256,272109276,102780779.1806
"Bourne identity",1213042260,1485068256,272025996,102780779.1806
"Bourne identity",1213042260,1213828380,786120,102780779.1806
"Bourne identity",1213050180,1485068256,272018076,102780779.1806
"Bourne identity",1213050180,1213817880,767700,102780779.1806
"Bourne identity",1213050180,1213906140,855960,102780779.1806
"Bourne identity",1213052280,1485068256,272015976,102780779.1806
"Bourne identity",1213052280,1214507040,1454760,102780779.1806
"Bourne identity",1213052280,1214586900,1534620,102780779.1806
"Bourne identity",1213055520,1485068256,272012736,102780779.1806
"Bourne identity",1213128360,1485068256,271939896,102780779.1806
"Bourne identity",1213128360,1214513520,1385160,102780779.1806
"Bourne identity",1213128360,1214600880,1472520,102780779.1806
"Bourne identity",1213132560,1485068256,271935696,102780779.1806
"Bourne identity",1213132560,1213902780,770220,102780779.1806
"Bourne identity",1213139520,1485068256,271928736,102780779.1806
"Bourne identity",1213139520,1214337660,1198140,102780779.1806
"Bourne identity",1213141560,1485068256,271926696,102780779.1806
"Bourne identity",1213141560,1215905640,2764080,102780779.1806
"Bourne identity",1213142760,1485068256,271925496,102780779.1806
"Bourne identity",1213142760,1214865540,1722780,102780779.1806
"Bourne identity",1213143480,1485068256,271924776,102780779.1806
"Bourne identity",1213143480,1213903020,759540,102780779.1806
"Bourne identity",1213143480,1214083080,939600,102780779.1806
"Bourne identity",1213143480,1214422500,1279020,102780779.1806
"Bourne identity",1213152300,1485068256,271915956,102780779.1806
"Bourne identity",1213152300,1214356440,1204140,102780779.1806
"Bourne identity",1213217760,1485068256,271850496,102780779.1806
"Bourne identity",1213217760,1213559700,341940,102780779.1806
"Bourne identity",1213219260,1485068256,271848996,102780779.1806
"Bourne identity",1213219260,1213812600,593340,102780779.1806
"Bourne identity",1213219260,1214074560,855300,102780779.1806
"Bourne identity",1213219260,1214416800,1197540,102780779.1806
"Bourne identity",1213219260,1214506200,1286940,102780779.1806
"Bourne identity",1213220640,1485068256,271847616,102780779.1806
"Bourne identity",1213220640,1214516520,1295880,102780779.1806
"Bourne identity",1213231200,1485068256,271837056,102780779.1806
"Bourne identity",1213231200,1213302060,70860,102780779.1806
"Bourne identity",1213231200,1213651740,420540,102780779.1806
"Bourne identity",1213232100,1485068256,271836156,102780779.1806
"Bourne identity",1213232100,1214718780,1486680,102780779.1806
"Bourne identity",1213232100,1214855580,1623480,102780779.1806
"Bourne identity",1213233720,1485068256,271834536,102780779.1806
"Bourne identity",1213287780,1485068256,271780476,102780779.1806
"Bourne identity",1213287780,1215111600,1823820,102780779.1806
"Bourne identity",1213287780,1216315500,3027720,102780779.1806
"Bourne identity",1213287780,1216404060,3116280,102780779.1806
"Bourne identity",1213300980,1485068256,271767276,102780779.1806
"Bourne identity",1213300980,1213644720,343740,102780779.1806
"Bourne identity",1213300980,1214935440,1634460,102780779.1806
"Bourne identity",1213300980,1216052040,2751060,102780779.1806
"Bourne identity",1213300980,1216146660,2845680,102780779.1806
"Bourne identity",1213300980,1216316760,3015780,102780779.1806
"Bourne identity",1213305720,1485068256,271762536,102780779.1806
"Bourne identity",1213305720,1214521080,1215360,102780779.1806
"Bourne identity",1213305720,1214780280,1474560,102780779.1806
"Bourne identity",1213305720,1214870580,1564860,102780779.1806
"Bourne identity",1213312260,1485068256,271755996,102780779.1806
"Bourne identity",1213312260,1214446800,1134540,102780779.1806
"Bourne identity",1213312260,1214685780,1373520,102780779.1806
"Bourne identity",1213312260,1214854020,1541760,102780779.1806
"Bourne identity",1213317600,1485068256,271750656,102780779.1806
"Bourne identity",1213317600,1213920660,603060,102780779.1806
"Bourne identity",1213321440,1485068256,271746816,102780779.1806
"Bourne identity",1213321440,1216664880,3343440,102780779.1806
"Bourne identity",1213321440,1216755000,3433560,102780779.1806
"Bourne identity",1213322280,1485068256,271745976,102780779.1806
"Bourne identity",1213322280,1215027120,1704840,102780779.1806
"Bourne identity",1213380120,1485068256,271688136,102780779.1806
"Bourne identity",1213380120,1214611080,1230960,102780779.1806
"Bourne identity",1213380120,1214773980,1393860,102780779.1806
"Bourne identity",1213384140,1485068256,271684116,102780779.1806
"Bourne identity",1213384140,1214004180,620040,102780779.1806
"Bourne identity",1213389240,1485068256,271679016,102780779.1806
"Bourne identity",1213396560,1485068256,271671696,102780779.1806
"Bourne identity",1213396560,1215725520,2328960,102780779.1806
"Bourne identity",1213396560,1215799320,2402760,102780779.1806
"Bourne identity",1213403520,1485068256,271664736,102780779.1806
"Bourne identity",1213403520,1214612880,1209360,102780779.1806
"Bourne identity",1213403520,1214863560,1460040,102780779.1806
"Bourne identity",1213403640,1485068256,271664616,102780779.1806
"Bourne identity",1213403640,1214289960,886320,102780779.1806
"Bourne identity",1213403640,1214626860,1223220,102780779.1806
"Bourne identity",1213403640,1214864220,1460580,102780779.1806
"Bourne identity",1213464720,1485068256,271603536,102780779.1806
"Bourne identity",1213464720,1215298920,1834200,102780779.1806
"Bourne identity",1213464720,1215648120,2183400,102780779.1806
"Bourne identity",1213464720,1215717180,2252460,102780779.1806
"Bourne identity",1213474260,1485068256,271593996,102780779.1806
"Bourne identity",1213474260,1219692060,6217800,102780779.1806
"Bourne identity",1213476600,1485068256,271591656,102780779.1806
"Bourne identity",1213476600,1217300040,3823440,102780779.1806
"Bourne identity",1213476600,1217359800,3883200,102780779.1806
"Bourne identity",1213476600,1217700660,4224060,102780779.1806
"Bourne identity",1213476600,1217988780,4512180,102780779.1806
"Bourne identity",1213479720,1485068256,271588536,102780779.1806
"Bourne identity",1213479720,1215043440,1563720,102780779.1806
"Bourne identity",1213561020,1485068256,271507236,102780779.1806
"Bourne identity",1213648020,1485068256,271420236,102780779.1806
"Bourne identity",1213648020,1216946100,3298080,102780779.1806
"Bourne identity",1213648020,1217274240,3626220,102780779.1806
"Bourne identity",1213663320,1485068256,271404936,102780779.1806
"Bourne identity",1213663320,1214870040,1206720,102780779.1806
"Bourne identity",1213663740,1485068256,271404516,102780779.1806
"Bourne identity",1213663740,1214874780,1211040,102780779.1806
"Bourne identity",1213663740,1215111420,1447680,102780779.1806
"Bourne identity",1213664340,1485068256,271403916,102780779.1806
"Bourne identity",1213664340,1214272740,608400,102780779.1806
"Bourne identity",1213664340,1214540580,876240,102780779.1806
"Bourne identity",1213664340,1214674800,1010460,102780779.1806
"Bourne identity",1213732920,1213732920,0,102780779.1806
"Bourne identity",1213732920,1215146640,1413720,102780779.1806
"Bourne identity",1213732920,1215467100,1734180,102780779.1806
"Bourne identity",1213736760,1485068256,271331496,102780779.1806
"Bourne identity",1213736760,1214689620,952860,102780779.1806
"Bourne identity",1213746360,1485068256,271321896,102780779.1806
"Bourne identity",1213746360,1214515560,769200,102780779.1806
"Bourne identity",1213748820,1485068256,271319436,102780779.1806
"Bourne identity",1213748820,1214173260,424440,102780779.1806
"Bourne identity",1213748820,1214415000,666180,102780779.1806
"Bourne identity",1213748820,1214772960,1024140,102780779.1806
"Bourne identity",1213748820,1215022800,1273980,102780779.1806
"Bourne identity",1213757100,1485068256,271311156,102780779.1806
"Bourne identity",1213757100,1216687440,2930340,102780779.1806
"Bourne identity",1213830240,1213928220,97980,102780779.1806
"Bourne identity",1213830240,1213996440,166200,102780779.1806
"Bourne identity",1213841220,1485068256,271227036,102780779.1806
"Bourne identity",1213841220,1214696580,855360,102780779.1806
"Bourne identity",1213841340,1485068256,271226916,102780779.1806
"Bourne identity",1213841340,1214966340,1125000,102780779.1806
"Bourne identity",1213841340,1215322380,1481040,102780779.1806
"Bourne identity",1213842180,1485068256,271226076,102780779.1806
"Bourne identity",1213842180,1214879460,1037280,102780779.1806
"Bourne identity",1213842180,1215735600,1893420,102780779.1806
"Bourne identity",1213842180,1215887160,2044980,102780779.1806
"Bourne identity",1213844160,1485068256,271224096,102780779.1806
"Bourne identity",1213913760,1485068256,271154496,102780779.1806
"Bourne identity",1213913760,1214863560,949800,102780779.1806
"Bourne identity",1213914060,1485068256,271154196,102780779.1806
"Bourne identity",1213914060,1214867640,953580,102780779.1806
"Bourne identity",1213922280,1485068256,271145976,102780779.1806
"Bourne identity",1213922280,1214261400,339120,102780779.1806
"Bourne identity",1213928100,1485068256,271140156,102780779.1806
"Bourne identity",1213928100,1214957760,1029660,102780779.1806
"Bourne identity",1213928100,1215107760,1179660,102780779.1806
"Bourne identity",1213928100,1215282960,1354860,102780779.1806
"Bourne identity",1213930140,1485068256,271138116,102780779.1806
"Bourne identity",1213930140,1214958060,1027920,102780779.1806
"Bourne identity",1213930140,1215149100,1218960,102780779.1806
"Bourne identity",1213930140,1215470100,1539960,102780779.1806
"Bourne identity",1213930140,1216658160,2728020,102780779.1806
"Bourne identity",1213986420,1485068256,271081836,102780779.1806
"Bourne identity",1213986420,1214677200,690780,102780779.1806
"Bourne identity",1213986420,1214879820,893400,102780779.1806
"Bourne identity",1213986420,1214946240,959820,102780779.1806
"Bourne identity",1213996020,1485068256,271072236,102780779.1806
"Bourne identity",1214004600,1485068256,271063656,102780779.1806
"Bourne identity",1214004600,1214686500,681900,102780779.1806
"Bourne identity",1214004600,1215026880,1022280,102780779.1806
"Bourne identity",1214007000,1485068256,271061256,102780779.1806
"Bourne identity",1214007000,1214955000,948000,102780779.1806
"Bourne identity",1214007000,1215037500,1030500,102780779.1806
"Bourne identity",1214007840,1485068256,271060416,102780779.1806
"Bourne identity",1214007840,1215475740,1467900,102780779.1806
"Bourne identity",1214071020,1485068256,270997236,102780779.1806
"Bourne identity",1214087340,1485068256,270980916,102780779.1806
"Bourne identity",1214087340,1216003740,1916400,102780779.1806
"Bourne identity",1214089740,1485068256,270978516,102780779.1806
"Bourne identity",1214089740,1218579480,4489740,102780779.1806
"Bourne identity",1214089740,1218652440,4562700,102780779.1806
"Bourne identity",1214090340,1485068256,270977916,102780779.1806
"Bourne identity",1214091420,1485068256,270976836,102780779.1806
"Bourne identity",1214091420,1214357820,266400,102780779.1806
"Bourne identity",1214091420,1214593500,502080,102780779.1806
"Bourne identity",1214091420,1214675640,584220,102780779.1806
"Bourne identity",1214095560,1485068256,270972696,102780779.1806
"Bourne identity",1214095560,1214422920,327360,102780779.1806
"Bourne identity",1214095800,1485068256,270972456,102780779.1806
"Bourne identity",1214095800,1215479040,1383240,102780779.1806
"Bourne identity",1214095800,1223683080,9587280,102780779.1806
"Bourne identity",1214095800,1223750400,9654600,102780779.1806
"Bourne identity",1214166600,1485068256,270901656,102780779.1806
"Bourne identity",1214166600,1215139320,972720,102780779.1806
"Bourne identity",1214171700,1485068256,270896556,102780779.1806
"Bourne identity",1214171700,1215386040,1214340,102780779.1806
"Bourne identity",1214178420,1485068256,270889836,102780779.1806
"Bourne identity",1214178420,1215126660,948240,102780779.1806
"Bourne identity",1214178840,1485068256,270889416,102780779.1806
"Bourne identity",1214178840,1215036240,857400,102780779.1806
"Bourne identity",1214178840,1215125220,946380,102780779.1806
"Bourne identity",1214178840,1216074960,1896120,102780779.1806
"Bourne identity",1214178840,1216235100,2056260,102780779.1806
"Bourne identity",1214252760,1485068256,270815496,102780779.1806
"Bourne identity",1214252760,1214354580,101820,102780779.1806
"Bourne identity",1214264580,1485068256,270803676,102780779.1806
"Bourne identity",1214264580,1215566460,1301880,102780779.1806
"Bourne identity",1214269080,1485068256,270799176,102780779.1806
"Bourne identity",1214345460,1485068256,270722796,102780779.1806
"Bourne identity",1214345460,1215106020,760560,102780779.1806
"Bourne identity",1214347740,1485068256,270720516,102780779.1806
"Bourne identity",1214347740,1215571620,1223880,102780779.1806
"Bourne identity",1214347740,1216062180,1714440,102780779.1806
"Bourne identity",1214428620,1485068256,270639636,102780779.1806
"Bourne identity",1214428620,1215128460,699840,102780779.1806
"Bourne identity",1214428620,1215454500,1025880,102780779.1806
"Bourne identity",1214429760,1485068256,270638496,102780779.1806
"Bourne identity",1214447400,1485068256,270620856,102780779.1806
"Bourne identity",1214447400,1215138180,690780,102780779.1806
"Bourne identity",1214447400,1215538320,1090920,102780779.1806
"Bourne identity",1214447400,1215889620,1442220,102780779.1806
"Bourne identity",1214447400,1216229280,1781880,102780779.1806
"Bourne identity",1214447400,1216319760,1872360,102780779.1806
"Bourne identity",1214517420,1485068256,270550836,102780779.1806
"Bourne identity",1214517420,1215041880,524460,102780779.1806
"Bourne identity",1214517420,1215120600,603180,102780779.1806
"Bourne identity",1214518920,1485068256,270549336,102780779.1806
"Bourne identity",1214518920,1215542580,1023660,102780779.1806
"Bourne identity",1214518920,1215632700,1113780,102780779.1806
"Bourne identity",1214519280,1485068256,270548976,102780779.1806
"Bourne identity",1214519280,1215023940,504660,102780779.1806
"Bourne identity",1214525160,1485068256,270543096,102780779.1806
"Bourne identity",1214525160,1215720180,1195020,102780779.1806
"Bourne identity",1214525160,1216075860,1550700,102780779.1806
"Bourne identity",1214525640,1485068256,270542616,102780779.1806
"Bourne identity",1214525640,1215888960,1363320,102780779.1806
"Bourne identity",1214606460,1485068256,270461796,102780779.1806
"Bourne identity",1214606460,1215297240,690780,102780779.1806
"Bourne identity",1214607600,1485068256,270460656,102780779.1806
"Bourne identity",1214685060,1485068256,270383196,102780779.1806
"Bourne identity",1214685060,1215740100,1055040,102780779.1806
"Bourne identity",1214694960,1485068256,270373296,102780779.1806
"Bourne identity",1214694960,1215657060,962100,102780779.1806
"Bourne identity",1214700660,1485068256,270367596,102780779.1806
"Bourne identity",1214700660,1216922340,2221680,102780779.1806
"Bourne identity",1214700660,1217015160,2314500,102780779.1806
"Bourne identity",1214783460,1485068256,270284796,102780779.1806
"Bourne identity",1214783460,1215798480,1015020,102780779.1806
"Bourne identity",1214867700,1485068256,270200556,102780779.1806
"Bourne identity",1214867700,1216775640,1907940,102780779.1806
"Bourne identity",1214867700,1216920900,2053200,102780779.1806
"Bourne identity",1214868360,1485068256,270199896,102780779.1806
"Bourne identity",1214868360,1216084620,1216260,102780779.1806
"Bourne identity",1214868360,1216166040,1297680,102780779.1806
"Bourne identity",1214868360,1216247160,1378800,102780779.1806
"Bourne identity",1214874360,1485068256,270193896,102780779.1806
"Bourne identity",1214874360,1216151640,1277280,102780779.1806
"Bourne identity",1214874360,1216253940,1379580,102780779.1806
"Bourne identity",1214874360,1216404240,1529880,102780779.1806
"Bourne identity",1214877000,1485068256,270191256,102780779.1806
"Bourne identity",1214877000,1215467700,590700,102780779.1806
"Bourne identity",1214877000,1215816960,939960,102780779.1806
"Bourne identity",1214880720,1485068256,270187536,102780779.1806
"Bourne identity",1214945880,1485068256,270122376,102780779.1806
"Bourne identity",1214945880,1216323600,1377720,102780779.1806
"Bourne identity",1214946060,1485068256,270122196,102780779.1806
"Bourne identity",1214946060,1215304500,358440,102780779.1806
"Bourne identity",1214952120,1485068256,270116136,102780779.1806
"Bourne identity",1214952120,1215477600,525480,102780779.1806
"Bourne identity",1214959440,1485068256,270108816,102780779.1806
"Bourne identity",1214960040,1485068256,270108216,102780779.1806
"Bourne identity",1214960040,1215917700,957660,102780779.1806
"Bourne identity",1214960460,1485068256,270107796,102780779.1806
"Bourne identity",1215028920,1485068256,270039336,102780779.1806
"Bourne identity",1215028920,1216167780,1138860,102780779.1806
"Bourne identity",1215028920,1216231800,1202880,102780779.1806
"Bourne identity",1215028920,1216319640,1290720,102780779.1806
"Bourne identity",1215041820,1485068256,270026436,102780779.1806
"Bourne identity",1215045780,1485068256,270022476,102780779.1806
"Bourne identity",1215045780,1216257780,1212000,102780779.1806
"Bourne identity",1215045780,1216406340,1360560,102780779.1806
"Bourne identity",1215045780,1216489980,1444200,102780779.1806
"Bourne identity",1215048120,1485068256,270020136,102780779.1806
"Bourne identity",1215048120,1215891780,843660,102780779.1806
"Bourne identity",1215048120,1216863900,1815780,102780779.1806
"Bourne identity",1215048120,1216932000,1883880,102780779.1806
"Bourne identity",1215118860,1485068256,269949396,102780779.1806
"Bourne identity",1215118860,1215812880,694020,102780779.1806
"Bourne identity",1215118860,1216058760,939900,102780779.1806
"Bourne identity",1215118860,1216154520,1035660,102780779.1806
"Bourne identity",1215127380,1485068256,269940876,102780779.1806
"Bourne identity",1215127380,1218318240,3190860,102780779.1806
"Bourne identity",1215130320,1485068256,269937936,102780779.1806
"Bourne identity",1215130320,1218135720,3005400,102780779.1806
"Bourne identity",1215130320,1218217740,3087420,102780779.1806
"Bourne identity",1215135660,1485068256,269932596,102780779.1806
"Bourne identity",1215135660,1216493040,1357380,102780779.1806
"Bourne identity",1215283320,1485068256,269784936,102780779.1806
"Bourne identity",1215283320,1216500000,1216680,102780779.1806
"Bourne identity",1215289380,1485068256,269778876,102780779.1806
"Bourne identity",1215289380,1216753500,1464120,102780779.1806
"Bourne identity",1215300420,1485068256,269767836,102780779.1806
"Bourne identity",1215301800,1485068256,269766456,102780779.1806
"Bourne identity",1215301800,1216262460,960660,102780779.1806
"Bourne identity",1215305340,1485068256,269762916,102780779.1806
"Bourne identity",1215305400,1485068256,269762856,102780779.1806
"Bourne identity",1215461040,1485068256,269607216,102780779.1806
"Bourne identity",1215461040,1216087920,626880,102780779.1806
"Bourne identity",1215461040,1216186620,725580,102780779.1806
"Bourne identity",1215461040,1216323000,861960,102780779.1806
"Bourne identity",1215464940,1485068256,269603316,102780779.1806
"Bourne identity",1215464940,1216841160,1376220,102780779.1806
"Bourne identity",1215464940,1216960380,1495440,102780779.1806
"Bourne identity",1215464940,1217001240,1536300,102780779.1806
"Bourne identity",1215465660,1485068256,269602596,102780779.1806
"Bourne identity",1215465660,1219107360,3641700,102780779.1806
"Bourne identity",1215466140,1485068256,269602116,102780779.1806
"Bourne identity",1215466140,1215544620,78480,102780779.1806
"Bourne identity",1215471960,1485068256,269596296,102780779.1806
"Bourne identity",1215471960,1216682940,1210980,102780779.1806
"Bourne identity",1215471960,1216926960,1455000,102780779.1806
"Bourne identity",1215477780,1485068256,269590476,102780779.1806
"Bourne identity",1215481980,1485068256,269586276,102780779.1806
"Bourne identity",1215481980,1216680600,1198620,102780779.1806
"Bourne identity",1215481980,1216771440,1289460,102780779.1806
"Bourne identity",1215544500,1485068256,269523756,102780779.1806
"Bourne identity",1215544500,1216327020,782520,102780779.1806
"Bourne identity",1215544500,1216490040,945540,102780779.1806
"Bourne identity",1215556980,1485068256,269511276,102780779.1806
"Bourne identity",1215561840,1485068256,269506416,102780779.1806
"Bourne identity",1215561840,1216685940,1124100,102780779.1806
"Bourne identity",1215567240,1485068256,269501016,102780779.1806
"Bourne identity",1215567240,1216911120,1343880,102780779.1806
"Bourne identity",1215567240,1217699760,2132520,102780779.1806
"Bourne identity",1215567960,1485068256,269500296,102780779.1806
"Bourne identity",1215639660,1485068256,269428596,102780779.1806
"Bourne identity",1215641820,1485068256,269426436,102780779.1806
"Bourne identity",1215641820,1216943100,1301280,102780779.1806
"Bourne identity",1215641820,1217293740,1651920,102780779.1806
"Bourne identity",1215649560,1485068256,269418696,102780779.1806
"Bourne identity",1215649560,1216173240,523680,102780779.1806
"Bourne identity",1215653280,1485068256,269414976,102780779.1806
"Bourne identity",1215653280,1215738960,85680,102780779.1806
"Bourne identity",1215653280,1216058220,404940,102780779.1806
"Bourne identity",1215653280,1216154580,501300,102780779.1806
"Bourne identity",1215657960,1485068256,269410296,102780779.1806
"Bourne identity",1215657960,1216159860,501900,102780779.1806
"Bourne identity",1215726180,1485068256,269342076,102780779.1806
"Bourne identity",1215729420,1485068256,269338836,102780779.1806
"Bourne identity",1215729420,1216506300,776880,102780779.1806
"Bourne identity",1215729420,1216960800,1231380,102780779.1806
"Bourne identity",1215733500,1485068256,269334756,102780779.1806
"Bourne identity",1215733500,1216253820,520320,102780779.1806
"Bourne identity",1215733500,1216344060,610560,102780779.1806
"Bourne identity",1215733500,1216398900,665400,102780779.1806
"Bourne identity",1215734280,1485068256,269333976,102780779.1806
"Bourne identity",1215734280,1216770960,1036680,102780779.1806
"Bourne identity",1215734280,1216844520,1110240,102780779.1806
"Bourne identity",1215735300,1485068256,269332956,102780779.1806
"Bourne identity",1215735300,1216258620,523320,102780779.1806
"Bourne identity",1215735720,1485068256,269332536,102780779.1806
"Bourne identity",1215735720,1218667140,2931420,102780779.1806
"Bourne identity",1215736140,1485068256,269332116,102780779.1806
"Bourne identity",1215736140,1216740000,1003860,102780779.1806
"Bourne identity",1215819420,1485068256,269248836,102780779.1806
"Bourne identity",1215819420,1216168920,349500,102780779.1806
"Bourne identity",1215823560,1485068256,269244696,102780779.1806
"Bourne identity",1215823560,1216777740,954180,102780779.1806
"Bourne identity",1215889920,1485068256,269178336,102780779.1806
"Bourne identity",1215889920,1217638380,1748460,102780779.1806
"Bourne identity",1215889920,1217875500,1985580,102780779.1806
"Bourne identity",1215892440,1485068256,269175816,102780779.1806
"Bourne identity",1215900360,1485068256,269167896,102780779.1806
"Bourne identity",1215905220,1485068256,269163036,102780779.1806
"Bourne identity",1215906660,1485068256,269161596,102780779.1806
"Bourne identity",1215906660,1217275440,1368780,102780779.1806
"Bourne identity",1216067100,1485068256,269001156,102780779.1806
"Bourne identity",1216067100,1216671360,604260,102780779.1806
"Bourne identity",1216076760,1485068256,268991496,102780779.1806
"Bourne identity",1216076760,1216832940,756180,102780779.1806
"Bourne identity",1216077540,1485068256,268990716,102780779.1806
"Bourne identity",1216077540,1216349100,271560,102780779.1806
"Bourne identity",1216078860,1485068256,268989396,102780779.1806
"Bourne identity",1216078860,1216692060,613200,102780779.1806
"Bourne identity",1216078860,1216755960,677100,102780779.1806
"Bourne identity",1216087740,1485068256,268980516,102780779.1806
"Bourne identity",1216089240,1485068256,268979016,102780779.1806
"Bourne identity",1216148220,1485068256,268920036,102780779.1806
"Bourne identity",1216148220,1217622900,1474680,102780779.1806
"Bourne identity",1216158300,1485068256,268909956,102780779.1806
"Bourne identity",1216158780,1485068256,268909476,102780779.1806
"Bourne identity",1216170240,1485068256,268898016,102780779.1806
"Bourne identity",1216170240,1216772880,602640,102780779.1806
"Bourne identity",1216235220,1485068256,268833036,102780779.1806
"Bourne identity",1216235220,1218128700,1893480,102780779.1806
"Bourne identity",1216242900,1485068256,268825356,102780779.1806
"Bourne identity",1216242900,1216514160,271260,102780779.1806
"Bourne identity",1216242900,1216878600,635700,102780779.1806
"Bourne identity",1216242900,1217012220,769320,102780779.1806
"Bourne identity",1216246980,1485068256,268821276,102780779.1806
"Bourne identity",1216246980,1217048940,801960,102780779.1806
"Bourne identity",1216246980,1217256480,1009500,102780779.1806
"Bourne identity",1216251420,1485068256,268816836,102780779.1806
"Bourne identity",1216251420,1216683540,432120,102780779.1806
"Bourne identity",1216320540,1485068256,268747716,102780779.1806
"Bourne identity",1216323540,1485068256,268744716,102780779.1806
"Bourne identity",1216323540,1217720520,1396980,102780779.1806
"Bourne identity",1216323540,1217968560,1645020,102780779.1806
"Bourne identity",1216331340,1485068256,268736916,102780779.1806
"Bourne identity",1216331340,1216501500,170160,102780779.1806
"Bourne identity",1216338120,1485068256,268730136,102780779.1806
"Bourne identity",1216338120,1216774980,436860,102780779.1806
"Bourne identity",1216341420,1485068256,268726836,102780779.1806
"Bourne identity",1216341420,1221070560,4729140,102780779.1806
"Bourne identity",1216342080,1485068256,268726176,102780779.1806
"Bourne identity",1216342080,1216675740,333660,102780779.1806
"Bourne identity",1216342800,1485068256,268725456,102780779.1806
"Bourne identity",1216343280,1485068256,268724976,102780779.1806
"Bourne identity",1216343280,1216924680,581400,102780779.1806
"Bourne identity",1216344180,1485068256,268724076,102780779.1806
"Bourne identity",1216344180,1217366040,1021860,102780779.1806
"Bourne identity",1216344180,1217535780,1191600,102780779.1806
"Bourne identity",1216348980,1485068256,268719276,102780779.1806
"Bourne identity",1216348980,1217465580,1116600,102780779.1806
"Bourne identity",1216348980,1218580500,2231520,102780779.1806
"Bourne identity",1216405740,1485068256,268662516,102780779.1806
"Bourne identity",1216405740,1220563620,4157880,102780779.1806
"Bourne identity",1216419060,1485068256,268649196,102780779.1806
"Bourne identity",1216419060,1216598280,179220,102780779.1806
"Bourne identity",1216419060,1217278740,859680,102780779.1806
"Bourne identity",1216419180,1485068256,268649076,102780779.1806
"Bourne identity",1216422060,1485068256,268646196,102780779.1806
"Bourne identity",1216422060,1217557140,1135080,102780779.1806
"Bourne identity",1216422060,1217805660,1383600,102780779.1806
"Bourne identity",1216424700,1485068256,268643556,102780779.1806
"Bourne identity",1216428900,1485068256,268639356,102780779.1806
"Bourne identity",1216428900,1216932960,504060,102780779.1806
"Bourne identity",1216428900,1217006280,577380,102780779.1806
"Bourne identity",1216428960,1485068256,268639296,102780779.1806
"Bourne identity",1216428960,1216933140,504180,102780779.1806
"Bourne identity",1216428960,1217014500,585540,102780779.1806
"Bourne identity",1216487760,1485068256,268580496,102780779.1806
"Bourne identity",1216487760,1217705580,1217820,102780779.1806
"Bourne identity",1216488660,1485068256,268579596,102780779.1806
"Bourne identity",1216488660,1217104560,615900,102780779.1806
"Bourne identity",1216488660,1217310120,821460,102780779.1806
"Bourne identity",1216488660,1217357280,868620,102780779.1806
"Bourne identity",1216495320,1485068256,268572936,102780779.1806
"Bourne identity",1216495320,1216756980,261660,102780779.1806
"Bourne identity",1216497600,1485068256,268570656,102780779.1806
"Bourne identity",1216497600,1217717100,1219500,102780779.1806
"Bourne identity",1216506420,1485068256,268561836,102780779.1806
"Bourne identity",1216507980,1485068256,268560276,102780779.1806
"Bourne identity",1216507980,1216942920,434940,102780779.1806
"Bourne identity",1216507980,1217962680,1454700,102780779.1806
"Bourne identity",1216587660,1485068256,268480596,102780779.1806
"Bourne identity",1216587660,1217557980,970320,102780779.1806
"Bourne identity",1216587660,1217877000,1289340,102780779.1806
"Bourne identity",1216593600,1485068256,268474656,102780779.1806
"Bourne identity",1216593600,1217467740,874140,102780779.1806
"Bourne identity",1216668300,1485068256,268399956,102780779.1806
"Bourne identity",1216668300,1217795340,1127040,102780779.1806
"Bourne identity",1216669440,1485068256,268398816,102780779.1806
"Bourne identity",1216669440,1217266080,596640,102780779.1806
"Bourne identity",1216673400,1485068256,268394856,102780779.1806
"Bourne identity",1216673400,1217367360,693960,102780779.1806
"Bourne identity",1216677420,1485068256,268390836,102780779.1806
"Bourne identity",1216677420,1217717340,1039920,102780779.1806
"Bourne identity",1216685100,1485068256,268383156,102780779.1806
"Bourne identity",1216685100,1217107200,422100,102780779.1806
"Bourne identity",1216688280,1485068256,268379976,102780779.1806
"Bourne identity",1216688280,1222993860,6305580,102780779.1806
"Bourne identity",1216688280,1223156100,6467820,102780779.1806
"Bourne identity",1216688880,1485068256,268379376,102780779.1806
"Bourne identity",1216688880,1217899020,1210140,102780779.1806
"Bourne identity",1216694100,1485068256,268374156,102780779.1806
"Bourne identity",1216694100,1216946580,252480,102780779.1806
"Bourne identity",1216695540,1485068256,268372716,102780779.1806
"Bourne identity",1216766400,1485068256,268301856,102780779.1806
"Bourne identity",1216768800,1485068256,268299456,102780779.1806
"Bourne identity",1216768800,1217904360,1135560,102780779.1806
"Bourne identity",1216781160,1485068256,268287096,102780779.1806
"Bourne identity",1216842420,1485068256,268225836,102780779.1806
"Bourne identity",1216842420,1218068220,1225800,102780779.1806
"Bourne identity",1216843560,1485068256,268224696,102780779.1806
"Bourne identity",1216843560,1218250140,1406580,102780779.1806
"Bourne identity",1216855680,1485068256,268212576,102780779.1806
"Bourne identity",1216855680,1217987340,1131660,102780779.1806
"Bourne identity",1216929900,1485068256,268138356,102780779.1806
"Bourne identity",1217011200,1485068256,268057056,102780779.1806
"Bourne identity",1217011200,1217801040,789840,102780779.1806
"Bourne identity",1217011200,1217887680,876480,102780779.1806
"Bourne identity",1217013600,1485068256,268054656,102780779.1806
"Bourne identity",1217013600,1218308220,1294620,102780779.1806
"Bourne identity",1217016540,1485068256,268051716,102780779.1806
"Bourne identity",1217018280,1485068256,268049976,102780779.1806
"Bourne identity",1217018280,1218163980,1145700,102780779.1806
"Bourne identity",1217032920,1485068256,268035336,102780779.1806
"Bourne identity",1217098080,1485068256,267970176,102780779.1806
"Bourne identity",1217098080,1217697660,599580,102780779.1806
"Bourne identity",1217099760,1485068256,267968496,102780779.1806
"Bourne identity",1217099760,1221265560,4165800,102780779.1806
"Bourne identity",1217099760,1221512220,4412460,102780779.1806
"Bourne identity",1217099880,1485068256,267968376,102780779.1806
"Bourne identity",1217099880,1217379000,279120,102780779.1806
"Bourne identity",1217099880,1217557020,457140,102780779.1806
"Bourne identity",1217103180,1485068256,267965076,102780779.1806
"Bourne identity",1217105040,1485068256,267963216,102780779.1806
"Bourne identity",1217105040,1218076320,971280,102780779.1806
"Bourne identity",1217106060,1485068256,267962196,102780779.1806
"Bourne identity",1217106060,1217724060,618000,102780779.1806
"Bourne identity",1217106060,1217967600,861540,102780779.1806
"Bourne identity",1217106780,1485068256,267961476,102780779.1806
"Bourne identity",1217119920,1485068256,267948336,102780779.1806
"Bourne identity",1217119920,1220826060,3706140,102780779.1806
"Bourne identity",1217189820,1485068256,267878436,102780779.1806
"Bourne identity",1217189820,1217542260,352440,102780779.1806
"Bourne identity",1217196540,1485068256,267871716,102780779.1806
"Bourne identity",1217197200,1485068256,267871056,102780779.1806
"Bourne identity",1217202780,1485068256,267865476,102780779.1806
"Bourne identity",1217203440,1485068256,267864816,102780779.1806
"Bourne identity",1217203440,1217283180,79740,102780779.1806
"Bourne identity",1217266080,1485068256,267802176,102780779.1806
"Bourne identity",1217266080,1219684500,2418420,102780779.1806
"Bourne identity",1217266080,1219954140,2688060,102780779.1806
"Bourne identity",1217279100,1485068256,267789156,102780779.1806
"Bourne identity",1217279100,1217895900,616800,102780779.1806
"Bourne identity",1217285340,1485068256,267782916,102780779.1806
"Bourne identity",1217285340,1218236880,951540,102780779.1806
"Bourne identity",1217285340,1218821880,1536540,102780779.1806
"Bourne identity",1217290380,1485068256,267777876,102780779.1806
"Bourne identity",1217290380,1218324660,1034280,102780779.1806
"Bourne identity",1217298000,1485068256,267770256,102780779.1806
"Bourne identity",1217298000,1219087200,1789200,102780779.1806
"Bourne identity",1217349660,1485068256,267718596,102780779.1806
"Bourne identity",1217349660,1219762020,2412360,102780779.1806
"Bourne identity",1217360160,1485068256,267708096,102780779.1806
"Bourne identity",1217360160,1218484740,1124580,102780779.1806
"Bourne identity",1217378520,1485068256,267689736,102780779.1806
"Bourne identity",1217378520,1217696760,318240,102780779.1806
"Bourne identity",1217378520,1217736720,358200,102780779.1806
"Bourne identity",1217378520,1217898720,520200,102780779.1806
"Bourne identity",1217386560,1485068256,267681696,102780779.1806
"Bourne identity",1217458200,1485068256,267610056,102780779.1806
"Bourne identity",1217458200,1218306540,848340,102780779.1806
"Bourne identity",1217458380,1485068256,267609876,102780779.1806
"Bourne identity",1217458380,1218056400,598020,102780779.1806
"Bourne identity",1217463540,1485068256,267604716,102780779.1806
"Bourne identity",1217463540,1217466900,3360,102780779.1806
"Bourne identity",1217473680,1485068256,267594576,102780779.1806
"Bourne identity",1217527440,1485068256,267540816,102780779.1806
"Bourne identity",1217533920,1485068256,267534336,102780779.1806
"Bourne identity",1217533920,1218229920,696000,102780779.1806
"Bourne identity",1217540460,1485068256,267527796,102780779.1806
"Bourne identity",1217540460,1219277880,1737420,102780779.1806
"Bourne identity",1217541240,1485068256,267527016,102780779.1806
"Bourne identity",1217541240,1218406800,865560,102780779.1806
"Bourne identity",1217544600,1485068256,267523656,102780779.1806
"Bourne identity",1217550240,1485068256,267518016,102780779.1806
"Bourne identity",1217550240,1218589980,1039740,102780779.1806
"Bourne identity",1217550240,1218753300,1203060,102780779.1806
"Bourne identity",1217550240,1218827460,1277220,102780779.1806
"Bourne identity",1217550300,1485068256,267517956,102780779.1806
"Bourne identity",1217558400,1485068256,267509856,102780779.1806
"Bourne identity",1217558400,1218746520,1188120,102780779.1806
"Bourne identity",1217637900,1485068256,267430356,102780779.1806
"Bourne identity",1217637900,1218143400,505500,102780779.1806
"Bourne identity",1217699880,1485068256,267368376,102780779.1806
"Bourne identity",1217699880,1218495360,795480,102780779.1806
"Bourne identity",1217707500,1485068256,267360756,102780779.1806
"Bourne identity",1217707500,1217886240,178740,102780779.1806
"Bourne identity",1217711280,1485068256,267356976,102780779.1806
"Bourne identity",1217711700,1485068256,267356556,102780779.1806
"Bourne identity",1217711700,1219344360,1632660,102780779.1806
"Bourne identity",1217713560,1485068256,267354696,102780779.1806
"Bourne identity",1217715120,1485068256,267353136,102780779.1806
"Bourne identity",1217715120,1217979420,264300,102780779.1806
"Bourne identity",1217722140,1485068256,267346116,102780779.1806
"Bourne identity",1217722140,1218242820,520680,102780779.1806
"Bourne identity",1217722140,1218578340,856200,102780779.1806
"Bourne identity",1217722140,1218647100,924960,102780779.1806
"Bourne identity",1217724720,1485068256,267343536,102780779.1806
"Bourne identity",1217724720,1219510680,1785960,102780779.1806
"Bourne identity",1217797980,1485068256,267270276,102780779.1806
"Bourne identity",1217797980,1219103640,1305660,102780779.1806
"Bourne identity",1217799360,1485068256,267268896,102780779.1806
"Bourne identity",1217799360,1217900220,100860,102780779.1806
"Bourne identity",1217802420,1485068256,267265836,102780779.1806
"Bourne identity",1217802420,1219349400,1546980,102780779.1806
"Bourne identity",1217881200,1485068256,267187056,102780779.1806
"Bourne identity",1217881200,1221072900,3191700,102780779.1806
"Bourne identity",1217888040,1485068256,267180216,102780779.1806
"Bourne identity",1217900160,1485068256,267168096,102780779.1806
"Bourne identity",1217901720,1485068256,267166536,102780779.1806
"Bourne identity",1217972040,1485068256,267096216,102780779.1806
"Bourne identity",1217972040,1218076560,104520,102780779.1806
"Bourne identity",1217981340,1485068256,267086916,102780779.1806
"Bourne identity",1217981340,1218399660,418320,102780779.1806
"Bourne identity",1217987520,1485068256,267080736,102780779.1806
"Bourne identity",1217987520,1219198980,1211460,102780779.1806
"Bourne identity",1217989560,1485068256,267078696,102780779.1806
"Bourne identity",1217989560,1220135040,2145480,102780779.1806
"Bourne identity",1218042960,1485068256,267025296,102780779.1806
"Bourne identity",1218042960,1218240180,197220,102780779.1806
"Bourne identity",1218056460,1485068256,267011796,102780779.1806
"Bourne identity",1218056460,1218145320,88860,102780779.1806
"Bourne identity",1218061620,1485068256,267006636,102780779.1806
"Bourne identity",1218061620,1218234240,172620,102780779.1806
"Bourne identity",1218137700,1485068256,266930556,102780779.1806
"Bourne identity",1218137700,1219270140,1132440,102780779.1806
"Bourne identity",1218137700,1219427040,1289340,102780779.1806
"Bourne identity",1218137700,1219514700,1377000,102780779.1806
"Bourne identity",1218137820,1485068256,266930436,102780779.1806
"Bourne identity",1218137820,1218395640,257820,102780779.1806
"Bourne identity",1218138180,1485068256,266930076,102780779.1806
"Bourne identity",1218138180,1218660660,522480,102780779.1806
"Bourne identity",1218138180,1218822300,684120,102780779.1806
"Bourne identity",1218144780,1485068256,266923476,102780779.1806
"Bourne identity",1218144780,1218327240,182460,102780779.1806
"Bourne identity",1218150540,1485068256,266917716,102780779.1806
"Bourne identity",1218152760,1485068256,266915496,102780779.1806
"Bourne identity",1218152760,1218671040,518280,102780779.1806
"Bourne identity",1218152760,1218742560,589800,102780779.1806
"Bourne identity",1218154140,1485068256,266914116,102780779.1806
"Bourne identity",1218161400,1485068256,266906856,102780779.1806
"Bourne identity",1218161400,1219956720,1795320,102780779.1806
"Bourne identity",1218161880,1485068256,266906376,102780779.1806
"Bourne identity",1218161880,1219276140,1114260,102780779.1806
"Bourne identity",1218161880,1219373040,1211160,102780779.1806
"Bourne identity",1218161880,1219525920,1364040,102780779.1806
"Bourne identity",1218216960,1485068256,266851296,102780779.1806
"Bourne identity",1218217080,1485068256,266851176,102780779.1806
"Bourne identity",1218217080,1219785960,1568880,102780779.1806
"Bourne identity",1218217080,1220032260,1815180,102780779.1806
"Bourne identity",1218220980,1485068256,266847276,102780779.1806
"Bourne identity",1218220980,1219425180,1204200,102780779.1806
"Bourne identity",1218224820,1485068256,266843436,102780779.1806
"Bourne identity",1218224820,1219340460,1115640,102780779.1806
"Bourne identity",1218226140,1485068256,266842116,102780779.1806
"Bourne identity",1218226140,1218670200,444060,102780779.1806
"Bourne identity",1218231480,1485068256,266836776,102780779.1806
"Bourne identity",1218231480,1218839100,607620,102780779.1806
"Bourne identity",1218231900,1485068256,266836356,102780779.1806
"Bourne identity",1218231900,1218844560,612660,102780779.1806
"Bourne identity",1218235020,1485068256,266833236,102780779.1806
"Bourne identity",1218235020,1219357740,1122720,102780779.1806
"Bourne identity",1218235140,1485068256,266833116,102780779.1806
"Bourne identity",1218235140,1219425180,1190040,102780779.1806
"Bourne identity",1218236700,1485068256,266831556,102780779.1806
"Bourne identity",1218236700,1219194180,957480,102780779.1806
"Bourne identity",1218236700,1219381860,1145160,102780779.1806
"Bourne identity",1218236700,1219424880,1188180,102780779.1806
"Bourne identity",1218239820,1485068256,266828436,102780779.1806
"Bourne identity",1218239820,1219012440,772620,102780779.1806
"Bourne identity",1218240120,1485068256,266828136,102780779.1806
"Bourne identity",1218240300,1485068256,266827956,102780779.1806
"Bourne identity",1218240360,1485068256,266827896,102780779.1806
"Bourne identity",1218240360,1219112160,871800,102780779.1806
"Bourne identity",1218307020,1485068256,266761236,102780779.1806
"Bourne identity",1218307020,1218486840,179820,102780779.1806
"Bourne identity",1218308400,1485068256,266759856,102780779.1806
"Bourne identity",1218308400,1219198440,890040,102780779.1806
"Bourne identity",1218315480,1485068256,266752776,102780779.1806
"Bourne identity",1218315480,1218584460,268980,102780779.1806
"Bourne identity",1218315480,1218752580,437100,102780779.1806
"Bourne identity",1218323160,1485068256,266745096,102780779.1806
"Bourne identity",1218325320,1485068256,266742936,102780779.1806
"Bourne identity",1218325320,1218737940,412620,102780779.1806
"Bourne identity",1218412440,1485068256,266655816,102780779.1806
"Bourne identity",1218412440,1219974600,1562160,102780779.1806
"Bourne identity",1218412440,1220030100,1617660,102780779.1806
"Bourne identity",1218468720,1485068256,266599536,102780779.1806
"Bourne identity",1218468720,1219688040,1219320,102780779.1806
"Bourne identity",1218487020,1485068256,266581236,102780779.1806
"Bourne identity",1218487020,1218839040,352020,102780779.1806
"Bourne identity",1218488100,1485068256,266580156,102780779.1806
"Bourne identity",1218488100,1219189980,701880,102780779.1806
"Bourne identity",1218489960,1485068256,266578296,102780779.1806
"Bourne identity",1218489960,1219696740,1206780,102780779.1806
"Bourne identity",1218494040,1485068256,266574216,102780779.1806
"Bourne identity",1218498600,1485068256,266569656,102780779.1806
"Bourne identity",1218498600,1218675360,176760,102780779.1806
"Bourne identity",1218501420,1485068256,266566836,102780779.1806
"Bourne identity",1218501420,1219107420,606000,102780779.1806
"Bourne identity",1218505680,1485068256,266562576,102780779.1806
"Bourne identity",1218505680,1219282320,776640,102780779.1806
"Bourne identity",1218648660,1485068256,266419596,102780779.1806
"Bourne identity",1218648660,1221499680,2851020,102780779.1806
"Bourne identity",1218650100,1485068256,266418156,102780779.1806
"Bourne identity",1218650100,1219197720,547620,102780779.1806
"Bourne identity",1218660900,1485068256,266407356,102780779.1806
"Bourne identity",1218663840,1485068256,266404416,102780779.1806
"Bourne identity",1218663840,1218909600,245760,102780779.1806
"Bourne identity",1218666120,1485068256,266402136,102780779.1806
"Bourne identity",1218666120,1221159420,2493300,102780779.1806
"Bourne identity",1218666120,1221505320,2839200,102780779.1806
"Bourne identity",1218681360,1485068256,266386896,102780779.1806
"Bourne identity",1218744840,1485068256,266323416,102780779.1806
"Bourne identity",1218752700,1485068256,266315556,102780779.1806
"Bourne identity",1218752700,1220140800,1388100,102780779.1806
"Bourne identity",1218753060,1485068256,266315196,102780779.1806
"Bourne identity",1218753060,1219108260,355200,102780779.1806
"Bourne identity",1218758100,1485068256,266310156,102780779.1806
"Bourne identity",1218758100,1221437940,2679840,102780779.1806
"Bourne identity",1218758100,1221589740,2831640,102780779.1806
"Bourne identity",1218759180,1485068256,266309076,102780779.1806
"Bourne identity",1218759180,1220567880,1808700,102780779.1806
"Bourne identity",1218760080,1485068256,266308176,102780779.1806
"Bourne identity",1218760080,1219780620,1020540,102780779.1806
"Bourne identity",1218762420,1485068256,266305836,102780779.1806
"Bourne identity",1218762420,1220559120,1796700,102780779.1806
"Bourne identity",1218762420,1220650560,1888140,102780779.1806
"Bourne identity",1218836460,1485068256,266231796,102780779.1806
"Bourne identity",1218836460,1219521000,684540,102780779.1806
"Bourne identity",1218843000,1485068256,266225256,102780779.1806
"Bourne identity",1218843000,1218926700,83700,102780779.1806
"Bourne identity",1218906600,1485068256,266161656,102780779.1806
"Bourne identity",1218916800,1485068256,266151456,102780779.1806
"Bourne identity",1218916800,1220135340,1218540,102780779.1806
"Bourne identity",1218925560,1485068256,266142696,102780779.1806
"Bourne identity",1218925560,1219531080,605520,102780779.1806
"Bourne identity",1218925560,1219794660,869100,102780779.1806
"Bourne identity",1218925560,1219859460,933900,102780779.1806
"Bourne identity",1218925620,1485068256,266142636,102780779.1806
"Bourne identity",1218925620,1220053080,1127460,102780779.1806
"Bourne identity",1218928140,1485068256,266140116,102780779.1806
"Bourne identity",1218928260,1485068256,266139996,102780779.1806
"Bourne identity",1218928260,1219096800,168540,102780779.1806
"Bourne identity",1219092000,1485068256,265976256,102780779.1806
"Bourne identity",1219092000,1219696740,604740,102780779.1806
"Bourne identity",1219093020,1485068256,265975236,102780779.1806
"Bourne identity",1219093020,1220040900,947880,102780779.1806
"Bourne identity",1219093020,1220217960,1124940,102780779.1806
"Bourne identity",1219093020,1220467200,1374180,102780779.1806
"Bourne identity",1219094760,1485068256,265973496,102780779.1806
"Bourne identity",1219098420,1485068256,265969836,102780779.1806
"Bourne identity",1219098420,1222828500,3730080,102780779.1806
"Bourne identity",1219098420,1223150820,4052400,102780779.1806
"Bourne identity",1219101900,1485068256,265966356,102780779.1806
"Bourne identity",1219101900,1220407200,1305300,102780779.1806
"Bourne identity",1219106580,1485068256,265961676,102780779.1806
"Bourne identity",1219110360,1485068256,265957896,102780779.1806
"Bourne identity",1219110360,1219976280,865920,102780779.1806
"Bourne identity",1219113240,1485068256,265955016,102780779.1806
"Bourne identity",1219175640,1485068256,265892616,102780779.1806
"Bourne identity",1219175640,1220385060,1209420,102780779.1806
"Bourne identity",1219177860,1485068256,265890396,102780779.1806
"Bourne identity",1219177860,1219800780,622920,102780779.1806
"Bourne identity",1219181580,1485068256,265886676,102780779.1806
"Bourne identity",1219198860,1485068256,265869396,102780779.1806
"Bourne identity",1219198860,1219277940,79080,102780779.1806
"Bourne identity",1219253220,1485068256,265815036,102780779.1806
"Bourne identity",1219253220,1222545900,3292680,102780779.1806
"Bourne identity",1219253220,1222918260,3665040,102780779.1806
"Bourne identity",1219253220,1222989300,3736080,102780779.1806
"Bourne identity",1219253220,1223059800,3806580,102780779.1806
"Bourne identity",1219255680,1485068256,265812576,102780779.1806
"Bourne identity",1219255680,1221693060,2437380,102780779.1806
"Bourne identity",1219261080,1485068256,265807176,102780779.1806
"Bourne identity",1219265760,1485068256,265802496,102780779.1806
"Bourne identity",1219265760,1220402580,1136820,102780779.1806
"Bourne identity",1219274220,1485068256,265794036,102780779.1806
"Bourne identity",1219277880,1485068256,265790376,102780779.1806
"Bourne identity",1219277880,1220641620,1363740,102780779.1806
"Bourne identity",1219277940,1219277940,0,102780779.1806
"Bourne identity",1219279380,1485068256,265788876,102780779.1806
"Bourne identity",1219279380,1219713720,434340,102780779.1806
"Bourne identity",1219353600,1485068256,265714656,102780779.1806
"Bourne identity",1219353600,1221002220,1648620,102780779.1806
"Bourne identity",1219354380,1485068256,265713876,102780779.1806
"Bourne identity",1219354380,1219712100,357720,102780779.1806
"Bourne identity",1219362540,1485068256,265705716,102780779.1806
"Bourne identity",1219362540,1220479080,1116540,102780779.1806
"Bourne identity",1219428540,1485068256,265639716,102780779.1806
"Bourne identity",1219428960,1485068256,265639296,102780779.1806
"Bourne identity",1219433580,1485068256,265634676,102780779.1806
"Bourne identity",1219433580,1219790940,357360,102780779.1806
"Bourne identity",1219433580,1220035560,601980,102780779.1806
"Bourne identity",1219434540,1485068256,265633716,102780779.1806
"Bourne identity",1219441260,1485068256,265626996,102780779.1806
"Bourne identity",1219441260,1485068256,265626996,102780779.1806
"Bourne identity",1219441260,1219704480,263220,102780779.1806
"Bourne identity",1219442580,1485068256,265625676,102780779.1806
"Bourne identity",1219442580,1219965900,523320,102780779.1806
"Bourne identity",1219452660,1485068256,265615596,102780779.1806
"Bourne identity",1219452660,1219869780,417120,102780779.1806
"Bourne identity",1219525140,1485068256,265543116,102780779.1806
"Bourne identity",1219525140,1220044380,519240,102780779.1806
"Bourne identity",1219532700,1485068256,265535556,102780779.1806
"Bourne identity",1219532700,1220138340,605640,102780779.1806
"Bourne identity",1219534020,1485068256,265534236,102780779.1806
"Bourne identity",1219534020,1219699920,165900,102780779.1806
"Bourne identity",1219606080,1485068256,265462176,102780779.1806
"Bourne identity",1219606080,1223506320,3900240,102780779.1806
"Bourne identity",1219607100,1485068256,265461156,102780779.1806
"Bourne identity",1219607100,1221606060,1998960,102780779.1806
"Bourne identity",1219608060,1485068256,265460196,102780779.1806
"Bourne identity",1219608060,1220052720,444660,102780779.1806
"Bourne identity",1219688040,1485068256,265380216,102780779.1806
"Bourne identity",1219688040,1221851580,2163540,102780779.1806
"Bourne identity",1219696440,1485068256,265371816,102780779.1806
"Bourne identity",1219696440,1220923620,1227180,102780779.1806
"Bourne identity",1219700160,1485068256,265368096,102780779.1806
"Bourne identity",1219700160,1219887360,187200,102780779.1806
"Bourne identity",1219700880,1485068256,265367376,102780779.1806
"Bourne identity",1219700940,1485068256,265367316,102780779.1806
"Bourne identity",1219700940,1220553720,852780,102780779.1806
"Bourne identity",1219705620,1485068256,265362636,102780779.1806
"Bourne identity",1219705620,1220748540,1042920,102780779.1806
"Bourne identity",1219707840,1485068256,265360416,102780779.1806
"Bourne identity",1219710120,1485068256,265358136,102780779.1806
"Bourne identity",1219710120,1220734080,1023960,102780779.1806
"Bourne identity",1219712100,1485068256,265356156,102780779.1806
"Bourne identity",1219712100,1220582700,870600,102780779.1806
"Bourne identity",1219781280,1485068256,265286976,102780779.1806
"Bourne identity",1219781340,1485068256,265286916,102780779.1806
"Bourne identity",1219781340,1220731140,949800,102780779.1806
"Bourne identity",1219781400,1485068256,265286856,102780779.1806
"Bourne identity",1219791180,1485068256,265277076,102780779.1806
"Bourne identity",1219792080,1485068256,265276176,102780779.1806
"Bourne identity",1219792080,1221002220,1210140,102780779.1806
"Bourne identity",1219869780,1485068256,265198476,102780779.1806
"Bourne identity",1219869780,1220554740,684960,102780779.1806
"Bourne identity",1219878000,1485068256,265190256,102780779.1806
"Bourne identity",1219878000,1220057340,179340,102780779.1806
"Bourne identity",1219879080,1485068256,265189176,102780779.1806
"Bourne identity",1219879080,1220053980,174900,102780779.1806
"Bourne identity",1219879080,1221334080,1455000,102780779.1806
"Bourne identity",1219879200,1485068256,265189056,102780779.1806
"Bourne identity",1219881780,1485068256,265186476,102780779.1806
"Bourne identity",1219881780,1220053500,171720,102780779.1806
"Bourne identity",1219950300,1485068256,265117956,102780779.1806
"Bourne identity",1219950300,1221166320,1216020,102780779.1806
"Bourne identity",1219950720,1485068256,265117536,102780779.1806
"Bourne identity",1219950720,1220124120,173400,102780779.1806
"Bourne identity",1219957680,1485068256,265110576,102780779.1806
"Bourne identity",1219965060,1485068256,265103196,102780779.1806
"Bourne identity",1219965060,1221519120,1554060,102780779.1806
"Bourne identity",1219965420,1485068256,265102836,102780779.1806
"Bourne identity",1219965420,1220732400,766980,102780779.1806
"Bourne identity",1219977060,1485068256,265091196,102780779.1806
"Bourne identity",1219977060,1220143920,166860,102780779.1806
"Bourne identity",1219977300,1485068256,265090956,102780779.1806
"Bourne identity",1219977300,1220408580,431280,102780779.1806
"Bourne identity",1220031000,1485068256,265037256,102780779.1806
"Bourne identity",1220031000,1220554200,523200,102780779.1806
"Bourne identity",1220033160,1485068256,265035096,102780779.1806
"Bourne identity",1220033160,1221603360,1570200,102780779.1806
"Bourne identity",1220033160,1221772560,1739400,102780779.1806
"Bourne identity",1220033160,1223597040,3563880,102780779.1806
"Bourne identity",1220036580,1485068256,265031676,102780779.1806
"Bourne identity",1220042280,1485068256,265025976,102780779.1806
"Bourne identity",1220050320,1485068256,265017936,102780779.1806
"Bourne identity",1220050320,1223158380,3108060,102780779.1806
"Bourne identity",1220051040,1485068256,265017216,102780779.1806
"Bourne identity",1220051040,1220924280,873240,102780779.1806
"Bourne identity",1220052180,1485068256,265016076,102780779.1806
"Bourne identity",1220052180,1220554440,502260,102780779.1806
"Bourne identity",1220119260,1485068256,264948996,102780779.1806
"Bourne identity",1220119260,1220914320,795060,102780779.1806
"Bourne identity",1220119260,1221147360,1028100,102780779.1806
"Bourne identity",1220119860,1485068256,264948396,102780779.1806
"Bourne identity",1220122560,1485068256,264945696,102780779.1806
"Bourne identity",1220122560,1220481420,358860,102780779.1806
"Bourne identity",1220211480,1485068256,264856776,102780779.1806
"Bourne identity",1220211480,1220395800,184320,102780779.1806
"Bourne identity",1220212500,1485068256,264855756,102780779.1806
"Bourne identity",1220212500,1222034340,1821840,102780779.1806
"Bourne identity",1220216640,1485068256,264851616,102780779.1806
"Bourne identity",1220216640,1220389200,172560,102780779.1806
"Bourne identity",1220387700,1485068256,264680556,102780779.1806
"Bourne identity",1220387700,1220744940,357240,102780779.1806
"Bourne identity",1220388300,1485068256,264679956,102780779.1806
"Bourne identity",1220388780,1485068256,264679476,102780779.1806
"Bourne identity",1220388780,1221068700,679920,102780779.1806
"Bourne identity",1220388780,1221253440,864660,102780779.1806
"Bourne identity",1220388780,1221329940,941160,102780779.1806
"Bourne identity",1220389620,1485068256,264678636,102780779.1806
"Bourne identity",1220389620,1221351060,961440,102780779.1806
"Bourne identity",1220389620,1221759660,1370040,102780779.1806
"Bourne identity",1220389620,1221849060,1459440,102780779.1806
"Bourne identity",1220394120,1485068256,264674136,102780779.1806
"Bourne identity",1220398920,1485068256,264669336,102780779.1806
"Bourne identity",1220399340,1485068256,264668916,102780779.1806
"Bourne identity",1220399340,1222135860,1736520,102780779.1806
"Bourne identity",1220402520,1485068256,264665736,102780779.1806
"Bourne identity",1220402520,1221247620,845100,102780779.1806
"Bourne identity",1220405460,1485068256,264662796,102780779.1806
"Bourne identity",1220405460,1221186660,781200,102780779.1806
"Bourne identity",1220409780,1485068256,264658476,102780779.1806
"Bourne identity",1220409780,1223501760,3091980,102780779.1806
"Bourne identity",1220474400,1485068256,264593856,102780779.1806
"Bourne identity",1220491200,1485068256,264577056,102780779.1806
"Bourne identity",1220553420,1485068256,264514836,102780779.1806
"Bourne identity",1220559960,1485068256,264508296,102780779.1806
"Bourne identity",1220559960,1221787860,1227900,102780779.1806
"Bourne identity",1220559960,1221888000,1328040,102780779.1806
"Bourne identity",1220559960,1221937080,1377120,102780779.1806
"Bourne identity",1220560200,1485068256,264508056,102780779.1806
"Bourne identity",1220560200,1222979280,2419080,102780779.1806
"Bourne identity",1220560200,1225862040,5301840,102780779.1806
"Bourne identity",1220560200,1225925760,5365560,102780779.1806
"Bourne identity",1220565960,1485068256,264502296,102780779.1806
"Bourne identity",1220565960,1222553100,1987140,102780779.1806
"Bourne identity",1220569380,1485068256,264498876,102780779.1806
"Bourne identity",1220569920,1485068256,264498336,102780779.1806
"Bourne identity",1220569920,1221785100,1215180,102780779.1806
"Bourne identity",1220571840,1485068256,264496416,102780779.1806
"Bourne identity",1220571840,1220916420,344580,102780779.1806
"Bourne identity",1220572260,1485068256,264495996,102780779.1806
"Bourne identity",1220572260,1221172200,599940,102780779.1806
"Bourne identity",1220572260,1221600060,1027800,102780779.1806
"Bourne identity",1220639340,1485068256,264428916,102780779.1806
"Bourne identity",1220639340,1221855780,1216440,102780779.1806
"Bourne identity",1220640600,1485068256,264427656,102780779.1806
"Bourne identity",1220655720,1485068256,264412536,102780779.1806
"Bourne identity",1220655720,1221341520,685800,102780779.1806
"Bourne identity",1220659620,1485068256,264408636,102780779.1806
"Bourne identity",1220721060,1485068256,264347196,102780779.1806
"Bourne identity",1220726280,1485068256,264341976,102780779.1806
"Bourne identity",1220726280,1220825580,99300,102780779.1806
"Bourne identity",1220729940,1221699240,969300,102780779.1806
"Bourne identity",1220729940,1221934440,1204500,102780779.1806
"Bourne identity",1220729940,1222114080,1384140,102780779.1806
"Bourne identity",1220730900,1485068256,264337356,102780779.1806
"Bourne identity",1220730900,1221941160,1210260,102780779.1806
"Bourne identity",1220733000,1485068256,264335256,102780779.1806
"Bourne identity",1220733000,1223150880,2417880,102780779.1806
"Bourne identity",1220733060,1485068256,264335196,102780779.1806
"Bourne identity",1220733060,1220922720,189660,102780779.1806
"Bourne identity",1220739480,1485068256,264328776,102780779.1806
"Bourne identity",1220739480,1221000180,260700,102780779.1806
"Bourne identity",1220740560,1485068256,264327696,102780779.1806
"Bourne identity",1220740560,1220823420,82860,102780779.1806
"Bourne identity",1220744100,1485068256,264324156,102780779.1806
"Bourne identity",1220744100,1224285480,3541380,102780779.1806
"Bourne identity",1220745240,1485068256,264323016,102780779.1806
"Bourne identity",1220745240,1222309080,1563840,102780779.1806
"Bourne identity",1220745240,1223575920,2830680,102780779.1806
"Bourne identity",1220746020,1485068256,264322236,102780779.1806
"Bourne identity",1220747760,1485068256,264320496,102780779.1806
"Bourne identity",1220814120,1485068256,264254136,102780779.1806
"Bourne identity",1220814120,1223952480,3138360,102780779.1806
"Bourne identity",1220814720,1485068256,264253536,102780779.1806
"Bourne identity",1220814720,1221524520,709800,102780779.1806
"Bourne identity",1220845500,1485068256,264222756,102780779.1806
"Bourne identity",1220912820,1485068256,264155436,102780779.1806
"Bourne identity",1220912820,1221345240,432420,102780779.1806
"Bourne identity",1220918640,1485068256,264149616,102780779.1806
"Bourne identity",1220918640,1221337500,418860,102780779.1806
"Bourne identity",1220928300,1485068256,264139956,102780779.1806
"Bourne identity",1220928300,1221533520,605220,102780779.1806
"Bourne identity",1220979840,1485068256,264088416,102780779.1806
"Bourne identity",1220979840,1221426120,446280,102780779.1806
"Bourne identity",1220988000,1485068256,264080256,102780779.1806
"Bourne identity",1220990700,1485068256,264077556,102780779.1806
"Bourne identity",1220990700,1222223640,1232940,102780779.1806
"Bourne identity",1220996940,1485068256,264071316,102780779.1806
"Bourne identity",1220996940,1221084120,87180,102780779.1806
"Bourne identity",1220997420,1485068256,264070836,102780779.1806
"Bourne identity",1220997420,1221603480,606060,102780779.1806
"Bourne identity",1220997420,1221695340,697920,102780779.1806
"Bourne identity",1220997420,1221760440,763020,102780779.1806
"Bourne identity",1220997480,1485068256,264070776,102780779.1806
"Bourne identity",1220997480,1223162700,2165220,102780779.1806
"Bourne identity",1220997480,1223325600,2328120,102780779.1806
"Bourne identity",1220997480,1223415900,2418420,102780779.1806
"Bourne identity",1220999460,1485068256,264068796,102780779.1806
"Bourne identity",1220999460,1221861960,862500,102780779.1806
"Bourne identity",1221000180,1485068256,264068076,102780779.1806
"Bourne identity",1221000180,1222224480,1224300,102780779.1806
"Bourne identity",1221004440,1485068256,264063816,102780779.1806
"Bourne identity",1221004440,1221069300,64860,102780779.1806
"Bourne identity",1221004920,1485068256,264063336,102780779.1806
"Bourne identity",1221004920,1222027620,1022700,102780779.1806
"Bourne identity",1221007500,1485068256,264060756,102780779.1806
"Bourne identity",1221007500,1221789300,781800,102780779.1806
"Bourne identity",1221066660,1485068256,264001596,102780779.1806
"Bourne identity",1221066660,1224008760,2942100,102780779.1806
"Bourne identity",1221075720,1485068256,263992536,102780779.1806
"Bourne identity",1221075720,1222898160,1822440,102780779.1806
"Bourne identity",1221084960,1485068256,263983296,102780779.1806
"Bourne identity",1221084960,1223070120,1985160,102780779.1806
"Bourne identity",1221084960,1224130620,3045660,102780779.1806
"Bourne identity",1221084960,1224179280,3094320,102780779.1806
"Bourne identity",1221086820,1485068256,263981436,102780779.1806
"Bourne identity",1221086820,1222729620,1642800,102780779.1806
"Bourne identity",1221090660,1485068256,263977596,102780779.1806
"Bourne identity",1221090660,1221866760,776100,102780779.1806
"Bourne identity",1221092340,1485068256,263975916,102780779.1806
"Bourne identity",1221096540,1485068256,263971716,102780779.1806
"Bourne identity",1221096540,1221943140,846600,102780779.1806
"Bourne identity",1221147900,1485068256,263920356,102780779.1806
"Bourne identity",1221147900,1223577900,2430000,102780779.1806
"Bourne identity",1221165960,1485068256,263902296,102780779.1806
"Bourne identity",1221172080,1485068256,263896176,102780779.1806
"Bourne identity",1221172080,1221870360,698280,102780779.1806
"Bourne identity",1221172080,1222287300,1115220,102780779.1806
"Bourne identity",1221186240,1485068256,263882016,102780779.1806
"Bourne identity",1221187440,1485068256,263880816,102780779.1806
"Bourne identity",1221187440,1221949320,761880,102780779.1806
"Bourne identity",1221253260,1485068256,263814996,102780779.1806
"Bourne identity",1221253260,1222214940,961680,102780779.1806
"Bourne identity",1221263040,1485068256,263805216,102780779.1806
"Bourne identity",1221263040,1222034400,771360,102780779.1806
"Bourne identity",1221334500,1485068256,263733756,102780779.1806
"Bourne identity",1221334500,1221761400,426900,102780779.1806
"Bourne identity",1221338220,1485068256,263730036,102780779.1806
"Bourne identity",1221339960,1485068256,263728296,102780779.1806
"Bourne identity",1221339960,1222389180,1049220,102780779.1806
"Bourne identity",1221342240,1485068256,263726016,102780779.1806
"Bourne identity",1221342240,1223162520,1820280,102780779.1806
"Bourne identity",1221344700,1485068256,263723556,102780779.1806
"Bourne identity",1221344700,1222124340,779640,102780779.1806
"Bourne identity",1221346680,1485068256,263721576,102780779.1806
"Bourne identity",1221346680,1221951660,604980,102780779.1806
"Bourne identity",1221347280,1485068256,263720976,102780779.1806
"Bourne identity",1221347280,1224121620,2774340,102780779.1806
"Bourne identity",1221347880,1485068256,263720376,102780779.1806
"Bourne identity",1221349620,1485068256,263718636,102780779.1806
"Bourne identity",1221349620,1224199260,2849640,102780779.1806
"Bourne identity",1221434340,1485068256,263633916,102780779.1806
"Bourne identity",1221434340,1222560300,1125960,102780779.1806
"Bourne identity",1221435840,1485068256,263632416,102780779.1806
"Bourne identity",1221499980,1485068256,263568276,102780779.1806
"Bourne identity",1221499980,1221603540,103560,102780779.1806
"Bourne identity",1221511500,1485068256,263556756,102780779.1806
"Bourne identity",1221511500,1222818780,1307280,102780779.1806
"Bourne identity",1221513660,1485068256,263554596,102780779.1806
"Bourne identity",1221513660,1224537960,3024300,102780779.1806
"Bourne identity",1221526800,1485068256,263541456,102780779.1806
"Bourne identity",1221526800,1222125720,598920,102780779.1806
"Bourne identity",1221527280,1485068256,263540976,102780779.1806
"Bourne identity",1221600840,1485068256,263467416,102780779.1806
"Bourne identity",1221600840,1222030740,429900,102780779.1806
"Bourne identity",1221600840,1222145760,544920,102780779.1806
"Bourne identity",1221604320,1485068256,263463936,102780779.1806
"Bourne identity",1221604320,1222470840,866520,102780779.1806
"Bourne identity",1221608340,1485068256,263459916,102780779.1806
"Bourne identity",1221608340,1222469700,861360,102780779.1806
"Bourne identity",1221609780,1485068256,263458476,102780779.1806
"Bourne identity",1221609780,1222742040,1132260,102780779.1806
"Bourne identity",1221614460,1485068256,263453796,102780779.1806
"Bourne identity",1221614460,1222027800,413340,102780779.1806
"Bourne identity",1221615420,1485068256,263452836,102780779.1806
"Bourne identity",1221615420,1224022800,2407380,102780779.1806
"Bourne identity",1221616140,1485068256,263452116,102780779.1806
"Bourne identity",1221616140,1224724140,3108000,102780779.1806
"Bourne identity",1221674340,1485068256,263393916,102780779.1806
"Bourne identity",1221674340,1221848160,173820,102780779.1806
"Bourne identity",1221688260,1485068256,263379996,102780779.1806
"Bourne identity",1221688260,1224703740,3015480,102780779.1806
"Bourne identity",1221698640,1485068256,263369616,102780779.1806
"Bourne identity",1221698640,1224444420,2745780,102780779.1806
"Bourne identity",1221699420,1485068256,263368836,102780779.1806
"Bourne identity",1221771240,1485068256,263297016,102780779.1806
"Bourne identity",1221771240,1222117740,346500,102780779.1806
"Bourne identity",1221782880,1485068256,263285376,102780779.1806
"Bourne identity",1221786060,1485068256,263282196,102780779.1806
"Bourne identity",1221786060,1222119720,333660,102780779.1806
"Bourne identity",1221786420,1485068256,263281836,102780779.1806
"Bourne identity",1221786420,1222130040,343620,102780779.1806
"Bourne identity",1221792900,1485068256,263275356,102780779.1806
"Bourne identity",1221792900,1222828200,1035300,102780779.1806
"Bourne identity",1221853800,1485068256,263214456,102780779.1806
"Bourne identity",1221853800,1223241300,1387500,102780779.1806
"Bourne identity",1221856620,1485068256,263211636,102780779.1806
"Bourne identity",1221859860,1485068256,263208396,102780779.1806
"Bourne identity",1221865380,1485068256,263202876,102780779.1806
"Bourne identity",1221865380,1223503560,1638180,102780779.1806
"Bourne identity",1221867780,1485068256,263200476,102780779.1806
"Bourne identity",1221868320,1485068256,263199936,102780779.1806
"Bourne identity",1221934560,1485068256,263133696,102780779.1806
"Bourne identity",1221937980,1485068256,263130276,102780779.1806
"Bourne identity",1221937980,1222982460,1044480,102780779.1806
"Bourne identity",1221950400,1485068256,263117856,102780779.1806
"Bourne identity",1221950400,1222289100,338700,102780779.1806
"Bourne identity",1221953220,1485068256,263115036,102780779.1806
"Bourne identity",1221953220,1222215840,262620,102780779.1806
"Bourne identity",1222025160,1485068256,263043096,102780779.1806
"Bourne identity",1222029600,1485068256,263038656,102780779.1806
"Bourne identity",1222029600,1222298040,268440,102780779.1806
"Bourne identity",1222032660,1485068256,263035596,102780779.1806
"Bourne identity",1222032660,1222727100,694440,102780779.1806
"Bourne identity",1222040640,1485068256,263027616,102780779.1806
"Bourne identity",1222040640,1222388580,347940,102780779.1806
"Bourne identity",1222114980,1485068256,262953276,102780779.1806
"Bourne identity",1222123260,1485068256,262944996,102780779.1806
"Bourne identity",1222123260,1224794580,2671320,102780779.1806
"Bourne identity",1222125540,1485068256,262942716,102780779.1806
"Bourne identity",1222125540,1222300080,174540,102780779.1806
"Bourne identity",1222129260,1485068256,262938996,102780779.1806
"Bourne identity",1222129260,1224548400,2419140,102780779.1806
"Bourne identity",1222205640,1485068256,262862616,102780779.1806
"Bourne identity",1222205640,1222296900,91260,102780779.1806
"Bourne identity",1222217340,1485068256,262850916,102780779.1806
"Bourne identity",1222222140,1485068256,262846116,102780779.1806
"Bourne identity",1222222140,1223080800,858660,102780779.1806
"Bourne identity",1222276620,1485068256,262791636,102780779.1806
"Bourne identity",1222276620,1223410920,1134300,102780779.1806
"Bourne identity",1222281840,1485068256,262786416,102780779.1806
"Bourne identity",1222281840,1227254400,4972560,102780779.1806
"Bourne identity",1222283160,1485068256,262785096,102780779.1806
"Bourne identity",1222283160,1223347740,1064580,102780779.1806
"Bourne identity",1222295100,1485068256,262773156,102780779.1806
"Bourne identity",1222295100,1222900380,605280,102780779.1806
"Bourne identity",1222302900,1485068256,262765356,102780779.1806
"Bourne identity",1222302900,1222827480,524580,102780779.1806
"Bourne identity",1222307520,1485068256,262760736,102780779.1806
"Bourne identity",1222311000,1485068256,262757256,102780779.1806
"Bourne identity",1222377840,1485068256,262690416,102780779.1806
"Bourne identity",1222377840,1223771640,1393800,102780779.1806
"Bourne identity",1222382160,1485068256,262686096,102780779.1806
"Bourne identity",1222382160,1222557180,175020,102780779.1806
"Bourne identity",1222384980,1485068256,262683276,102780779.1806
"Bourne identity",1222388100,1485068256,262680156,102780779.1806
"Bourne identity",1222392720,1485068256,262675536,102780779.1806
"Bourne identity",1222393620,1485068256,262674636,102780779.1806
"Bourne identity",1222393620,1222807560,413940,102780779.1806
"Bourne identity",1222393620,1222891380,497760,102780779.1806
"Bourne identity",1222460040,1485068256,262608216,102780779.1806
"Bourne identity",1222460040,1223420940,960900,102780779.1806
"Bourne identity",1222467540,1485068256,262600716,102780779.1806
"Bourne identity",1222467540,1224017820,1550280,102780779.1806
"Bourne identity",1222468560,1485068256,262599696,102780779.1806
"Bourne identity",1222468560,1223595840,1127280,102780779.1806
"Bourne identity",1222474320,1485068256,262593936,102780779.1806
"Bourne identity",1222474320,1222909620,435300,102780779.1806
"Bourne identity",1222536240,1485068256,262532016,102780779.1806
"Bourne identity",1222536240,1223758980,1222740,102780779.1806
"Bourne identity",1222548720,1485068256,262519536,102780779.1806
"Bourne identity",1222548720,1223141520,592800,102780779.1806
"Bourne identity",1222553400,1485068256,262514856,102780779.1806
"Bourne identity",1222553400,1223750340,1196940,102780779.1806
"Bourne identity",1222555920,1485068256,262512336,102780779.1806
"Bourne identity",1222555920,1222912380,356460,102780779.1806
"Bourne identity",1222557120,1485068256,262511136,102780779.1806
"Bourne identity",1222557120,1223331720,774600,102780779.1806
"Bourne identity",1222559520,1485068256,262508736,102780779.1806
"Bourne identity",1222559520,1222994280,434760,102780779.1806
"Bourne identity",1222561860,1485068256,262506396,102780779.1806
"Bourne identity",1222561860,1222809840,247980,102780779.1806
"Bourne identity",1222563360,1485068256,262504896,102780779.1806
"Bourne identity",1222563360,1223146440,583080,102780779.1806
"Bourne identity",1222729140,1485068256,262339116,102780779.1806
"Bourne identity",1222729140,1223338140,609000,102780779.1806
"Bourne identity",1222735740,1485068256,262332516,102780779.1806
"Bourne identity",1222737720,1485068256,262330536,102780779.1806
"Bourne identity",1222737720,1225225560,2487840,102780779.1806
"Bourne identity",1222801260,1485068256,262266996,102780779.1806
"Bourne identity",1222810620,1485068256,262257636,102780779.1806
"Bourne identity",1222810620,1231024320,8213700,102780779.1806
"Bourne identity",1222810620,1231032660,8222040,102780779.1806
"Bourne identity",1222810620,1231464300,8653680,102780779.1806
"Bourne identity",1222817940,1485068256,262250316,102780779.1806
"Bourne identity",1222817940,1223337240,519300,102780779.1806
"Bourne identity",1222818660,1485068256,262249596,102780779.1806
"Bourne identity",1222818660,1223250000,431340,102780779.1806
"Bourne identity",1222828080,1485068256,262240176,102780779.1806
"Bourne identity",1222828080,1223341020,512940,102780779.1806
"Bourne identity",1222886400,1485068256,262181856,102780779.1806
"Bourne identity",1222886400,1223505780,619380,102780779.1806
"Bourne identity",1222899660,1485068256,262168596,102780779.1806
"Bourne identity",1222899660,1223679180,779520,102780779.1806
"Bourne identity",1222902780,1485068256,262165476,102780779.1806
"Bourne identity",1222902780,1223411280,508500,102780779.1806
"Bourne identity",1222904940,1485068256,262163316,102780779.1806
"Bourne identity",1222904940,1224018060,1113120,102780779.1806
"Bourne identity",1222980900,1485068256,262087356,102780779.1806
"Bourne identity",1222980900,1223078820,97920,102780779.1806
"Bourne identity",1222996680,1485068256,262071576,102780779.1806
"Bourne identity",1222996680,1223345940,349260,102780779.1806
"Bourne identity",1222999380,1485068256,262068876,102780779.1806
"Bourne identity",1223001540,1485068256,262066716,102780779.1806
"Bourne identity",1223063340,1485068256,262004916,102780779.1806
"Bourne identity",1223063340,1223682960,619620,102780779.1806
"Bourne identity",1223063520,1485068256,262004736,102780779.1806
"Bourne identity",1223063520,1223842920,779400,102780779.1806
"Bourne identity",1223071140,1485068256,261997116,102780779.1806
"Bourne identity",1223071140,1223601540,530400,102780779.1806
"Bourne identity",1223079900,1485068256,261988356,102780779.1806
"Bourne identity",1223079900,1223341440,261540,102780779.1806
"Bourne identity",1223153580,1485068256,261914676,102780779.1806
"Bourne identity",1223154420,1485068256,261913836,102780779.1806
"Bourne identity",1223154420,1223421360,266940,102780779.1806
"Bourne identity",1223155680,1485068256,261912576,102780779.1806
"Bourne identity",1223155680,1224363300,1207620,102780779.1806
"Bourne identity",1223159820,1485068256,261908436,102780779.1806
"Bourne identity",1223160840,1485068256,261907416,102780779.1806
"Bourne identity",1223160840,1224208440,1047600,102780779.1806
"Bourne identity",1223161260,1485068256,261906996,102780779.1806
"Bourne identity",1223239320,1485068256,261828936,102780779.1806
"Bourne identity",1223239320,1223848920,609600,102780779.1806
"Bourne identity",1223247600,1485068256,261820656,102780779.1806
"Bourne identity",1223247600,1223518500,270900,102780779.1806
"Bourne identity",1223313960,1485068256,261754296,102780779.1806
"Bourne identity",1223320620,1485068256,261747636,102780779.1806
"Bourne identity",1223320620,1224789300,1468680,102780779.1806
"Bourne identity",1223320620,1225400520,2079900,102780779.1806
"Bourne identity",1223320620,1225837800,2517180,102780779.1806
"Bourne identity",1223324520,1485068256,261743736,102780779.1806
"Bourne identity",1223326920,1485068256,261741336,102780779.1806
"Bourne identity",1223326920,1223408220,81300,102780779.1806
"Bourne identity",1223331060,1485068256,261737196,102780779.1806
"Bourne identity",1223331060,1223762640,431580,102780779.1806
"Bourne identity",1223333520,1485068256,261734736,102780779.1806
"Bourne identity",1223333520,1223929380,595860,102780779.1806
"Bourne identity",1223333520,1224182160,848640,102780779.1806
"Bourne identity",1223334840,1485068256,261733416,102780779.1806
"Bourne identity",1223334840,1223854200,519360,102780779.1806
"Bourne identity",1223334840,1224172320,837480,102780779.1806
"Bourne identity",1223340960,1485068256,261727296,102780779.1806
"Bourne identity",1223342280,1485068256,261725976,102780779.1806
"Bourne identity",1223342280,1223598000,255720,102780779.1806
"Bourne identity",1223344320,1485068256,261723936,102780779.1806
"Bourne identity",1223344980,1485068256,261723276,102780779.1806
"Bourne identity",1223344980,1225242360,1897380,102780779.1806
"Bourne identity",1223410500,1485068256,261657756,102780779.1806
"Bourne identity",1223410500,1224364920,954420,102780779.1806
"Bourne identity",1223413380,1485068256,261654876,102780779.1806
"Bourne identity",1223413380,1224023940,610560,102780779.1806
"Bourne identity",1223419560,1485068256,261648696,102780779.1806
"Bourne identity",1223419560,1223838480,418920,102780779.1806
"Bourne identity",1223424900,1485068256,261643356,102780779.1806
"Bourne identity",1223424900,1225934460,2509560,102780779.1806
"Bourne identity",1223424900,1226006400,2581500,102780779.1806
"Bourne identity",1223426940,1485068256,261641316,102780779.1806
"Bourne identity",1223430900,1485068256,261637356,102780779.1806
"Bourne identity",1223430900,1224018600,587700,102780779.1806
"Bourne identity",1223431260,1485068256,261636996,102780779.1806
"Bourne identity",1223431260,1224552000,1120740,102780779.1806
"Bourne identity",1223431260,1224878100,1446840,102780779.1806
"Bourne identity",1223502120,1485068256,261566136,102780779.1806
"Bourne identity",1223502120,1224715560,1213440,102780779.1806
"Bourne identity",1223503380,1485068256,261564876,102780779.1806
"Bourne identity",1223503380,1224106440,603060,102780779.1806
"Bourne identity",1223503800,1485068256,261564456,102780779.1806
"Bourne identity",1223503800,1226030160,2526360,102780779.1806
"Bourne identity",1223503800,1227382200,3878400,102780779.1806
"Bourne identity",1223506860,1485068256,261561396,102780779.1806
"Bourne identity",1223506860,1224812040,1305180,102780779.1806
"Bourne identity",1223511540,1485068256,261556716,102780779.1806
"Bourne identity",1223511960,1485068256,261556296,102780779.1806
"Bourne identity",1223511960,1223675580,163620,102780779.1806
"Bourne identity",1223511960,1223789520,277560,102780779.1806
"Bourne identity",1223511960,1223924520,412560,102780779.1806
"Bourne identity",1223513760,1485068256,261554496,102780779.1806
"Bourne identity",1223514780,1485068256,261553476,102780779.1806
"Bourne identity",1223514780,1228934580,5419800,102780779.1806
"Bourne identity",1223520780,1485068256,261547476,102780779.1806
"Bourne identity",1223520780,1223759280,238500,102780779.1806
"Bourne identity",1223520900,1485068256,261547356,102780779.1806
"Bourne identity",1223584680,1485068256,261483576,102780779.1806
"Bourne identity",1223584860,1485068256,261483396,102780779.1806
"Bourne identity",1223584860,1224537900,953040,102780779.1806
"Bourne identity",1223592480,1485068256,261475776,102780779.1806
"Bourne identity",1223592480,1224891660,1299180,102780779.1806
"Bourne identity",1223599260,1485068256,261468996,102780779.1806
"Bourne identity",1223599260,1224038580,439320,102780779.1806
"Bourne identity",1223599260,1224796800,1197540,102780779.1806
"Bourne identity",1223599260,1224870900,1271640,102780779.1806
"Bourne identity",1223600700,1485068256,261467556,102780779.1806
"Bourne identity",1223747940,1485068256,261320316,102780779.1806
"Bourne identity",1223754600,1485068256,261313656,102780779.1806
"Bourne identity",1223755020,1485068256,261313236,102780779.1806
"Bourne identity",1223755020,1224355620,600600,102780779.1806
"Bourne identity",1223761920,1485068256,261306336,102780779.1806
"Bourne identity",1223761920,1224288540,526620,102780779.1806
"Bourne identity",1223762520,1485068256,261305736,102780779.1806
"Bourne identity",1223762520,1224026940,264420,102780779.1806
"Bourne identity",1223762520,1224546060,783540,102780779.1806
"Bourne identity",1223762940,1485068256,261305316,102780779.1806
"Bourne identity",1223770860,1485068256,261297396,102780779.1806
"Bourne identity",1223770860,1224720240,949380,102780779.1806
"Bourne identity",1223847420,1485068256,261220836,102780779.1806
"Bourne identity",1223847420,1224290280,442860,102780779.1806
"Bourne identity",1223848200,1485068256,261220056,102780779.1806
"Bourne identity",1223848200,1224879420,1031220,102780779.1806
"Bourne identity",1223854020,1485068256,261214236,102780779.1806
"Bourne identity",1223855340,1485068256,261212916,102780779.1806
"Bourne identity",1223855340,1226881920,3026580,102780779.1806
"Bourne identity",1223855340,1226952480,3097140,102780779.1806
"Bourne identity",1223930040,1485068256,261138216,102780779.1806
"Bourne identity",1223930040,1225144140,1214100,102780779.1806
"Bourne identity",1223933220,1485068256,261135036,102780779.1806
"Bourne identity",1223933220,1224792660,859440,102780779.1806
"Bourne identity",1223933220,1225307220,1374000,102780779.1806
"Bourne identity",1224011340,1485068256,261056916,102780779.1806
"Bourne identity",1224011340,1225230300,1218960,102780779.1806
"Bourne identity",1224017820,1485068256,261050436,102780779.1806
"Bourne identity",1224017820,1227922200,3904380,102780779.1806
"Bourne identity",1224017820,1228331580,4313760,102780779.1806
"Bourne identity",1224028200,1485068256,261040056,102780779.1806
"Bourne identity",1224028200,1225141740,1113540,102780779.1806
"Bourne identity",1224028200,1225225500,1197300,102780779.1806
"Bourne identity",1224029400,1485068256,261038856,102780779.1806
"Bourne identity",1224029400,1225054800,1025400,102780779.1806
"Bourne identity",1224031200,1485068256,261037056,102780779.1806
"Bourne identity",1224031200,1225310340,1279140,102780779.1806
"Bourne identity",1224033900,1485068256,261034356,102780779.1806
"Bourne identity",1224033900,1225332240,1298340,102780779.1806
"Bourne identity",1224034380,1485068256,261033876,102780779.1806
"Bourne identity",1224034380,1224036900,2520,102780779.1806
"Bourne identity",1224106140,1485068256,260962116,102780779.1806
"Bourne identity",1224106140,1224788700,682560,102780779.1806
"Bourne identity",1224107820,1485068256,260960436,102780779.1806
"Bourne identity",1224107820,1226529540,2421720,102780779.1806
"Bourne identity",1224110880,1485068256,260957376,102780779.1806
"Bourne identity",1224110880,1224640080,529200,102780779.1806
"Bourne identity",1224180060,1485068256,260888196,102780779.1806
"Bourne identity",1224180060,1224544920,364860,102780779.1806
"Bourne identity",1224187020,1485068256,260881236,102780779.1806
"Bourne identity",1224187020,1225399800,1212780,102780779.1806
"Bourne identity",1224192000,1485068256,260876256,102780779.1806
"Bourne identity",1224199200,1485068256,260869056,102780779.1806
"Bourne identity",1224199200,1225396980,1197780,102780779.1806
"Bourne identity",1224200520,1485068256,260867736,102780779.1806
"Bourne identity",1224200520,1226363160,2162640,102780779.1806
"Bourne identity",1224200520,1226690520,2490000,102780779.1806
"Bourne identity",1224204000,1485068256,260864256,102780779.1806
"Bourne identity",1224204000,1225837500,1633500,102780779.1806
"Bourne identity",1224205500,1485068256,260862756,102780779.1806
"Bourne identity",1224205500,1224967800,762300,102780779.1806
"Bourne identity",1224263700,1485068256,260804556,102780779.1806
"Bourne identity",1224263700,1224782040,518340,102780779.1806
"Bourne identity",1224265080,1485068256,260803176,102780779.1806
"Bourne identity",1224265080,1224712980,447900,102780779.1806
"Bourne identity",1224268020,1485068256,260800236,102780779.1806
"Bourne identity",1224268020,1225497960,1229940,102780779.1806
"Bourne identity",1224268020,1225780140,1512120,102780779.1806
"Bourne identity",1224272460,1485068256,260795796,102780779.1806
"Bourne identity",1224272460,1225396620,1124160,102780779.1806
"Bourne identity",1224275160,1485068256,260793096,102780779.1806
"Bourne identity",1224285240,1485068256,260783016,102780779.1806
"Bourne identity",1224285240,1224712800,427560,102780779.1806
"Bourne identity",1224290700,1485068256,260777556,102780779.1806
"Bourne identity",1224290700,1226096220,1805520,102780779.1806
"Bourne identity",1224290700,1226208420,1917720,102780779.1806
"Bourne identity",1224290700,1226349180,2058480,102780779.1806
"Bourne identity",1224290700,1226554260,2263560,102780779.1806
"Bourne identity",1224350940,1485068256,260717316,102780779.1806
"Bourne identity",1224350940,1485068256,260717316,102780779.1806
"Bourne identity",1224350940,1225407720,1056780,102780779.1806
"Bourne identity",1224355380,1485068256,260712876,102780779.1806
"Bourne identity",1224355380,1225400100,1044720,102780779.1806
"Bourne identity",1224356460,1485068256,260711796,102780779.1806
"Bourne identity",1224356460,1224543420,186960,102780779.1806
"Bourne identity",1224364380,1485068256,260703876,102780779.1806
"Bourne identity",1224364380,1225055820,691440,102780779.1806
"Bourne identity",1224366060,1485068256,260702196,102780779.1806
"Bourne identity",1224366060,1225063920,697860,102780779.1806
"Bourne identity",1224366120,1485068256,260702136,102780779.1806
"Bourne identity",1224366120,1225662900,1296780,102780779.1806
"Bourne identity",1224366840,1485068256,260701416,102780779.1806
"Bourne identity",1224366840,1224634320,267480,102780779.1806
"Bourne identity",1224375240,1485068256,260693016,102780779.1806
"Bourne identity",1224375240,1224873420,498180,102780779.1806
"Bourne identity",1224375540,1485068256,260692716,102780779.1806
"Bourne identity",1224375540,1224803940,428400,102780779.1806
"Bourne identity",1224375540,1225578720,1203180,102780779.1806
"Bourne identity",1224375540,1225749840,1374300,102780779.1806
"Bourne identity",1224452040,1485068256,260616216,102780779.1806
"Bourne identity",1224452040,1225586880,1134840,102780779.1806
"Bourne identity",1224533880,1485068256,260534376,102780779.1806
"Bourne identity",1224533880,1225333020,799140,102780779.1806
"Bourne identity",1224536820,1485068256,260531436,102780779.1806
"Bourne identity",1224536820,1224802200,265380,102780779.1806
"Bourne identity",1224543060,1485068256,260525196,102780779.1806
"Bourne identity",1224543060,1225744680,1201620,102780779.1806
"Bourne identity",1224544440,1485068256,260523816,102780779.1806
"Bourne identity",1224546060,1485068256,260522196,102780779.1806
"Bourne identity",1224546060,1225061160,515100,102780779.1806
"Bourne identity",1224546060,1225133820,587760,102780779.1806
"Bourne identity",1224609060,1485068256,260459196,102780779.1806
"Bourne identity",1224623460,1485068256,260444796,102780779.1806
"Bourne identity",1224631020,1485068256,260437236,102780779.1806
"Bourne identity",1224631020,1225139400,508380,102780779.1806
"Bourne identity",1224638640,1485068256,260429616,102780779.1806
"Bourne identity",1224638640,1227197100,2558460,102780779.1806
"Bourne identity",1224643140,1485068256,260425116,102780779.1806
"Bourne identity",1224696720,1485068256,260371536,102780779.1806
"Bourne identity",1224696720,1224973440,276720,102780779.1806
"Bourne identity",1224696840,1485068256,260371416,102780779.1806
"Bourne identity",1224710280,1485068256,260357976,102780779.1806
"Bourne identity",1224710280,1225307700,597420,102780779.1806
"Bourne identity",1224728280,1485068256,260339976,102780779.1806
"Bourne identity",1224728280,1224976020,247740,102780779.1806
"Bourne identity",1224784560,1485068256,260283696,102780779.1806
"Bourne identity",1224794280,1485068256,260273976,102780779.1806
"Bourne identity",1224794280,1225465800,671520,102780779.1806
"Bourne identity",1224796680,1485068256,260271576,102780779.1806
"Bourne identity",1224796680,1226019060,1222380,102780779.1806
"Bourne identity",1224804600,1485068256,260263656,102780779.1806
"Bourne identity",1224804600,1225306200,501600,102780779.1806
"Bourne identity",1224807720,1485068256,260260536,102780779.1806
"Bourne identity",1224807720,1224979320,171600,102780779.1806
"Bourne identity",1224808380,1485068256,260259876,102780779.1806
"Bourne identity",1224808380,1227378540,2570160,102780779.1806
"Bourne identity",1224814320,1485068256,260253936,102780779.1806
"Bourne identity",1224814320,1226540220,1725900,102780779.1806
"Bourne identity",1224871740,1485068256,260196516,102780779.1806
"Bourne identity",1224871740,1225162560,290820,102780779.1806
"Bourne identity",1224893820,1485068256,260174436,102780779.1806
"Bourne identity",1224893820,1225414620,520800,102780779.1806
"Bourne identity",1224893940,1485068256,260174316,102780779.1806
"Bourne identity",1224962820,1485068256,260105436,102780779.1806
"Bourne identity",1224962820,1225397580,434760,102780779.1806
"Bourne identity",1224962880,1485068256,260105376,102780779.1806
"Bourne identity",1224962880,1225240080,277200,102780779.1806
"Bourne identity",1224964200,1485068256,260104056,102780779.1806
"Bourne identity",1224964200,1225159740,195540,102780779.1806
"Bourne identity",1224965040,1485068256,260103216,102780779.1806
"Bourne identity",1224965040,1226960100,1995060,102780779.1806
"Bourne identity",1224965040,1227036120,2071080,102780779.1806
"Bourne identity",1224966120,1485068256,260102136,102780779.1806
"Bourne identity",1224966120,1226179260,1213140,102780779.1806
"Bourne identity",1224982440,1485068256,260085816,102780779.1806
"Bourne identity",1224982440,1228176420,3193980,102780779.1806
"Bourne identity",1225054800,1485068256,260013456,102780779.1806
"Bourne identity",1225054800,1226262000,1207200,102780779.1806
"Bourne identity",1225139400,1485068256,259928856,102780779.1806
"Bourne identity",1225139400,1227562020,2422620,102780779.1806
"Bourne identity",1225150740,1485068256,259917516,102780779.1806
"Bourne identity",1225150740,1225311840,161100,102780779.1806
"Bourne identity",1225158420,1485068256,259909836,102780779.1806
"Bourne identity",1225158420,1226177400,1018980,102780779.1806
"Bourne identity",1225160040,1485068256,259908216,102780779.1806
"Bourne identity",1225160040,1225412760,252720,102780779.1806
"Bourne identity",1225161420,1485068256,259906836,102780779.1806
"Bourne identity",1225161420,1225926120,764700,102780779.1806
"Bourne identity",1225161420,1226020620,859200,102780779.1806
"Bourne identity",1225161420,1226082000,920580,102780779.1806
"Bourne identity",1225163700,1485068256,259904556,102780779.1806
"Bourne identity",1225163700,1225733700,570000,102780779.1806
"Bourne identity",1225227900,1485068256,259840356,102780779.1806
"Bourne identity",1225227900,1226705640,1477740,102780779.1806
"Bourne identity",1225230240,1485068256,259838016,102780779.1806
"Bourne identity",1225230240,1225943820,713580,102780779.1806
"Bourne identity",1225231380,1485068256,259836876,102780779.1806
"Bourne identity",1225237560,1485068256,259830696,102780779.1806
"Bourne identity",1225246320,1485068256,259821936,102780779.1806
"Bourne identity",1225246320,1228158060,2911740,102780779.1806
"Bourne identity",1225307040,1485068256,259761216,102780779.1806
"Bourne identity",1225307040,1225913760,606720,102780779.1806
"Bourne identity",1225307040,1226083680,776640,102780779.1806
"Bourne identity",1225307040,1226342640,1035600,102780779.1806
"Bourne identity",1225311900,1485068256,259756356,102780779.1806
"Bourne identity",1225311900,1226270880,958980,102780779.1806
"Bourne identity",1225313640,1485068256,259754616,102780779.1806
"Bourne identity",1225313640,1226087820,774180,102780779.1806
"Bourne identity",1225313640,1226197560,883920,102780779.1806
"Bourne identity",1225313640,1226521020,1207380,102780779.1806
"Bourne identity",1225313940,1485068256,259754316,102780779.1806
"Bourne identity",1225313940,1225569480,255540,102780779.1806
"Bourne identity",1225314660,1485068256,259753596,102780779.1806
"Bourne identity",1225315140,1485068256,259753116,102780779.1806
"Bourne identity",1225315920,1485068256,259752336,102780779.1806
"Bourne identity",1225315920,1225488360,172440,102780779.1806
"Bourne identity",1225320360,1485068256,259747896,102780779.1806
"Bourne identity",1225320360,1227393780,2073420,102780779.1806
"Bourne identity",1225326000,1485068256,259742256,102780779.1806
"Bourne identity",1225326000,1225578720,252720,102780779.1806
"Bourne identity",1225328100,1485068256,259740156,102780779.1806
"Bourne identity",1225387500,1485068256,259680756,102780779.1806
"Bourne identity",1225391520,1485068256,259676736,102780779.1806
"Bourne identity",1225395360,1485068256,259672896,102780779.1806
"Bourne identity",1225395360,1225930740,535380,102780779.1806
"Bourne identity",1225399320,1485068256,259668936,102780779.1806
"Bourne identity",1225404600,1485068256,259663656,102780779.1806
"Bourne identity",1225404600,1225773600,369000,102780779.1806
"Bourne identity",1225404600,1225850520,445920,102780779.1806
"Bourne identity",1225409640,1485068256,259658616,102780779.1806
"Bourne identity",1225409640,1226106180,696540,102780779.1806
"Bourne identity",1225411080,1485068256,259657176,102780779.1806
"Bourne identity",1225412280,1485068256,259655976,102780779.1806
"Bourne identity",1225412280,1225760160,347880,102780779.1806
"Bourne identity",1225412280,1225856880,444600,102780779.1806
"Bourne identity",1225412280,1225913460,501180,102780779.1806
"Bourne identity",1225416360,1485068256,259651896,102780779.1806
"Bourne identity",1225416360,1229375400,3959040,102780779.1806
"Bourne identity",1225420260,1485068256,259647996,102780779.1806
"Bourne identity",1225420260,1225769940,349680,102780779.1806
"Bourne identity",1225420260,1226036580,616320,102780779.1806
"Bourne identity",1225420260,1226365260,945000,102780779.1806
"Bourne identity",1225420260,1226521680,1101420,102780779.1806
"Bourne identity",1225420260,1227643800,2223540,102780779.1806
"Bourne identity",1225473120,1485068256,259595136,102780779.1806
"Bourne identity",1225477320,1485068256,259590936,102780779.1806
"Bourne identity",1225477320,1226520660,1043340,102780779.1806
"Bourne identity",1225479720,1485068256,259588536,102780779.1806
"Bourne identity",1225479720,1225737780,258060,102780779.1806
"Bourne identity",1225481880,1485068256,259586376,102780779.1806
"Bourne identity",1225481880,1226531100,1049220,102780779.1806
"Bourne identity",1225483800,1485068256,259584456,102780779.1806
"Bourne identity",1225483800,1227398640,1914840,102780779.1806
"Bourne identity",1225485240,1485068256,259583016,102780779.1806
"Bourne identity",1225492920,1485068256,259575336,102780779.1806
"Bourne identity",1225492920,1226539440,1046520,102780779.1806
"Bourne identity",1225495800,1485068256,259572456,102780779.1806
"Bourne identity",1225495800,1225742100,246300,102780779.1806
"Bourne identity",1225497240,1485068256,259571016,102780779.1806
"Bourne identity",1225497240,1226697720,1200480,102780779.1806
"Bourne identity",1225559940,1225560180,240,102780779.1806
"Bourne identity",1225572180,1485068256,259496076,102780779.1806
"Bourne identity",1225572180,1227121740,1549560,102780779.1806
"Bourne identity",1225577220,1485068256,259491036,102780779.1806
"Bourne identity",1225577220,1226790900,1213680,102780779.1806
"Bourne identity",1225579680,1485068256,259488576,102780779.1806
"Bourne identity",1225579680,1226264520,684840,102780779.1806
"Bourne identity",1225658220,1485068256,259410036,102780779.1806
"Bourne identity",1225663980,1485068256,259404276,102780779.1806
"Bourne identity",1225663980,1226190240,526260,102780779.1806
"Bourne identity",1225664340,1485068256,259403916,102780779.1806
"Bourne identity",1225737180,1485068256,259331076,102780779.1806
"Bourne identity",1225741500,1485068256,259326756,102780779.1806
"Bourne identity",1225741500,1226970840,1229340,102780779.1806
"Bourne identity",1225744680,1485068256,259323576,102780779.1806
"Bourne identity",1225744680,1226525760,781080,102780779.1806
"Bourne identity",1225745640,1485068256,259322616,102780779.1806
"Bourne identity",1225745640,1225995060,249420,102780779.1806
"Bourne identity",1225758060,1485068256,259310196,102780779.1806
"Bourne identity",1225758060,1225837500,79440,102780779.1806
"Bourne identity",1225767300,1485068256,259300956,102780779.1806
"Bourne identity",1225767300,1226526000,758700,102780779.1806
"Bourne identity",1225768200,1485068256,259300056,102780779.1806
"Bourne identity",1225840740,1485068256,259227516,102780779.1806
"Bourne identity",1225840740,1226193780,353040,102780779.1806
"Bourne identity",1225845360,1485068256,259222896,102780779.1806
"Bourne identity",1225915800,1485068256,259152456,102780779.1806
"Bourne identity",1225935540,1485068256,259132716,102780779.1806
"Bourne identity",1225935540,1226544300,608760,102780779.1806
"Bourne identity",1226009940,1485068256,259058316,102780779.1806
"Bourne identity",1226011320,1485068256,259056936,102780779.1806
"Bourne identity",1226011320,1227583860,1572540,102780779.1806
"Bourne identity",1226011320,1227641940,1630620,102780779.1806
"Bourne identity",1226011320,1227727140,1715820,102780779.1806
"Bourne identity",1226017080,1485068256,259051176,102780779.1806
"Bourne identity",1226017080,1226273700,256620,102780779.1806
"Bourne identity",1226017860,1485068256,259050396,102780779.1806
"Bourne identity",1226017860,1230969600,4951740,102780779.1806
"Bourne identity",1226020320,1485068256,259047936,102780779.1806
"Bourne identity",1226020320,1226099220,78900,102780779.1806
"Bourne identity",1226020320,1226604420,584100,102780779.1806
"Bourne identity",1226020320,1226694720,674400,102780779.1806
"Bourne identity",1226027400,1485068256,259040856,102780779.1806
"Bourne identity",1226027400,1226192940,165540,102780779.1806
"Bourne identity",1226085600,1485068256,258982656,102780779.1806
"Bourne identity",1226085600,1226615340,529740,102780779.1806
"Bourne identity",1226096640,1485068256,258971616,102780779.1806
"Bourne identity",1226096640,1228515180,2418540,102780779.1806
"Bourne identity",1226096640,1228937220,2840580,102780779.1806
"Bourne identity",1226096640,1229028060,2931420,102780779.1806
"Bourne identity",1226099220,1485068256,258969036,102780779.1806
"Bourne identity",1226099220,1226523720,424500,102780779.1806
"Bourne identity",1226100480,1485068256,258967776,102780779.1806
"Bourne identity",1226100480,1226623800,523320,102780779.1806
"Bourne identity",1226100600,1485068256,258967656,102780779.1806
"Bourne identity",1226177040,1485068256,258891216,102780779.1806
"Bourne identity",1226178840,1485068256,258889416,102780779.1806
"Bourne identity",1226181840,1485068256,258886416,102780779.1806
"Bourne identity",1226181840,1226695620,513780,102780779.1806
"Bourne identity",1226185860,1226185920,60,102780779.1806
"Bourne identity",1226185860,1226342460,156600,102780779.1806
"Bourne identity",1226185860,1226517840,331980,102780779.1806
"Bourne identity",1226185860,1227644340,1458480,102780779.1806
"Bourne identity",1226195760,1485068256,258872496,102780779.1806
"Bourne identity",1226195760,1227226200,1030440,102780779.1806
"Bourne identity",1226196000,1485068256,258872256,102780779.1806
"Bourne identity",1226265720,1485068256,258802536,102780779.1806
"Bourne identity",1226265720,1227483120,1217400,102780779.1806
"Bourne identity",1226268240,1485068256,258800016,102780779.1806
"Bourne identity",1226273940,1485068256,258794316,102780779.1806
"Bourne identity",1226273940,1227304080,1030140,102780779.1806
"Bourne identity",1226273940,1227381540,1107600,102780779.1806
"Bourne identity",1226359380,1485068256,258708876,102780779.1806
"Bourne identity",1226361180,1485068256,258707076,102780779.1806
"Bourne identity",1226361180,1227304320,943140,102780779.1806
"Bourne identity",1226363880,1485068256,258704376,102780779.1806
"Bourne identity",1226528760,1485068256,258539496,102780779.1806
"Bourne identity",1226528760,1226960160,431400,102780779.1806
"Bourne identity",1226534100,1226618520,84420,102780779.1806
"Bourne identity",1226535720,1485068256,258532536,102780779.1806
"Bourne identity",1226535720,1226947020,411300,102780779.1806
"Bourne identity",1226537280,1230330960,3793680,102780779.1806
"Bourne identity",1226540580,1485068256,258527676,102780779.1806
"Bourne identity",1226540580,1227386280,845700,102780779.1806
"Bourne identity",1226543100,1485068256,258525156,102780779.1806
"Bourne identity",1226543100,1227314400,771300,102780779.1806
"Bourne identity",1226545260,1485068256,258522996,102780779.1806
"Bourne identity",1226545260,1227478800,933540,102780779.1806
"Bourne identity",1226546520,1485068256,258521736,102780779.1806
"Bourne identity",1226546520,1226798160,251640,102780779.1806
"Bourne identity",1226606820,1485068256,258461436,102780779.1806
"Bourne identity",1226607420,1485068256,258460836,102780779.1806
"Bourne identity",1226607420,1227301980,694560,102780779.1806
"Bourne identity",1226612340,1485068256,258455916,102780779.1806
"Bourne identity",1226613300,1485068256,258454956,102780779.1806
"Bourne identity",1226613300,1226700120,86820,102780779.1806
"Bourne identity",1226625000,1485068256,258443256,102780779.1806
"Bourne identity",1226625000,1229471820,2846820,102780779.1806
"Bourne identity",1226686200,1485068256,258382056,102780779.1806
"Bourne identity",1226686200,1485068256,258382056,102780779.1806
"Bourne identity",1226686200,1226945460,259260,102780779.1806
"Bourne identity",1226686680,1485068256,258381576,102780779.1806
"Bourne identity",1226686680,1227299520,612840,102780779.1806
"Bourne identity",1226690100,1485068256,258378156,102780779.1806
"Bourne identity",1226698860,1485068256,258369396,102780779.1806
"Bourne identity",1226698860,1227996780,1297920,102780779.1806
"Bourne identity",1226699040,1485068256,258369216,102780779.1806
"Bourne identity",1226699040,1227743700,1044660,102780779.1806
"Bourne identity",1226699940,1228868400,2168460,102780779.1806
"Bourne identity",1226709480,1226866320,156840,102780779.1806
"Bourne identity",1226712660,1485068256,258355596,102780779.1806
"Bourne identity",1226713980,1230355560,3641580,102780779.1806
"Bourne identity",1226713980,1230589440,3875460,102780779.1806
"Bourne identity",1226779500,1485068256,258288756,102780779.1806
"Bourne identity",1226779500,1227046140,266640,102780779.1806
"Bourne identity",1226789100,1229212020,2422920,102780779.1806
"Bourne identity",1226791620,1227387600,595980,102780779.1806
"Bourne identity",1226955780,1485068256,258112476,102780779.1806
"Bourne identity",1226955840,1485068256,258112416,102780779.1806
"Bourne identity",1226955840,1227919260,963420,102780779.1806
"Bourne identity",1226958660,1227648780,690120,102780779.1806
"Bourne identity",1226961720,1228172940,1211220,102780779.1806
"Bourne identity",1226962380,1227304560,342180,102780779.1806
"Bourne identity",1226962380,1227552960,590580,102780779.1806
"Bourne identity",1226966700,1485068256,258101556,102780779.1806
"Bourne identity",1226969520,1227748920,779400,102780779.1806
"Bourne identity",1226971200,1227660540,689340,102780779.1806
"Bourne identity",1226971860,1227562140,590280,102780779.1806
"Bourne identity",1226978340,1485068256,258089916,102780779.1806
"Bourne identity",1227052500,1227315360,262860,102780779.1806
"Bourne identity",1227053400,1485068256,258014856,102780779.1806
"Bourne identity",1227061380,1228879080,1817700,102780779.1806
"Bourne identity",1227061380,1229115300,2053920,102780779.1806
"Bourne identity",1227061380,1230750480,3689100,102780779.1806
"Bourne identity",1227061380,1231374780,4313400,102780779.1806
"Bourne identity",1227061380,1231549320,4487940,102780779.1806
"Bourne identity",1227061380,1231802580,4741200,102780779.1806
"Bourne identity",1227118500,1485068256,257949756,102780779.1806
"Bourne identity",1227118500,1227908580,790080,102780779.1806
"Bourne identity",1227122520,1227647340,524820,102780779.1806
"Bourne identity",1227132540,1485068256,257935716,102780779.1806
"Bourne identity",1227132540,1227306120,173580,102780779.1806
"Bourne identity",1227141600,1229386020,2244420,102780779.1806
"Bourne identity",1227141600,1229486760,2345160,102780779.1806
"Bourne identity",1227141600,1229537280,2395680,102780779.1806
"Bourne identity",1227144480,1230760440,3615960,102780779.1806
"Bourne identity",1227144480,1231104960,3960480,102780779.1806
"Bourne identity",1227144480,1231191900,4047420,102780779.1806
"Bourne identity",1227145260,1228085940,940680,102780779.1806
"Bourne identity",1227199320,1485068256,257868936,102780779.1806
"Bourne identity",1227199320,1231283220,4083900,102780779.1806
"Bourne identity",1227207840,1485068256,257860416,102780779.1806
"Bourne identity",1227207840,1227649260,441420,102780779.1806
"Bourne identity",1227222420,1485068256,257845836,102780779.1806
"Bourne identity",1227222420,1227915720,693300,102780779.1806
"Bourne identity",1227222540,1228538820,1316280,102780779.1806
"Bourne identity",1227222540,1228762200,1539660,102780779.1806
"Bourne identity",1227222540,1229132820,1910280,102780779.1806
"Bourne identity",1227224820,1227584220,359400,102780779.1806
"Bourne identity",1227236400,1485068256,257831856,102780779.1806
"Bourne identity",1227236880,1485068256,257831376,102780779.1806
"Bourne identity",1227296220,1485068256,257772036,102780779.1806
"Bourne identity",1227301080,1485068256,257767176,102780779.1806
"Bourne identity",1227303360,1485068256,257764896,102780779.1806
"Bourne identity",1227303360,1230598140,3294780,102780779.1806
"Bourne identity",1227308880,1485068256,257759376,102780779.1806
"Bourne identity",1227310200,1485068256,257758056,102780779.1806
"Bourne identity",1227310200,1227912060,601860,102780779.1806
"Bourne identity",1227315240,1485068256,257753016,102780779.1806
"Bourne identity",1227315240,1230945600,3630360,102780779.1806
"Bourne identity",1227318060,1485068256,257750196,102780779.1806
"Bourne identity",1227318060,1227474420,156360,102780779.1806
"Bourne identity",1227378900,1485068256,257689356,102780779.1806
"Bourne identity",1227378900,1229976660,2597760,102780779.1806
"Bourne identity",1227383400,1485068256,257684856,102780779.1806
"Bourne identity",1227387960,1485068256,257680296,102780779.1806
"Bourne identity",1227393480,1485068256,257674776,102780779.1806
"Bourne identity",1227393480,1228442340,1048860,102780779.1806
"Bourne identity",1227394020,1485068256,257674236,102780779.1806
"Bourne identity",1227394020,1227741060,347040,102780779.1806
"Bourne identity",1227394020,1228158660,764640,102780779.1806
"Bourne identity",1227395160,1485068256,257673096,102780779.1806
"Bourne identity",1227395160,1229464620,2069460,102780779.1806
"Bourne identity",1227398100,1485068256,257670156,102780779.1806
"Bourne identity",1227398100,1227732720,334620,102780779.1806
"Bourne identity",1227398100,1227985980,587880,102780779.1806
"Bourne identity",1227398100,1228165080,766980,102780779.1806
"Bourne identity",1227404880,1485068256,257663376,102780779.1806
"Bourne identity",1227404880,1228429800,1024920,102780779.1806
"Bourne identity",1227471000,1485068256,257597256,102780779.1806
"Bourne identity",1227471000,1228157280,686280,102780779.1806
"Bourne identity",1227472740,1485068256,257595516,102780779.1806
"Bourne identity",1227477720,1485068256,257590536,102780779.1806
"Bourne identity",1227477720,1228690980,1213260,102780779.1806
"Bourne identity",1227477720,1228961520,1483800,102780779.1806
"Bourne identity",1227478260,1485068256,257589996,102780779.1806
"Bourne identity",1227478260,1228694640,1216380,102780779.1806
"Bourne identity",1227478260,1228768980,1290720,102780779.1806
"Bourne identity",1227478500,1485068256,257589756,102780779.1806
"Bourne identity",1227478500,1229396040,1917540,102780779.1806
"Bourne identity",1227478500,1229537700,2059200,102780779.1806
"Bourne identity",1227487140,1485068256,257581116,102780779.1806
"Bourne identity",1227487620,1485068256,257580636,102780779.1806
"Bourne identity",1227487620,1229812080,2324460,102780779.1806
"Bourne identity",1227488040,1485068256,257580216,102780779.1806
"Bourne identity",1227562980,1485068256,257505276,102780779.1806
"Bourne identity",1227562980,1228256220,693240,102780779.1806
"Bourne identity",1227565320,1485068256,257502936,102780779.1806
"Bourne identity",1227565320,1227921180,355860,102780779.1806
"Bourne identity",1227565320,1228252320,687000,102780779.1806
"Bourne identity",1227566580,1485068256,257501676,102780779.1806
"Bourne identity",1227566580,1227910620,344040,102780779.1806
"Bourne identity",1227566580,1228354620,788040,102780779.1806
"Bourne identity",1227567420,1485068256,257500836,102780779.1806
"Bourne identity",1227573420,1485068256,257494836,102780779.1806
"Bourne identity",1227573420,1228687020,1113600,102780779.1806
"Bourne identity",1227574080,1485068256,257494176,102780779.1806
"Bourne identity",1227574080,1229565240,1991160,102780779.1806
"Bourne identity",1227576240,1485068256,257492016,102780779.1806
"Bourne identity",1227576240,1227995340,419100,102780779.1806
"Bourne identity",1227577080,1485068256,257491176,102780779.1806
"Bourne identity",1227579420,1485068256,257488836,102780779.1806
"Bourne identity",1227579420,1228169940,590520,102780779.1806
"Bourne identity",1227584340,1485068256,257483916,102780779.1806
"Bourne identity",1227584340,1228605660,1021320,102780779.1806
"Bourne identity",1227658560,1485068256,257409696,102780779.1806
"Bourne identity",1227658560,1228784880,1126320,102780779.1806
"Bourne identity",1227659760,1485068256,257408496,102780779.1806
"Bourne identity",1227661380,1485068256,257406876,102780779.1806
"Bourne identity",1227661380,1231030320,3368940,102780779.1806
"Bourne identity",1227661920,1485068256,257406336,102780779.1806
"Bourne identity",1227661920,1230415680,2753760,102780779.1806
"Bourne identity",1227669420,1485068256,257398836,102780779.1806
"Bourne identity",1227669420,1228789740,1120320,102780779.1806
"Bourne identity",1227723120,1485068256,257345136,102780779.1806
"Bourne identity",1227723120,1228075740,352620,102780779.1806
"Bourne identity",1227723120,1228168440,445320,102780779.1806
"Bourne identity",1227735420,1485068256,257332836,102780779.1806
"Bourne identity",1227735420,1228781100,1045680,102780779.1806
"Bourne identity",1227736920,1485068256,257331336,102780779.1806
"Bourne identity",1227756960,1485068256,257311296,102780779.1806
"Bourne identity",1227756960,1228780380,1023420,102780779.1806
"Bourne identity",1227897360,1485068256,257170896,102780779.1806
"Bourne identity",1227911820,1485068256,257156436,102780779.1806
"Bourne identity",1227911820,1228602600,690780,102780779.1806
"Bourne identity",1227913560,1485068256,257154696,102780779.1806
"Bourne identity",1227921300,1485068256,257146956,102780779.1806
"Bourne identity",1227921300,1228264200,342900,102780779.1806
"Bourne identity",1227983640,1485068256,257084616,102780779.1806
"Bourne identity",1227983640,1229194080,1210440,102780779.1806
"Bourne identity",1227988020,1485068256,257080236,102780779.1806
"Bourne identity",1227988020,1228612380,624360,102780779.1806
"Bourne identity",1227990360,1485068256,257077896,102780779.1806
"Bourne identity",1227990360,1228589940,599580,102780779.1806
"Bourne identity",1227996780,1485068256,257071476,102780779.1806
"Bourne identity",1227996780,1229212500,1215720,102780779.1806
"Bourne identity",1228000680,1485068256,257067576,102780779.1806
"Bourne identity",1228000680,1228260900,260220,102780779.1806
"Bourne identity",1228000680,1228803240,802560,102780779.1806
"Bourne identity",1228000680,1228853340,852660,102780779.1806
"Bourne identity",1228178940,1485068256,256889316,102780779.1806
"Bourne identity",1228178940,1228520520,341580,102780779.1806
"Bourne identity",1228178940,1228805400,626460,102780779.1806
"Bourne identity",1228178940,1228863360,684420,102780779.1806
"Bourne identity",1228180140,1485068256,256888116,102780779.1806
"Bourne identity",1228180140,1229386860,1206720,102780779.1806
"Bourne identity",1228181340,1485068256,256886916,102780779.1806
"Bourne identity",1228181340,1229288400,1107060,102780779.1806
"Bourne identity",1228184880,1485068256,256883376,102780779.1806
"Bourne identity",1228184880,1229381640,1196760,102780779.1806
"Bourne identity",1228252800,1485068256,256815456,102780779.1806
"Bourne identity",1228252800,1229451240,1198440,102780779.1806
"Bourne identity",1228253700,1485068256,256814556,102780779.1806
"Bourne identity",1228254060,1485068256,256814196,102780779.1806
"Bourne identity",1228254060,1228777560,523500,102780779.1806
"Bourne identity",1228262460,1485068256,256805796,102780779.1806
"Bourne identity",1228262880,1485068256,256805376,102780779.1806
"Bourne identity",1228263120,1485068256,256805136,102780779.1806
"Bourne identity",1228263120,1229563500,1300380,102780779.1806
"Bourne identity",1228264500,1485068256,256803756,102780779.1806
"Bourne identity",1228264500,1228959960,695460,102780779.1806
"Bourne identity",1228269720,1485068256,256798536,102780779.1806
"Bourne identity",1228269720,1229127720,858000,102780779.1806
"Bourne identity",1228270440,1485068256,256797816,102780779.1806
"Bourne identity",1228270440,1229040060,769620,102780779.1806
"Bourne identity",1228270440,1229371920,1101480,102780779.1806
"Bourne identity",1228341120,1485068256,256727136,102780779.1806
"Bourne identity",1228341120,1228598280,257160,102780779.1806
"Bourne identity",1228345620,1485068256,256722636,102780779.1806
"Bourne identity",1228345620,1229119680,774060,102780779.1806
"Bourne identity",1228359600,1485068256,256708656,102780779.1806
"Bourne identity",1228362600,1485068256,256705656,102780779.1806
"Bourne identity",1228362600,1232829180,4466580,102780779.1806
"Bourne identity",1228362600,1233181560,4818960,102780779.1806
"Bourne identity",1228431120,1485068256,256637136,102780779.1806
"Bourne identity",1228431120,1228781760,350640,102780779.1806
"Bourne identity",1228436100,1485068256,256632156,102780779.1806
"Bourne identity",1228436100,1228593120,157020,102780779.1806
"Bourne identity",1228437300,1485068256,256630956,102780779.1806
"Bourne identity",1228437300,1230404220,1966920,102780779.1806
"Bourne identity",1228441260,1485068256,256626996,102780779.1806
"Bourne identity",1228441260,1229561520,1120260,102780779.1806
"Bourne identity",1228447800,1485068256,256620456,102780779.1806
"Bourne identity",1228447800,1229109060,661260,102780779.1806
"Bourne identity",1228447800,1229211480,763680,102780779.1806
"Bourne identity",1228504500,1485068256,256563756,102780779.1806
"Bourne identity",1228504500,1229195460,690960,102780779.1806
"Bourne identity",1228509780,1485068256,256558476,102780779.1806
"Bourne identity",1228520400,1485068256,256547856,102780779.1806
"Bourne identity",1228520700,1485068256,256547556,102780779.1806
"Bourne identity",1228596240,1485068256,256472016,102780779.1806
"Bourne identity",1228596240,1229195520,599280,102780779.1806
"Bourne identity",1228597500,1485068256,256470756,102780779.1806
"Bourne identity",1228597500,1229299440,701940,102780779.1806
"Bourne identity",1228603920,1485068256,256464336,102780779.1806
"Bourne identity",1228603920,1229723940,1120020,102780779.1806
"Bourne identity",1228608420,1485068256,256459836,102780779.1806
"Bourne identity",1228608420,1229471820,863400,102780779.1806
"Bourne identity",1228609620,1485068256,256458636,102780779.1806
"Bourne identity",1228611720,1485068256,256456536,102780779.1806
"Bourne identity",1228611720,1228857600,245880,102780779.1806
"Bourne identity",1228611720,1228943040,331320,102780779.1806
"Bourne identity",1228683360,1485068256,256384896,102780779.1806
"Bourne identity",1228683360,1229045460,362100,102780779.1806
"Bourne identity",1228776240,1485068256,256292016,102780779.1806
"Bourne identity",1228776240,1229397060,620820,102780779.1806
"Bourne identity",1228777920,1485068256,256290336,102780779.1806
"Bourne identity",1228784760,1485068256,256283496,102780779.1806
"Bourne identity",1228787280,1485068256,256280976,102780779.1806
"Bourne identity",1228787280,1229211900,424620,102780779.1806
"Bourne identity",1228848960,1485068256,256219296,102780779.1806
"Bourne identity",1228861620,1485068256,256206636,102780779.1806
"Bourne identity",1228861620,1229121300,259680,102780779.1806
"Bourne identity",1228861620,1229471040,609420,102780779.1806
"Bourne identity",1228862760,1485068256,256205496,102780779.1806
"Bourne identity",1228862760,1229731320,868560,102780779.1806
"Bourne identity",1228871940,1485068256,256196316,102780779.1806
"Bourne identity",1228871940,1229216820,344880,102780779.1806
"Bourne identity",1228878600,1485068256,256189656,102780779.1806
"Bourne identity",1228878600,1229569680,691080,102780779.1806
"Bourne identity",1228878600,1231196760,2318160,102780779.1806
"Bourne identity",1228939140,1485068256,256129116,102780779.1806
"Bourne identity",1228939140,1229477280,538140,102780779.1806
"Bourne identity",1228944120,1485068256,256124136,102780779.1806
"Bourne identity",1228944120,1230679020,1734900,102780779.1806
"Bourne identity",1228945440,1485068256,256122816,102780779.1806
"Bourne identity",1228945440,1229032140,86700,102780779.1806
"Bourne identity",1228947000,1485068256,256121256,102780779.1806
"Bourne identity",1228947000,1229385900,438900,102780779.1806
"Bourne identity",1228948560,1485068256,256119696,102780779.1806
"Bourne identity",1228948560,1229562720,614160,102780779.1806
"Bourne identity",1228949400,1485068256,256118856,102780779.1806
"Bourne identity",1228949760,1485068256,256118496,102780779.1806
"Bourne identity",1228960440,1485068256,256107816,102780779.1806
"Bourne identity",1228960440,1229391960,431520,102780779.1806
"Bourne identity",1228963620,1485068256,256104636,102780779.1806
"Bourne identity",1228963620,1230421080,1457460,102780779.1806
"Bourne identity",1229032920,1485068256,256035336,102780779.1806
"Bourne identity",1229032920,1230676200,1643280,102780779.1806
"Bourne identity",1229050380,1485068256,256017876,102780779.1806
"Bourne identity",1229050380,1229380440,330060,102780779.1806
"Bourne identity",1229105880,1485068256,255962376,102780779.1806
"Bourne identity",1229105880,1229646060,540180,102780779.1806
"Bourne identity",1229106960,1485068256,255961296,102780779.1806
"Bourne identity",1229106960,1233257820,4150860,102780779.1806
"Bourne identity",1229107200,1485068256,255961056,102780779.1806
"Bourne identity",1229107200,1230072840,965640,102780779.1806
"Bourne identity",1229107200,1231009920,1902720,102780779.1806
"Bourne identity",1229121840,1485068256,255946416,102780779.1806
"Bourne identity",1229121840,1229485620,363780,102780779.1806
"Bourne identity",1229193480,1485068256,255874776,102780779.1806
"Bourne identity",1229197500,1485068256,255870756,102780779.1806
"Bourne identity",1229201460,1485068256,255866796,102780779.1806
"Bourne identity",1229202540,1485068256,255865716,102780779.1806
"Bourne identity",1229202540,1230419520,1216980,102780779.1806
"Bourne identity",1229203500,1485068256,255864756,102780779.1806
"Bourne identity",1229203500,1229992440,788940,102780779.1806
"Bourne identity",1229212740,1485068256,255855516,102780779.1806
"Bourne identity",1229212740,1230417600,1204860,102780779.1806
"Bourne identity",1229213700,1485068256,255854556,102780779.1806
"Bourne identity",1229213940,1485068256,255854316,102780779.1806
"Bourne identity",1229213940,1230426900,1212960,102780779.1806
"Bourne identity",1229213940,1230927180,1713240,102780779.1806
"Bourne identity",1229287560,1485068256,255780696,102780779.1806
"Bourne identity",1229287560,1229472240,184680,102780779.1806
"Bourne identity",1229288160,1485068256,255780096,102780779.1806
"Bourne identity",1229288520,1485068256,255779736,102780779.1806
"Bourne identity",1229288520,1229386860,98340,102780779.1806
"Bourne identity",1229366700,1485068256,255701556,102780779.1806
"Bourne identity",1229376720,1485068256,255691536,102780779.1806
"Bourne identity",1229376720,1233264480,3887760,102780779.1806
"Bourne identity",1229380080,1485068256,255688176,102780779.1806
"Bourne identity",1229380080,1229458920,78840,102780779.1806
"Bourne identity",1229388900,1485068256,255679356,102780779.1806
"Bourne identity",1229390100,1485068256,255678156,102780779.1806
"Bourne identity",1229390100,1229729520,339420,102780779.1806
"Bourne identity",1229392080,1485068256,255676176,102780779.1806
"Bourne identity",1229397120,1485068256,255671136,102780779.1806
"Bourne identity",1229456280,1485068256,255611976,102780779.1806
"Bourne identity",1229464380,1485068256,255603876,102780779.1806
"Bourne identity",1229464380,1230929940,1465560,102780779.1806
"Bourne identity",1229464380,1231213860,1749480,102780779.1806
"Bourne identity",1229464380,1231277640,1813260,102780779.1806
"Bourne identity",1229464380,1232472540,3008160,102780779.1806
"Bourne identity",1229472720,1485068256,255595536,102780779.1806
"Bourne identity",1229472720,1229982840,510120,102780779.1806
"Bourne identity",1229474280,1485068256,255593976,102780779.1806
"Bourne identity",1229474280,1485068256,255593976,102780779.1806
"Bourne identity",1229474280,1230682380,1208100,102780779.1806
"Bourne identity",1229474280,1230943020,1468740,102780779.1806
"Bourne identity",1229480400,1485068256,255587856,102780779.1806
"Bourne identity",1229538480,1485068256,255529776,102780779.1806
"Bourne identity",1229544780,1485068256,255523476,102780779.1806
"Bourne identity",1229549040,1485068256,255519216,102780779.1806
"Bourne identity",1229549040,1230587220,1038180,102780779.1806
"Bourne identity",1229557620,1485068256,255510636,102780779.1806
"Bourne identity",1229558640,1485068256,255509616,102780779.1806
"Bourne identity",1229558640,1229736960,178320,102780779.1806
"Bourne identity",1229561280,1485068256,255506976,102780779.1806
"Bourne identity",1229561280,1230422400,861120,102780779.1806
"Bourne identity",1229561280,1231033740,1472460,102780779.1806
"Bourne identity",1229565660,1485068256,255502596,102780779.1806
"Bourne identity",1229566080,1485068256,255502176,102780779.1806
"Bourne identity",1229569440,1485068256,255498816,102780779.1806
"Bourne identity",1229632620,1485068256,255435636,102780779.1806
"Bourne identity",1229632620,1230417660,785040,102780779.1806
"Bourne identity",1229712720,1485068256,255355536,102780779.1806
"Bourne identity",1229720160,1485068256,255348096,102780779.1806
"Bourne identity",1229720160,1230593220,873060,102780779.1806
"Bourne identity",1229720160,1230663120,942960,102780779.1806
"Bourne identity",1229723940,1485068256,255344316,102780779.1806
"Bourne identity",1229723940,1231530480,1806540,102780779.1806
"Bourne identity",1229724000,1485068256,255344256,102780779.1806
"Bourne identity",1229724000,1232056560,2332560,102780779.1806
"Bourne identity",1229724180,1485068256,255344076,102780779.1806
"Bourne identity",1229724360,1485068256,255343896,102780779.1806
"Bourne identity",1229727300,1485068256,255340956,102780779.1806
"Bourne identity",1229732940,1485068256,255335316,102780779.1806
"Bourne identity",1229732940,1230578220,845280,102780779.1806
"Bourne identity",1229734740,1485068256,255333516,102780779.1806
"Bourne identity",1229736360,1485068256,255331896,102780779.1806
"Bourne identity",1229736360,1230332340,595980,102780779.1806
"Bourne identity",1229738040,1485068256,255330216,102780779.1806
"Bourne identity",1229738040,1230338280,600240,102780779.1806
"Bourne identity",1229805660,1485068256,255262596,102780779.1806
"Bourne identity",1229805660,1231288560,1482900,102780779.1806
"Bourne identity",1229810400,1485068256,255257856,102780779.1806
"Bourne identity",1229810400,1230417480,607080,102780779.1806
"Bourne identity",1229810400,1230679560,869160,102780779.1806
"Bourne identity",1229810400,1230752400,942000,102780779.1806
"Bourne identity",1229814180,1485068256,255254076,102780779.1806
"Bourne identity",1229814180,1233193140,3378960,102780779.1806
"Bourne identity",1229814180,1233354960,3540780,102780779.1806
"Bourne identity",1229814480,1485068256,255253776,102780779.1806
"Bourne identity",1229814480,1230753960,939480,102780779.1806
"Bourne identity",1229814720,1485068256,255253536,102780779.1806
"Bourne identity",1229816580,1485068256,255251676,102780779.1806
"Bourne identity",1229816580,1231297380,1480800,102780779.1806
"Bourne identity",1229981160,1485068256,255087096,102780779.1806
"Bourne identity",1229981160,1230759840,778680,102780779.1806
"Bourne identity",1229984820,1485068256,255083436,102780779.1806
"Bourne identity",1229984820,1230504480,519660,102780779.1806
"Bourne identity",1229986020,1485068256,255082236,102780779.1806
"Bourne identity",1229986020,1230607080,621060,102780779.1806
"Bourne identity",1230072360,1485068256,254995896,102780779.1806
"Bourne identity",1230074040,1485068256,254994216,102780779.1806
"Bourne identity",1230074040,1231028100,954060,102780779.1806
"Bourne identity",1230076860,1485068256,254991396,102780779.1806
"Bourne identity",1230078000,1485068256,254990256,102780779.1806
"Bourne identity",1230078000,1230596820,518820,102780779.1806
"Bourne identity",1230334860,1485068256,254733396,102780779.1806
"Bourne identity",1230334860,1232151000,1816140,102780779.1806
"Bourne identity",1230335280,1485068256,254732976,102780779.1806
"Bourne identity",1230335280,1230506940,171660,102780779.1806
"Bourne identity",1230338700,1485068256,254729556,102780779.1806
"Bourne identity",1230338700,1231357680,1018980,102780779.1806
"Bourne identity",1230409620,1485068256,254658636,102780779.1806
"Bourne identity",1230409620,1230595140,185520,102780779.1806
"Bourne identity",1230410400,1485068256,254657856,102780779.1806
"Bourne identity",1230410400,1231625640,1215240,102780779.1806
"Bourne identity",1230410400,1231881960,1471560,102780779.1806
"Bourne identity",1230415560,1485068256,254652696,102780779.1806
"Bourne identity",1230415560,1231469580,1054020,102780779.1806
"Bourne identity",1230422700,1485068256,254645556,102780779.1806
"Bourne identity",1230422700,1230769920,347220,102780779.1806
"Bourne identity",1230422940,1485068256,254645316,102780779.1806
"Bourne identity",1230428460,1485068256,254639796,102780779.1806
"Bourne identity",1230428460,1231287480,859020,102780779.1806
"Bourne identity",1230428700,1485068256,254639556,102780779.1806
"Bourne identity",1230428700,1231812180,1383480,102780779.1806
"Bourne identity",1230428700,1231876740,1448040,102780779.1806
"Bourne identity",1230497340,1485068256,254570916,102780779.1806
"Bourne identity",1230497340,1231110900,613560,102780779.1806
"Bourne identity",1230503520,1485068256,254564736,102780779.1806
"Bourne identity",1230504480,1485068256,254563776,102780779.1806
"Bourne identity",1230504480,1231787280,1282800,102780779.1806
"Bourne identity",1230504480,1231881300,1376820,102780779.1806
"Bourne identity",1230512040,1485068256,254556216,102780779.1806
"Bourne identity",1230512040,1230601020,88980,102780779.1806
"Bourne identity",1230574260,1485068256,254493996,102780779.1806
"Bourne identity",1230574260,1231184400,610140,102780779.1806
"Bourne identity",1230585180,1485068256,254483076,102780779.1806
"Bourne identity",1230593400,1485068256,254474856,102780779.1806
"Bourne identity",1230597480,1485068256,254470776,102780779.1806
"Bourne identity",1230597480,1231371240,773760,102780779.1806
"Bourne identity",1230671880,1485068256,254396376,102780779.1806
"Bourne identity",1230671880,1231815060,1143180,102780779.1806
"Bourne identity",1230675840,1485068256,254392416,102780779.1806
"Bourne identity",1230675840,1232576580,1900740,102780779.1806
"Bourne identity",1230677700,1485068256,254390556,102780779.1806
"Bourne identity",1230677700,1231103460,425760,102780779.1806
"Bourne identity",1230678720,1485068256,254389536,102780779.1806
"Bourne identity",1230678720,1231299540,620820,102780779.1806
"Bourne identity",1230678720,1231565040,886320,102780779.1806
"Bourne identity",1230681180,1485068256,254387076,102780779.1806
"Bourne identity",1230681180,1231115280,434100,102780779.1806
"Bourne identity",1230684840,1485068256,254383416,102780779.1806
"Bourne identity",1230684840,1231202520,517680,102780779.1806
"Bourne identity",1230685080,1485068256,254383176,102780779.1806
"Bourne identity",1230686940,1485068256,254381316,102780779.1806
"Bourne identity",1230686940,1231619100,932160,102780779.1806
"Bourne identity",1230688980,1485068256,254379276,102780779.1806
"Bourne identity",1230688980,1230932580,243600,102780779.1806
"Bourne identity",1230748260,1485068256,254319996,102780779.1806
"Bourne identity",1230748260,1231278000,529740,102780779.1806
"Bourne identity",1230758760,1485068256,254309496,102780779.1806
"Bourne identity",1230758760,1232145720,1386960,102780779.1806
"Bourne identity",1230760920,1230761820,900,102780779.1806
"Bourne identity",1230760920,1485068256,254307336,102780779.1806
"Bourne identity",1230760920,1231817580,1056660,102780779.1806
"Bourne identity",1230763920,1485068256,254304336,102780779.1806
"Bourne identity",1230763920,1231196340,432420,102780779.1806
"Bourne identity",1230770820,1485068256,254297436,102780779.1806
"Bourne identity",1230770820,1235721600,4950780,102780779.1806
"Bourne identity",1230774300,1485068256,254293956,102780779.1806
"Bourne identity",1230774300,1231961640,1187340,102780779.1806
"Bourne identity",1230941700,1485068256,254126556,102780779.1806
"Bourne identity",1231006680,1485068256,254061576,102780779.1806
"Bourne identity",1231031580,1485068256,254036676,102780779.1806
"Bourne identity",1231031580,1232497920,1466340,102780779.1806
"Bourne identity",1231031580,1232820480,1788900,102780779.1806
"Bourne identity",1231106520,1485068256,253961736,102780779.1806
"Bourne identity",1231106520,1232319180,1212660,102780779.1806
"Bourne identity",1231108020,1485068256,253960236,102780779.1806
"Bourne identity",1231108020,1232075700,967680,102780779.1806
"Bourne identity",1231193700,1485068256,253874556,102780779.1806
"Bourne identity",1231193700,1233705180,2511480,102780779.1806
"Bourne identity",1231193700,1233782280,2588580,102780779.1806
"Bourne identity",1231195080,1485068256,253873176,102780779.1806
"Bourne identity",1231195080,1234655220,3460140,102780779.1806
"Bourne identity",1231195200,1485068256,253873056,102780779.1806
"Bourne identity",1231195200,1232232000,1036800,102780779.1806
"Bourne identity",1231210320,1485068256,253857936,102780779.1806
"Bourne identity",1231213500,1485068256,253854756,102780779.1806
"Bourne identity",1231213620,1485068256,253854636,102780779.1806
"Bourne identity",1231213860,1485068256,253854396,102780779.1806
"Bourne identity",1231281840,1485068256,253786416,102780779.1806
"Bourne identity",1231281840,1231453500,171660,102780779.1806
"Bourne identity",1231282680,1485068256,253785576,102780779.1806
"Bourne identity",1231282680,1231367460,84780,102780779.1806
"Bourne identity",1231283340,1485068256,253784916,102780779.1806
"Bourne identity",1231283880,1485068256,253784376,102780779.1806
"Bourne identity",1231283880,1231893120,609240,102780779.1806
"Bourne identity",1231285020,1485068256,253783236,102780779.1806
"Bourne identity",1231285020,1231890960,605940,102780779.1806
"Bourne identity",1231285560,1485068256,253782696,102780779.1806
"Bourne identity",1231285560,1231448340,162780,102780779.1806
"Bourne identity",1231289040,1485068256,253779216,102780779.1806
"Bourne identity",1231289040,1231455000,165960,102780779.1806
"Bourne identity",1231289040,1231706160,417120,102780779.1806
"Bourne identity",1231289040,1231778160,489120,102780779.1806
"Bourne identity",1231295880,1485068256,253772376,102780779.1806
"Bourne identity",1231295880,1231987980,692100,102780779.1806
"Bourne identity",1231362300,1485068256,253705956,102780779.1806
"Bourne identity",1231362300,1232050140,687840,102780779.1806
"Bourne identity",1231370040,1485068256,253698216,102780779.1806
"Bourne identity",1231370040,1232054160,684120,102780779.1806
"Bourne identity",1231371000,1485068256,253697256,102780779.1806
"Bourne identity",1231379880,1485068256,253688376,102780779.1806
"Bourne identity",1231379880,1232472900,1093020,102780779.1806
"Bourne identity",1231380420,1485068256,253687836,102780779.1806
"Bourne identity",1231380420,1231887900,507480,102780779.1806
"Bourne identity",1231451580,1485068256,253616676,102780779.1806
"Bourne identity",1231451580,1231460880,9300,102780779.1806
"Bourne identity",1231455060,1485068256,253613196,102780779.1806
"Bourne identity",1231455060,1231796820,341760,102780779.1806
"Bourne identity",1231457220,1485068256,253611036,102780779.1806
"Bourne identity",1231457220,1232841180,1383960,102780779.1806
"Bourne identity",1231459440,1485068256,253608816,102780779.1806
"Bourne identity",1231459440,1232924640,1465200,102780779.1806
"Bourne identity",1231461360,1485068256,253606896,102780779.1806
"Bourne identity",1231461360,1231984440,523080,102780779.1806
"Bourne identity",1231461960,1485068256,253606296,102780779.1806
"Bourne identity",1231465860,1485068256,253602396,102780779.1806
"Bourne identity",1231465860,1231811220,345360,102780779.1806
"Bourne identity",1231530240,1485068256,253538016,102780779.1806
"Bourne identity",1231530240,1232316840,786600,102780779.1806
"Bourne identity",1231533720,1485068256,253534536,102780779.1806
"Bourne identity",1231533720,1231882980,349260,102780779.1806
"Bourne identity",1231537320,1485068256,253530936,102780779.1806
"Bourne identity",1231537320,1232068860,531540,102780779.1806
"Bourne identity",1231541760,1485068256,253526496,102780779.1806
"Bourne identity",1231541760,1234397280,2855520,102780779.1806
"Bourne identity",1231541760,1234894800,3353040,102780779.1806
"Bourne identity",1231547820,1485068256,253520436,102780779.1806
"Bourne identity",1231547820,1233024060,1476240,102780779.1806
"Bourne identity",1231623060,1485068256,253445196,102780779.1806
"Bourne identity",1231800360,1485068256,253267896,102780779.1806
"Bourne identity",1231800840,1485068256,253267416,102780779.1806
"Bourne identity",1231800840,1233090540,1289700,102780779.1806
"Bourne identity",1231802520,1485068256,253265736,102780779.1806
"Bourne identity",1231802520,1231894860,92340,102780779.1806
"Bourne identity",1231818420,1485068256,253249836,102780779.1806
"Bourne identity",1231818420,1233717480,1899060,102780779.1806
"Bourne identity",1231818420,1234047660,2229240,102780779.1806
"Bourne identity",1231818420,1234219620,2401200,102780779.1806
"Bourne identity",1231889580,1485068256,253178676,102780779.1806
"Bourne identity",1231889580,1235096220,3206640,102780779.1806
"Bourne identity",1231889640,1485068256,253178616,102780779.1806
"Bourne identity",1231889640,1232047920,158280,102780779.1806
"Bourne identity",1231891980,1485068256,253176276,102780779.1806
"Bourne identity",1231894860,1485068256,253173396,102780779.1806
"Bourne identity",1231894860,1233208860,1314000,102780779.1806
"Bourne identity",1231894860,1233260220,1365360,102780779.1806
"Bourne identity",1231897200,1485068256,253171056,102780779.1806
"Bourne identity",1231897200,1232588460,691260,102780779.1806
"Bourne identity",1231898640,1485068256,253169616,102780779.1806
"Bourne identity",1231904880,1485068256,253163376,102780779.1806
"Bourne identity",1231904880,1233199200,1294320,102780779.1806
"Bourne identity",1231959600,1485068256,253108656,102780779.1806
"Bourne identity",1231965240,1485068256,253103016,102780779.1806
"Bourne identity",1231965240,1233696120,1730880,102780779.1806
"Bourne identity",1231965600,1485068256,253102656,102780779.1806
"Bourne identity",1231980120,1485068256,253088136,102780779.1806
"Bourne identity",1231980120,1232502900,522780,102780779.1806
"Bourne identity",1232042760,1485068256,253025496,102780779.1806
"Bourne identity",1232042760,1232231340,188580,102780779.1806
"Bourne identity",1232049840,1485068256,253018416,102780779.1806
"Bourne identity",1232049840,1232488800,438960,102780779.1806
"Bourne identity",1232050140,1485068256,253018116,102780779.1806
"Bourne identity",1232057700,1485068256,253010556,102780779.1806
"Bourne identity",1232057700,1232494260,436560,102780779.1806
"Bourne identity",1232058240,1485068256,253010016,102780779.1806
"Bourne identity",1232058240,1233276840,1218600,102780779.1806
"Bourne identity",1232061840,1485068256,253006416,102780779.1806
"Bourne identity",1232062980,1485068256,253005276,102780779.1806
"Bourne identity",1232062980,1232840760,777780,102780779.1806
"Bourne identity",1232073840,1485068256,252994416,102780779.1806
"Bourne identity",1232074560,1485068256,252993696,102780779.1806
"Bourne identity",1232075160,1485068256,252993096,102780779.1806
"Bourne identity",1232075160,1232919180,844020,102780779.1806
"Bourne identity",1232140260,1485068256,252927996,102780779.1806
"Bourne identity",1232140260,1232570040,429780,102780779.1806
"Bourne identity",1232143560,1485068256,252924696,102780779.1806
"Bourne identity",1232144820,1485068256,252923436,102780779.1806
"Bourne identity",1232144820,1232661720,516900,102780779.1806
"Bourne identity",1232147580,1485068256,252920676,102780779.1806
"Bourne identity",1232149740,1485068256,252918516,102780779.1806
"Bourne identity",1232149740,1233710040,1560300,102780779.1806
"Bourne identity",1232149740,1234038180,1888440,102780779.1806
"Bourne identity",1232152620,1485068256,252915636,102780779.1806
"Bourne identity",1232152620,1232576700,424080,102780779.1806
"Bourne identity",1232152620,1232914080,761460,102780779.1806
"Bourne identity",1232152620,1233021900,869280,102780779.1806
"Bourne identity",1232156400,1485068256,252911856,102780779.1806
"Bourne identity",1232156400,1233352080,1195680,102780779.1806
"Bourne identity",1232156400,1233426060,1269660,102780779.1806
"Bourne identity",1232229180,1485068256,252839076,102780779.1806
"Bourne identity",1232229180,1232575680,346500,102780779.1806
"Bourne identity",1232230020,1485068256,252838236,102780779.1806
"Bourne identity",1232236500,1485068256,252831756,102780779.1806
"Bourne identity",1232236500,1232676480,439980,102780779.1806
"Bourne identity",1232239860,1485068256,252828396,102780779.1806
"Bourne identity",1232239860,1233453120,1213260,102780779.1806
"Bourne identity",1232241000,1485068256,252827256,102780779.1806
"Bourne identity",1232241000,1232653380,412380,102780779.1806
"Bourne identity",1232243580,1485068256,252824676,102780779.1806
"Bourne identity",1232243580,1233271440,1027860,102780779.1806
"Bourne identity",1232311740,1485068256,252756516,102780779.1806
"Bourne identity",1232311740,1232673780,362040,102780779.1806
"Bourne identity",1232311740,1232742540,430800,102780779.1806
"Bourne identity",1232322240,1485068256,252746016,102780779.1806
"Bourne identity",1232322240,1232925180,602940,102780779.1806
"Bourne identity",1232323020,1485068256,252745236,102780779.1806
"Bourne identity",1232323020,1233803640,1480620,102780779.1806
"Bourne identity",1232323020,1234074300,1751280,102780779.1806
"Bourne identity",1232323440,1485068256,252744816,102780779.1806
"Bourne identity",1232323440,1232577840,254400,102780779.1806
"Bourne identity",1232474700,1485068256,252593556,102780779.1806
"Bourne identity",1232474700,1233522960,1048260,102780779.1806
"Bourne identity",1232487720,1485068256,252580536,102780779.1806
"Bourne identity",1232487720,1232755020,267300,102780779.1806
"Bourne identity",1232489760,1485068256,252578496,102780779.1806
"Bourne identity",1232490120,1485068256,252578136,102780779.1806
"Bourne identity",1232490120,1233190020,699900,102780779.1806
"Bourne identity",1232490120,1233433260,943140,102780779.1806
"Bourne identity",1232491200,1485068256,252577056,102780779.1806
"Bourne identity",1232491200,1233445800,954600,102780779.1806
"Bourne identity",1232500020,1485068256,252568236,102780779.1806
"Bourne identity",1232500020,1233111840,611820,102780779.1806
"Bourne identity",1232500020,1233369840,869820,102780779.1806
"Bourne identity",1232500020,1233437220,937200,102780779.1806
"Bourne identity",1232501040,1485068256,252567216,102780779.1806
"Bourne identity",1232501040,1238050800,5549760,102780779.1806
"Bourne identity",1232501040,1241555640,9054600,102780779.1806
"Bourne identity",1232501040,1241639460,9138420,102780779.1806
"Bourne identity",1232506200,1485068256,252562056,102780779.1806
"Bourne identity",1232506200,1234310160,1803960,102780779.1806
"Bourne identity",1232508180,1485068256,252560076,102780779.1806
"Bourne identity",1232508180,1233427980,919800,102780779.1806
"Bourne identity",1232566020,1485068256,252502236,102780779.1806
"Bourne identity",1232575020,1485068256,252493236,102780779.1806
"Bourne identity",1232577480,1485068256,252490776,102780779.1806
"Bourne identity",1232582460,1485068256,252485796,102780779.1806
"Bourne identity",1232582460,1233791760,1209300,102780779.1806
"Bourne identity",1232585400,1485068256,252482856,102780779.1806
"Bourne identity",1232585400,1232757720,172320,102780779.1806
"Bourne identity",1232644560,1485068256,252423696,102780779.1806
"Bourne identity",1232644560,1236115920,3471360,102780779.1806
"Bourne identity",1232649300,1485068256,252418956,102780779.1806
"Bourne identity",1232649300,1233967020,1317720,102780779.1806
"Bourne identity",1232660580,1485068256,252407676,102780779.1806
"Bourne identity",1232660580,1233021360,360780,102780779.1806
"Bourne identity",1232674560,1485068256,252393696,102780779.1806
"Bourne identity",1232674560,1233530820,856260,102780779.1806
"Bourne identity",1232756820,1485068256,252311436,102780779.1806
"Bourne identity",1232758260,1485068256,252309996,102780779.1806
"Bourne identity",1232758260,1233283980,525720,102780779.1806
"Bourne identity",1232759700,1485068256,252308556,102780779.1806
"Bourne identity",1232759700,1232829060,69360,102780779.1806
"Bourne identity",1232761860,1485068256,252306396,102780779.1806
"Bourne identity",1232761860,1234041360,1279500,102780779.1806
"Bourne identity",1232827920,1485068256,252240336,102780779.1806
"Bourne identity",1232827920,1233184260,356340,102780779.1806
"Bourne identity",1232830140,1485068256,252238116,102780779.1806
"Bourne identity",1232830140,1233008100,177960,102780779.1806
"Bourne identity",1232831460,1485068256,252236796,102780779.1806
"Bourne identity",1232831460,1234308720,1477260,102780779.1806
"Bourne identity",1232837640,1485068256,252230616,102780779.1806
"Bourne identity",1232837640,1233173940,336300,102780779.1806
"Bourne identity",1232840640,1485068256,252227616,102780779.1806
"Bourne identity",1232840640,1233353640,513000,102780779.1806
"Bourne identity",1232930580,1485068256,252137676,102780779.1806
"Bourne identity",1232930580,1233442860,512280,102780779.1806
"Bourne identity",1233009240,1485068256,252059016,102780779.1806
"Bourne identity",1233009240,1234139280,1130040,102780779.1806
"Bourne identity",1233009240,1234403700,1394460,102780779.1806
"Bourne identity",1233009240,1234467900,1458660,102780779.1806
"Bourne identity",1233009720,1485068256,252058536,102780779.1806
"Bourne identity",1233010440,1485068256,252057816,102780779.1806
"Bourne identity",1233010440,1233187620,177180,102780779.1806
"Bourne identity",1233021720,1485068256,252046536,102780779.1806
"Bourne identity",1233021720,1233349140,327420,102780779.1806
"Bourne identity",1233021720,1233641100,619380,102780779.1806
"Bourne identity",1233021720,1233694260,672540,102780779.1806
"Bourne identity",1233022080,1485068256,252046176,102780779.1806
"Bourne identity",1233022080,1233103740,81660,102780779.1806
"Bourne identity",1233022080,1233295380,273300,102780779.1806
"Bourne identity",1233022080,1233427680,405600,102780779.1806
"Bourne identity",1233024060,1485068256,252044196,102780779.1806
"Bourne identity",1233024060,1233362760,338700,102780779.1806
"Bourne identity",1233100500,1485068256,251967756,102780779.1806
"Bourne identity",1233100500,1233436860,336360,102780779.1806
"Bourne identity",1233103920,1485068256,251964336,102780779.1806
"Bourne identity",1233106500,1485068256,251961756,102780779.1806
"Bourne identity",1233107460,1485068256,251960796,102780779.1806
"Bourne identity",1233107580,1485068256,251960676,102780779.1806
"Bourne identity",1233107580,1233447240,339660,102780779.1806
"Bourne identity",1233112860,1485068256,251955396,102780779.1806
"Bourne identity",1233112860,1234475220,1362360,102780779.1806
"Bourne identity",1233179220,1485068256,251889036,102780779.1806
"Bourne identity",1233179220,1233442380,263160,102780779.1806
"Bourne identity",1233187980,1485068256,251880276,102780779.1806
"Bourne identity",1233187980,1233626700,438720,102780779.1806
"Bourne identity",1233188400,1485068256,251879856,102780779.1806
"Bourne identity",1233188400,1233965220,776820,102780779.1806
"Bourne identity",1233191400,1485068256,251876856,102780779.1806
"Bourne identity",1233191400,1233352080,160680,102780779.1806
"Bourne identity",1233267420,1485068256,251800836,102780779.1806
"Bourne identity",1233272220,1485068256,251796036,102780779.1806
"Bourne identity",1233272220,1235501100,2228880,102780779.1806
"Bourne identity",1233274320,1485068256,251793936,102780779.1806
"Bourne identity",1233274320,1234222500,948180,102780779.1806
"Bourne identity",1233285360,1485068256,251782896,102780779.1806
"Bourne identity",1233285360,1233535320,249960,102780779.1806
"Bourne identity",1233341340,1485068256,251726916,102780779.1806
"Bourne identity",1233349620,1485068256,251718636,102780779.1806
"Bourne identity",1233349620,1233952980,603360,102780779.1806
"Bourne identity",1233361380,1485068256,251706876,102780779.1806
"Bourne identity",1233361380,1236384780,3023400,102780779.1806
"Bourne identity",1233361380,1236711720,3350340,102780779.1806
"Bourne identity",1233364380,1485068256,251703876,102780779.1806
"Bourne identity",1233427620,1485068256,251640636,102780779.1806
"Bourne identity",1233428520,1485068256,251639736,102780779.1806
"Bourne identity",1233428520,1234222260,793740,102780779.1806
"Bourne identity",1233428520,1234468020,1039500,102780779.1806
"Bourne identity",1233430500,1485068256,251637756,102780779.1806
"Bourne identity",1233432840,1485068256,251635416,102780779.1806
"Bourne identity",1233432840,1233890820,457980,102780779.1806
"Bourne identity",1233432840,1234223100,790260,102780779.1806
"Bourne identity",1233435120,1485068256,251633136,102780779.1806
"Bourne identity",1233435120,1233522000,86880,102780779.1806
"Bourne identity",1233435120,1233692760,257640,102780779.1806
"Bourne identity",1233439620,1485068256,251628636,102780779.1806
"Bourne identity",1233439620,1234642440,1202820,102780779.1806
"Bourne identity",1233442200,1485068256,251626056,102780779.1806
"Bourne identity",1233442200,1234315800,873600,102780779.1806
"Bourne identity",1233444180,1485068256,251624076,102780779.1806
"Bourne identity",1233444180,1236825660,3381480,102780779.1806
"Bourne identity",1233444360,1485068256,251623896,102780779.1806
"Bourne identity",1233444360,1234235940,791580,102780779.1806
"Bourne identity",1233449100,1485068256,251619156,102780779.1806
"Bourne identity",1233449100,1234660800,1211700,102780779.1806
"Bourne identity",1233521040,1485068256,251547216,102780779.1806
"Bourne identity",1233521040,1234568220,1047180,102780779.1806
"Bourne identity",1233522120,1485068256,251546136,102780779.1806
"Bourne identity",1233522120,1233870840,348720,102780779.1806
"Bourne identity",1233522120,1233874980,352860,102780779.1806
"Bourne identity",1233522120,1233950820,428700,102780779.1806
"Bourne identity",1233523200,1485068256,251545056,102780779.1806
"Bourne identity",1233523200,1233535740,12540,102780779.1806
"Bourne identity",1233528360,1485068256,251539896,102780779.1806
"Bourne identity",1233531300,1485068256,251536956,102780779.1806
"Bourne identity",1233599520,1485068256,251468736,102780779.1806
"Bourne identity",1233599520,1233944760,345240,102780779.1806
"Bourne identity",1233611580,1485068256,251456676,102780779.1806
"Bourne identity",1233611580,1234046580,435000,102780779.1806
"Bourne identity",1233615660,1485068256,251452596,102780779.1806
"Bourne identity",1233618540,1485068256,251449716,102780779.1806
"Bourne identity",1233618540,1235009220,1390680,102780779.1806
"Bourne identity",1233618540,1235156880,1538340,102780779.1806
"Bourne identity",1233619260,1485068256,251448996,102780779.1806
"Bourne identity",1233621420,1485068256,251446836,102780779.1806
"Bourne identity",1233621420,1234497180,875760,102780779.1806
"Bourne identity",1233624600,1485068256,251443656,102780779.1806
"Bourne identity",1233632820,1485068256,251435436,102780779.1806
"Bourne identity",1233700500,1485068256,251367756,102780779.1806
"Bourne identity",1233700500,1234316100,615600,102780779.1806
"Bourne identity",1233700500,1234559940,859440,102780779.1806
"Bourne identity",1233700500,1234638360,937860,102780779.1806
"Bourne identity",1233701160,1485068256,251367096,102780779.1806
"Bourne identity",1233701160,1233702060,900,102780779.1806
"Bourne identity",1233712260,1485068256,251355996,102780779.1806
"Bourne identity",1233713460,1485068256,251354796,102780779.1806
"Bourne identity",1233713460,1234045740,332280,102780779.1806
"Bourne identity",1233771420,1485068256,251296836,102780779.1806
"Bourne identity",1233771420,1233955440,184020,102780779.1806
"Bourne identity",1233785820,1485068256,251282436,102780779.1806
"Bourne identity",1233785820,1234925160,1139340,102780779.1806
"Bourne identity",1233799440,1485068256,251268816,102780779.1806
"Bourne identity",1233799440,1233950100,150660,102780779.1806
"Bourne identity",1233800280,1485068256,251267976,102780779.1806
"Bourne identity",1233800280,1485068256,251267976,102780779.1806
"Bourne identity",1233800280,1236220140,2419860,102780779.1806
"Bourne identity",1233867540,1234039800,172260,102780779.1806
"Bourne identity",1233871560,1485068256,251196696,102780779.1806
"Bourne identity",1233871560,1233966120,94560,102780779.1806
"Bourne identity",1233875400,1485068256,251192856,102780779.1806
"Bourne identity",1233875400,1234046700,171300,102780779.1806
"Bourne identity",1233876360,1485068256,251191896,102780779.1806
"Bourne identity",1233876360,1235083560,1207200,102780779.1806
"Bourne identity",1233883620,1485068256,251184636,102780779.1806
"Bourne identity",1233883620,1237312500,3428880,102780779.1806
"Bourne identity",1233955140,1485068256,251113116,102780779.1806
"Bourne identity",1233955140,1234899420,944280,102780779.1806
"Bourne identity",1233958860,1485068256,251109396,102780779.1806
"Bourne identity",1233965280,1485068256,251102976,102780779.1806
"Bourne identity",1233970380,1485068256,251097876,102780779.1806
"Bourne identity",1234033260,1485068256,251034996,102780779.1806
"Bourne identity",1234033260,1235606220,1572960,102780779.1806
"Bourne identity",1234036980,1485068256,251031276,102780779.1806
"Bourne identity",1234044420,1485068256,251023836,102780779.1806
"Bourne identity",1234044420,1235350080,1305660,102780779.1806
"Bourne identity",1234044420,1235506320,1461900,102780779.1806
"Bourne identity",1234056600,1485068256,251011656,102780779.1806
"Bourne identity",1234056600,1234913640,857040,102780779.1806
"Bourne identity",1234058400,1485068256,251009856,102780779.1806
"Bourne identity",1234058400,1235265720,1207320,102780779.1806
"Bourne identity",1234219440,1485068256,250848816,102780779.1806
"Bourne identity",1234219440,1234223280,3840,102780779.1806
"Bourne identity",1234219620,1485068256,250848636,102780779.1806
"Bourne identity",1234219620,1236124740,1905120,102780779.1806
"Bourne identity",1234219620,1236296220,2076600,102780779.1806
"Bourne identity",1234224540,1485068256,250843716,102780779.1806
"Bourne identity",1234224540,1234485660,261120,102780779.1806
"Bourne identity",1234225500,1485068256,250842756,102780779.1806
"Bourne identity",1234226400,1485068256,250841856,102780779.1806
"Bourne identity",1234226400,1236649020,2422620,102780779.1806
"Bourne identity",1234226520,1485068256,250841736,102780779.1806
"Bourne identity",1234226520,1234483680,257160,102780779.1806
"Bourne identity",1234226640,1485068256,250841616,102780779.1806
"Bourne identity",1234226640,1234388820,162180,102780779.1806
"Bourne identity",1234228020,1485068256,250840236,102780779.1806
"Bourne identity",1234228020,1234571640,343620,102780779.1806
"Bourne identity",1234230300,1485068256,250837956,102780779.1806
"Bourne identity",1234230300,1234496340,266040,102780779.1806
"Bourne identity",1234231320,1485068256,250836936,102780779.1806
"Bourne identity",1234231320,1235167320,936000,102780779.1806
"Bourne identity",1234299960,1485068256,250768296,102780779.1806
"Bourne identity",1234299960,1234556940,256980,102780779.1806
"Bourne identity",1234299960,1234997340,697380,102780779.1806
"Bourne identity",1234309020,1485068256,250759236,102780779.1806
"Bourne identity",1234309020,1236050820,1741800,102780779.1806
"Bourne identity",1234317840,1485068256,250750416,102780779.1806
"Bourne identity",1234317840,1235534340,1216500,102780779.1806
"Bourne identity",1234318320,1485068256,250749936,102780779.1806
"Bourne identity",1234318320,1235265900,947580,102780779.1806
"Bourne identity",1234319520,1485068256,250748736,102780779.1806
"Bourne identity",1234319520,1235423400,1103880,102780779.1806
"Bourne identity",1234319520,1235678040,1358520,102780779.1806
"Bourne identity",1234319700,1485068256,250748556,102780779.1806
"Bourne identity",1234319700,1235434920,1115220,102780779.1806
"Bourne identity",1234390560,1485068256,250677696,102780779.1806
"Bourne identity",1234390560,1234654740,264180,102780779.1806
"Bourne identity",1234396740,1485068256,250671516,102780779.1806
"Bourne identity",1234396740,1237254900,2858160,102780779.1806
"Bourne identity",1234396740,1237590780,3194040,102780779.1806
"Bourne identity",1234400640,1485068256,250667616,102780779.1806
"Bourne identity",1234400640,1236387900,1987260,102780779.1806
"Bourne identity",1234402440,1485068256,250665816,102780779.1806
"Bourne identity",1234402440,1235683200,1280760,102780779.1806
"Bourne identity",1234405740,1485068256,250662516,102780779.1806
"Bourne identity",1234405740,1235099700,693960,102780779.1806
"Bourne identity",1234405860,1485068256,250662396,102780779.1806
"Bourne identity",1234405860,1234651500,245640,102780779.1806
"Bourne identity",1234480260,1234482180,1920,102780779.1806
"Bourne identity",1234481100,1485068256,250587156,102780779.1806
"Bourne identity",1234485180,1485068256,250583076,102780779.1806
"Bourne identity",1234485180,1235528640,1043460,102780779.1806
"Bourne identity",1234486020,1485068256,250582236,102780779.1806
"Bourne identity",1234486020,1234656780,170760,102780779.1806
"Bourne identity",1234492800,1485068256,250575456,102780779.1806
"Bourne identity",1234492800,1235094300,601500,102780779.1806
"Bourne identity",1234492860,1485068256,250575396,102780779.1806
"Bourne identity",1234551540,1485068256,250516716,102780779.1806
"Bourne identity",1234551540,1235094780,543240,102780779.1806
"Bourne identity",1234554360,1485068256,250513896,102780779.1806
"Bourne identity",1234554360,1234658640,104280,102780779.1806
"Bourne identity",1234558620,1485068256,250509636,102780779.1806
"Bourne identity",1234558620,1234644480,85860,102780779.1806
"Bourne identity",1234560480,1485068256,250507776,102780779.1806
"Bourne identity",1234560480,1239393660,4833180,102780779.1806
"Bourne identity",1234560480,1239999060,5438580,102780779.1806
"Bourne identity",1234560480,1485068256,250507776,102780779.1806
"Bourne identity",1234560480,1236975720,2415240,102780779.1806
"Bourne identity",1234574160,1485068256,250494096,102780779.1806
"Bourne identity",1234574160,1234983180,409020,102780779.1806
"Bourne identity",1234636620,1485068256,250431636,102780779.1806
"Bourne identity",1234636620,1235618160,981540,102780779.1806
"Bourne identity",1234638660,1485068256,250429596,102780779.1806
"Bourne identity",1234647600,1485068256,250420656,102780779.1806
"Bourne identity",1234647600,1237242840,2595240,102780779.1806
"Bourne identity",1234660380,1485068256,250407876,102780779.1806
"Bourne identity",1234660380,1235521860,861480,102780779.1806
"Bourne identity",1234662780,1485068256,250405476,102780779.1806
"Bourne identity",1234662780,1235868000,1205220,102780779.1806
"Bourne identity",1234728960,1485068256,250339296,102780779.1806
"Bourne identity",1234728960,1235515320,786360,102780779.1806
"Bourne identity",1234732500,1485068256,250335756,102780779.1806
"Bourne identity",1234732500,1235422980,690480,102780779.1806
"Bourne identity",1234907220,1234907760,540,102780779.1806
"Bourne identity",1234907760,1485068256,250160496,102780779.1806
"Bourne identity",1234907760,1236903360,1995600,102780779.1806
"Bourne identity",1234907760,1237255740,2347980,102780779.1806
"Bourne identity",1234907760,1237326180,2418420,102780779.1806
"Bourne identity",1234908060,1485068256,250160196,102780779.1806
"Bourne identity",1234908060,1235436720,528660,102780779.1806
"Bourne identity",1234914000,1485068256,250154256,102780779.1806
"Bourne identity",1234914000,1235674740,760740,102780779.1806
"Bourne identity",1234918860,1485068256,250149396,102780779.1806
"Bourne identity",1234918860,1236640200,1721340,102780779.1806
"Bourne identity",1234920120,1485068256,250148136,102780779.1806
"Bourne identity",1234920120,1238714220,3794100,102780779.1806
"Bourne identity",1234924680,1485068256,250143576,102780779.1806
"Bourne identity",1234925700,1485068256,250142556,102780779.1806
"Bourne identity",1234925700,1235097960,172260,102780779.1806
"Bourne identity",1234993020,1485068256,250075236,102780779.1806
"Bourne identity",1234993020,1485068256,250075236,102780779.1806
"Bourne identity",1234993020,1235859600,866580,102780779.1806
"Bourne identity",1234993020,1236041400,1048380,102780779.1806
"Bourne identity",1234996980,1485068256,250071276,102780779.1806
"Bourne identity",1234996980,1235692140,695160,102780779.1806
"Bourne identity",1235004960,1485068256,250063296,102780779.1806
"Bourne identity",1235008680,1485068256,250059576,102780779.1806
"Bourne identity",1235085960,1485068256,249982296,102780779.1806
"Bourne identity",1235085960,1235447220,361260,102780779.1806
"Bourne identity",1235093520,1485068256,249974736,102780779.1806
"Bourne identity",1235093520,1236212640,1119120,102780779.1806
"Bourne identity",1235093520,1236396180,1302660,102780779.1806
"Bourne identity",1235093520,1236549240,1455720,102780779.1806
"Bourne identity",1235153160,1485068256,249915096,102780779.1806
"Bourne identity",1235153160,1236374100,1220940,102780779.1806
"Bourne identity",1235158320,1485068256,249909936,102780779.1806
"Bourne identity",1235158320,1235427420,269100,102780779.1806
"Bourne identity",1235171400,1485068256,249896856,102780779.1806
"Bourne identity",1235172780,1485068256,249895476,102780779.1806
"Bourne identity",1235172780,1235526180,353400,102780779.1806
"Bourne identity",1235181300,1485068256,249886956,102780779.1806
"Bourne identity",1235181300,1237341780,2160480,102780779.1806
"Bourne identity",1235181300,1237839720,2658420,102780779.1806
"Bourne identity",1235181300,1485068256,249886956,102780779.1806
"Bourne identity",1235181300,1237341720,2160420,102780779.1806
"Bourne identity",1235246340,1485068256,249821916,102780779.1806
"Bourne identity",1235246340,1235856060,609720,102780779.1806
"Bourne identity",1235250420,1485068256,249817836,102780779.1806
"Bourne identity",1235253540,1485068256,249814716,102780779.1806
"Bourne identity",1235253540,1235767800,514260,102780779.1806
"Bourne identity",1235259060,1485068256,249809196,102780779.1806
"Bourne identity",1235259060,1236629040,1369980,102780779.1806
"Bourne identity",1235259060,1236719640,1460580,102780779.1806
"Bourne identity",1235264640,1485068256,249803616,102780779.1806
"Bourne identity",1235264640,1236278220,1013580,102780779.1806
"Bourne identity",1235264640,1236370680,1106040,102780779.1806
"Bourne identity",1235333400,1485068256,249734856,102780779.1806
"Bourne identity",1235336220,1485068256,249732036,102780779.1806
"Bourne identity",1235431980,1485068256,249636276,102780779.1806
"Bourne identity",1235431980,1236042300,610320,102780779.1806
"Bourne identity",1235441100,1485068256,249627156,102780779.1806
"Bourne identity",1235442480,1485068256,249625776,102780779.1806
"Bourne identity",1235442480,1236650640,1208160,102780779.1806
"Bourne identity",1235519760,1485068256,249548496,102780779.1806
"Bourne identity",1235519760,1236304260,784500,102780779.1806
"Bourne identity",1235520300,1485068256,249547956,102780779.1806
"Bourne identity",1235520300,1236125700,605400,102780779.1806
"Bourne identity",1235521200,1485068256,249547056,102780779.1806
"Bourne identity",1235521200,1235589960,68760,102780779.1806
"Bourne identity",1235521740,1485068256,249546516,102780779.1806
"Bourne identity",1235532600,1485068256,249535656,102780779.1806
"Bourne identity",1235532600,1238104380,2571780,102780779.1806
"Bourne identity",1235532600,1238523720,2991120,102780779.1806
"Bourne identity",1235588160,1485068256,249480096,102780779.1806
"Bourne identity",1235588160,1237929540,2341380,102780779.1806
"Bourne identity",1235591880,1485068256,249476376,102780779.1806
"Bourne identity",1235591880,1236801300,1209420,102780779.1806
"Bourne identity",1235592780,1485068256,249475476,102780779.1806
"Bourne identity",1235592780,1236133500,540720,102780779.1806
"Bourne identity",1235603280,1485068256,249464976,102780779.1806
"Bourne identity",1235603280,1235690100,86820,102780779.1806
"Bourne identity",1235604420,1485068256,249463836,102780779.1806
"Bourne identity",1235604420,1236729480,1125060,102780779.1806
"Bourne identity",1235605320,1485068256,249462936,102780779.1806
"Bourne identity",1235605320,1235693460,88140,102780779.1806
"Bourne identity",1235607000,1485068256,249461256,102780779.1806
"Bourne identity",1235607000,1236637980,1030980,102780779.1806
"Bourne identity",1235676000,1485068256,249392256,102780779.1806
"Bourne identity",1235676000,1236115920,439920,102780779.1806
"Bourne identity",1235687640,1485068256,249380616,102780779.1806
"Bourne identity",1235689620,1485068256,249378636,102780779.1806
"Bourne identity",1235691000,1485068256,249377256,102780779.1806
"Bourne identity",1235691000,1236193800,502800,102780779.1806
"Bourne identity",1235691000,1236290700,599700,102780779.1806
"Bourne identity",1235691840,1485068256,249376416,102780779.1806
"Bourne identity",1235691840,1236193800,501960,102780779.1806
"Bourne identity",1235698200,1485068256,249370056,102780779.1806
"Bourne identity",1235700780,1485068256,249367476,102780779.1806
"Bourne identity",1235702100,1485068256,249366156,102780779.1806
"Bourne identity",1235702100,1236045060,342960,102780779.1806
"Bourne identity",1235758380,1485068256,249309876,102780779.1806
"Bourne identity",1235758380,1236189900,431520,102780779.1806
"Bourne identity",1235773080,1485068256,249295176,102780779.1806
"Bourne identity",1235773080,1238368920,2595840,102780779.1806
"Bourne identity",1235867760,1485068256,249200496,102780779.1806
"Bourne identity",1235937840,1485068256,249130416,102780779.1806
"Bourne identity",1235937840,1237064160,1126320,102780779.1806
"Bourne identity",1235940480,1485068256,249127776,102780779.1806
"Bourne identity",1235940480,1236121200,180720,102780779.1806
"Bourne identity",1235940480,1236317520,377040,102780779.1806
"Bourne identity",1235940840,1485068256,249127416,102780779.1806
"Bourne identity",1235940840,1235953860,13020,102780779.1806
"Bourne identity",1235940840,1236021360,80520,102780779.1806
"Bourne identity",1235940840,1236111660,170820,102780779.1806
"Bourne identity",1235945820,1485068256,249122436,102780779.1806
"Bourne identity",1236115200,1485068256,248953056,102780779.1806
"Bourne identity",1236115200,1237413000,1297800,102780779.1806
"Bourne identity",1236115920,1485068256,248952336,102780779.1806
"Bourne identity",1236115920,1241555880,5439960,102780779.1806
"Bourne identity",1236122820,1485068256,248945436,102780779.1806
"Bourne identity",1236122820,1236900360,777540,102780779.1806
"Bourne identity",1236129660,1485068256,248938596,102780779.1806
"Bourne identity",1236129660,1236736680,607020,102780779.1806
"Bourne identity",1236130500,1485068256,248937756,102780779.1806
"Bourne identity",1236130500,1236905460,774960,102780779.1806
"Bourne identity",1236133020,1485068256,248935236,102780779.1806
"Bourne identity",1236133020,1236465720,332700,102780779.1806
"Bourne identity",1236136440,1485068256,248931816,102780779.1806
"Bourne identity",1236136440,1236388980,252540,102780779.1806
"Bourne identity",1236136440,1236717120,580680,102780779.1806
"Bourne identity",1236197640,1485068256,248870616,102780779.1806
"Bourne identity",1236197640,1236390420,192780,102780779.1806
"Bourne identity",1236198420,1485068256,248869836,102780779.1806
"Bourne identity",1236198420,1236815580,617160,102780779.1806
"Bourne identity",1236202080,1485068256,248866176,102780779.1806
"Bourne identity",1236202080,1236884700,682620,102780779.1806
"Bourne identity",1236202920,1485068256,248865336,102780779.1806
"Bourne identity",1236202920,1237426920,1224000,102780779.1806
"Bourne identity",1236209160,1485068256,248859096,102780779.1806
"Bourne identity",1236209160,1237317000,1107840,102780779.1806
"Bourne identity",1236217200,1485068256,248851056,102780779.1806
"Bourne identity",1236217200,1237074960,857760,102780779.1806
"Bourne identity",1236293640,1485068256,248774616,102780779.1806
"Bourne identity",1236293640,1237056480,762840,102780779.1806
"Bourne identity",1236295260,1485068256,248772996,102780779.1806
"Bourne identity",1236295260,1236366000,70740,102780779.1806
"Bourne identity",1236380700,1485068256,248687556,102780779.1806
"Bourne identity",1236389400,1485068256,248678856,102780779.1806
"Bourne identity",1236389400,1237256280,866880,102780779.1806
"Bourne identity",1236389760,1485068256,248678496,102780779.1806
"Bourne identity",1236389760,1237406460,1016700,102780779.1806
"Bourne identity",1236453540,1485068256,248614716,102780779.1806
"Bourne identity",1236457440,1485068256,248610816,102780779.1806
"Bourne identity",1236457440,1236541380,83940,102780779.1806
"Bourne identity",1236465540,1485068256,248602716,102780779.1806
"Bourne identity",1236465540,1237067160,601620,102780779.1806
"Bourne identity",1236552720,1485068256,248515536,102780779.1806
"Bourne identity",1236552720,1237670160,1117440,102780779.1806
"Bourne identity",1236630120,1485068256,248438136,102780779.1806
"Bourne identity",1236630120,1238527800,1897680,102780779.1806
"Bourne identity",1236635880,1485068256,248432376,102780779.1806
"Bourne identity",1236635880,1237413060,777180,102780779.1806
"Bourne identity",1236639000,1485068256,248429256,102780779.1806
"Bourne identity",1236639000,1236817500,178500,102780779.1806
"Bourne identity",1236639000,1237231080,592080,102780779.1806
"Bourne identity",1236644160,1485068256,248424096,102780779.1806
"Bourne identity",1236644160,1236912840,268680,102780779.1806
"Bourne identity",1236646620,1485068256,248421636,102780779.1806
"Bourne identity",1236646620,1238443920,1797300,102780779.1806
"Bourne identity",1236721440,1485068256,248346816,102780779.1806
"Bourne identity",1236721440,1236982980,261540,102780779.1806
"Bourne identity",1236723060,1485068256,248345196,102780779.1806
"Bourne identity",1236723060,1236801960,78900,102780779.1806
"Bourne identity",1236731520,1485068256,248336736,102780779.1806
"Bourne identity",1236731520,1237235520,504000,102780779.1806
"Bourne identity",1236733740,1485068256,248334516,102780779.1806
"Bourne identity",1236733740,1237248360,514620,102780779.1806
"Bourne identity",1236733740,1237661160,927420,102780779.1806
"Bourne identity",1236800760,1485068256,248267496,102780779.1806
"Bourne identity",1236800760,1236969960,169200,102780779.1806
"Bourne identity",1236804000,1485068256,248264256,102780779.1806
"Bourne identity",1236804000,1238092980,1288980,102780779.1806
"Bourne identity",1236805080,1485068256,248263176,102780779.1806
"Bourne identity",1236805080,1238015700,1210620,102780779.1806
"Bourne identity",1236805860,1485068256,248262396,102780779.1806
"Bourne identity",1236811320,1485068256,248256936,102780779.1806
"Bourne identity",1236811320,1236902400,91080,102780779.1806
"Bourne identity",1236811320,1237263720,452400,102780779.1806
"Bourne identity",1236811320,1237324500,513180,102780779.1806
"Bourne identity",1236819960,1485068256,248248296,102780779.1806
"Bourne identity",1236824220,1485068256,248244036,102780779.1806
"Bourne identity",1236824220,1239999420,3175200,102780779.1806
"Bourne identity",1236824400,1485068256,248243856,102780779.1806
"Bourne identity",1236824400,1237572540,748140,102780779.1806
"Bourne identity",1236824400,1238634000,1809600,102780779.1806
"Bourne identity",1236882720,1485068256,248185536,102780779.1806
"Bourne identity",1236882720,1237762200,879480,102780779.1806
"Bourne identity",1236887700,1485068256,248180556,102780779.1806
"Bourne identity",1236887700,1237578720,691020,102780779.1806
"Bourne identity",1236896880,1485068256,248171376,102780779.1806
"Bourne identity",1236896880,1237240680,343800,102780779.1806
"Bourne identity",1236912000,1485068256,248156256,102780779.1806
"Bourne identity",1236912000,1237254720,342720,102780779.1806
"Bourne identity",1236977280,1485068256,248090976,102780779.1806
"Bourne identity",1236977280,1237341000,363720,102780779.1806
"Bourne identity",1237066620,1485068256,248001636,102780779.1806
"Bourne identity",1237066620,1237249500,182880,102780779.1806
"Bourne identity",1237068960,1485068256,247999296,102780779.1806
"Bourne identity",1237068960,1237238580,169620,102780779.1806
"Bourne identity",1237072020,1485068256,247996236,102780779.1806
"Bourne identity",1237072380,1485068256,247995876,102780779.1806
"Bourne identity",1237072380,1238367480,1295100,102780779.1806
"Bourne identity",1237158660,1485068256,247909596,102780779.1806
"Bourne identity",1237236060,1485068256,247832196,102780779.1806
"Bourne identity",1237236060,1237420800,184740,102780779.1806
"Bourne identity",1237236660,1485068256,247831596,102780779.1806
"Bourne identity",1237236660,1237497060,260400,102780779.1806
"Bourne identity",1237240560,1485068256,247827696,102780779.1806
"Bourne identity",1237240560,1237859640,619080,102780779.1806
"Bourne identity",1237240860,1485068256,247827396,102780779.1806
"Bourne identity",1237240860,1237947000,706140,102780779.1806
"Bourne identity",1237240860,1238190120,949260,102780779.1806
"Bourne identity",1237247160,1485068256,247821096,102780779.1806
"Bourne identity",1237247160,1239323400,2076240,102780779.1806
"Bourne identity",1237251420,1485068256,247816836,102780779.1806
"Bourne identity",1237251420,1237668120,416700,102780779.1806
"Bourne identity",1237251420,1238004600,753180,102780779.1806
"Bourne identity",1237256100,1485068256,247812156,102780779.1806
"Bourne identity",1237256100,1237423740,167640,102780779.1806
"Bourne identity",1237256100,1237922460,666360,102780779.1806
"Bourne identity",1237256100,1238458440,1202340,102780779.1806
"Bourne identity",1237257300,1485068256,247810956,102780779.1806
"Bourne identity",1237257300,1238551200,1293900,102780779.1806
"Bourne identity",1237321380,1485068256,247746876,102780779.1806
"Bourne identity",1237321380,1238454120,1132740,102780779.1806
"Bourne identity",1237325580,1485068256,247742676,102780779.1806
"Bourne identity",1237328580,1485068256,247739676,102780779.1806
"Bourne identity",1237328580,1237841940,513360,102780779.1806
"Bourne identity",1237330800,1485068256,247737456,102780779.1806
"Bourne identity",1237334460,1485068256,247733796,102780779.1806
"Bourne identity",1237334460,1237582080,247620,102780779.1806
"Bourne identity",1237335180,1485068256,247733076,102780779.1806
"Bourne identity",1237335180,1237412520,77340,102780779.1806
"Bourne identity",1237341420,1485068256,247726836,102780779.1806
"Bourne identity",1237406640,1485068256,247661616,102780779.1806
"Bourne identity",1237406640,1237595040,188400,102780779.1806
"Bourne identity",1237413720,1485068256,247654536,102780779.1806
"Bourne identity",1237413720,1238115480,701760,102780779.1806
"Bourne identity",1237413720,1238176200,762480,102780779.1806
"Bourne identity",1237415040,1485068256,247653216,102780779.1806
"Bourne identity",1237415040,1238546940,1131900,102780779.1806
"Bourne identity",1237429320,1485068256,247638936,102780779.1806
"Bourne identity",1237429320,1237948260,518940,102780779.1806
"Bourne identity",1237429320,1238306700,877380,102780779.1806
"Bourne identity",1237429320,1238437080,1007760,102780779.1806
"Bourne identity",1237429680,1485068256,247638576,102780779.1806
"Bourne identity",1237429680,1238199600,769920,102780779.1806
"Bourne identity",1237483920,1485068256,247584336,102780779.1806
"Bourne identity",1237483920,1238519160,1035240,102780779.1806
"Bourne identity",1237499640,1485068256,247568616,102780779.1806
"Bourne identity",1237499640,1246604400,9104760,102780779.1806
"Bourne identity",1237501200,1485068256,247567056,102780779.1806
"Bourne identity",1237501200,1237667820,166620,102780779.1806
"Bourne identity",1237504200,1485068256,247564056,102780779.1806
"Bourne identity",1237504200,1485068256,247564056,102780779.1806
"Bourne identity",1237505580,1485068256,247562676,102780779.1806
"Bourne identity",1237505580,1238615760,1110180,102780779.1806
"Bourne identity",1237506480,1485068256,247561776,102780779.1806
"Bourne identity",1237510200,1485068256,247558056,102780779.1806
"Bourne identity",1237510200,1239661440,2151240,102780779.1806
"Bourne identity",1237517220,1485068256,247551036,102780779.1806
"Bourne identity",1237592160,1485068256,247476096,102780779.1806
"Bourne identity",1237592160,1239226500,1634340,102780779.1806
"Bourne identity",1237656360,1485068256,247411896,102780779.1806
"Bourne identity",1237656360,1238023020,366660,102780779.1806
"Bourne identity",1237661220,1485068256,247407036,102780779.1806
"Bourne identity",1237661220,1238445540,784320,102780779.1806
"Bourne identity",1237751220,1485068256,247317036,102780779.1806
"Bourne identity",1237752660,1485068256,247315596,102780779.1806
"Bourne identity",1237849260,1485068256,247218996,102780779.1806
"Bourne identity",1237849260,1238541180,691920,102780779.1806
"Bourne identity",1237855740,1485068256,247212516,102780779.1806
"Bourne identity",1237855740,1239154140,1298400,102780779.1806
"Bourne identity",1237926480,1485068256,247141776,102780779.1806
"Bourne identity",1237926480,1238087940,161460,102780779.1806
"Bourne identity",1237927320,1485068256,247140936,102780779.1806
"Bourne identity",1237933380,1485068256,247134876,102780779.1806
"Bourne identity",1237933380,1241819400,3886020,102780779.1806
"Bourne identity",1237949580,1485068256,247118676,102780779.1806
"Bourne identity",1237949580,1238622900,673320,102780779.1806
"Bourne identity",1238008260,1485068256,247059996,102780779.1806
"Bourne identity",1238008920,1485068256,247059336,102780779.1806
"Bourne identity",1238014800,1485068256,247053456,102780779.1806
"Bourne identity",1238028300,1485068256,247039956,102780779.1806
"Bourne identity",1238028300,1238117220,88920,102780779.1806
"Bourne identity",1238031180,1485068256,247037076,102780779.1806
"Bourne identity",1238031180,1238700240,669060,102780779.1806
"Bourne identity",1238091900,1485068256,246976356,102780779.1806
"Bourne identity",1238091900,1239056940,965040,102780779.1806
"Bourne identity",1238091900,1239857880,1765980,102780779.1806
"Bourne identity",1238091900,1240003020,1911120,102780779.1806
"Bourne identity",1238098620,1485068256,246969636,102780779.1806
"Bourne identity",1238107740,1485068256,246960516,102780779.1806
"Bourne identity",1238107740,1239836640,1728900,102780779.1806
"Bourne identity",1238107860,1238107920,60,102780779.1806
"Bourne identity",1238107860,1238434920,327060,102780779.1806
"Bourne identity",1238107860,1238697480,589620,102780779.1806
"Bourne identity",1238183280,1485068256,246884976,102780779.1806
"Bourne identity",1238183280,1238798580,615300,102780779.1806
"Bourne identity",1238187480,1485068256,246880776,102780779.1806
"Bourne identity",1238265420,1485068256,246802836,102780779.1806
"Bourne identity",1238271360,1485068256,246796896,102780779.1806
"Bourne identity",1238369820,1485068256,246698436,102780779.1806
"Bourne identity",1238369820,1239231720,861900,102780779.1806
"Bourne identity",1238443740,1485068256,246624516,102780779.1806
"Bourne identity",1238443740,1239391260,947520,102780779.1806
"Bourne identity",1238448480,1485068256,246619776,102780779.1806
"Bourne identity",1238448480,1239665040,1216560,102780779.1806
"Bourne identity",1238458320,1485068256,246609936,102780779.1806
"Bourne identity",1238458320,1239060360,602040,102780779.1806
"Bourne identity",1238467140,1485068256,246601116,102780779.1806
"Bourne identity",1238467140,1240539840,2072700,102780779.1806
"Bourne identity",1238532180,1485068256,246536076,102780779.1806
"Bourne identity",1238532180,1239741120,1208940,102780779.1806
"Bourne identity",1238540340,1485068256,246527916,102780779.1806
"Bourne identity",1238540340,1238794560,254220,102780779.1806
"Bourne identity",1238540820,1485068256,246527436,102780779.1806
"Bourne identity",1238540820,1238712300,171480,102780779.1806
"Bourne identity",1238540820,1239214080,673260,102780779.1806
"Bourne identity",1238544540,1485068256,246523716,102780779.1806
"Bourne identity",1238544540,1239840240,1295700,102780779.1806
"Bourne identity",1238544660,1485068256,246523596,102780779.1806
"Bourne identity",1238547420,1485068256,246520836,102780779.1806
"Bourne identity",1238547420,1239762240,1214820,102780779.1806
"Bourne identity",1238553060,1485068256,246515196,102780779.1806
"Bourne identity",1238616300,1485068256,246451956,102780779.1806
"Bourne identity",1238621220,1485068256,246447036,102780779.1806
"Bourne identity",1238621220,1239151740,530520,102780779.1806
"Bourne identity",1238623680,1485068256,246444576,102780779.1806
"Bourne identity",1238628540,1485068256,246439716,102780779.1806
"Bourne identity",1238636100,1485068256,246432156,102780779.1806
"Bourne identity",1238636880,1485068256,246431376,102780779.1806
"Bourne identity",1238636880,1239751320,1114440,102780779.1806
"Bourne identity",1238640720,1485068256,246427536,102780779.1806
"Bourne identity",1238780100,1485068256,246288156,102780779.1806
"Bourne identity",1238780100,1241218020,2437920,102780779.1806
"Bourne identity",1238783040,1485068256,246285216,102780779.1806
"Bourne identity",1238796180,1485068256,246272076,102780779.1806
"Bourne identity",1238796180,1239474540,678360,102780779.1806
"Bourne identity",1238799240,1485068256,246269016,102780779.1806
"Bourne identity",1238799240,1240610340,1811100,102780779.1806
"Bourne identity",1238800380,1485068256,246267876,102780779.1806
"Bourne identity",1238800380,1239224760,424380,102780779.1806
"Bourne identity",1238802360,1485068256,246265896,102780779.1806
"Bourne identity",1238872320,1485068256,246195936,102780779.1806
"Bourne identity",1238872320,1240091940,1219620,102780779.1806
"Bourne identity",1238882760,1485068256,246185496,102780779.1806
"Bourne identity",1238882760,1239667860,785100,102780779.1806
"Bourne identity",1238963340,1485068256,246104916,102780779.1806
"Bourne identity",1238963340,1240525860,1562520,102780779.1806
"Bourne identity",1238964780,1485068256,246103476,102780779.1806
"Bourne identity",1239051780,1485068256,246016476,102780779.1806
"Bourne identity",1239051780,1240002120,950340,102780779.1806
"Bourne identity",1239055560,1485068256,246012696,102780779.1806
"Bourne identity",1239058980,1485068256,246009276,102780779.1806
"Bourne identity",1239058980,1240269420,1210440,102780779.1806
"Bourne identity",1239058980,1242534600,3475620,102780779.1806
"Bourne identity",1239058980,1242679860,3620880,102780779.1806
"Bourne identity",1239062640,1485068256,246005616,102780779.1806
"Bourne identity",1239062640,1240095360,1032720,102780779.1806
"Bourne identity",1239217800,1485068256,245850456,102780779.1806
"Bourne identity",1239218760,1485068256,245849496,102780779.1806
"Bourne identity",1239239520,1485068256,245828736,102780779.1806
"Bourne identity",1239307680,1485068256,245760576,102780779.1806
"Bourne identity",1239391800,1239908820,517020,102780779.1806
"Bourne identity",1239398520,1241557860,2159340,102780779.1806
"Bourne identity",1239399840,1240081440,681600,102780779.1806
"Bourne identity",1239481380,1485068256,245586876,102780779.1806
"Bourne identity",1239481380,1241576520,2095140,102780779.1806
"Bourne identity",1239481380,1241832300,2350920,102780779.1806
"Bourne identity",1239481380,1241897820,2416440,102780779.1806
"Bourne identity",1239482160,1485068256,245586096,102780779.1806
"Bourne identity",1239482160,1244444400,4962240,102780779.1806
"Bourne identity",1239643440,1485068256,245424816,102780779.1806
"Bourne identity",1239643440,1243036860,3393420,102780779.1806
"Bourne identity",1239643440,1243100700,3457260,102780779.1806
"Bourne identity",1239657660,1485068256,245410596,102780779.1806
"Bourne identity",1239662520,1485068256,245405736,102780779.1806
"Bourne identity",1239662520,1239916260,253740,102780779.1806
"Bourne identity",1239663720,1485068256,245404536,102780779.1806
"Bourne identity",1239663720,1240787820,1124100,102780779.1806
"Bourne identity",1239663780,1485068256,245404476,102780779.1806
"Bourne identity",1239663780,1239839340,175560,102780779.1806
"Bourne identity",1239666600,1485068256,245401656,102780779.1806
"Bourne identity",1239666600,1240279140,612540,102780779.1806
"Bourne identity",1239666600,1240426680,760080,102780779.1806
"Bourne identity",1239671940,1485068256,245396316,102780779.1806
"Bourne identity",1239671940,1240273200,601260,102780779.1806
"Bourne identity",1239672540,1485068256,245395716,102780779.1806
"Bourne identity",1239672540,1240427400,754860,102780779.1806
"Bourne identity",1239739860,1485068256,245328396,102780779.1806
"Bourne identity",1239743880,1485068256,245324376,102780779.1806
"Bourne identity",1239743880,1240538100,794220,102780779.1806
"Bourne identity",1239748500,1485068256,245319756,102780779.1806
"Bourne identity",1239748500,1240274760,526260,102780779.1806
"Bourne identity",1239753180,1485068256,245315076,102780779.1806
"Bourne identity",1239754080,1485068256,245314176,102780779.1806
"Bourne identity",1239754080,1241220420,1466340,102780779.1806
"Bourne identity",1239762780,1485068256,245305476,102780779.1806
"Bourne identity",1239762900,1485068256,245305356,102780779.1806
"Bourne identity",1239820440,1485068256,245247816,102780779.1806
"Bourne identity",1239824160,1485068256,245244096,102780779.1806
"Bourne identity",1239824160,1240445520,621360,102780779.1806
"Bourne identity",1239837720,1485068256,245230536,102780779.1806
"Bourne identity",1239845940,1485068256,245222316,102780779.1806
"Bourne identity",1239924720,1485068256,245143536,102780779.1806
"Bourne identity",1239924720,1240282380,357660,102780779.1806
"Bourne identity",1239935520,1485068256,245132736,102780779.1806
"Bourne identity",1239999480,1485068256,245068776,102780779.1806
"Bourne identity",1240003860,1485068256,245064396,102780779.1806
"Bourne identity",1240003860,1240529040,525180,102780779.1806
"Bourne identity",1240078740,1485068256,244989516,102780779.1806
"Bourne identity",1240078740,1240872540,793800,102780779.1806
"Bourne identity",1240079820,1485068256,244988436,102780779.1806
"Bourne identity",1240079820,1245049200,4969380,102780779.1806
"Bourne identity",1240079820,1255566420,15486600,102780779.1806
"Bourne identity",1240095000,1485068256,244973256,102780779.1806
"Bourne identity",1240095000,1240618080,523080,102780779.1806
"Bourne identity",1240097880,1485068256,244970376,102780779.1806
"Bourne identity",1240097880,1241028480,930600,102780779.1806
"Bourne identity",1240100100,1485068256,244968156,102780779.1806
"Bourne identity",1240100880,1485068256,244967376,102780779.1806
"Bourne identity",1240100880,1241899260,1798380,102780779.1806
"Bourne identity",1240102560,1485068256,244965696,102780779.1806
"Bourne identity",1240275600,1485068256,244792656,102780779.1806
"Bourne identity",1240275600,1240960320,684720,102780779.1806
"Bourne identity",1240334940,1485068256,244733316,102780779.1806
"Bourne identity",1240334940,1240687680,352740,102780779.1806
"Bourne identity",1240347780,1485068256,244720476,102780779.1806
"Bourne identity",1240347780,1241472840,1125060,102780779.1806
"Bourne identity",1240353660,1485068256,244714596,102780779.1806
"Bourne identity",1240353660,1240698780,345120,102780779.1806
"Bourne identity",1240355400,1485068256,244712856,102780779.1806
"Bourne identity",1240355400,1242767760,2412360,102780779.1806
"Bourne identity",1240356360,1485068256,244711896,102780779.1806
"Bourne identity",1240356360,1241566260,1209900,102780779.1806
"Bourne identity",1240356360,1241987400,1631040,102780779.1806
"Bourne identity",1240357860,1485068256,244710396,102780779.1806
"Bourne identity",1240360800,1485068256,244707456,102780779.1806
"Bourne identity",1240361340,1485068256,244706916,102780779.1806
"Bourne identity",1240368600,1485068256,244699656,102780779.1806
"Bourne identity",1240368600,1240539840,171240,102780779.1806
"Bourne identity",1240419900,1485068256,244648356,102780779.1806
"Bourne identity",1240443540,1485068256,244624716,102780779.1806
"Bourne identity",1240443540,1241043780,600240,102780779.1806
"Bourne identity",1240510620,1485068256,244557636,102780779.1806
"Bourne identity",1240510620,1243392420,2881800,102780779.1806
"Bourne identity",1240510620,1243449000,2938380,102780779.1806
"Bourne identity",1240516740,1485068256,244551516,102780779.1806
"Bourne identity",1240516740,1243558260,3041520,102780779.1806
"Bourne identity",1240520700,1485068256,244547556,102780779.1806
"Bourne identity",1240520700,1241139780,619080,102780779.1806
"Bourne identity",1240520700,1241207400,686700,102780779.1806
"Bourne identity",1240529580,1485068256,244538676,102780779.1806
"Bourne identity",1240529580,1241138700,609120,102780779.1806
"Bourne identity",1240593840,1485068256,244474416,102780779.1806
"Bourne identity",1240593840,1240865340,271500,102780779.1806
"Bourne identity",1240610340,1485068256,244457916,102780779.1806
"Bourne identity",1240610340,1242866040,2255700,102780779.1806
"Bourne identity",1240616640,1485068256,244451616,102780779.1806
"Bourne identity",1240616640,1240967700,351060,102780779.1806
"Bourne identity",1240616640,1241119080,502440,102780779.1806
"Bourne identity",1240620360,1485068256,244447896,102780779.1806
"Bourne identity",1240688400,1485068256,244379856,102780779.1806
"Bourne identity",1240688400,1241735160,1046760,102780779.1806
"Bourne identity",1240688400,1242086700,1398300,102780779.1806
"Bourne identity",1240688400,1242167100,1478700,102780779.1806
"Bourne identity",1240688880,1485068256,244379376,102780779.1806
"Bourne identity",1240688880,1241739540,1050660,102780779.1806
"Bourne identity",1240695660,1485068256,244372596,102780779.1806
"Bourne identity",1240695660,1241823360,1127700,102780779.1806
"Bourne identity",1240699380,1485068256,244368876,102780779.1806
"Bourne identity",1240699380,1241913360,1213980,102780779.1806
"Bourne identity",1240702380,1485068256,244365876,102780779.1806
"Bourne identity",1240702860,1485068256,244365396,102780779.1806
"Bourne identity",1240702860,1241391660,688800,102780779.1806
"Bourne identity",1240702860,1241499840,796980,102780779.1806
"Bourne identity",1240702860,1241555640,852780,102780779.1806
"Bourne identity",1240706580,1485068256,244361676,102780779.1806
"Bourne identity",1240706580,1241575920,869340,102780779.1806
"Bourne identity",1240864320,1485068256,244203936,102780779.1806
"Bourne identity",1240872240,1485068256,244196016,102780779.1806
"Bourne identity",1240887060,1485068256,244181196,102780779.1806
"Bourne identity",1240887060,1240954380,67320,102780779.1806
"Bourne identity",1240957440,1485068256,244110816,102780779.1806
"Bourne identity",1240957440,1241221980,264540,102780779.1806
"Bourne identity",1240959120,1485068256,244109136,102780779.1806
"Bourne identity",1240959120,1242430620,1471500,102780779.1806
"Bourne identity",1240970820,1485068256,244097436,102780779.1806
"Bourne identity",1241026620,1485068256,244041636,102780779.1806
"Bourne identity",1241046540,1485068256,244021716,102780779.1806
"Bourne identity",1241046540,1241654820,608280,102780779.1806
"Bourne identity",1241059800,1485068256,244008456,102780779.1806
"Bourne identity",1241059800,1241118480,58680,102780779.1806
"Bourne identity",1241060280,1485068256,244007976,102780779.1806
"Bourne identity",1241060280,1242094740,1034460,102780779.1806
"Bourne identity",1241117400,1485068256,243950856,102780779.1806
"Bourne identity",1241117400,1242081600,964200,102780779.1806
"Bourne identity",1241117400,1242267300,1149900,102780779.1806
"Bourne identity",1241117400,1242337080,1219680,102780779.1806
"Bourne identity",1241135100,1485068256,243933156,102780779.1806
"Bourne identity",1241135100,1242510120,1375020,102780779.1806
"Bourne identity",1241136000,1485068256,243932256,102780779.1806
"Bourne identity",1241136000,1242510360,1374360,102780779.1806
"Bourne identity",1241199180,1485068256,243869076,102780779.1806
"Bourne identity",1241199180,1241222880,23700,102780779.1806
"Bourne identity",1241218500,1485068256,243849756,102780779.1806
"Bourne identity",1241218500,1241719980,501480,102780779.1806
"Bourne identity",1241223540,1485068256,243844716,102780779.1806
"Bourne identity",1241223540,1242089520,865980,102780779.1806
"Bourne identity",1241225820,1485068256,243842436,102780779.1806
"Bourne identity",1241225820,1242591780,1365960,102780779.1806
"Bourne identity",1241286120,1485068256,243782136,102780779.1806
"Bourne identity",1241286120,1241643300,357180,102780779.1806
"Bourne identity",1241296740,1485068256,243771516,102780779.1806
"Bourne identity",1241296740,1242327720,1030980,102780779.1806
"Bourne identity",1241388240,1485068256,243680016,102780779.1806
"Bourne identity",1241467560,1485068256,243600696,102780779.1806
"Bourne identity",1241467560,1241815980,348420,102780779.1806
"Bourne identity",1241471220,1485068256,243597036,102780779.1806
"Bourne identity",1241471220,1242510300,1039080,102780779.1806
"Bourne identity",1241555160,1485068256,243513096,102780779.1806
"Bourne identity",1241555160,1241741520,186360,102780779.1806
"Bourne identity",1241555460,1485068256,243512796,102780779.1806
"Bourne identity",1241555940,1485068256,243512316,102780779.1806
"Bourne identity",1241555940,1242338880,782940,102780779.1806
"Bourne identity",1241573580,1485068256,243494676,102780779.1806
"Bourne identity",1241573580,1242088980,515400,102780779.1806
"Bourne identity",1241578500,1485068256,243489756,102780779.1806
"Bourne identity",1241578500,1242166680,588180,102780779.1806
"Bourne identity",1241642940,1485068256,243425316,102780779.1806
"Bourne identity",1241642940,1241906160,263220,102780779.1806
"Bourne identity",1241647020,1485068256,243421236,102780779.1806
"Bourne identity",1241647020,1242267120,620100,102780779.1806
"Bourne identity",1241656140,1485068256,243412116,102780779.1806
"Bourne identity",1241656140,1245204240,3548100,102780779.1806
"Bourne identity",1241656140,1245723060,4066920,102780779.1806
"Bourne identity",1241664240,1485068256,243404016,102780779.1806
"Bourne identity",1241664240,1242770760,1106520,102780779.1806
"Bourne identity",1241804340,1485068256,243263916,102780779.1806
"Bourne identity",1241807580,1485068256,243260676,102780779.1806
"Bourne identity",1241820060,1485068256,243248196,102780779.1806
"Bourne identity",1241820060,1243032300,1212240,102780779.1806
"Bourne identity",1241891220,1485068256,243177036,102780779.1806
"Bourne identity",1241898060,1485068256,243170196,102780779.1806
"Bourne identity",1241898060,1245532020,3633960,102780779.1806
"Bourne identity",1241898240,1485068256,243170016,102780779.1806
"Bourne identity",1241898240,1243449480,1551240,102780779.1806
"Bourne identity",1241915820,1485068256,243152436,102780779.1806
"Bourne identity",1242074400,1485068256,242993856,102780779.1806
"Bourne identity",1242074400,1242767940,693540,102780779.1806
"Bourne identity",1242080040,1485068256,242988216,102780779.1806
"Bourne identity",1242080040,1242503460,423420,102780779.1806
"Bourne identity",1242080040,1242684420,604380,102780779.1806
"Bourne identity",1242080040,1242763980,683940,102780779.1806
"Bourne identity",1242096180,1485068256,242972076,102780779.1806
"Bourne identity",1242161340,1485068256,242906916,102780779.1806
"Bourne identity",1242161340,1242683940,522600,102780779.1806
"Bourne identity",1242162480,1485068256,242905776,102780779.1806
"Bourne identity",1242162480,1243468560,1306080,102780779.1806
"Bourne identity",1242164160,1485068256,242904096,102780779.1806
"Bourne identity",1242164160,1243039320,875160,102780779.1806
"Bourne identity",1242164760,1485068256,242903496,102780779.1806
"Bourne identity",1242171960,1485068256,242896296,102780779.1806
"Bourne identity",1242171960,1243475040,1303080,102780779.1806
"Bourne identity",1242175740,1485068256,242892516,102780779.1806
"Bourne identity",1242175740,1242430860,255120,102780779.1806
"Bourne identity",1242260760,1485068256,242807496,102780779.1806
"Bourne identity",1242260760,1243120080,859320,102780779.1806
"Bourne identity",1242262200,1485068256,242806056,102780779.1806
"Bourne identity",1242262200,1243556880,1294680,102780779.1806
"Bourne identity",1242264600,1485068256,242803656,102780779.1806
"Bourne identity",1242264600,1242696720,432120,102780779.1806
"Bourne identity",1242335880,1485068256,242732376,102780779.1806
"Bourne identity",1242335880,1242786720,450840,102780779.1806
"Bourne identity",1242335880,1243381680,1045800,102780779.1806
"Bourne identity",1242335880,1243445400,1109520,102780779.1806
"Bourne identity",1242338160,1485068256,242730096,102780779.1806
"Bourne identity",1242338160,1242767820,429660,102780779.1806
"Bourne identity",1242338880,1485068256,242729376,102780779.1806
"Bourne identity",1242338880,1244759040,2420160,102780779.1806
"Bourne identity",1242343800,1485068256,242724456,102780779.1806
"Bourne identity",1242345600,1485068256,242722656,102780779.1806
"Bourne identity",1242345600,1243110180,764580,102780779.1806
"Bourne identity",1242352020,1485068256,242716236,102780779.1806
"Bourne identity",1242352020,1243548960,1196940,102780779.1806
"Bourne identity",1242352020,1244591940,2239920,102780779.1806
"Bourne identity",1242406920,1485068256,242661336,102780779.1806
"Bourne identity",1242410340,1485068256,242657916,102780779.1806
"Bourne identity",1242410340,1245091020,2680680,102780779.1806
"Bourne identity",1242507240,1485068256,242561016,102780779.1806
"Bourne identity",1242507240,1244325360,1818120,102780779.1806
"Bourne identity",1242595920,1485068256,242472336,102780779.1806
"Bourne identity",1242596400,1485068256,242471856,102780779.1806
"Bourne identity",1242596400,1242787920,191520,102780779.1806
"Bourne identity",1242597000,1485068256,242471256,102780779.1806
"Bourne identity",1242687420,1485068256,242380836,102780779.1806
"Bourne identity",1242687420,1243896660,1209240,102780779.1806
"Bourne identity",1242687420,1244142180,1454760,102780779.1806
"Bourne identity",1242696660,1485068256,242371596,102780779.1806
"Bourne identity",1242696660,1244054940,1358280,102780779.1806
"Bourne identity",1242696660,1244141280,1444620,102780779.1806
"Bourne identity",1242767880,1485068256,242300376,102780779.1806
"Bourne identity",1242767880,1242955440,187560,102780779.1806
"Bourne identity",1242768240,1485068256,242300016,102780779.1806
"Bourne identity",1242768240,1243033140,264900,102780779.1806
"Bourne identity",1242770040,1485068256,242298216,102780779.1806
"Bourne identity",1242770040,1243390440,620400,102780779.1806
"Bourne identity",1242777900,1485068256,242290356,102780779.1806
"Bourne identity",1242777900,1244080740,1302840,102780779.1806
"Bourne identity",1242777900,1244229840,1451940,102780779.1806
"Bourne identity",1242779520,1485068256,242288736,102780779.1806
"Bourne identity",1242779520,1243725300,945780,102780779.1806
"Bourne identity",1242787740,1485068256,242280516,102780779.1806
"Bourne identity",1242787740,1245444360,2656620,102780779.1806
"Bourne identity",1242841620,1485068256,242226636,102780779.1806
"Bourne identity",1242841620,1242934320,92700,102780779.1806
"Bourne identity",1242846420,1485068256,242221836,102780779.1806
"Bourne identity",1242846420,1243982760,1136340,102780779.1806
"Bourne identity",1242846420,1244226480,1380060,102780779.1806
"Bourne identity",1242847440,1485068256,242220816,102780779.1806
"Bourne identity",1242847440,1243111920,264480,102780779.1806
"Bourne identity",1242848400,1485068256,242219856,102780779.1806
"Bourne identity",1242865080,1485068256,242203176,102780779.1806
"Bourne identity",1242865080,1245804780,2939700,102780779.1806
"Bourne identity",1242865440,1485068256,242202816,102780779.1806
"Bourne identity",1242865440,1244071680,1206240,102780779.1806
"Bourne identity",1242874020,1485068256,242194236,102780779.1806
"Bourne identity",1242874020,1244670240,1796220,102780779.1806
"Bourne identity",1242930180,1485068256,242138076,102780779.1806
"Bourne identity",1242930180,1243975740,1045560,102780779.1806
"Bourne identity",1242945960,1485068256,242122296,102780779.1806
"Bourne identity",1242945960,1243376400,430440,102780779.1806
"Bourne identity",1242946980,1485068256,242121276,102780779.1806
"Bourne identity",1242946980,1244917320,1970340,102780779.1806
"Bourne identity",1242960960,1485068256,242107296,102780779.1806
"Bourne identity",1242960960,1243038720,77760,102780779.1806
"Bourne identity",1243033140,1485068256,242035116,102780779.1806
"Bourne identity",1243033140,1246934880,3901740,102780779.1806
"Bourne identity",1243033140,1247374020,4340880,102780779.1806
"Bourne identity",1243033140,1247513820,4480680,102780779.1806
"Bourne identity",1243038660,1485068256,242029596,102780779.1806
"Bourne identity",1243040220,1485068256,242028036,102780779.1806
"Bourne identity",1243040220,1243390620,350400,102780779.1806
"Bourne identity",1243040220,1243477860,437640,102780779.1806
"Bourne identity",1243040220,1243525140,484920,102780779.1806
"Bourne identity",1243040220,1243645740,605520,102780779.1806
"Bourne identity",1243040220,1243709520,669300,102780779.1806
"Bourne identity",1243098720,1485068256,241969536,102780779.1806
"Bourne identity",1243098720,1243377660,278940,102780779.1806
"Bourne identity",1243104480,1485068256,241963776,102780779.1806
"Bourne identity",1243104480,1243464240,359760,102780779.1806
"Bourne identity",1243122540,1485068256,241945716,102780779.1806
"Bourne identity",1243122540,1244591580,1469040,102780779.1806
"Bourne identity",1243124400,1485068256,241943856,102780779.1806
"Bourne identity",1243124400,1243200840,76440,102780779.1806
"Bourne identity",1243207440,1485068256,241860816,102780779.1806
"Bourne identity",1243207440,1244774460,1567020,102780779.1806
"Bourne identity",1243209480,1485068256,241858776,102780779.1806
"Bourne identity",1243209480,1244152500,943020,102780779.1806
"Bourne identity",1243369980,1485068256,241698276,102780779.1806
"Bourne identity",1243369980,1243636320,266340,102780779.1806
"Bourne identity",1243373880,1485068256,241694376,102780779.1806
"Bourne identity",1243373880,1244247900,874020,102780779.1806
"Bourne identity",1243374480,1485068256,241693776,102780779.1806
"Bourne identity",1243375620,1485068256,241692636,102780779.1806
"Bourne identity",1243375620,1243630440,254820,102780779.1806
"Bourne identity",1243382400,1485068256,241685856,102780779.1806
"Bourne identity",1243383600,1485068256,241684656,102780779.1806
"Bourne identity",1243383600,1243981500,597900,102780779.1806
"Bourne identity",1243439400,1485068256,241628856,102780779.1806
"Bourne identity",1243439400,1245868620,2429220,102780779.1806
"Bourne identity",1243439400,1248834480,5395080,102780779.1806
"Bourne identity",1243439400,1248982260,5542860,102780779.1806
"Bourne identity",1243458120,1485068256,241610136,102780779.1806
"Bourne identity",1243458120,1244066460,608340,102780779.1806
"Bourne identity",1243468800,1485068256,241599456,102780779.1806
"Bourne identity",1243468800,1244510700,1041900,102780779.1806
"Bourne identity",1243473780,1485068256,241594476,102780779.1806
"Bourne identity",1243473780,1243559160,85380,102780779.1806
"Bourne identity",1243545360,1485068256,241522896,102780779.1806
"Bourne identity",1243553520,1485068256,241514736,102780779.1806
"Bourne identity",1243553520,1243904880,351360,102780779.1806
"Bourne identity",1243621680,1485068256,241446576,102780779.1806
"Bourne identity",1243621680,1244763540,1141860,102780779.1806
"Bourne identity",1243621680,1245182940,1561260,102780779.1806
"Bourne identity",1243622940,1485068256,241445316,102780779.1806
"Bourne identity",1243622940,1244245200,622260,102780779.1806
"Bourne identity",1243630680,1485068256,241437576,102780779.1806
"Bourne identity",1243630680,1244515440,884760,102780779.1806
"Bourne identity",1243640100,1485068256,241428156,102780779.1806
"Bourne identity",1243640100,1243897380,257280,102780779.1806
"Bourne identity",1243640100,1244315280,675180,102780779.1806
"Bourne identity",1243640100,1244493780,853680,102780779.1806
"Bourne identity",1243641120,1485068256,241427136,102780779.1806
"Bourne identity",1243714200,1485068256,241354056,102780779.1806
"Bourne identity",1243714200,1244683560,969360,102780779.1806
"Bourne identity",1243718400,1485068256,241349856,102780779.1806
"Bourne identity",1243718400,1245452340,1733940,102780779.1806
"Bourne identity",1243805760,1485068256,241262496,102780779.1806
"Bourne identity",1243805760,1244761500,955740,102780779.1806
"Bourne identity",1243901100,1485068256,241167156,102780779.1806
"Bourne identity",1243975680,1485068256,241092576,102780779.1806
"Bourne identity",1243975680,1244148840,173160,102780779.1806
"Bourne identity",1243979220,1485068256,241089036,102780779.1806
"Bourne identity",1243979220,1244758980,779760,102780779.1806
"Bourne identity",1243989060,1485068256,241079196,102780779.1806
"Bourne identity",1243994340,1485068256,241073916,102780779.1806
"Bourne identity",1243994340,1244507760,513420,102780779.1806
"Bourne identity",1243997580,1485068256,241070676,102780779.1806
"Bourne identity",1243997580,1245017040,1019460,102780779.1806
"Bourne identity",1243997580,1245115080,1117500,102780779.1806
"Bourne identity",1243997580,1246038240,2040660,102780779.1806
"Bourne identity",1243997580,1247335560,3337980,102780779.1806
"Bourne identity",1244074020,1485068256,240994236,102780779.1806
"Bourne identity",1244148420,1485068256,240919836,102780779.1806
"Bourne identity",1244148420,1244751900,603480,102780779.1806
"Bourne identity",1244148420,1485068256,240919836,102780779.1806
"Bourne identity",1244148420,1244752380,603960,102780779.1806
"Bourne identity",1244154000,1485068256,240914256,102780779.1806
"Bourne identity",1244154000,1244679120,525120,102780779.1806
"Bourne identity",1244163240,1485068256,240905016,102780779.1806
"Bourne identity",1244163240,1246405200,2241960,102780779.1806
"Bourne identity",1244170620,1485068256,240897636,102780779.1806
"Bourne identity",1244170620,1244587800,417180,102780779.1806
"Bourne identity",1244235720,1485068256,240832536,102780779.1806
"Bourne identity",1244235720,1244510460,274740,102780779.1806
"Bourne identity",1244237940,1485068256,240830316,102780779.1806
"Bourne identity",1244237940,1246135260,1897320,102780779.1806
"Bourne identity",1244237940,1246307040,2069100,102780779.1806
"Bourne identity",1244241360,1485068256,240826896,102780779.1806
"Bourne identity",1244241360,1244404140,162780,102780779.1806
"Bourne identity",1244241360,1244521860,280500,102780779.1806
"Bourne identity",1244241360,1244601360,360000,102780779.1806
"Bourne identity",1244242440,1485068256,240825816,102780779.1806
"Bourne identity",1244311740,1485068256,240756516,102780779.1806
"Bourne identity",1244311740,1245693720,1381980,102780779.1806
"Bourne identity",1244320260,1485068256,240747996,102780779.1806
"Bourne identity",1244320260,1245528600,1208340,102780779.1806
"Bourne identity",1244321880,1485068256,240746376,102780779.1806
"Bourne identity",1244321880,1244512260,190380,102780779.1806
"Bourne identity",1244333340,1485068256,240734916,102780779.1806
"Bourne identity",1244333340,1246569240,2235900,102780779.1806
"Bourne identity",1244333940,1485068256,240734316,102780779.1806
"Bourne identity",1244333940,1244936460,602520,102780779.1806
"Bourne identity",1244333940,1246140180,1806240,102780779.1806
"Bourne identity",1244336100,1485068256,240732156,102780779.1806
"Bourne identity",1244336100,1247798220,3462120,102780779.1806
"Bourne identity",1244417400,1485068256,240650856,102780779.1806
"Bourne identity",1244417400,1245725220,1307820,102780779.1806
"Bourne identity",1244417400,1245965580,1548180,102780779.1806
"Bourne identity",1244515020,1485068256,240553236,102780779.1806
"Bourne identity",1244515860,1485068256,240552396,102780779.1806
"Bourne identity",1244515860,1244675820,159960,102780779.1806
"Bourne identity",1244579100,1485068256,240489156,102780779.1806
"Bourne identity",1244579100,1246413240,1834140,102780779.1806
"Bourne identity",1244579100,1246654500,2075400,102780779.1806
"Bourne identity",1244580660,1485068256,240487596,102780779.1806
"Bourne identity",1244580660,1244659140,78480,102780779.1806
"Bourne identity",1244580660,1244869200,288540,102780779.1806
"Bourne identity",1244580660,1244915820,335160,102780779.1806
"Bourne identity",1244585100,1485068256,240483156,102780779.1806
"Bourne identity",1244597040,1485068256,240471216,102780779.1806
"Bourne identity",1244597040,1245717840,1120800,102780779.1806
"Bourne identity",1244597820,1485068256,240470436,102780779.1806
"Bourne identity",1244597820,1245808920,1211100,102780779.1806
"Bourne identity",1244600940,1485068256,240467316,102780779.1806
"Bourne identity",1244600940,1244931120,330180,102780779.1806
"Bourne identity",1244679000,1485068256,240389256,102780779.1806
"Bourne identity",1244679000,1247010120,2331120,102780779.1806
"Bourne identity",1244679000,1247343840,2664840,102780779.1806
"Bourne identity",1244679000,1247520180,2841180,102780779.1806
"Bourne identity",1244679000,1248652920,3973920,102780779.1806
"Bourne identity",1244679000,1248724380,4045380,102780779.1806
"Bourne identity",1244749800,1485068256,240318456,102780779.1806
"Bourne identity",1244755260,1485068256,240312996,102780779.1806
"Bourne identity",1244755260,1245447000,691740,102780779.1806
"Bourne identity",1244759520,1485068256,240308736,102780779.1806
"Bourne identity",1244759520,1244842980,83460,102780779.1806
"Bourne identity",1244759520,1245262620,503100,102780779.1806
"Bourne identity",1244759520,1245696180,936660,102780779.1806
"Bourne identity",1244764320,1485068256,240303936,102780779.1806
"Bourne identity",1244771340,1485068256,240296916,102780779.1806
"Bourne identity",1244771340,1247515740,2744400,102780779.1806
"Bourne identity",1244772480,1485068256,240295776,102780779.1806
"Bourne identity",1244772480,1245203280,430800,102780779.1806
"Bourne identity",1244775180,1485068256,240293076,102780779.1806
"Bourne identity",1244775180,1248316860,3541680,102780779.1806
"Bourne identity",1244821920,1485068256,240246336,102780779.1806
"Bourne identity",1244821920,1246913040,2091120,102780779.1806
"Bourne identity",1244835780,1485068256,240232476,102780779.1806
"Bourne identity",1244835780,1244848920,13140,102780779.1806
"Bourne identity",1244835780,1245182580,346800,102780779.1806
"Bourne identity",1244837640,1485068256,240230616,102780779.1806
"Bourne identity",1244837640,1245203100,365460,102780779.1806
"Bourne identity",1244837640,1245268140,430500,102780779.1806
"Bourne identity",1244838120,1485068256,240230136,102780779.1806
"Bourne identity",1244838120,1245884580,1046460,102780779.1806
"Bourne identity",1244838120,1246228740,1390620,102780779.1806
"Bourne identity",1244838120,1246288980,1450860,102780779.1806
"Bourne identity",1244838480,1485068256,240229776,102780779.1806
"Bourne identity",1244838480,1245372240,533760,102780779.1806
"Bourne identity",1244839920,1485068256,240228336,102780779.1806
"Bourne identity",1244843040,1485068256,240225216,102780779.1806
"Bourne identity",1244930820,1485068256,240137436,102780779.1806
"Bourne identity",1244930820,1247032980,2102160,102780779.1806
"Bourne identity",1244930820,1247252580,2321760,102780779.1806
"Bourne identity",1244939700,1485068256,240128556,102780779.1806
"Bourne identity",1244939700,1246148580,1208880,102780779.1806
"Bourne identity",1244939700,1246572180,1632480,102780779.1806
"Bourne identity",1244939700,1246645260,1705560,102780779.1806
"Bourne identity",1245008580,1485068256,240059676,102780779.1806
"Bourne identity",1245008580,1246402680,1394100,102780779.1806
"Bourne identity",1245106800,1485068256,239961456,102780779.1806
"Bourne identity",1245106800,1246300980,1194180,102780779.1806
"Bourne identity",1245107820,1485068256,239960436,102780779.1806
"Bourne identity",1245107820,1245530160,422340,102780779.1806
"Bourne identity",1245110460,1485068256,239957796,102780779.1806
"Bourne identity",1245183600,1485068256,239884656,102780779.1806
"Bourne identity",1245183600,1245438780,255180,102780779.1806
"Bourne identity",1245183600,1245870720,687120,102780779.1806
"Bourne identity",1245185100,1485068256,239883156,102780779.1806
"Bourne identity",1245185100,1246909260,1724160,102780779.1806
"Bourne identity",1245192000,1485068256,239876256,102780779.1806
"Bourne identity",1245197820,1485068256,239870436,102780779.1806
"Bourne identity",1245206940,1485068256,239861316,102780779.1806
"Bourne identity",1245206940,1247612400,2405460,102780779.1806
"Bourne identity",1245283980,1485068256,239784276,102780779.1806
"Bourne identity",1245283980,1245544140,260160,102780779.1806
"Bourne identity",1245292380,1485068256,239775876,102780779.1806
"Bourne identity",1245292380,1246324320,1031940,102780779.1806
"Bourne identity",1245292380,1247259300,1966920,102780779.1806
"Bourne identity",1245357780,1485068256,239710476,102780779.1806
"Bourne identity",1245357780,1246493460,1135680,102780779.1806
"Bourne identity",1245357780,1246994160,1636380,102780779.1806
"Bourne identity",1245525960,1485068256,239542296,102780779.1806
"Bourne identity",1245533040,1485068256,239535216,102780779.1806
"Bourne identity",1245537000,1485068256,239531256,102780779.1806
"Bourne identity",1245537000,1246292520,755520,102780779.1806
"Bourne identity",1245539640,1485068256,239528616,102780779.1806
"Bourne identity",1245539640,1247783460,2243820,102780779.1806
"Bourne identity",1245541020,1485068256,239527236,102780779.1806
"Bourne identity",1245542580,1485068256,239525676,102780779.1806
"Bourne identity",1245542580,1246307760,765180,102780779.1806
"Bourne identity",1245618300,1485068256,239449956,102780779.1806
"Bourne identity",1245618300,1245956520,338220,102780779.1806
"Bourne identity",1245622200,1485068256,239446056,102780779.1806
"Bourne identity",1245703620,1485068256,239364636,102780779.1806
"Bourne identity",1245703620,1246917600,1213980,102780779.1806
"Bourne identity",1245715500,1485068256,239352756,102780779.1806
"Bourne identity",1245715500,1246834500,1119000,102780779.1806
"Bourne identity",1245716100,1485068256,239352156,102780779.1806
"Bourne identity",1245725460,1485068256,239342796,102780779.1806
"Bourne identity",1245725460,1245970620,245160,102780779.1806
"Bourne identity",1245794220,1485068256,239274036,102780779.1806
"Bourne identity",1245794220,1246321500,527280,102780779.1806
"Bourne identity",1245801180,1485068256,239267076,102780779.1806
"Bourne identity",1245801180,1246824060,1022880,102780779.1806
"Bourne identity",1245801180,1246997820,1196640,102780779.1806
"Bourne identity",1245804060,1485068256,239264196,102780779.1806
"Bourne identity",1245807300,1485068256,239260956,102780779.1806
"Bourne identity",1245807300,1246416960,609660,102780779.1806
"Bourne identity",1245874200,1485068256,239194056,102780779.1806
"Bourne identity",1245874200,1247356260,1482060,102780779.1806
"Bourne identity",1245874200,1248199380,2325180,102780779.1806
"Bourne identity",1245880860,1485068256,239187396,102780779.1806
"Bourne identity",1245880860,1246659540,778680,102780779.1806
"Bourne identity",1245880860,1247256180,1375320,102780779.1806
"Bourne identity",1245897720,1485068256,239170536,102780779.1806
"Bourne identity",1246037400,1485068256,239030856,102780779.1806
"Bourne identity",1246037400,1247257200,1219800,102780779.1806
"Bourne identity",1246041480,1485068256,239026776,102780779.1806
"Bourne identity",1246041480,1247620800,1579320,102780779.1806
"Bourne identity",1246052580,1485068256,239015676,102780779.1806
"Bourne identity",1246058340,1485068256,239009916,102780779.1806
"Bourne identity",1246058340,1248039300,1980960,102780779.1806
"Bourne identity",1246063080,1485068256,239005176,102780779.1806
"Bourne identity",1246063380,1485068256,239004876,102780779.1806
"Bourne identity",1246063380,1246572600,509220,102780779.1806
"Bourne identity",1246142820,1485068256,238925436,102780779.1806
"Bourne identity",1246142820,1246579740,436920,102780779.1806
"Bourne identity",1246227900,1485068256,238840356,102780779.1806
"Bourne identity",1246227900,1246830840,602940,102780779.1806
"Bourne identity",1246319880,1485068256,238748376,102780779.1806
"Bourne identity",1246321500,1485068256,238746756,102780779.1806
"Bourne identity",1246321500,1247881560,1560060,102780779.1806
"Bourne identity",1246321500,1248117660,1796160,102780779.1806
"Bourne identity",1246393860,1485068256,238674396,102780779.1806
"Bourne identity",1246393860,1247620020,1226160,102780779.1806
"Bourne identity",1246416960,1485068256,238651296,102780779.1806
"Bourne identity",1246481100,1485068256,238587156,102780779.1806
"Bourne identity",1246481100,1247598000,1116900,102780779.1806
"Bourne identity",1246494540,1485068256,238573716,102780779.1806
"Bourne identity",1246564200,1485068256,238504056,102780779.1806
"Bourne identity",1246564200,1246998600,434400,102780779.1806
"Bourne identity",1246564380,1485068256,238503876,102780779.1806
"Bourne identity",1246564380,1246642380,78000,102780779.1806
"Bourne identity",1246656060,1485068256,238412196,102780779.1806
"Bourne identity",1246656060,1246835160,179100,102780779.1806
"Bourne identity",1246656060,1247356500,700440,102780779.1806
"Bourne identity",1246823280,1485068256,238244976,102780779.1806
"Bourne identity",1246823280,1247868840,1045560,102780779.1806
"Bourne identity",1246913040,1485068256,238155216,102780779.1806
"Bourne identity",1246913040,1249331280,2418240,102780779.1806
"Bourne identity",1246913040,1249486860,2573820,102780779.1806
"Bourne identity",1246934340,1485068256,238133916,102780779.1806
"Bourne identity",1246934340,1247169060,234720,102780779.1806
"Bourne identity",1246986720,1485068256,238081536,102780779.1806
"Bourne identity",1246986720,1248123120,1136400,102780779.1806
"Bourne identity",1246986720,1248200460,1213740,102780779.1806
"Bourne identity",1247000460,1485068256,238067796,102780779.1806
"Bourne identity",1247008440,1485068256,238059816,102780779.1806
"Bourne identity",1247008440,1248298080,1289640,102780779.1806
"Bourne identity",1247016000,1485068256,238052256,102780779.1806
"Bourne identity",1247016000,1247256480,240480,102780779.1806
"Bourne identity",1247018040,1485068256,238050216,102780779.1806
"Bourne identity",1247018040,1247539740,521700,102780779.1806
"Bourne identity",1247088180,1485068256,237980076,102780779.1806
"Bourne identity",1247092920,1485068256,237975336,102780779.1806
"Bourne identity",1247092920,1248399900,1306980,102780779.1806
"Bourne identity",1247096460,1485068256,237971796,102780779.1806
"Bourne identity",1247097300,1485068256,237970956,102780779.1806
"Bourne identity",1247187420,1485068256,237880836,102780779.1806
"Bourne identity",1247187420,1248382920,1195500,102780779.1806
"Bourne identity",1247187900,1485068256,237880356,102780779.1806
"Bourne identity",1247187900,1249518300,2330400,102780779.1806
"Bourne identity",1247187900,1249706760,2518860,102780779.1806
"Bourne identity",1247187900,1249757040,2569140,102780779.1806
"Bourne identity",1247187900,1250190480,3002580,102780779.1806
"Bourne identity",1247187900,1250280000,3092100,102780779.1806
"Bourne identity",1247193960,1485068256,237874296,102780779.1806
"Bourne identity",1247193960,1249085760,1891800,102780779.1806
"Bourne identity",1247193960,1250387340,3193380,102780779.1806
"Bourne identity",1247193960,1250533920,3339960,102780779.1806
"Bourne identity",1247254140,1485068256,237814116,102780779.1806
"Bourne identity",1247254140,1248135480,881340,102780779.1806
"Bourne identity",1247254140,1249082880,1828740,102780779.1806
"Bourne identity",1247254140,1249159560,1905420,102780779.1806
"Bourne identity",1247268480,1485068256,237799776,102780779.1806
"Bourne identity",1247268480,1247795160,526680,102780779.1806
"Bourne identity",1247351760,1485068256,237716496,102780779.1806
"Bourne identity",1247351760,1248473220,1121460,102780779.1806
"Bourne identity",1247351940,1485068256,237716316,102780779.1806
"Bourne identity",1247351940,1247526300,174360,102780779.1806
"Bourne identity",1247428380,1485068256,237639876,102780779.1806
"Bourne identity",1247428380,1247533860,105480,102780779.1806
"Bourne identity",1247439300,1485068256,237628956,102780779.1806
"Bourne identity",1247439300,1247958960,519660,102780779.1806
"Bourne identity",1247530080,1485068256,237538176,102780779.1806
"Bourne identity",1247530080,1248801960,1271880,102780779.1806
"Bourne identity",1247530080,1249017540,1487460,102780779.1806
"Bourne identity",1247530080,1249059000,1528920,102780779.1806
"Bourne identity",1247531760,1485068256,237536496,102780779.1806
"Bourne identity",1247531760,1248214140,682380,102780779.1806
"Bourne identity",1247602440,1485068256,237465816,102780779.1806
"Bourne identity",1247602440,1248285060,682620,102780779.1806
"Bourne identity",1247605320,1485068256,237462936,102780779.1806
"Bourne identity",1247605320,1247777580,172260,102780779.1806
"Bourne identity",1247611260,1485068256,237456996,102780779.1806
"Bourne identity",1247611260,1248212400,601140,102780779.1806
"Bourne identity",1247611260,1248376380,765120,102780779.1806
"Bourne identity",1247611260,1248463260,852000,102780779.1806
"Bourne identity",1247611440,1485068256,237456816,102780779.1806
"Bourne identity",1247611440,1248044520,433080,102780779.1806
"Bourne identity",1247618340,1485068256,237449916,102780779.1806
"Bourne identity",1247618340,1248394560,776220,102780779.1806
"Bourne identity",1247689260,1485068256,237378996,102780779.1806
"Bourne identity",1247689260,1248134520,445260,102780779.1806
"Bourne identity",1247693760,1485068256,237374496,102780779.1806
"Bourne identity",1247693760,1247855340,161580,102780779.1806
"Bourne identity",1247695680,1485068256,237372576,102780779.1806
"Bourne identity",1247695680,1248373140,677460,102780779.1806
"Bourne identity",1247699880,1485068256,237368376,102780779.1806
"Bourne identity",1247699880,1249079340,1379460,102780779.1806
"Bourne identity",1247767800,1485068256,237300456,102780779.1806
"Bourne identity",1247767800,1248546780,778980,102780779.1806
"Bourne identity",1247770500,1485068256,237297756,102780779.1806
"Bourne identity",1247770500,1249245360,1474860,102780779.1806
"Bourne identity",1247770500,1249319340,1548840,102780779.1806
"Bourne identity",1247770560,1485068256,237297696,102780779.1806
"Bourne identity",1247770560,1249245360,1474800,102780779.1806
"Bourne identity",1247772000,1485068256,237296256,102780779.1806
"Bourne identity",1247779140,1485068256,237289116,102780779.1806
"Bourne identity",1247793000,1485068256,237275256,102780779.1806
"Bourne identity",1247793000,1249952040,2159040,102780779.1806
"Bourne identity",1247793000,1250177820,2384820,102780779.1806
"Bourne identity",1247793000,1250617140,2824140,102780779.1806
"Bourne identity",1247793000,1250622420,2829420,102780779.1806
"Bourne identity",1247793000,1250717100,2924100,102780779.1806
"Bourne identity",1247793000,1252519560,4726560,102780779.1806
"Bourne identity",1247798880,1485068256,237269376,102780779.1806
"Bourne identity",1247798880,1248742260,943380,102780779.1806
"Bourne identity",1247864700,1485068256,237203556,102780779.1806
"Bourne identity",1247864820,1485068256,237203436,102780779.1806
"Bourne identity",1247867640,1485068256,237200616,102780779.1806
"Bourne identity",1247874900,1485068256,237193356,102780779.1806
"Bourne identity",1247874900,1248649320,774420,102780779.1806
"Bourne identity",1247878620,1485068256,237189636,102780779.1806
"Bourne identity",1247952300,1485068256,237115956,102780779.1806
"Bourne identity",1247952300,1248290940,338640,102780779.1806
"Bourne identity",1248035460,1485068256,237032796,102780779.1806
"Bourne identity",1248035460,1248393300,357840,102780779.1806
"Bourne identity",1248137640,1485068256,236930616,102780779.1806
"Bourne identity",1248137640,1249353240,1215600,102780779.1806
"Bourne identity",1248138240,1485068256,236930016,102780779.1806
"Bourne identity",1248142440,1485068256,236925816,102780779.1806
"Bourne identity",1248142440,1249160220,1017780,102780779.1806
"Bourne identity",1248142440,1249447200,1304760,102780779.1806
"Bourne identity",1248142440,1249578600,1436160,102780779.1806
"Bourne identity",1248143280,1485068256,236924976,102780779.1806
"Bourne identity",1248143280,1248316020,172740,102780779.1806
"Bourne identity",1248209220,1485068256,236859036,102780779.1806
"Bourne identity",1248209220,1248744120,534900,102780779.1806
"Bourne identity",1248221340,1485068256,236846916,102780779.1806
"Bourne identity",1248221340,1249351740,1130400,102780779.1806
"Bourne identity",1248221340,1249590420,1369080,102780779.1806
"Bourne identity",1248221340,1249670940,1449600,102780779.1806
"Bourne identity",1248287100,1485068256,236781156,102780779.1806
"Bourne identity",1248299880,1485068256,236768376,102780779.1806
"Bourne identity",1248300600,1485068256,236767656,102780779.1806
"Bourne identity",1248300600,1252549920,4249320,102780779.1806
"Bourne identity",1248301500,1485068256,236766756,102780779.1806
"Bourne identity",1248391140,1485068256,236677116,102780779.1806
"Bourne identity",1248391140,1249156440,765300,102780779.1806
"Bourne identity",1248391140,1249411200,1020060,102780779.1806
"Bourne identity",1248396180,1485068256,236672076,102780779.1806
"Bourne identity",1248396180,1249434420,1038240,102780779.1806
"Bourne identity",1248398820,1485068256,236669436,102780779.1806
"Bourne identity",1248456360,1485068256,236611896,102780779.1806
"Bourne identity",1248456360,1249341780,885420,102780779.1806
"Bourne identity",1248460380,1485068256,236607876,102780779.1806
"Bourne identity",1248460380,1248805380,345000,102780779.1806
"Bourne identity",1248460380,1248992580,532200,102780779.1806
"Bourne identity",1248460380,1249168500,708120,102780779.1806
"Bourne identity",1248460380,1249492560,1032180,102780779.1806
"Bourne identity",1248460380,1485068256,236607876,102780779.1806
"Bourne identity",1248475500,1485068256,236592756,102780779.1806
"Bourne identity",1248541380,1485068256,236526876,102780779.1806
"Bourne identity",1248557580,1485068256,236510676,102780779.1806
"Bourne identity",1248557580,1250297640,1740060,102780779.1806
"Bourne identity",1248557580,1250539380,1981800,102780779.1806
"Bourne identity",1248560760,1485068256,236507496,102780779.1806
"Bourne identity",1248560760,1250126280,1565520,102780779.1806
"Bourne identity",1248567060,1485068256,236501196,102780779.1806
"Bourne identity",1248646140,1485068256,236422116,102780779.1806
"Bourne identity",1248646140,1249069680,423540,102780779.1806
"Bourne identity",1248646140,1249155060,508920,102780779.1806
"Bourne identity",1248717360,1485068256,236350896,102780779.1806
"Bourne identity",1248717360,1251154200,2436840,102780779.1806
"Bourne identity",1248717360,1251481560,2764200,102780779.1806
"Bourne identity",1248717360,1251566940,2849580,102780779.1806
"Bourne identity",1248721740,1485068256,236346516,102780779.1806
"Bourne identity",1248721740,1248991860,270120,102780779.1806
"Bourne identity",1248725580,1485068256,236342676,102780779.1806
"Bourne identity",1248738300,1485068256,236329956,102780779.1806
"Bourne identity",1248738300,1249256760,518460,102780779.1806
"Bourne identity",1248742020,1485068256,236326236,102780779.1806
"Bourne identity",1248742020,1249249440,507420,102780779.1806
"Bourne identity",1248747480,1485068256,236320776,102780779.1806
"Bourne identity",1248747480,1249080600,333120,102780779.1806
"Bourne identity",1248748260,1485068256,236319996,102780779.1806
"Bourne identity",1248748260,1249519680,771420,102780779.1806
"Bourne identity",1248801540,1485068256,236266716,102780779.1806
"Bourne identity",1248814980,1485068256,236253276,102780779.1806
"Bourne identity",1248814980,1249587900,772920,102780779.1806
"Bourne identity",1248822060,1485068256,236246196,102780779.1806
"Bourne identity",1248822060,1252966560,4144500,102780779.1806
"Bourne identity",1248832080,1485068256,236236176,102780779.1806
"Bourne identity",1248832080,1249859640,1027560,102780779.1806
"Bourne identity",1248895980,1485068256,236172276,102780779.1806
"Bourne identity",1248895980,1248983100,87120,102780779.1806
"Bourne identity",1248920100,1485068256,236148156,102780779.1806
"Bourne identity",1248920100,1250709060,1788960,102780779.1806
"Bourne identity",1248984720,1485068256,236083536,102780779.1806
"Bourne identity",1248984720,1249342560,357840,102780779.1806
"Bourne identity",1248993660,1485068256,236074596,102780779.1806
"Bourne identity",1248993660,1249608900,615240,102780779.1806
"Bourne identity",1248995340,1485068256,236072916,102780779.1806
"Bourne identity",1248995340,1249678500,683160,102780779.1806
"Bourne identity",1249065960,1485068256,236002296,102780779.1806
"Bourne identity",1249065960,1250621640,1555680,102780779.1806
"Bourne identity",1249072020,1485068256,235996236,102780779.1806
"Bourne identity",1249081920,1485068256,235986336,102780779.1806
"Bourne identity",1249081920,1253643540,4561620,102780779.1806
"Bourne identity",1249082580,1485068256,235985676,102780779.1806
"Bourne identity",1249082580,1250279100,1196520,102780779.1806
"Bourne identity",1249087440,1485068256,235980816,102780779.1806
"Bourne identity",1249152720,1485068256,235915536,102780779.1806
"Bourne identity",1249152720,1249520040,367320,102780779.1806
"Bourne identity",1249165140,1485068256,235903116,102780779.1806
"Bourne identity",1249246620,1485068256,235821636,102780779.1806
"Bourne identity",1249246620,1252446120,3199500,102780779.1806
"Bourne identity",1249248060,1485068256,235820196,102780779.1806
"Bourne identity",1249248060,1249847100,599040,102780779.1806
"Bourne identity",1249248660,1485068256,235819596,102780779.1806
"Bourne identity",1249248660,1250029740,781080,102780779.1806
"Bourne identity",1249256820,1485068256,235811436,102780779.1806
"Bourne identity",1249256820,1249769700,512880,102780779.1806
"Bourne identity",1249333860,1485068256,235734396,102780779.1806
"Bourne identity",1249333860,1249944540,610680,102780779.1806
"Bourne identity",1249341420,1485068256,235726836,102780779.1806
"Bourne identity",1249343520,1485068256,235724736,102780779.1806
"Bourne identity",1249416780,1485068256,235651476,102780779.1806
"Bourne identity",1249424340,1485068256,235643916,102780779.1806
"Bourne identity",1249424340,1253069460,3645120,102780779.1806
"Bourne identity",1249430340,1485068256,235637916,102780779.1806
"Bourne identity",1249430340,1249860900,430560,102780779.1806
"Bourne identity",1249430340,1250087940,657600,102780779.1806
"Bourne identity",1249432320,1485068256,235635936,102780779.1806
"Bourne identity",1249432320,1249605600,173280,102780779.1806
"Bourne identity",1249433820,1485068256,235634436,102780779.1806
"Bourne identity",1249433820,1251161700,1727880,102780779.1806
"Bourne identity",1249497120,1485068256,235571136,102780779.1806
"Bourne identity",1249497120,1250111880,614760,102780779.1806
"Bourne identity",1249506120,1485068256,235562136,102780779.1806
"Bourne identity",1249526820,1485068256,235541436,102780779.1806
"Bourne identity",1249601640,1485068256,235466616,102780779.1806
"Bourne identity",1249601640,1250820540,1218900,102780779.1806
"Bourne identity",1249611180,1485068256,235457076,102780779.1806
"Bourne identity",1249611180,1249771860,160680,102780779.1806
"Bourne identity",1249611180,1250098500,487320,102780779.1806
"Bourne identity",1249675620,1485068256,235392636,102780779.1806
"Bourne identity",1249675620,1250642340,966720,102780779.1806
"Bourne identity",1249690680,1485068256,235377576,102780779.1806
"Bourne identity",1249690680,1249948380,257700,102780779.1806
"Bourne identity",1249753260,1485068256,235314996,102780779.1806
"Bourne identity",1249753260,1250726880,973620,102780779.1806
"Bourne identity",1249755900,1485068256,235312356,102780779.1806
"Bourne identity",1249755900,1250640420,884520,102780779.1806
"Bourne identity",1249759980,1485068256,235308276,102780779.1806
"Bourne identity",1249759980,1252451220,2691240,102780779.1806
"Bourne identity",1249765740,1485068256,235302516,102780779.1806
"Bourne identity",1249765740,1250460900,695160,102780779.1806
"Bourne identity",1249768020,1485068256,235300236,102780779.1806
"Bourne identity",1249768020,1249945140,177120,102780779.1806
"Bourne identity",1249847340,1485068256,235220916,102780779.1806
"Bourne identity",1249847340,1251253560,1406220,102780779.1806
"Bourne identity",1249847340,1251308820,1461480,102780779.1806
"Bourne identity",1249848960,1485068256,235219296,102780779.1806
"Bourne identity",1249848960,1251331860,1482900,102780779.1806
"Bourne identity",1249848960,1251470940,1621980,102780779.1806
"Bourne identity",1249855380,1485068256,235212876,102780779.1806
"Bourne identity",1249855380,1252787100,2931720,102780779.1806
"Bourne identity",1249939260,1485068256,235128996,102780779.1806
"Bourne identity",1249939260,1250372100,432840,102780779.1806
"Bourne identity",1249939260,1250796900,857640,102780779.1806
"Bourne identity",1249942380,1485068256,235125876,102780779.1806
"Bourne identity",1249942380,1250032380,90000,102780779.1806
"Bourne identity",1249944240,1485068256,235124016,102780779.1806
"Bourne identity",1249944240,1250110980,166740,102780779.1806
"Bourne identity",1249945080,1485068256,235123176,102780779.1806
"Bourne identity",1249945080,1250555520,610440,102780779.1806
"Bourne identity",1249945080,1250724060,778980,102780779.1806
"Bourne identity",1249945080,1250795400,850320,102780779.1806
"Bourne identity",1249945140,1485068256,235123116,102780779.1806
"Bourne identity",1249945140,1254443580,4498440,102780779.1806
"Bourne identity",1249947540,1485068256,235120716,102780779.1806
"Bourne identity",1249947540,1250121120,173580,102780779.1806
"Bourne identity",1249952460,1485068256,235115796,102780779.1806
"Bourne identity",1249952460,1250032500,80040,102780779.1806
"Bourne identity",1249954440,1485068256,235113816,102780779.1806
"Bourne identity",1250011800,1485068256,235056456,102780779.1806
"Bourne identity",1250011800,1251139620,1127820,102780779.1806
"Bourne identity",1250036100,1485068256,235032156,102780779.1806
"Bourne identity",1250036100,1250117160,81060,102780779.1806
"Bourne identity",1250039100,1485068256,235029156,102780779.1806
"Bourne identity",1250106720,1485068256,234961536,102780779.1806
"Bourne identity",1250106720,1250718480,611760,102780779.1806
"Bourne identity",1250112540,1485068256,234955716,102780779.1806
"Bourne identity",1250112540,1251252000,1139460,102780779.1806
"Bourne identity",1250125260,1485068256,234942996,102780779.1806
"Bourne identity",1250125260,1250887560,762300,102780779.1806
"Bourne identity",1250179320,1485068256,234888936,102780779.1806
"Bourne identity",1250179320,1251215700,1036380,102780779.1806
"Bourne identity",1250179320,1251436560,1257240,102780779.1806
"Bourne identity",1250185500,1485068256,234882756,102780779.1806
"Bourne identity",1250185500,1251580500,1395000,102780779.1806
"Bourne identity",1250185500,1252508100,2322600,102780779.1806
"Bourne identity",1250185980,1485068256,234882276,102780779.1806
"Bourne identity",1250185980,1250554500,368520,102780779.1806
"Bourne identity",1250185980,1250970660,784680,102780779.1806
"Bourne identity",1250205300,1485068256,234862956,102780779.1806
"Bourne identity",1250205300,1251340260,1134960,102780779.1806
"Bourne identity",1250205300,1251480360,1275060,102780779.1806
"Bourne identity",1250207940,1485068256,234860316,102780779.1806
"Bourne identity",1250207940,1253829540,3621600,102780779.1806
"Bourne identity",1250289900,1485068256,234778356,102780779.1806
"Bourne identity",1250289900,1252442340,2152440,102780779.1806
"Bourne identity",1250366100,1485068256,234702156,102780779.1806
"Bourne identity",1250366100,1253304300,2938200,102780779.1806
"Bourne identity",1250366100,1254187320,3821220,102780779.1806
"Bourne identity",1250366100,1254263580,3897480,102780779.1806
"Bourne identity",1250375220,1485068256,234693036,102780779.1806
"Bourne identity",1250375220,1259628660,9253440,102780779.1806
"Bourne identity",1250377620,1485068256,234690636,102780779.1806
"Bourne identity",1250377620,1253752980,3375360,102780779.1806
"Bourne identity",1250458260,1485068256,234609996,102780779.1806
"Bourne identity",1250458260,1250736600,278340,102780779.1806
"Bourne identity",1250538780,1485068256,234529476,102780779.1806
"Bourne identity",1250538780,1254191220,3652440,102780779.1806
"Bourne identity",1250544660,1485068256,234523596,102780779.1806
"Bourne identity",1250544660,1250978940,434280,102780779.1806
"Bourne identity",1250544660,1251143640,598980,102780779.1806
"Bourne identity",1250548260,1485068256,234519996,102780779.1806
"Bourne identity",1250548260,1253153880,2605620,102780779.1806
"Bourne identity",1250558160,1485068256,234510096,102780779.1806
"Bourne identity",1250558160,1251420840,862680,102780779.1806
"Bourne identity",1250558160,1485068256,234510096,102780779.1806
"Bourne identity",1250558160,1251420840,862680,102780779.1806
"Bourne identity",1250638740,1485068256,234429516,102780779.1806
"Bourne identity",1250638740,1252535520,1896780,102780779.1806
"Bourne identity",1250638740,1252958640,2319900,102780779.1806
"Bourne identity",1250638740,1254012660,3373920,102780779.1806
"Bourne identity",1250638740,1254939060,4300320,102780779.1806
"Bourne identity",1250638740,1255023780,4385040,102780779.1806
"Bourne identity",1250642580,1485068256,234425676,102780779.1806
"Bourne identity",1250642580,1251423720,781140,102780779.1806
"Bourne identity",1250644020,1485068256,234424236,102780779.1806
"Bourne identity",1250645040,1485068256,234423216,102780779.1806
"Bourne identity",1250645040,1250700180,55140,102780779.1806
"Bourne identity",1250645040,1255045620,4400580,102780779.1806
"Bourne identity",1250649000,1485068256,234419256,102780779.1806
"Bourne identity",1250714880,1485068256,234353376,102780779.1806
"Bourne identity",1250714880,1253055960,2341080,102780779.1806
"Bourne identity",1250714880,1253328600,2613720,102780779.1806
"Bourne identity",1250714880,1255459920,4745040,102780779.1806
"Bourne identity",1250717040,1485068256,234351216,102780779.1806
"Bourne identity",1250717040,1253146380,2429340,102780779.1806
"Bourne identity",1250717040,1253379000,2661960,102780779.1806
"Bourne identity",1250723160,1485068256,234345096,102780779.1806
"Bourne identity",1250723160,1251166980,443820,102780779.1806
"Bourne identity",1250727600,1485068256,234340656,102780779.1806
"Bourne identity",1250727600,1251320940,593340,102780779.1806
"Bourne identity",1250727600,1251495180,767580,102780779.1806
"Bourne identity",1250727720,1485068256,234340536,102780779.1806
"Bourne identity",1250727720,1254529380,3801660,102780779.1806
"Bourne identity",1250727720,1254808140,4080420,102780779.1806
"Bourne identity",1250727720,1254868080,4140360,102780779.1806
"Bourne identity",1250729520,1485068256,234338736,102780779.1806
"Bourne identity",1250729520,1252709700,1980180,102780779.1806
"Bourne identity",1250731020,1485068256,234337236,102780779.1806
"Bourne identity",1250816340,1485068256,234251916,102780779.1806
"Bourne identity",1250816340,1257206760,6390420,102780779.1806
"Bourne identity",1250816340,1257453840,6637500,102780779.1806
"Bourne identity",1250889840,1485068256,234178416,102780779.1806
"Bourne identity",1250889840,1253670180,2780340,102780779.1806
"Bourne identity",1250890680,1485068256,234177576,102780779.1806
"Bourne identity",1250890680,1251504900,614220,102780779.1806
"Bourne identity",1250984520,1485068256,234083736,102780779.1806
"Bourne identity",1250984520,1252439280,1454760,102780779.1806
"Bourne identity",1251165120,1485068256,233903136,102780779.1806
"Bourne identity",1251165120,1251676440,511320,102780779.1806
"Bourne identity",1251167280,1485068256,233900976,102780779.1806
"Bourne identity",1251236580,1485068256,233831676,102780779.1806
"Bourne identity",1251236580,1251583200,346620,102780779.1806
"Bourne identity",1251236580,1252473480,1236900,102780779.1806
"Bourne identity",1251243420,1485068256,233824836,102780779.1806
"Bourne identity",1251243420,1252464720,1221300,102780779.1806
"Bourne identity",1251245520,1485068256,233822736,102780779.1806
"Bourne identity",1251245520,1252449480,1203960,102780779.1806
"Bourne identity",1251249480,1485068256,233818776,102780779.1806
"Bourne identity",1251249480,1255482360,4232880,102780779.1806
"Bourne identity",1251306540,1485068256,233761716,102780779.1806
"Bourne identity",1251306540,1252519440,1212900,102780779.1806
"Bourne identity",1251306840,1485068256,233761416,102780779.1806
"Bourne identity",1251306840,1252457640,1150800,102780779.1806
"Bourne identity",1251317520,1485068256,233750736,102780779.1806
"Bourne identity",1251317520,1252648920,1331400,102780779.1806
"Bourne identity",1251317520,1252778160,1460640,102780779.1806
"Bourne identity",1251398460,1485068256,233669796,102780779.1806
"Bourne identity",1251398460,1251484620,86160,102780779.1806
"Bourne identity",1251398460,1252433880,1035420,102780779.1806
"Bourne identity",1251415020,1485068256,233653236,102780779.1806
"Bourne identity",1251415020,1252783620,1368600,102780779.1806
"Bourne identity",1251491160,1485068256,233577096,102780779.1806
"Bourne identity",1251491160,1252970820,1479660,102780779.1806
"Bourne identity",1251497880,1485068256,233570376,102780779.1806
"Bourne identity",1251497880,1252703220,1205340,102780779.1806
"Bourne identity",1251499980,1485068256,233568276,102780779.1806
"Bourne identity",1251499980,1251670380,170400,102780779.1806
"Bourne identity",1251588300,1485068256,233479956,102780779.1806
"Bourne identity",1251588300,1253394840,1806540,102780779.1806
"Bourne identity",1251588300,1253725620,2137320,102780779.1806
"Bourne identity",1251674220,1485068256,233394036,102780779.1806
"Bourne identity",1251674220,1252439760,765540,102780779.1806
"Bourne identity",1251679620,1485068256,233388636,102780779.1806
"Bourne identity",1251679620,1253052000,1372380,102780779.1806
"Bourne identity",1252435740,1485068256,232632516,102780779.1806
"Bourne identity",1252435740,1257899580,5463840,102780779.1806
"Bourne identity",1252450800,1485068256,232617456,102780779.1806
"Bourne identity",1252450800,1253390940,940140,102780779.1806
"Bourne identity",1252450800,1253905200,1454400,102780779.1806
"Bourne identity",1252450800,1254004560,1553760,102780779.1806
"Bourne identity",1252452780,1485068256,232615476,102780779.1806
"Bourne identity",1252452780,1254791160,2338380,102780779.1806
"Bourne identity",1252532760,1485068256,232535496,102780779.1806
"Bourne identity",1252537020,1485068256,232531236,102780779.1806
"Bourne identity",1252537020,1253763540,1226520,102780779.1806
"Bourne identity",1252542840,1485068256,232525416,102780779.1806
"Bourne identity",1252546860,1485068256,232521396,102780779.1806
"Bourne identity",1252546860,1252978260,431400,102780779.1806
"Bourne identity",1252612980,1485068256,232455276,102780779.1806
"Bourne identity",1252612980,1253664360,1051380,102780779.1806
"Bourne identity",1252612980,1253992920,1379940,102780779.1806
"Bourne identity",1252624260,1485068256,232443996,102780779.1806
"Bourne identity",1252624260,1253747460,1123200,102780779.1806
"Bourne identity",1252632840,1485068256,232435416,102780779.1806
"Bourne identity",1252691700,1485068256,232376556,102780779.1806
"Bourne identity",1252691700,1255816320,3124620,102780779.1806
"Bourne identity",1252691700,1257533580,4841880,102780779.1806
"Bourne identity",1252705800,1485068256,232362456,102780779.1806
"Bourne identity",1252705800,1253902260,1196460,102780779.1806
"Bourne identity",1252705800,1254102000,1396200,102780779.1806
"Bourne identity",1252705800,1254162660,1456860,102780779.1806
"Bourne identity",1252706160,1485068256,232362096,102780779.1806
"Bourne identity",1252706160,1253232720,526560,102780779.1806
"Bourne identity",1252706160,1253308860,602700,102780779.1806
"Bourne identity",1252783680,1485068256,232284576,102780779.1806
"Bourne identity",1252783680,1252877580,93900,102780779.1806
"Bourne identity",1252790760,1485068256,232277496,102780779.1806
"Bourne identity",1252790760,1253209680,418920,102780779.1806
"Bourne identity",1252793460,1485068256,232274796,102780779.1806
"Bourne identity",1252800720,1485068256,232267536,102780779.1806
"Bourne identity",1252800720,1253485080,684360,102780779.1806
"Bourne identity",1252879440,1485068256,232188816,102780779.1806
"Bourne identity",1252879440,1255288080,2408640,102780779.1806
"Bourne identity",1252879440,1255453380,2573940,102780779.1806
"Bourne identity",1252967040,1485068256,232101216,102780779.1806
"Bourne identity",1252967040,1253385600,418560,102780779.1806
"Bourne identity",1252967040,1253824860,857820,102780779.1806
"Bourne identity",1252975020,1485068256,232093236,102780779.1806
"Bourne identity",1252976100,1485068256,232092156,102780779.1806
"Bourne identity",1252976100,1254181380,1205280,102780779.1806
"Bourne identity",1252980600,1485068256,232087656,102780779.1806
"Bourne identity",1253053140,1485068256,232015116,102780779.1806
"Bourne identity",1253053140,1253753760,700620,102780779.1806
"Bourne identity",1253053140,1253825820,772680,102780779.1806
"Bourne identity",1253058900,1485068256,232009356,102780779.1806
"Bourne identity",1253058900,1256340840,3281940,102780779.1806
"Bourne identity",1253058900,1259106120,6047220,102780779.1806
"Bourne identity",1253144160,1485068256,231924096,102780779.1806
"Bourne identity",1253144160,1253582760,438600,102780779.1806
"Bourne identity",1253150220,1485068256,231918036,102780779.1806
"Bourne identity",1253150220,1255391760,2241540,102780779.1806
"Bourne identity",1253296440,1485068256,231771816,102780779.1806
"Bourne identity",1253296440,1254174480,878040,102780779.1806
"Bourne identity",1253302200,1485068256,231766056,102780779.1806
"Bourne identity",1253302200,1254264720,962520,102780779.1806
"Bourne identity",1253303820,1485068256,231764436,102780779.1806
"Bourne identity",1253303820,1254267660,963840,102780779.1806
"Bourne identity",1253303820,1254781260,1477440,102780779.1806
"Bourne identity",1253305200,1485068256,231763056,102780779.1806
"Bourne identity",1253306460,1485068256,231761796,102780779.1806
"Bourne identity",1253314320,1485068256,231753936,102780779.1806
"Bourne identity",1253314320,1253834040,519720,102780779.1806
"Bourne identity",1253384760,1485068256,231683496,102780779.1806
"Bourne identity",1253384760,1254695460,1310700,102780779.1806
"Bourne identity",1253387700,1485068256,231680556,102780779.1806
"Bourne identity",1253387700,1255816620,2428920,102780779.1806
"Bourne identity",1253576940,1485068256,231491316,102780779.1806
"Bourne identity",1253576940,1254178200,601260,102780779.1806
"Bourne identity",1253633340,1485068256,231434916,102780779.1806
"Bourne identity",1253633340,1256682960,3049620,102780779.1806
"Bourne identity",1253651280,1485068256,231416976,102780779.1806
"Bourne identity",1253651280,1255132500,1481220,102780779.1806
"Bourne identity",1253651280,1256079240,2427960,102780779.1806
"Bourne identity",1253651280,1256147520,2496240,102780779.1806
"Bourne identity",1253669520,1485068256,231398736,102780779.1806
"Bourne identity",1253669520,1254082020,412500,102780779.1806
"Bourne identity",1253729580,1485068256,231338676,102780779.1806
"Bourne identity",1253729580,1255369320,1639740,102780779.1806
"Bourne identity",1253731620,1485068256,231336636,102780779.1806
"Bourne identity",1253731620,1254361500,629880,102780779.1806
"Bourne identity",1253754120,1485068256,231314136,102780779.1806
"Bourne identity",1253826600,1485068256,231241656,102780779.1806
"Bourne identity",1253826600,1254002460,175860,102780779.1806
"Bourne identity",1253832240,1485068256,231236016,102780779.1806
"Bourne identity",1253832240,1254959520,1127280,102780779.1806
"Bourne identity",1253846040,1485068256,231222216,102780779.1806
"Bourne identity",1253846040,1256086200,2240160,102780779.1806
"Bourne identity",1253846040,1256164920,2318880,102780779.1806
"Bourne identity",1253925600,1485068256,231142656,102780779.1806
"Bourne identity",1253925600,1255130940,1205340,102780779.1806
"Bourne identity",1253925600,1255293360,1367760,102780779.1806
"Bourne identity",1253925600,1255368840,1443240,102780779.1806
"Bourne identity",1253985360,1485068256,231082896,102780779.1806
"Bourne identity",1253996520,1485068256,231071736,102780779.1806
"Bourne identity",1253996520,1255217640,1221120,102780779.1806
"Bourne identity",1253996520,1255486080,1489560,102780779.1806
"Bourne identity",1253999040,1485068256,231069216,102780779.1806
"Bourne identity",1253999040,1254266580,267540,102780779.1806
"Bourne identity",1253999520,1485068256,231068736,102780779.1806
"Bourne identity",1253999520,1254175920,176400,102780779.1806
"Bourne identity",1254088080,1485068256,230980176,102780779.1806
"Bourne identity",1254088080,1254172080,84000,102780779.1806
"Bourne identity",1254089460,1485068256,230978796,102780779.1806
"Bourne identity",1254089460,1255046880,957420,102780779.1806
"Bourne identity",1254095040,1485068256,230973216,102780779.1806
"Bourne identity",1254095040,1254864840,769800,102780779.1806
"Bourne identity",1254171780,1485068256,230896476,102780779.1806
"Bourne identity",1254171900,1485068256,230896356,102780779.1806
"Bourne identity",1254183840,1485068256,230884416,102780779.1806
"Bourne identity",1254185640,1485068256,230882616,102780779.1806
"Bourne identity",1254185640,1255199520,1013880,102780779.1806
"Bourne identity",1254191520,1485068256,230876736,102780779.1806
"Bourne identity",1254258420,1485068256,230809836,102780779.1806
"Bourne identity",1254258420,1254346440,88020,102780779.1806
"Bourne identity",1254263040,1485068256,230805216,102780779.1806
"Bourne identity",1254263040,1254346980,83940,102780779.1806
"Bourne identity",1254272940,1485068256,230795316,102780779.1806
"Bourne identity",1254272940,1254592200,319260,102780779.1806
"Bourne identity",1254335640,1485068256,230732616,102780779.1806
"Bourne identity",1254342360,1485068256,230725896,102780779.1806
"Bourne identity",1254342360,1254433140,90780,102780779.1806
"Bourne identity",1254349260,1485068256,230718996,102780779.1806
"Bourne identity",1254349260,1254966060,616800,102780779.1806
"Bourne identity",1254358800,1485068256,230709456,102780779.1806
"Bourne identity",1254361380,1485068256,230706876,102780779.1806
"Bourne identity",1254361380,1255289160,927780,102780779.1806
"Bourne identity",1254363720,1485068256,230704536,102780779.1806
"Bourne identity",1254363720,1254696600,332880,102780779.1806
"Bourne identity",1254418620,1485068256,230649636,102780779.1806
"Bourne identity",1254418620,1254684240,265620,102780779.1806
"Bourne identity",1254426300,1485068256,230641956,102780779.1806
"Bourne identity",1254426300,1256076600,1650300,102780779.1806
"Bourne identity",1254426300,1256165940,1739640,102780779.1806
"Bourne identity",1254427140,1485068256,230641116,102780779.1806
"Bourne identity",1254427140,1254529980,102840,102780779.1806
"Bourne identity",1254439320,1485068256,230628936,102780779.1806
"Bourne identity",1254439320,1255573140,1133820,102780779.1806
"Bourne identity",1254521400,1485068256,230546856,102780779.1806
"Bourne identity",1254521400,1255131540,610140,102780779.1806
"Bourne identity",1254527580,1485068256,230540676,102780779.1806
"Bourne identity",1254590580,1485068256,230477676,102780779.1806
"Bourne identity",1254590580,1256147340,1556760,102780779.1806
"Bourne identity",1254590580,1256927520,2336940,102780779.1806
"Bourne identity",1254598200,1485068256,230470056,102780779.1806
"Bourne identity",1254605580,1485068256,230462676,102780779.1806
"Bourne identity",1254605580,1254936480,330900,102780779.1806
"Bourne identity",1254613140,1485068256,230455116,102780779.1806
"Bourne identity",1254613140,1255391040,777900,102780779.1806
"Bourne identity",1254696840,1485068256,230371416,102780779.1806
"Bourne identity",1254700860,1485068256,230367396,102780779.1806
"Bourne identity",1254700860,1255397040,696180,102780779.1806
"Bourne identity",1254773760,1485068256,230294496,102780779.1806
"Bourne identity",1254773760,1255998360,1224600,102780779.1806
"Bourne identity",1254786720,1485068256,230281536,102780779.1806
"Bourne identity",1254786720,1255050300,263580,102780779.1806
"Bourne identity",1254797880,1485068256,230270376,102780779.1806
"Bourne identity",1254797880,1257817260,3019380,102780779.1806
"Bourne identity",1254863460,1485068256,230204796,102780779.1806
"Bourne identity",1254863460,1256695200,1831740,102780779.1806
"Bourne identity",1254865440,1485068256,230202816,102780779.1806
"Bourne identity",1254870360,1485068256,230197896,102780779.1806
"Bourne identity",1254878760,1485068256,230189496,102780779.1806
"Bourne identity",1254878760,1255737780,859020,102780779.1806
"Bourne identity",1254881520,1485068256,230186736,102780779.1806
"Bourne identity",1254939600,1485068256,230128656,102780779.1806
"Bourne identity",1254939600,1255028520,88920,102780779.1806
"Bourne identity",1254955020,1485068256,230113236,102780779.1806
"Bourne identity",1254955020,1255389480,434460,102780779.1806
"Bourne identity",1255035000,1485068256,230033256,102780779.1806
"Bourne identity",1255035000,1255800720,765720,102780779.1806
"Bourne identity",1255040820,1485068256,230027436,102780779.1806
"Bourne identity",1255040820,1255297980,257160,102780779.1806
"Bourne identity",1255042620,1485068256,230025636,102780779.1806
"Bourne identity",1255042620,1255723440,680820,102780779.1806
"Bourne identity",1255112160,1485068256,229956096,102780779.1806
"Bourne identity",1255113300,1485068256,229954956,102780779.1806
"Bourne identity",1255113300,1255735680,622380,102780779.1806
"Bourne identity",1255113300,1259970060,4856760,102780779.1806
"Bourne identity",1255116900,1485068256,229951356,102780779.1806
"Bourne identity",1255116900,1257292740,2175840,102780779.1806
"Bourne identity",1255120320,1485068256,229947936,102780779.1806
"Bourne identity",1255120320,1255292640,172320,102780779.1806
"Bourne identity",1255129740,1485068256,229938516,102780779.1806
"Bourne identity",1255211880,1485068256,229856376,102780779.1806
"Bourne identity",1255216920,1485068256,229851336,102780779.1806
"Bourne identity",1255216920,1256234280,1017360,102780779.1806
"Bourne identity",1255294320,1485068256,229773936,102780779.1806
"Bourne identity",1255294320,1256513580,1219260,102780779.1806
"Bourne identity",1255304760,1485068256,229763496,102780779.1806
"Bourne identity",1255304760,1257119820,1815060,102780779.1806
"Bourne identity",1255386360,1485068256,229681896,102780779.1806
"Bourne identity",1255386360,1256709840,1323480,102780779.1806
"Bourne identity",1255386360,1257019080,1632720,102780779.1806
"Bourne identity",1255392840,1485068256,229675416,102780779.1806
"Bourne identity",1255392840,1257810660,2417820,102780779.1806
"Bourne identity",1255396920,1485068256,229671336,102780779.1806
"Bourne identity",1255396920,1256002140,605220,102780779.1806
"Bourne identity",1255471260,1485068256,229596996,102780779.1806
"Bourne identity",1255471260,1256768340,1297080,102780779.1806
"Bourne identity",1255476480,1485068256,229591776,102780779.1806
"Bourne identity",1255476480,1256256840,780360,102780779.1806
"Bourne identity",1255477860,1485068256,229590396,102780779.1806
"Bourne identity",1255478100,1485068256,229590156,102780779.1806
"Bourne identity",1255478100,1256847060,1368960,102780779.1806
"Bourne identity",1255482480,1485068256,229585776,102780779.1806
"Bourne identity",1255482480,1256337360,854880,102780779.1806
"Bourne identity",1255482660,1485068256,229585596,102780779.1806
"Bourne identity",1255482660,1256345520,862860,102780779.1806
"Bourne identity",1255486560,1485068256,229581696,102780779.1806
"Bourne identity",1255550280,1485068256,229517976,102780779.1806
"Bourne identity",1255550280,1256328420,778140,102780779.1806
"Bourne identity",1255553520,1485068256,229514736,102780779.1806
"Bourne identity",1255553520,1255720860,167340,102780779.1806
"Bourne identity",1255560960,1485068256,229507296,102780779.1806
"Bourne identity",1255560960,1255996620,435660,102780779.1806
"Bourne identity",1255562460,1485068256,229505796,102780779.1806
"Bourne identity",1255562460,1257301020,1738560,102780779.1806
"Bourne identity",1255568880,1485068256,229499376,102780779.1806
"Bourne identity",1255568880,1256510580,941700,102780779.1806
"Bourne identity",1255569480,1485068256,229498776,102780779.1806
"Bourne identity",1255569480,1255813800,244320,102780779.1806
"Bourne identity",1255574820,1485068256,229493436,102780779.1806
"Bourne identity",1255574820,1256691360,1116540,102780779.1806
"Bourne identity",1255641480,1485068256,229426776,102780779.1806
"Bourne identity",1255641480,1255982700,341220,102780779.1806
"Bourne identity",1255643640,1485068256,229424616,102780779.1806
"Bourne identity",1255643640,1257474660,1831020,102780779.1806
"Bourne identity",1255643640,1257646260,2002620,102780779.1806
"Bourne identity",1255646580,1485068256,229421676,102780779.1806
"Bourne identity",1255646580,1257638340,1991760,102780779.1806
"Bourne identity",1255650060,1485068256,229418196,102780779.1806
"Bourne identity",1255650060,1256863140,1213080,102780779.1806
"Bourne identity",1255650540,1485068256,229417716,102780779.1806
"Bourne identity",1255650540,1256171940,521400,102780779.1806
"Bourne identity",1255656000,1485068256,229412256,102780779.1806
"Bourne identity",1255656000,1258076640,2420640,102780779.1806
"Bourne identity",1255731720,1485068256,229336536,102780779.1806
"Bourne identity",1255740300,1485068256,229327956,102780779.1806
"Bourne identity",1255799220,1485068256,229269036,102780779.1806
"Bourne identity",1255799220,1255992420,193200,102780779.1806
"Bourne identity",1255810800,1485068256,229257456,102780779.1806
"Bourne identity",1255810800,1256086800,276000,102780779.1806
"Bourne identity",1255814880,1485068256,229253376,102780779.1806
"Bourne identity",1255814880,1258241460,2426580,102780779.1806
"Bourne identity",1255894740,1485068256,229173516,102780779.1806
"Bourne identity",1255894740,1256002200,107460,102780779.1806
"Bourne identity",1255986240,1485068256,229082016,102780779.1806
"Bourne identity",1255986240,1256948520,962280,102780779.1806
"Bourne identity",1255995600,1485068256,229072656,102780779.1806
"Bourne identity",1255995600,1256070660,75060,102780779.1806
"Bourne identity",1255995960,1485068256,229072296,102780779.1806
"Bourne identity",1255995960,1256078040,82080,102780779.1806
"Bourne identity",1256059980,1485068256,229008276,102780779.1806
"Bourne identity",1256059980,1256317980,258000,102780779.1806
"Bourne identity",1256071740,1485068256,228996516,102780779.1806
"Bourne identity",1256071740,1256148240,76500,102780779.1806
"Bourne identity",1256073300,1485068256,228994956,102780779.1806
"Bourne identity",1256073300,1256418540,345240,102780779.1806
"Bourne identity",1256073300,1256947980,874680,102780779.1806
"Bourne identity",1256073300,1257010440,937140,102780779.1806
"Bourne identity",1256077440,1485068256,228990816,102780779.1806
"Bourne identity",1256077440,1256338620,261180,102780779.1806
"Bourne identity",1256078220,1485068256,228990036,102780779.1806
"Bourne identity",1256078220,1257025200,946980,102780779.1806
"Bourne identity",1256085000,1485068256,228983256,102780779.1806
"Bourne identity",1256085000,1257286140,1201140,102780779.1806
"Bourne identity",1256087580,1485068256,228980676,102780779.1806
"Bourne identity",1256087580,1263110400,7022820,102780779.1806
"Bourne identity",1256090760,1485068256,228977496,102780779.1806
"Bourne identity",1256092740,1485068256,228975516,102780779.1806
"Bourne identity",1256092740,1256869260,776520,102780779.1806
"Bourne identity",1256092740,1258572960,2480220,102780779.1806
"Bourne identity",1256156940,1485068256,228911316,102780779.1806
"Bourne identity",1256156940,1256333280,176340,102780779.1806
"Bourne identity",1256173500,1485068256,228894756,102780779.1806
"Bourne identity",1256174220,1485068256,228894036,102780779.1806
"Bourne identity",1256174220,1256603340,429120,102780779.1806
"Bourne identity",1256174220,1256941620,767400,102780779.1806
"Bourne identity",1256174220,1257010560,836340,102780779.1806
"Bourne identity",1256177460,1485068256,228890796,102780779.1806
"Bourne identity",1256177460,1256605020,427560,102780779.1806
"Bourne identity",1256235960,1485068256,228832296,102780779.1806
"Bourne identity",1256235960,1256594220,358260,102780779.1806
"Bourne identity",1256246400,1485068256,228821856,102780779.1806
"Bourne identity",1256252520,1485068256,228815736,102780779.1806
"Bourne identity",1256252520,1256848080,595560,102780779.1806
"Bourne identity",1256252520,1258137360,1884840,102780779.1806
"Bourne identity",1256252520,1258225800,1973280,102780779.1806
"Bourne identity",1256257860,1485068256,228810396,102780779.1806
"Bourne identity",1256257860,1257220080,962220,102780779.1806
"Bourne identity",1256330460,1485068256,228737796,102780779.1806
"Bourne identity",1256330460,1257369780,1039320,102780779.1806
"Bourne identity",1256334120,1485068256,228734136,102780779.1806
"Bourne identity",1256334120,1256774220,440100,102780779.1806
"Bourne identity",1256334420,1485068256,228733836,102780779.1806
"Bourne identity",1256334420,1256589660,255240,102780779.1806
"Bourne identity",1256336820,1485068256,228731436,102780779.1806
"Bourne identity",1256336820,1256595900,259080,102780779.1806
"Bourne identity",1256338380,1485068256,228729876,102780779.1806
"Bourne identity",1256339940,1485068256,228728316,102780779.1806
"Bourne identity",1256339940,1256609760,269820,102780779.1806
"Bourne identity",1256344320,1485068256,228723936,102780779.1806
"Bourne identity",1256344320,1256772000,427680,102780779.1806
"Bourne identity",1256344320,1257382740,1038420,102780779.1806
"Bourne identity",1256344320,1257535620,1191300,102780779.1806
"Bourne identity",1256344980,1485068256,228723276,102780779.1806
"Bourne identity",1256344980,1256778960,433980,102780779.1806
"Bourne identity",1256410140,1485068256,228658116,102780779.1806
"Bourne identity",1256410140,1258243560,1833420,102780779.1806
"Bourne identity",1256411520,1485068256,228656736,102780779.1806
"Bourne identity",1256411520,1257642780,1231260,102780779.1806
"Bourne identity",1256414520,1485068256,228653736,102780779.1806
"Bourne identity",1256416260,1485068256,228651996,102780779.1806
"Bourne identity",1256416260,1256949900,533640,102780779.1806
"Bourne identity",1256431440,1485068256,228636816,102780779.1806
"Bourne identity",1256514180,1485068256,228554076,102780779.1806
"Bourne identity",1256514180,1257114900,600720,102780779.1806
"Bourne identity",1256586420,1485068256,228481836,102780779.1806
"Bourne identity",1256586420,1257203160,616740,102780779.1806
"Bourne identity",1256590020,1485068256,228478236,102780779.1806
"Bourne identity",1256590020,1256847120,257100,102780779.1806
"Bourne identity",1256592840,1485068256,228475416,102780779.1806
"Bourne identity",1256679720,1485068256,228388536,102780779.1806
"Bourne identity",1256679720,1257725400,1045680,102780779.1806
"Bourne identity",1256688060,1485068256,228380196,102780779.1806
"Bourne identity",1256688060,1257466800,778740,102780779.1806
"Bourne identity",1256691720,1485068256,228376536,102780779.1806
"Bourne identity",1256691720,1257298500,606780,102780779.1806
"Bourne identity",1256757480,1485068256,228310776,102780779.1806
"Bourne identity",1256757480,1256948640,191160,102780779.1806
"Bourne identity",1256778000,1485068256,228290256,102780779.1806
"Bourne identity",1256778000,1257281880,503880,102780779.1806
"Bourne identity",1256778000,1257358320,580320,102780779.1806
"Bourne identity",1256849340,1485068256,228218916,102780779.1806
"Bourne identity",1256849340,1257905160,1055820,102780779.1806
"Bourne identity",1256853480,1485068256,228214776,102780779.1806
"Bourne identity",1256853480,1257796800,943320,102780779.1806
"Bourne identity",1256853480,1257892080,1038600,102780779.1806
"Bourne identity",1256864400,1485068256,228203856,102780779.1806
"Bourne identity",1256864400,1258074780,1210380,102780779.1806
"Bourne identity",1256867040,1485068256,228201216,102780779.1806
"Bourne identity",1256867040,1256945340,78300,102780779.1806
"Bourne identity",1256928780,1485068256,228139476,102780779.1806
"Bourne identity",1256928780,1258683120,1754340,102780779.1806
"Bourne identity",1256942880,1485068256,228125376,102780779.1806
"Bourne identity",1256942880,1257207300,264420,102780779.1806
"Bourne identity",1256950080,1485068256,228118176,102780779.1806
"Bourne identity",1256950080,1257822900,872820,102780779.1806
"Bourne identity",1257028500,1485068256,228039756,102780779.1806
"Bourne identity",1257028500,1257904140,875640,102780779.1806
"Bourne identity",1257030060,1485068256,228038196,102780779.1806
"Bourne identity",1257030060,1258151820,1121760,102780779.1806
"Bourne identity",1257030060,1265082840,8052780,102780779.1806
"Bourne identity",1257034980,1485068256,228033276,102780779.1806
"Bourne identity",1257106200,1485068256,227962056,102780779.1806
"Bourne identity",1257114960,1485068256,227953296,102780779.1806
"Bourne identity",1257114960,1258569060,1454100,102780779.1806
"Bourne identity",1257114960,1485068256,227953296,102780779.1806
"Bourne identity",1257117240,1485068256,227951016,102780779.1806
"Bourne identity",1257117240,1258249620,1132380,102780779.1806
"Bourne identity",1257121260,1485068256,227946996,102780779.1806
"Bourne identity",1257121260,1258422360,1301100,102780779.1806
"Bourne identity",1257214620,1485068256,227853636,102780779.1806
"Bourne identity",1257214620,1258240260,1025640,102780779.1806
"Bourne identity",1257279600,1485068256,227788656,102780779.1806
"Bourne identity",1257279600,1258057440,777840,102780779.1806
"Bourne identity",1257288720,1485068256,227779536,102780779.1806
"Bourne identity",1257288720,1259101440,1812720,102780779.1806
"Bourne identity",1257295320,1485068256,227772936,102780779.1806
"Bourne identity",1257295320,1257550380,255060,102780779.1806
"Bourne identity",1257295380,1485068256,227772876,102780779.1806
"Bourne identity",1257297240,1485068256,227771016,102780779.1806
"Bourne identity",1257297240,1257549600,252360,102780779.1806
"Bourne identity",1257297240,1257810780,513540,102780779.1806
"Bourne identity",1257299640,1485068256,227768616,102780779.1806
"Bourne identity",1257299640,1258429980,1130340,102780779.1806
"Bourne identity",1257358380,1485068256,227709876,102780779.1806
"Bourne identity",1257359040,1485068256,227709216,102780779.1806
"Bourne identity",1257359040,1257475800,116760,102780779.1806
"Bourne identity",1257362280,1485068256,227705976,102780779.1806
"Bourne identity",1257362280,1262637600,5275320,102780779.1806
"Bourne identity",1257376440,1485068256,227691816,102780779.1806
"Bourne identity",1257376440,1258230660,854220,102780779.1806
"Bourne identity",1257385200,1485068256,227683056,102780779.1806
"Bourne identity",1257385200,1258759620,1374420,102780779.1806
"Bourne identity",1257454200,1485068256,227614056,102780779.1806
"Bourne identity",1257454200,1258061880,607680,102780779.1806
"Bourne identity",1257455760,1485068256,227612496,102780779.1806
"Bourne identity",1257455760,1258671420,1215660,102780779.1806
"Bourne identity",1257538680,1485068256,227529576,102780779.1806
"Bourne identity",1257538680,1258057380,518700,102780779.1806
"Bourne identity",1257538680,1259113260,1574580,102780779.1806
"Bourne identity",1257538680,1259194020,1655340,102780779.1806
"Bourne identity",1257538680,1259347620,1808940,102780779.1806
"Bourne identity",1257542640,1485068256,227525616,102780779.1806
"Bourne identity",1257545940,1485068256,227522316,102780779.1806
"Bourne identity",1257545940,1258927020,1381080,102780779.1806
"Bourne identity",1257552300,1485068256,227515956,102780779.1806
"Bourne identity",1257552300,1258761300,1209000,102780779.1806
"Bourne identity",1257720360,1485068256,227347896,102780779.1806
"Bourne identity",1257720360,1263075240,5354880,102780779.1806
"Bourne identity",1257721680,1485068256,227346576,102780779.1806
"Bourne identity",1257721680,1260317940,2596260,102780779.1806
"Bourne identity",1257721680,1260425700,2704020,102780779.1806
"Bourne identity",1257721680,1260469800,2748120,102780779.1806
"Bourne identity",1257808740,1485068256,227259516,102780779.1806
"Bourne identity",1257811440,1485068256,227256816,102780779.1806
"Bourne identity",1257811440,1257910380,98940,102780779.1806
"Bourne identity",1257814860,1485068256,227253396,102780779.1806
"Bourne identity",1257814860,1258417740,602880,102780779.1806
"Bourne identity",1257815580,1485068256,227252676,102780779.1806
"Bourne identity",1257815580,1259352360,1536780,102780779.1806
"Bourne identity",1257818640,1485068256,227249616,102780779.1806
"Bourne identity",1257818640,1485068256,227249616,102780779.1806
"Bourne identity",1257890100,1485068256,227178156,102780779.1806
"Bourne identity",1257890100,1258236120,346020,102780779.1806
"Bourne identity",1257897120,1485068256,227171136,102780779.1806
"Bourne identity",1257897120,1258501800,604680,102780779.1806
"Bourne identity",1257911880,1485068256,227156376,102780779.1806
"Bourne identity",1258049340,1485068256,227018916,102780779.1806
"Bourne identity",1258049340,1258399800,350460,102780779.1806
"Bourne identity",1258064760,1485068256,227003496,102780779.1806
"Bourne identity",1258064760,1259112300,1047540,102780779.1806
"Bourne identity",1258072680,1485068256,226995576,102780779.1806
"Bourne identity",1258078440,1485068256,226989816,102780779.1806
"Bourne identity",1258078440,1259713500,1635060,102780779.1806
"Bourne identity",1258078440,1262803920,4725480,102780779.1806
"Bourne identity",1258078440,1262896500,4818060,102780779.1806
"Bourne identity",1258080180,1485068256,226988076,102780779.1806
"Bourne identity",1258083060,1485068256,226985196,102780779.1806
"Bourne identity",1258137000,1485068256,226931256,102780779.1806
"Bourne identity",1258137000,1258850940,713940,102780779.1806
"Bourne identity",1258139700,1485068256,226928556,102780779.1806
"Bourne identity",1258139700,1258414500,274800,102780779.1806
"Bourne identity",1258148220,1485068256,226920036,102780779.1806
"Bourne identity",1258148220,1259378880,1230660,102780779.1806
"Bourne identity",1258160580,1485068256,226907676,102780779.1806
"Bourne identity",1258160580,1259183820,1023240,102780779.1806
"Bourne identity",1258227540,1485068256,226840716,102780779.1806
"Bourne identity",1258227540,1264119900,5892360,102780779.1806
"Bourne identity",1258227540,1264626960,6399420,102780779.1806
"Bourne identity",1258240020,1485068256,226828236,102780779.1806
"Bourne identity",1258240020,1258846020,606000,102780779.1806
"Bourne identity",1258320060,1485068256,226748196,102780779.1806
"Bourne identity",1258320060,1258661100,341040,102780779.1806
"Bourne identity",1258325280,1485068256,226742976,102780779.1806
"Bourne identity",1258325280,1259187840,862560,102780779.1806
"Bourne identity",1258330320,1485068256,226737936,102780779.1806
"Bourne identity",1258330320,1260324540,1994220,102780779.1806
"Bourne identity",1258405740,1485068256,226662516,102780779.1806
"Bourne identity",1258405740,1259018400,612660,102780779.1806
"Bourne identity",1258418640,1485068256,226649616,102780779.1806
"Bourne identity",1258418640,1259795040,1376400,102780779.1806
"Bourne identity",1258422480,1485068256,226645776,102780779.1806
"Bourne identity",1258422480,1260235800,1813320,102780779.1806
"Bourne identity",1258427100,1485068256,226641156,102780779.1806
"Bourne identity",1258427100,1258593360,166260,102780779.1806
"Bourne identity",1258491960,1485068256,226576296,102780779.1806
"Bourne identity",1258491960,1258670820,178860,102780779.1806
"Bourne identity",1258495440,1485068256,226572816,102780779.1806
"Bourne identity",1258495440,1259616840,1121400,102780779.1806
"Bourne identity",1258501740,1485068256,226566516,102780779.1806
"Bourne identity",1258501740,1260393600,1891860,102780779.1806
"Bourne identity",1258504680,1485068256,226563576,102780779.1806
"Bourne identity",1258504680,1259633940,1129260,102780779.1806
"Bourne identity",1258505640,1485068256,226562616,102780779.1806
"Bourne identity",1258505640,1259615100,1109460,102780779.1806
"Bourne identity",1258514340,1485068256,226553916,102780779.1806
"Bourne identity",1258514340,1259202420,688080,102780779.1806
"Bourne identity",1258576680,1485068256,226491576,102780779.1806
"Bourne identity",1258585140,1485068256,226483116,102780779.1806
"Bourne identity",1258585140,1259347920,762780,102780779.1806
"Bourne identity",1258585140,1259697480,1112340,102780779.1806
"Bourne identity",1258600020,1485068256,226468236,102780779.1806
"Bourne identity",1258600020,1259885820,1285800,102780779.1806
"Bourne identity",1258671960,1485068256,226396296,102780779.1806
"Bourne identity",1258671960,1259971080,1299120,102780779.1806
"Bourne identity",1258673100,1485068256,226395156,102780779.1806
"Bourne identity",1258683540,1485068256,226384716,102780779.1806
"Bourne identity",1258683540,1258922940,239400,102780779.1806
"Bourne identity",1258683540,1259031840,348300,102780779.1806
"Bourne identity",1258683540,1259095800,412260,102780779.1806
"Bourne identity",1258684140,1485068256,226384116,102780779.1806
"Bourne identity",1258684140,1262716680,4032540,102780779.1806
"Bourne identity",1258684140,1262812080,4127940,102780779.1806
"Bourne identity",1258748700,1258750740,2040,102780779.1806
"Bourne identity",1258749360,1485068256,226318896,102780779.1806
"Bourne identity",1258749360,1259022480,273120,102780779.1806
"Bourne identity",1258757820,1485068256,226310436,102780779.1806
"Bourne identity",1258757820,1258851300,93480,102780779.1806
"Bourne identity",1258761900,1485068256,226306356,102780779.1806
"Bourne identity",1258761900,1259458320,696420,102780779.1806
"Bourne identity",1258762560,1485068256,226305696,102780779.1806
"Bourne identity",1258762560,1259110560,348000,102780779.1806
"Bourne identity",1258762680,1485068256,226305576,102780779.1806
"Bourne identity",1258762680,1259715240,952560,102780779.1806
"Bourne identity",1258849620,1485068256,226218636,102780779.1806
"Bourne identity",1258849620,1260058920,1209300,102780779.1806
"Bourne identity",1258854660,1485068256,226213596,102780779.1806
"Bourne identity",1258854660,1259449860,595200,102780779.1806
"Bourne identity",1258926420,1485068256,226141836,102780779.1806
"Bourne identity",1259021880,1485068256,226046376,102780779.1806
"Bourne identity",1259021880,1260233280,1211400,102780779.1806
"Bourne identity",1259022060,1485068256,226046196,102780779.1806
"Bourne identity",1259022060,1259368920,346860,102780779.1806
"Bourne identity",1259022480,1485068256,226045776,102780779.1806
"Bourne identity",1259030040,1485068256,226038216,102780779.1806
"Bourne identity",1259030040,1259111760,81720,102780779.1806
"Bourne identity",1259101380,1485068256,225966876,102780779.1806
"Bourne identity",1259101380,1260658080,1556700,102780779.1806
"Bourne identity",1259102220,1485068256,225966036,102780779.1806
"Bourne identity",1259102220,1262214480,3112260,102780779.1806
"Bourne identity",1259109060,1485068256,225959196,102780779.1806
"Bourne identity",1259109060,1261596240,2487180,102780779.1806
"Bourne identity",1259109060,1262284320,3175260,102780779.1806
"Bourne identity",1259110860,1485068256,225957396,102780779.1806
"Bourne identity",1259110860,1261520520,2409660,102780779.1806
"Bourne identity",1259112060,1485068256,225956196,102780779.1806
"Bourne identity",1259112060,1259445420,333360,102780779.1806
"Bourne identity",1259112900,1485068256,225955356,102780779.1806
"Bourne identity",1259112900,1259701620,588720,102780779.1806
"Bourne identity",1259176680,1485068256,225891576,102780779.1806
"Bourne identity",1259177700,1485068256,225890556,102780779.1806
"Bourne identity",1259177700,1261351740,2174040,102780779.1806
"Bourne identity",1259177700,1263613020,4435320,102780779.1806
"Bourne identity",1259177700,1263937620,4759920,102780779.1806
"Bourne identity",1259181300,1485068256,225886956,102780779.1806
"Bourne identity",1259183220,1485068256,225885036,102780779.1806
"Bourne identity",1259183220,1261537980,2354760,102780779.1806
"Bourne identity",1259184120,1485068256,225884136,102780779.1806
"Bourne identity",1259184120,1259438820,254700,102780779.1806
"Bourne identity",1259190600,1485068256,225877656,102780779.1806
"Bourne identity",1259190600,1259634240,443640,102780779.1806
"Bourne identity",1259196540,1485068256,225871716,102780779.1806
"Bourne identity",1259196540,1259638080,441540,102780779.1806
"Bourne identity",1259196540,1259909580,713040,102780779.1806
"Bourne identity",1259196540,1259953920,757380,102780779.1806
"Bourne identity",1259360400,1485068256,225707856,102780779.1806
"Bourne identity",1259360400,1260052080,691680,102780779.1806
"Bourne identity",1259362980,1485068256,225705276,102780779.1806
"Bourne identity",1259362980,1264037160,4674180,102780779.1806
"Bourne identity",1259362980,1264106700,4743720,102780779.1806
"Bourne identity",1259364180,1485068256,225704076,102780779.1806
"Bourne identity",1259435820,1485068256,225632436,102780779.1806
"Bourne identity",1259442600,1485068256,225625656,102780779.1806
"Bourne identity",1259442600,1260490380,1047780,102780779.1806
"Bourne identity",1259444160,1485068256,225624096,102780779.1806
"Bourne identity",1259448240,1485068256,225620016,102780779.1806
"Bourne identity",1259448240,1260403320,955080,102780779.1806
"Bourne identity",1259454060,1485068256,225614196,102780779.1806
"Bourne identity",1259454060,1259697120,243060,102780779.1806
"Bourne identity",1259454060,1259779920,325860,102780779.1806
"Bourne identity",1259527860,1485068256,225540396,102780779.1806
"Bourne identity",1259527860,1260061740,533880,102780779.1806
"Bourne identity",1259531220,1485068256,225537036,102780779.1806
"Bourne identity",1259531220,1259791860,260640,102780779.1806
"Bourne identity",1259615040,1485068256,225453216,102780779.1806
"Bourne identity",1259615040,1259708220,93180,102780779.1806
"Bourne identity",1259622060,1485068256,225446196,102780779.1806
"Bourne identity",1259622060,1260392400,770340,102780779.1806
"Bourne identity",1259622420,1485068256,225445836,102780779.1806
"Bourne identity",1259622420,1485068256,225445836,102780779.1806
"Bourne identity",1259622420,1260328560,706140,102780779.1806
"Bourne identity",1259622420,1260834480,1212060,102780779.1806
"Bourne identity",1259624280,1485068256,225443976,102780779.1806
"Bourne identity",1259624280,1262907960,3283680,102780779.1806
"Bourne identity",1259624280,1263498300,3874020,102780779.1806
"Bourne identity",1259624280,1263600180,3975900,102780779.1806
"Bourne identity",1259624520,1485068256,225443736,102780779.1806
"Bourne identity",1259624520,1260384540,760020,102780779.1806
"Bourne identity",1259629800,1485068256,225438456,102780779.1806
"Bourne identity",1259629800,1260483840,854040,102780779.1806
"Bourne identity",1259629800,1260913260,1283460,102780779.1806
"Bourne identity",1259630160,1485068256,225438096,102780779.1806
"Bourne identity",1259630160,1259975940,345780,102780779.1806
"Bourne identity",1259704440,1485068256,225363816,102780779.1806
"Bourne identity",1259704440,1261262700,1558260,102780779.1806
"Bourne identity",1259711640,1485068256,225356616,102780779.1806
"Bourne identity",1259711640,1259889180,177540,102780779.1806
"Bourne identity",1259712240,1485068256,225356016,102780779.1806
"Bourne identity",1259713080,1485068256,225355176,102780779.1806
"Bourne identity",1259714820,1485068256,225353436,102780779.1806
"Bourne identity",1259714820,1259811540,96720,102780779.1806
"Bourne identity",1259716380,1485068256,225351876,102780779.1806
"Bourne identity",1259717280,1485068256,225350976,102780779.1806
"Bourne identity",1259717280,1260931320,1214040,102780779.1806
"Bourne identity",1259719680,1485068256,225348576,102780779.1806
"Bourne identity",1259794800,1259794860,60,102780779.1806
"Bourne identity",1259794980,1485068256,225273276,102780779.1806
"Bourne identity",1259794980,1261608300,1813320,102780779.1806
"Bourne identity",1259794980,1262304960,2509980,102780779.1806
"Bourne identity",1259794980,1262457660,2662680,102780779.1806
"Bourne identity",1259887440,1485068256,225180816,102780779.1806
"Bourne identity",1259893860,1485068256,225174396,102780779.1806
"Bourne identity",1259893860,1260143640,249780,102780779.1806
"Bourne identity",1259976540,1485068256,225091716,102780779.1806
"Bourne identity",1259976540,1260222480,245940,102780779.1806
"Bourne identity",1259977620,1485068256,225090636,102780779.1806
"Bourne identity",1259977620,1260662460,684840,102780779.1806
"Bourne identity",1260036780,1485068256,225031476,102780779.1806
"Bourne identity",1260036780,1260556260,519480,102780779.1806
"Bourne identity",1260040980,1485068256,225027276,102780779.1806
"Bourne identity",1260040980,1263243900,3202920,102780779.1806
"Bourne identity",1260047400,1485068256,225020856,102780779.1806
"Bourne identity",1260047400,1262556660,2509260,102780779.1806
"Bourne identity",1260055740,1485068256,225012516,102780779.1806
"Bourne identity",1260055740,1262662860,2607120,102780779.1806
"Bourne identity",1260055740,1262837280,2781540,102780779.1806
"Bourne identity",1260055740,1262976300,2920560,102780779.1806
"Bourne identity",1260136080,1485068256,224932176,102780779.1806
"Bourne identity",1260136080,1260842880,706800,102780779.1806
"Bourne identity",1260147480,1485068256,224920776,102780779.1806
"Bourne identity",1260147480,1260220620,73140,102780779.1806
"Bourne identity",1260227220,1485068256,224841036,102780779.1806
"Bourne identity",1260227220,1263948780,3721560,102780779.1806
"Bourne identity",1260229560,1485068256,224838696,102780779.1806
"Bourne identity",1260229560,1262731920,2502360,102780779.1806
"Bourne identity",1260229560,1267164840,6935280,102780779.1806
"Bourne identity",1260229560,1267297920,7068360,102780779.1806
"Bourne identity",1260231780,1485068256,224836476,102780779.1806
"Bourne identity",1260231780,1260493260,261480,102780779.1806
"Bourne identity",1260232560,1485068256,224835696,102780779.1806
"Bourne identity",1260232560,1260926520,693960,102780779.1806
"Bourne identity",1260234960,1485068256,224833296,102780779.1806
"Bourne identity",1260234960,1260830940,595980,102780779.1806
"Bourne identity",1260241260,1485068256,224826996,102780779.1806
"Bourne identity",1260241260,1261003500,762240,102780779.1806
"Bourne identity",1260244020,1485068256,224824236,102780779.1806
"Bourne identity",1260244020,1261614060,1370040,102780779.1806
"Bourne identity",1260306720,1485068256,224761536,102780779.1806
"Bourne identity",1260313800,1485068256,224754456,102780779.1806
"Bourne identity",1260318120,1485068256,224750136,102780779.1806
"Bourne identity",1260318120,1261001100,682980,102780779.1806
"Bourne identity",1260322380,1485068256,224745876,102780779.1806
"Bourne identity",1260322380,1261452420,1130040,102780779.1806
"Bourne identity",1260392460,1485068256,224675796,102780779.1806
"Bourne identity",1260392460,1261252380,859920,102780779.1806
"Bourne identity",1260414660,1485068256,224653596,102780779.1806
"Bourne identity",1260414660,1260836160,421500,102780779.1806
"Bourne identity",1260472740,1485068256,224595516,102780779.1806
"Bourne identity",1260472740,1262049420,1576680,102780779.1806
"Bourne identity",1260496320,1485068256,224571936,102780779.1806
"Bourne identity",1260496320,1261010940,514620,102780779.1806
"Bourne identity",1260565740,1485068256,224502516,102780779.1806
"Bourne identity",1260565740,1261624620,1058880,102780779.1806
"Bourne identity",1260565980,1485068256,224502276,102780779.1806
"Bourne identity",1260565980,1262109540,1543560,102780779.1806
"Bourne identity",1260566220,1485068256,224502036,102780779.1806
"Bourne identity",1260566220,1262137620,1571400,102780779.1806
"Bourne identity",1260574200,1485068256,224494056,102780779.1806
"Bourne identity",1260642420,1485068256,224425836,102780779.1806
"Bourne identity",1260642420,1262054760,1412340,102780779.1806
"Bourne identity",1260659820,1485068256,224408436,102780779.1806
"Bourne identity",1260659820,1260934200,274380,102780779.1806
"Bourne identity",1260659820,1260996420,336600,102780779.1806
"Bourne identity",1260664800,1485068256,224403456,102780779.1806
"Bourne identity",1260664800,1262803200,2138400,102780779.1806
"Bourne identity",1260664800,1262901180,2236380,102780779.1806
"Bourne identity",1260665460,1485068256,224402796,102780779.1806
"Bourne identity",1260665460,1260838920,173460,102780779.1806
"Bourne identity",1260735480,1261101300,365820,102780779.1806
"Bourne identity",1260915360,1485068256,224152896,102780779.1806
"Bourne identity",1260915360,1261443060,527700,102780779.1806
"Bourne identity",1260918540,1485068256,224149716,102780779.1806
"Bourne identity",1260918540,1261085700,167160,102780779.1806
"Bourne identity",1260933960,1485068256,224134296,102780779.1806
"Bourne identity",1260933960,1261174260,240300,102780779.1806
"Bourne identity",1260934620,1485068256,224133636,102780779.1806
"Bourne identity",1260934620,1261435200,500580,102780779.1806
"Bourne identity",1260934620,1261507680,573060,102780779.1806
"Bourne identity",1260934620,1261595280,660660,102780779.1806
"Bourne identity",1260996900,1485068256,224071356,102780779.1806
"Bourne identity",1260996900,1261853760,856860,102780779.1806
"Bourne identity",1261002600,1485068256,224065656,102780779.1806
"Bourne identity",1261006500,1485068256,224061756,102780779.1806
"Bourne identity",1261006500,1262478540,1472040,102780779.1806
"Bourne identity",1261018440,1485068256,224049816,102780779.1806
"Bourne identity",1261018440,1262802720,1784280,102780779.1806
"Bourne identity",1261082580,1485068256,223985676,102780779.1806
"Bourne identity",1261082580,1261175820,93240,102780779.1806
"Bourne identity",1261086360,1485068256,223981896,102780779.1806
"Bourne identity",1261086360,1261525200,438840,102780779.1806
"Bourne identity",1261095420,1485068256,223972836,102780779.1806
"Bourne identity",1261095420,1261604400,508980,102780779.1806
"Bourne identity",1261095420,1262034540,939120,102780779.1806
"Bourne identity",1261106520,1485068256,223961736,102780779.1806
"Bourne identity",1261106520,1261536360,429840,102780779.1806
"Bourne identity",1261106880,1485068256,223961376,102780779.1806
"Bourne identity",1261106880,1261529820,422940,102780779.1806
"Bourne identity",1261165020,1485068256,223903236,102780779.1806
"Bourne identity",1261175820,1485068256,223892436,102780779.1806
"Bourne identity",1261178100,1485068256,223890156,102780779.1806
"Bourne identity",1261185720,1485068256,223882536,102780779.1806
"Bourne identity",1261185720,1262039700,853980,102780779.1806
"Bourne identity",1261245900,1485068256,223822356,102780779.1806
"Bourne identity",1261245900,1265065740,3819840,102780779.1806
"Bourne identity",1261247340,1485068256,223820916,102780779.1806
"Bourne identity",1261247340,1261346040,98700,102780779.1806
"Bourne identity",1261248180,1485068256,223820076,102780779.1806
"Bourne identity",1261258980,1485068256,223809276,102780779.1806
"Bourne identity",1261258980,1262467440,1208460,102780779.1806
"Bourne identity",1261349100,1485068256,223719156,102780779.1806
"Bourne identity",1261349100,1262739180,1390080,102780779.1806
"Bourne identity",1261352640,1485068256,223715616,102780779.1806
"Bourne identity",1261352640,1261959780,607140,102780779.1806
"Bourne identity",1261352640,1262140920,788280,102780779.1806
"Bourne identity",1261352640,1262201700,849060,102780779.1806
"Bourne identity",1261433760,1485068256,223634496,102780779.1806
"Bourne identity",1261433760,1264279620,2845860,102780779.1806
"Bourne identity",1261433760,1264475820,3042060,102780779.1806
"Bourne identity",1261433760,1264538940,3105180,102780779.1806
"Bourne identity",1261439580,1485068256,223628676,102780779.1806
"Bourne identity",1261445760,1485068256,223622496,102780779.1806
"Bourne identity",1261445760,1262305380,859620,102780779.1806
"Bourne identity",1261450860,1485068256,223617396,102780779.1806
"Bourne identity",1261450860,1263526380,2075520,102780779.1806
"Bourne identity",1261525440,1485068256,223542816,102780779.1806
"Bourne identity",1261525440,1262740680,1215240,102780779.1806
"Bourne identity",1261525860,1485068256,223542396,102780779.1806
"Bourne identity",1261525860,1262920740,1394880,102780779.1806
"Bourne identity",1261525860,1263323520,1797660,102780779.1806
"Bourne identity",1261592100,1485068256,223476156,102780779.1806
"Bourne identity",1261625580,1485068256,223442676,102780779.1806
"Bourne identity",1261625580,1262749560,1123980,102780779.1806
"Bourne identity",1261625580,1262985720,1360140,102780779.1806
"Bourne identity",1261863060,1485068256,223205196,102780779.1806
"Bourne identity",1261863060,1262215560,352500,102780779.1806
"Bourne identity",1261866660,1485068256,223201596,102780779.1806
"Bourne identity",1261956240,1485068256,223112016,102780779.1806
"Bourne identity",1261956240,1262128020,171780,102780779.1806
"Bourne identity",1262045820,1485068256,223022436,102780779.1806
"Bourne identity",1262045820,1263262680,1216860,102780779.1806
"Bourne identity",1262048700,1485068256,223019556,102780779.1806
"Bourne identity",1262048700,1262723160,674460,102780779.1806
"Bourne identity",1262048760,1485068256,223019496,102780779.1806
"Bourne identity",1262048760,1263354660,1305900,102780779.1806
"Bourne identity",1262048760,1263417960,1369200,102780779.1806
"Bourne identity",1262055240,1485068256,223013016,102780779.1806
"Bourne identity",1262055240,1263439320,1384080,102780779.1806
"Bourne identity",1262055660,1485068256,223012596,102780779.1806
"Bourne identity",1262055660,1263261780,1206120,102780779.1806
"Bourne identity",1262123040,1485068256,222945216,102780779.1806
"Bourne identity",1262123040,1262309040,186000,102780779.1806
"Bourne identity",1262123820,1485068256,222944436,102780779.1806
"Bourne identity",1262123820,1262217360,93540,102780779.1806
"Bourne identity",1262136060,1485068256,222932196,102780779.1806
"Bourne identity",1262136060,1262662980,526920,102780779.1806
"Bourne identity",1262143320,1485068256,222924936,102780779.1806
"Bourne identity",1262143320,1262989560,846240,102780779.1806
"Bourne identity",1262196540,1485068256,222871716,102780779.1806
"Bourne identity",1262196540,1262476740,280200,102780779.1806
"Bourne identity",1262196540,1262663040,466500,102780779.1806
"Bourne identity",1262196540,1262727960,531420,102780779.1806
"Bourne identity",1262214540,1485068256,222853716,102780779.1806
"Bourne identity",1262214540,1263957300,1742760,102780779.1806
"Bourne identity",1262223000,1485068256,222845256,102780779.1806
"Bourne identity",1262223000,1262303760,80760,102780779.1806
"Bourne identity",1262225880,1485068256,222842376,102780779.1806
"Bourne identity",1262225880,1263508140,1282260,102780779.1806
"Bourne identity",1262288700,1485068256,222779556,102780779.1806
"Bourne identity",1262288700,1262660760,372060,102780779.1806
"Bourne identity",1262302980,1485068256,222765276,102780779.1806
"Bourne identity",1262302980,1265493300,3190320,102780779.1806
"Bourne identity",1262308500,1485068256,222759756,102780779.1806
"Bourne identity",1262310240,1485068256,222758016,102780779.1806
"Bourne identity",1262310240,1262833080,522840,102780779.1806
"Bourne identity",1262466480,1485068256,222601776,102780779.1806
"Bourne identity",1262467680,1485068256,222600576,102780779.1806
"Bourne identity",1262467680,1262814180,346500,102780779.1806
"Bourne identity",1262474100,1485068256,222594156,102780779.1806
"Bourne identity",1262474100,1263348060,873960,102780779.1806
"Bourne identity",1262559360,1485068256,222508896,102780779.1806
"Bourne identity",1262560920,1485068256,222507336,102780779.1806
"Bourne identity",1262560920,1263074580,513660,102780779.1806
"Bourne identity",1262629020,1485068256,222439236,102780779.1806
"Bourne identity",1262629020,1262810580,181560,102780779.1806
"Bourne identity",1262653980,1485068256,222414276,102780779.1806
"Bourne identity",1262653980,1265825100,3171120,102780779.1806
"Bourne identity",1262731980,1262731980,0,102780779.1806
"Bourne identity",1262731980,1262911260,179280,102780779.1806
"Bourne identity",1262731980,1262975580,243600,102780779.1806
"Bourne identity",1262740020,1485068256,222328236,102780779.1806
"Bourne identity",1262740020,1263159840,419820,102780779.1806
"Bourne identity",1262740020,1263329520,589500,102780779.1806
"Bourne identity",1262743680,1485068256,222324576,102780779.1806
"Bourne identity",1262743680,1264808040,2064360,102780779.1806
"Bourne identity",1262804880,1485068256,222263376,102780779.1806
"Bourne identity",1262804880,1266434760,3629880,102780779.1806
"Bourne identity",1262804880,1267121700,4316820,102780779.1806
"Bourne identity",1262820420,1485068256,222247836,102780779.1806
"Bourne identity",1262820420,1263421380,600960,102780779.1806
"Bourne identity",1262822220,1485068256,222246036,102780779.1806
"Bourne identity",1262822220,1263150840,328620,102780779.1806
"Bourne identity",1262898000,1485068256,222170256,102780779.1806
"Bourne identity",1262898000,1263340920,442920,102780779.1806
"Bourne identity",1262904240,1485068256,222164016,102780779.1806
"Bourne identity",1262914800,1485068256,222153456,102780779.1806
"Bourne identity",1262914800,1266524700,3609900,102780779.1806
"Bourne identity",1262992020,1485068256,222076236,102780779.1806
"Bourne identity",1262992020,1263267360,275340,102780779.1806
"Bourne identity",1262992020,1263582720,590700,102780779.1806
"Bourne identity",1262993040,1485068256,222075216,102780779.1806
"Bourne identity",1262993040,1269998520,7005480,102780779.1806
"Bourne identity",1262996700,1485068256,222071556,102780779.1806
"Bourne identity",1262996700,1265233380,2236680,102780779.1806
"Bourne identity",1262996940,1485068256,222071316,102780779.1806
"Bourne identity",1262996940,1263951960,955020,102780779.1806
"Bourne identity",1262999580,1485068256,222068676,102780779.1806
"Bourne identity",1262999580,1263527160,527580,102780779.1806
"Bourne identity",1263064200,1263065640,1440,102780779.1806
"Bourne identity",1263064380,1485068256,222003876,102780779.1806
"Bourne identity",1263064380,1263958680,894300,102780779.1806
"Bourne identity",1263075780,1485068256,221992476,102780779.1806
"Bourne identity",1263075780,1264282500,1206720,102780779.1806
"Bourne identity",1263082320,1485068256,221985936,102780779.1806
"Bourne identity",1263082320,1263939480,857160,102780779.1806
"Bourne identity",1263159420,1485068256,221908836,102780779.1806
"Bourne identity",1263159420,1264122300,962880,102780779.1806
"Bourne identity",1263159420,1264375380,1215960,102780779.1806
"Bourne identity",1263259020,1485068256,221809236,102780779.1806
"Bourne identity",1263259020,1264367640,1108620,102780779.1806
"Bourne identity",1263259020,1264707720,1448700,102780779.1806
"Bourne identity",1263263580,1485068256,221804676,102780779.1806
"Bourne identity",1263263580,1263673620,410040,102780779.1806
"Bourne identity",1263332340,1485068256,221735916,102780779.1806
"Bourne identity",1263332700,1485068256,221735556,102780779.1806
"Bourne identity",1263332700,1264548720,1216020,102780779.1806
"Bourne identity",1263348540,1485068256,221719716,102780779.1806
"Bourne identity",1263348540,1264463160,1114620,102780779.1806
"Bourne identity",1263351120,1485068256,221717136,102780779.1806
"Bourne identity",1263351120,1266695340,3344220,102780779.1806
"Bourne identity",1263351120,1272345480,8994360,102780779.1806
"Bourne identity",1263351120,1272483540,9132420,102780779.1806
"Bourne identity",1263413400,1485068256,221654856,102780779.1806
"Bourne identity",1263413400,1264717020,1303620,102780779.1806
"Bourne identity",1263418380,1485068256,221649876,102780779.1806
"Bourne identity",1263418380,1263674460,256080,102780779.1806
"Bourne identity",1263427440,1485068256,221640816,102780779.1806
"Bourne identity",1263427800,1485068256,221640456,102780779.1806
"Bourne identity",1263427800,1263670980,243180,102780779.1806
"Bourne identity",1263432540,1485068256,221635716,102780779.1806
"Bourne identity",1263432540,1265937120,2504580,102780779.1806
"Bourne identity",1263432540,1266000240,2567700,102780779.1806
"Bourne identity",1263492360,1485068256,221575896,102780779.1806
"Bourne identity",1263512280,1485068256,221555976,102780779.1806
"Bourne identity",1263512280,1264807860,1295580,102780779.1806
"Bourne identity",1263596100,1485068256,221472156,102780779.1806
"Bourne identity",1263596100,1263597900,1800,102780779.1806
"Bourne identity",1263596100,1264103100,507000,102780779.1806
"Bourne identity",1263596940,1485068256,221471316,102780779.1806
"Bourne identity",1263596940,1264795320,1198380,102780779.1806
"Bourne identity",1263598200,1485068256,221470056,102780779.1806
"Bourne identity",1263598200,1263943740,345540,102780779.1806
"Bourne identity",1263602580,1485068256,221465676,102780779.1806
"Bourne identity",1263602580,1263952800,350220,102780779.1806
"Bourne identity",1263689100,1485068256,221379156,102780779.1806
"Bourne identity",1263769380,1485068256,221298876,102780779.1806
"Bourne identity",1263769380,1265494380,1725000,102780779.1806
"Bourne identity",1263770340,1485068256,221297916,102780779.1806
"Bourne identity",1263770340,1264625160,854820,102780779.1806
"Bourne identity",1263770340,1264705260,934920,102780779.1806
"Bourne identity",1263773880,1485068256,221294376,102780779.1806
"Bourne identity",1263939720,1485068256,221128536,102780779.1806
"Bourne identity",1263939720,1265495880,1556160,102780779.1806
"Bourne identity",1263943380,1485068256,221124876,102780779.1806
"Bourne identity",1263943380,1264284060,340680,102780779.1806
"Bourne identity",1263943620,1485068256,221124636,102780779.1806
"Bourne identity",1263943620,1264297860,354240,102780779.1806
"Bourne identity",1263944160,1485068256,221124096,102780779.1806
"Bourne identity",1263944160,1264462920,518760,102780779.1806
"Bourne identity",1263944160,1264736640,792480,102780779.1806
"Bourne identity",1263949320,1485068256,221118936,102780779.1806
"Bourne identity",1263949320,1266448500,2499180,102780779.1806
"Bourne identity",1263955200,1485068256,221113056,102780779.1806
"Bourne identity",1263955200,1265074860,1119660,102780779.1806
"Bourne identity",1263955200,1265170380,1215180,102780779.1806
"Bourne identity",1263955200,1265320140,1364940,102780779.1806
"Bourne identity",1263958380,1485068256,221109876,102780779.1806
"Bourne identity",1263958380,1264194540,236160,102780779.1806
"Bourne identity",1264013820,1485068256,221054436,102780779.1806
"Bourne identity",1264019580,1485068256,221048676,102780779.1806
"Bourne identity",1264019580,1264804680,785100,102780779.1806
"Bourne identity",1264019580,1265079900,1060320,102780779.1806
"Bourne identity",1264019580,1265502420,1482840,102780779.1806
"Bourne identity",1264019580,1265574420,1554840,102780779.1806
"Bourne identity",1264019580,1266649500,2629920,102780779.1806
"Bourne identity",1264021740,1485068256,221046516,102780779.1806
"Bourne identity",1264021740,1265147460,1125720,102780779.1806
"Bourne identity",1264024320,1485068256,221043936,102780779.1806
"Bourne identity",1264024320,1265145360,1121040,102780779.1806
"Bourne identity",1264039740,1485068256,221028516,102780779.1806
"Bourne identity",1264039740,1265746620,1706880,102780779.1806
"Bourne identity",1264097040,1485068256,220971216,102780779.1806
"Bourne identity",1264097040,1265245500,1148460,102780779.1806
"Bourne identity",1264097040,1265419020,1321980,102780779.1806
"Bourne identity",1264097040,1265479920,1382880,102780779.1806
"Bourne identity",1264115040,1485068256,220953216,102780779.1806
"Bourne identity",1264115040,1264270860,155820,102780779.1806
"Bourne identity",1264115040,1264438800,323760,102780779.1806
"Bourne identity",1264199640,1485068256,220868616,102780779.1806
"Bourne identity",1264199640,1264638840,439200,102780779.1806
"Bourne identity",1264201440,1485068256,220866816,102780779.1806
"Bourne identity",1264201440,1264291020,89580,102780779.1806
"Bourne identity",1264207740,1485068256,220860516,102780779.1806
"Bourne identity",1264207740,1265746200,1538460,102780779.1806
"Bourne identity",1264275300,1485068256,220792956,102780779.1806
"Bourne identity",1264275300,1264882800,607500,102780779.1806
"Bourne identity",1264293240,1485068256,220775016,102780779.1806
"Bourne identity",1264294860,1485068256,220773396,102780779.1806
"Bourne identity",1264294860,1264733580,438720,102780779.1806
"Bourne identity",1264294860,1265152440,857580,102780779.1806
"Bourne identity",1264296840,1485068256,220771416,102780779.1806
"Bourne identity",1264296840,1265493300,1196460,102780779.1806
"Bourne identity",1264297920,1485068256,220770336,102780779.1806
"Bourne identity",1264297920,1264898040,600120,102780779.1806
"Bourne identity",1264363800,1485068256,220704456,102780779.1806
"Bourne identity",1264456980,1485068256,220611276,102780779.1806
"Bourne identity",1264458480,1485068256,220609776,102780779.1806
"Bourne identity",1264458480,1265160000,701520,102780779.1806
"Bourne identity",1264463460,1485068256,220604796,102780779.1806
"Bourne identity",1264476600,1485068256,220591656,102780779.1806
"Bourne identity",1264476900,1485068256,220591356,102780779.1806
"Bourne identity",1264476900,1264888860,411960,102780779.1806
"Bourne identity",1264560240,1485068256,220508016,102780779.1806
"Bourne identity",1264560240,1267924080,3363840,102780779.1806
"Bourne identity",1264696800,1485068256,220371456,102780779.1806
"Bourne identity",1264696800,1268695920,3999120,102780779.1806
"Bourne identity",1264696800,1269624600,4927800,102780779.1806
"Bourne identity",1264696800,1272768360,8071560,102780779.1806
"Bourne identity",1264696800,1272919680,8222880,102780779.1806
"Bourne identity",1264715640,1485068256,220352616,102780779.1806
"Bourne identity",1264715640,1264802700,87060,102780779.1806
"Bourne identity",1264716900,1485068256,220351356,102780779.1806
"Bourne identity",1264716900,1265930220,1213320,102780779.1806
"Bourne identity",1264733280,1485068256,220334976,102780779.1806
"Bourne identity",1264733280,1265492280,759000,102780779.1806
"Bourne identity",1264797540,1485068256,220270716,102780779.1806
"Bourne identity",1264797540,1264879980,82440,102780779.1806
"Bourne identity",1264809240,1485068256,220259016,102780779.1806
"Bourne identity",1264809240,1265418720,609480,102780779.1806
"Bourne identity",1264810500,1485068256,220257756,102780779.1806
"Bourne identity",1264810500,1264984020,173520,102780779.1806
"Bourne identity",1264815960,1485068256,220252296,102780779.1806
"Bourne identity",1264815960,1266617940,1801980,102780779.1806
"Bourne identity",1264815960,1267818120,3002160,102780779.1806
"Bourne identity",1264815960,1268004180,3188220,102780779.1806
"Bourne identity",1264900920,1485068256,220167336,102780779.1806
"Bourne identity",1264900920,1265240580,339660,102780779.1806
"Bourne identity",1264977720,1485068256,220090536,102780779.1806
"Bourne identity",1264977720,1265154000,176280,102780779.1806
"Bourne identity",1264977720,1265394540,416820,102780779.1806
"Bourne identity",1265054040,1485068256,220014216,102780779.1806
"Bourne identity",1265061180,1485068256,220007076,102780779.1806
"Bourne identity",1265068800,1485068256,219999456,102780779.1806
"Bourne identity",1265068800,1265587320,518520,102780779.1806
"Bourne identity",1265140740,1485068256,219927516,102780779.1806
"Bourne identity",1265140740,1266609180,1468440,102780779.1806
"Bourne identity",1265143440,1485068256,219924816,102780779.1806
"Bourne identity",1265143440,1265245740,102300,102780779.1806
"Bourne identity",1265145060,1485068256,219923196,102780779.1806
"Bourne identity",1265148960,1485068256,219919296,102780779.1806
"Bourne identity",1265148960,1265581260,432300,102780779.1806
"Bourne identity",1265150340,1485068256,219917916,102780779.1806
"Bourne identity",1265150340,1265594820,444480,102780779.1806
"Bourne identity",1265150340,1265662200,511860,102780779.1806
"Bourne identity",1265157000,1485068256,219911256,102780779.1806
"Bourne identity",1265157000,1265496780,339780,102780779.1806
"Bourne identity",1265165280,1485068256,219902976,102780779.1806
"Bourne identity",1265165280,1266191520,1026240,102780779.1806
"Bourne identity",1265166240,1485068256,219902016,102780779.1806
"Bourne identity",1265166240,1265933100,766860,102780779.1806
"Bourne identity",1265226840,1485068256,219841416,102780779.1806
"Bourne identity",1265226840,1265912040,685200,102780779.1806
"Bourne identity",1265232720,1485068256,219835536,102780779.1806
"Bourne identity",1265232720,1265669340,436620,102780779.1806
"Bourne identity",1265239140,1485068256,219829116,102780779.1806
"Bourne identity",1265316180,1485068256,219752076,102780779.1806
"Bourne identity",1265316180,1266712320,1396140,102780779.1806
"Bourne identity",1265321760,1485068256,219746496,102780779.1806
"Bourne identity",1265321760,1267740780,2419020,102780779.1806
"Bourne identity",1265418360,1485068256,219649896,102780779.1806
"Bourne identity",1265418360,1265750520,332160,102780779.1806
"Bourne identity",1265484480,1485068256,219583776,102780779.1806
"Bourne identity",1265484480,1266453360,968880,102780779.1806
"Bourne identity",1265492820,1485068256,219575436,102780779.1806
"Bourne identity",1265492820,1265673840,181020,102780779.1806
"Bourne identity",1265500260,1485068256,219567996,102780779.1806
"Bourne identity",1265500260,1266543840,1043580,102780779.1806
"Bourne identity",1265502840,1485068256,219565416,102780779.1806
"Bourne identity",1265502840,1266377640,874800,102780779.1806
"Bourne identity",1265504520,1485068256,219563736,102780779.1806
"Bourne identity",1265504520,1267403100,1898580,102780779.1806
"Bourne identity",1265507220,1485068256,219561036,102780779.1806
"Bourne identity",1265507220,1266365700,858480,102780779.1806
"Bourne identity",1265577300,1485068256,219490956,102780779.1806
"Bourne identity",1265577300,1265685300,108000,102780779.1806
"Bourne identity",1265577300,1266184680,607380,102780779.1806
"Bourne identity",1265581980,1485068256,219486276,102780779.1806
"Bourne identity",1265585880,1485068256,219482376,102780779.1806
"Bourne identity",1265585880,1269213420,3627540,102780779.1806
"Bourne identity",1265586120,1485068256,219482136,102780779.1806
"Bourne identity",1265586120,1265864700,278580,102780779.1806
"Bourne identity",1265588760,1485068256,219479496,102780779.1806
"Bourne identity",1265588760,1266711360,1122600,102780779.1806
"Bourne identity",1265652300,1485068256,219415956,102780779.1806
"Bourne identity",1265652300,1265931600,279300,102780779.1806
"Bourne identity",1265665500,1485068256,219402756,102780779.1806
"Bourne identity",1265665500,1485068256,219402756,102780779.1806
"Bourne identity",1265665500,1265667720,2220,102780779.1806
"Bourne identity",1265665500,1265832720,167220,102780779.1806
"Bourne identity",1265665500,1265834100,168600,102780779.1806
"Bourne identity",1265674320,1485068256,219393936,102780779.1806
"Bourne identity",1265674320,1267135560,1461240,102780779.1806
"Bourne identity",1265678640,1485068256,219389616,102780779.1806
"Bourne identity",1265756880,1485068256,219311376,102780779.1806
"Bourne identity",1265756880,1266430380,673500,102780779.1806
"Bourne identity",1265756880,1266876720,1119840,102780779.1806
"Bourne identity",1265831580,1485068256,219236676,102780779.1806
"Bourne identity",1265831580,1266622020,790440,102780779.1806
"Bourne identity",1265856180,1485068256,219212076,102780779.1806
"Bourne identity",1265856180,1266191040,334860,102780779.1806
"Bourne identity",1265926200,1485068256,219142056,102780779.1806
"Bourne identity",1265926200,1267148640,1222440,102780779.1806
"Bourne identity",1265930400,1485068256,219137856,102780779.1806
"Bourne identity",1265930400,1266195180,264780,102780779.1806
"Bourne identity",1265930580,1485068256,219137676,102780779.1806
"Bourne identity",1266098280,1485068256,218969976,102780779.1806
"Bourne identity",1266098280,1266709020,610740,102780779.1806
"Bourne identity",1266105600,1485068256,218962656,102780779.1806
"Bourne identity",1266105600,1267575600,1470000,102780779.1806
"Bourne identity",1266105600,1267827780,1722180,102780779.1806
"Bourne identity",1266105600,1268085120,1979520,102780779.1806
"Bourne identity",1266106860,1485068256,218961396,102780779.1806
"Bourne identity",1266106860,1268106060,1999200,102780779.1806
"Bourne identity",1266106860,1268259600,2152740,102780779.1806
"Bourne identity",1266106860,1268332920,2226060,102780779.1806
"Bourne identity",1266112860,1485068256,218955396,102780779.1806
"Bourne identity",1266192600,1485068256,218875656,102780779.1806
"Bourne identity",1266192600,1267126500,933900,102780779.1806
"Bourne identity",1266343620,1485068256,218724636,102780779.1806
"Bourne identity",1266343620,1269465780,3122160,102780779.1806
"Bourne identity",1266349800,1485068256,218718456,102780779.1806
"Bourne identity",1266349800,1266615600,265800,102780779.1806
"Bourne identity",1266349800,1266798840,449040,102780779.1806
"Bourne identity",1266349800,1266879060,529260,102780779.1806
"Bourne identity",1266352620,1485068256,218715636,102780779.1806
"Bourne identity",1266352620,1267469940,1117320,102780779.1806
"Bourne identity",1266352620,1267560120,1207500,102780779.1806
"Bourne identity",1266352620,1485068256,218715636,102780779.1806
"Bourne identity",1266352620,1267469940,1117320,102780779.1806
"Bourne identity",1266354780,1266354840,60,102780779.1806
"Bourne identity",1266359220,1485068256,218709036,102780779.1806
"Bourne identity",1266359220,1266956940,597720,102780779.1806
"Bourne identity",1266367380,1485068256,218700876,102780779.1806
"Bourne identity",1266368640,1485068256,218699616,102780779.1806
"Bourne identity",1266368640,1267578600,1209960,102780779.1806
"Bourne identity",1266368640,1267853820,1485180,102780779.1806
"Bourne identity",1266368640,1268002800,1634160,102780779.1806
"Bourne identity",1266376260,1485068256,218691996,102780779.1806
"Bourne identity",1266376260,1267485540,1109280,102780779.1806
"Bourne identity",1266436740,1485068256,218631516,102780779.1806
"Bourne identity",1266436740,1267129320,692580,102780779.1806
"Bourne identity",1266437220,1485068256,218631036,102780779.1806
"Bourne identity",1266437220,1266790860,353640,102780779.1806
"Bourne identity",1266437220,1266905820,468600,102780779.1806
"Bourne identity",1266437220,1267037880,600660,102780779.1806
"Bourne identity",1266452820,1485068256,218615436,102780779.1806
"Bourne identity",1266452820,1266541560,88740,102780779.1806
"Bourne identity",1266456660,1485068256,218611596,102780779.1806
"Bourne identity",1266456780,1485068256,218611476,102780779.1806
"Bourne identity",1266457080,1485068256,218611176,102780779.1806
"Bourne identity",1266457080,1267139520,682440,102780779.1806
"Bourne identity",1266523620,1485068256,218544636,102780779.1806
"Bourne identity",1266523620,1267650480,1126860,102780779.1806
"Bourne identity",1266529440,1485068256,218538816,102780779.1806
"Bourne identity",1266529440,1268877000,2347560,102780779.1806
"Bourne identity",1266529440,1269361500,2832060,102780779.1806
"Bourne identity",1266530940,1485068256,218537316,102780779.1806
"Bourne identity",1266530940,1266962640,431700,102780779.1806
"Bourne identity",1266536280,1485068256,218531976,102780779.1806
"Bourne identity",1266536280,1266884400,348120,102780779.1806
"Bourne identity",1266537660,1485068256,218530596,102780779.1806
"Bourne identity",1266537660,1269044700,2507040,102780779.1806
"Bourne identity",1266545340,1485068256,218522916,102780779.1806
"Bourne identity",1266545340,1268522580,1977240,102780779.1806
"Bourne identity",1266545340,1268606640,2061300,102780779.1806
"Bourne identity",1266545820,1485068256,218522436,102780779.1806
"Bourne identity",1266545820,1267653000,1107180,102780779.1806
"Bourne identity",1266545820,1267915920,1370100,102780779.1806
"Bourne identity",1266787620,1485068256,218280636,102780779.1806
"Bourne identity",1266791880,1485068256,218276376,102780779.1806
"Bourne identity",1266798840,1485068256,218269416,102780779.1806
"Bourne identity",1266798840,1267480020,681180,102780779.1806
"Bourne identity",1266881880,1485068256,218186376,102780779.1806
"Bourne identity",1266884340,1485068256,218183916,102780779.1806
"Bourne identity",1266884340,1267047420,163080,102780779.1806
"Bourne identity",1266889740,1485068256,218178516,102780779.1806
"Bourne identity",1266889740,1268269620,1379880,102780779.1806
"Bourne identity",1266892740,1485068256,218175516,102780779.1806
"Bourne identity",1266968160,1485068256,218100096,102780779.1806
"Bourne identity",1267042260,1485068256,218025996,102780779.1806
"Bourne identity",1267056240,1485068256,218012016,102780779.1806
"Bourne identity",1267058520,1485068256,218009736,102780779.1806
"Bourne identity",1267058520,1268354880,1296360,102780779.1806
"Bourne identity",1267134000,1485068256,217934256,102780779.1806
"Bourne identity",1267134000,1267298400,164400,102780779.1806
"Bourne identity",1267138680,1485068256,217929576,102780779.1806
"Bourne identity",1267143240,1485068256,217925016,102780779.1806
"Bourne identity",1267143240,1267661880,518640,102780779.1806
"Bourne identity",1267143240,1267845780,702540,102780779.1806
"Bourne identity",1267148820,1485068256,217919436,102780779.1806
"Bourne identity",1267148820,1268978460,1829640,102780779.1806
"Bourne identity",1267148820,1269106380,1957560,102780779.1806
"Bourne identity",1267303080,1485068256,217765176,102780779.1806
"Bourne identity",1267303080,1267916040,612960,102780779.1806
"Bourne identity",1267312200,1485068256,217756056,102780779.1806
"Bourne identity",1267312200,1268620500,1308300,102780779.1806
"Bourne identity",1267312200,1268767680,1455480,102780779.1806
"Bourne identity",1267312440,1485068256,217755816,102780779.1806
"Bourne identity",1267312440,1269121980,1809540,102780779.1806
"Bourne identity",1267316520,1485068256,217751736,102780779.1806
"Bourne identity",1267316520,1267911900,595380,102780779.1806
"Bourne identity",1267316940,1485068256,217751316,102780779.1806
"Bourne identity",1267316940,1268761380,1444440,102780779.1806
"Bourne identity",1267316940,1268853840,1536900,102780779.1806
"Bourne identity",1267322400,1485068256,217745856,102780779.1806
"Bourne identity",1267322400,1267812180,489780,102780779.1806
"Bourne identity",1267322400,1267934460,612060,102780779.1806
"Bourne identity",1267322400,1268006400,684000,102780779.1806
"Bourne identity",1267393320,1485068256,217674936,102780779.1806
"Bourne identity",1267398540,1485068256,217669716,102780779.1806
"Bourne identity",1267398540,1268958840,1560300,102780779.1806
"Bourne identity",1267398540,1269324600,1926060,102780779.1806
"Bourne identity",1267398540,1269461160,2062620,102780779.1806
"Bourne identity",1267485060,1485068256,217583196,102780779.1806
"Bourne identity",1267486200,1485068256,217582056,102780779.1806
"Bourne identity",1267486200,1269550920,2064720,102780779.1806
"Bourne identity",1267486680,1485068256,217581576,102780779.1806
"Bourne identity",1267486680,1268689920,1203240,102780779.1806
"Bourne identity",1267489740,1485068256,217578516,102780779.1806
"Bourne identity",1267489740,1268002320,512580,102780779.1806
"Bourne identity",1267493820,1485068256,217574436,102780779.1806
"Bourne identity",1267493820,1268871060,1377240,102780779.1806
"Bourne identity",1267494120,1485068256,217574136,102780779.1806
"Bourne identity",1267494120,1267909920,415800,102780779.1806
"Bourne identity",1267494120,1268000100,505980,102780779.1806
"Bourne identity",1267494120,1268159880,665760,102780779.1806
"Bourne identity",1267498860,1485068256,217569396,102780779.1806
"Bourne identity",1267498860,1268706660,1207800,102780779.1806
"Bourne identity",1267566420,1485068256,217501836,102780779.1806
"Bourne identity",1267566420,1268081880,515460,102780779.1806
"Bourne identity",1267644780,1485068256,217423476,102780779.1806
"Bourne identity",1267644780,1269481020,1836240,102780779.1806
"Bourne identity",1267644780,1271212800,3568020,102780779.1806
"Bourne identity",1267644780,1271352660,3707880,102780779.1806
"Bourne identity",1267745220,1485068256,217323036,102780779.1806
"Bourne identity",1267815780,1485068256,217252476,102780779.1806
"Bourne identity",1267815780,1270076700,2260920,102780779.1806
"Bourne identity",1267815780,1270321620,2505840,102780779.1806
"Bourne identity",1267922640,1485068256,217145616,102780779.1806
"Bourne identity",1267922640,1268089260,166620,102780779.1806
"Bourne identity",1267998540,1485068256,217069716,102780779.1806
"Bourne identity",1268083080,1485068256,216985176,102780779.1806
"Bourne identity",1268083080,1273022880,4939800,102780779.1806
"Bourne identity",1268088000,1485068256,216980256,102780779.1806
"Bourne identity",1268088000,1268773320,685320,102780779.1806
"Bourne identity",1268092200,1485068256,216976056,102780779.1806
"Bourne identity",1268092200,1269288300,1196100,102780779.1806
"Bourne identity",1268096520,1485068256,216971736,102780779.1806
"Bourne identity",1268096520,1268957520,861000,102780779.1806
"Bourne identity",1268099820,1485068256,216968436,102780779.1806
"Bourne identity",1268099820,1268788440,688620,102780779.1806
"Bourne identity",1268161560,1485068256,216906696,102780779.1806
"Bourne identity",1268161560,1268350260,188700,102780779.1806
"Bourne identity",1268169720,1485068256,216898536,102780779.1806
"Bourne identity",1268169720,1268258100,88380,102780779.1806
"Bourne identity",1268178480,1485068256,216889776,102780779.1806
"Bourne identity",1268182200,1485068256,216886056,102780779.1806
"Bourne identity",1268182200,1268783100,600900,102780779.1806
"Bourne identity",1268246640,1485068256,216821616,102780779.1806
"Bourne identity",1268246640,1268950800,704160,102780779.1806
"Bourne identity",1268257140,1485068256,216811116,102780779.1806
"Bourne identity",1268257620,1485068256,216810636,102780779.1806
"Bourne identity",1268257620,1269461580,1203960,102780779.1806
"Bourne identity",1268257620,1270508820,2251200,102780779.1806
"Bourne identity",1268257620,1270670160,2412540,102780779.1806
"Bourne identity",1268260980,1485068256,216807276,102780779.1806
"Bourne identity",1268260980,1269035400,774420,102780779.1806
"Bourne identity",1268263860,1485068256,216804396,102780779.1806
"Bourne identity",1268263860,1269040560,776700,102780779.1806
"Bourne identity",1268263860,1269282840,1018980,102780779.1806
"Bourne identity",1268266140,1485068256,216802116,102780779.1806
"Bourne identity",1268277720,1485068256,216790536,102780779.1806
"Bourne identity",1268355480,1485068256,216712776,102780779.1806
"Bourne identity",1268358480,1485068256,216709776,102780779.1806
"Bourne identity",1268358480,1269025380,666900,102780779.1806
"Bourne identity",1268358480,1269112980,754500,102780779.1806
"Bourne identity",1268439960,1485068256,216628296,102780779.1806
"Bourne identity",1268439960,1273169220,4729260,102780779.1806
"Bourne identity",1268443380,1485068256,216624876,102780779.1806
"Bourne identity",1268443380,1268788260,344880,102780779.1806
"Bourne identity",1268443560,1485068256,216624696,102780779.1806
"Bourne identity",1268443560,1268785920,342360,102780779.1806
"Bourne identity",1268503560,1485068256,216564696,102780779.1806
"Bourne identity",1268503560,1268530320,26760,102780779.1806
"Bourne identity",1268613840,1485068256,216454416,102780779.1806
"Bourne identity",1268613840,1269818580,1204740,102780779.1806
"Bourne identity",1268763000,1485068256,216305256,102780779.1806
"Bourne identity",1268763000,1269033540,270540,102780779.1806
"Bourne identity",1268780700,1485068256,216287556,102780779.1806
"Bourne identity",1268780700,1269478380,697680,102780779.1806
"Bourne identity",1268851140,1485068256,216217116,102780779.1806
"Bourne identity",1268851140,1270144860,1293720,102780779.1806
"Bourne identity",1268851140,1272075360,3224220,102780779.1806
"Bourne identity",1268851140,1272139800,3288660,102780779.1806
"Bourne identity",1268852280,1485068256,216215976,102780779.1806
"Bourne identity",1268857680,1485068256,216210576,102780779.1806
"Bourne identity",1268857680,1268944920,87240,102780779.1806
"Bourne identity",1268861220,1485068256,216207036,102780779.1806
"Bourne identity",1268861220,1269461460,600240,102780779.1806
"Bourne identity",1268945640,1485068256,216122616,102780779.1806
"Bourne identity",1268945640,1270168800,1223160,102780779.1806
"Bourne identity",1268947920,1485068256,216120336,102780779.1806
"Bourne identity",1268947920,1269720840,772920,102780779.1806
"Bourne identity",1268949420,1485068256,216118836,102780779.1806
"Bourne identity",1268949420,1269121020,171600,102780779.1806
"Bourne identity",1268952060,1485068256,216116196,102780779.1806
"Bourne identity",1268963880,1485068256,216104376,102780779.1806
"Bourne identity",1268963880,1272745380,3781500,102780779.1806
"Bourne identity",1268963880,1273367580,4403700,102780779.1806
"Bourne identity",1268963880,1273432020,4468140,102780779.1806
"Bourne identity",1268963880,1276120920,7157040,102780779.1806
"Bourne identity",1268963880,1276191300,7227420,102780779.1806
"Bourne identity",1268963880,1277409660,8445780,102780779.1806
"Bourne identity",1269035640,1485068256,216032616,102780779.1806
"Bourne identity",1269036060,1485068256,216032196,102780779.1806
"Bourne identity",1269036060,1270150320,1114260,102780779.1806
"Bourne identity",1269038160,1485068256,216030096,102780779.1806
"Bourne identity",1269038160,1269565860,527700,102780779.1806
"Bourne identity",1269038700,1485068256,216029556,102780779.1806
"Bourne identity",1269038700,1269813660,774960,102780779.1806
"Bourne identity",1269038700,1269983340,944640,102780779.1806
"Bourne identity",1269117720,1485068256,215950536,102780779.1806
"Bourne identity",1269117720,1270067580,949860,102780779.1806
"Bourne identity",1269127260,1485068256,215940996,102780779.1806
"Bourne identity",1269130440,1485068256,215937816,102780779.1806
"Bourne identity",1269130440,1270338840,1208400,102780779.1806
"Bourne identity",1269286380,1485068256,215781876,102780779.1806
"Bourne identity",1269286380,1269544320,257940,102780779.1806
"Bourne identity",1269297900,1485068256,215770356,102780779.1806
"Bourne identity",1269297900,1269719280,421380,102780779.1806
"Bourne identity",1269301200,1485068256,215767056,102780779.1806
"Bourne identity",1269301200,1270252740,951540,102780779.1806
"Bourne identity",1269301200,1270318440,1017240,102780779.1806
"Bourne identity",1269303960,1485068256,215764296,102780779.1806
"Bourne identity",1269303960,1269897180,593220,102780779.1806
"Bourne identity",1269308040,1485068256,215760216,102780779.1806
"Bourne identity",1269311340,1485068256,215756916,102780779.1806
"Bourne identity",1269311340,1270079280,767940,102780779.1806
"Bourne identity",1269380220,1485068256,215688036,102780779.1806
"Bourne identity",1269380220,1269982980,602760,102780779.1806
"Bourne identity",1269385320,1485068256,215682936,102780779.1806
"Bourne identity",1269385320,1269987180,601860,102780779.1806
"Bourne identity",1269385320,1270166520,781200,102780779.1806
"Bourne identity",1269457980,1485068256,215610276,102780779.1806
"Bourne identity",1269457980,1270500660,1042680,102780779.1806
"Bourne identity",1269484680,1485068256,215583576,102780779.1806
"Bourne identity",1269484680,1269984000,499320,102780779.1806
"Bourne identity",1269498720,1485068256,215569536,102780779.1806
"Bourne identity",1269544920,1485068256,215523336,102780779.1806
"Bourne identity",1269555240,1485068256,215513016,102780779.1806
"Bourne identity",1269556020,1485068256,215512236,102780779.1806
"Bourne identity",1269556020,1270588680,1032660,102780779.1806
"Bourne identity",1269558600,1485068256,215509656,102780779.1806
"Bourne identity",1269558600,1271034000,1475400,102780779.1806
"Bourne identity",1269558600,1271187840,1629240,102780779.1806
"Bourne identity",1269562800,1485068256,215505456,102780779.1806
"Bourne identity",1269562800,1270768800,1206000,102780779.1806
"Bourne identity",1269639360,1485068256,215428896,102780779.1806
"Bourne identity",1269639360,1270239780,600420,102780779.1806
"Bourne identity",1269639360,1270327680,688320,102780779.1806
"Bourne identity",1269642180,1485068256,215426076,102780779.1806
"Bourne identity",1269642180,1270254180,612000,102780779.1806
"Bourne identity",1269716220,1485068256,215352036,102780779.1806
"Bourne identity",1269716700,1485068256,215351556,102780779.1806
"Bourne identity",1269716700,1270324440,607740,102780779.1806
"Bourne identity",1269721440,1485068256,215346816,102780779.1806
"Bourne identity",1269721440,1273342800,3621360,102780779.1806
"Bourne identity",1269732000,1485068256,215336256,102780779.1806
"Bourne identity",1269732000,1272071940,2339940,102780779.1806
"Bourne identity",1269732960,1485068256,215335296,102780779.1806
"Bourne identity",1269732960,1269997560,264600,102780779.1806
"Bourne identity",1269733920,1485068256,215334336,102780779.1806
"Bourne identity",1269733920,1270931700,1197780,102780779.1806
"Bourne identity",1269898680,1485068256,215169576,102780779.1806
"Bourne identity",1269898680,1270747740,849060,102780779.1806
"Bourne identity",1269916500,1485068256,215151756,102780779.1806
"Bourne identity",1269916500,1271725800,1809300,102780779.1806
"Bourne identity",1269916500,1275589800,5673300,102780779.1806
"Bourne identity",1269916500,1275674520,5758020,102780779.1806
"Bourne identity",1269987600,1485068256,215080656,102780779.1806
"Bourne identity",1269987600,1274943600,4956000,102780779.1806
"Bourne identity",1270001940,1485068256,215066316,102780779.1806
"Bourne identity",1270001940,1270327620,325680,102780779.1806
"Bourne identity",1270004100,1485068256,215064156,102780779.1806
"Bourne identity",1270062540,1485068256,215005716,102780779.1806
"Bourne identity",1270062540,1271181720,1119180,102780779.1806
"Bourne identity",1270083600,1485068256,214984656,102780779.1806
"Bourne identity",1270083600,1270688760,605160,102780779.1806
"Bourne identity",1270167240,1485068256,214901016,102780779.1806
"Bourne identity",1270167780,1485068256,214900476,102780779.1806
"Bourne identity",1270167780,1270940280,772500,102780779.1806
"Bourne identity",1270176600,1485068256,214891656,102780779.1806
"Bourne identity",1270176600,1271359260,1182660,102780779.1806
"Bourne identity",1270176600,1271438400,1261800,102780779.1806
"Bourne identity",1270323540,1485068256,214744716,102780779.1806
"Bourne identity",1270323540,1270512780,189240,102780779.1806
"Bourne identity",1270326900,1485068256,214741356,102780779.1806
"Bourne identity",1270326900,1270775160,448260,102780779.1806
"Bourne identity",1270329360,1485068256,214738896,102780779.1806
"Bourne identity",1270334040,1485068256,214734216,102780779.1806
"Bourne identity",1270334040,1270506240,172200,102780779.1806
"Bourne identity",1270335540,1485068256,214732716,102780779.1806
"Bourne identity",1270335540,1271360040,1024500,102780779.1806
"Bourne identity",1270335540,1271711040,1375500,102780779.1806
"Bourne identity",1270340760,1485068256,214727496,102780779.1806
"Bourne identity",1270340760,1270597560,256800,102780779.1806
"Bourne identity",1270342140,1485068256,214726116,102780779.1806
"Bourne identity",1270342140,1270945320,603180,102780779.1806
"Bourne identity",1270496100,1485068256,214572156,102780779.1806
"Bourne identity",1270496100,1270755600,259500,102780779.1806
"Bourne identity",1270505040,1485068256,214563216,102780779.1806
"Bourne identity",1270505940,1485068256,214562316,102780779.1806
"Bourne identity",1270505940,1271370660,864720,102780779.1806
"Bourne identity",1270507980,1485068256,214560276,102780779.1806
"Bourne identity",1270509540,1485068256,214558716,102780779.1806
"Bourne identity",1270509540,1270675260,165720,102780779.1806
"Bourne identity",1270509840,1485068256,214558416,102780779.1806
"Bourne identity",1270509840,1271777640,1267800,102780779.1806
"Bourne identity",1270517940,1485068256,214550316,102780779.1806
"Bourne identity",1270517940,1272838800,2320860,102780779.1806
"Bourne identity",1270596180,1485068256,214472076,102780779.1806
"Bourne identity",1270596180,1272759480,2163300,102780779.1806
"Bourne identity",1270660860,1485068256,214407396,102780779.1806
"Bourne identity",1270660860,1270780140,119280,102780779.1806
"Bourne identity",1270660860,1271029140,368280,102780779.1806
"Bourne identity",1270660860,1271095320,434460,102780779.1806
"Bourne identity",1270674300,1485068256,214393956,102780779.1806
"Bourne identity",1270676040,1485068256,214392216,102780779.1806
"Bourne identity",1270676040,1271806500,1130460,102780779.1806
"Bourne identity",1270683000,1485068256,214385256,102780779.1806
"Bourne identity",1270683000,1271191560,508560,102780779.1806
"Bourne identity",1270751280,1485068256,214316976,102780779.1806
"Bourne identity",1270751280,1274740860,3989580,102780779.1806
"Bourne identity",1270760220,1485068256,214308036,102780779.1806
"Bourne identity",1270760220,1271963580,1203360,102780779.1806
"Bourne identity",1270766820,1485068256,214301436,102780779.1806
"Bourne identity",1270766820,1272486300,1719480,102780779.1806
"Bourne identity",1270767240,1485068256,214301016,102780779.1806
"Bourne identity",1270767240,1272155400,1388160,102780779.1806
"Bourne identity",1270771740,1485068256,214296516,102780779.1806
"Bourne identity",1270771740,1275721200,4949460,102780779.1806
"Bourne identity",1270854540,1485068256,214213716,102780779.1806
"Bourne identity",1270854540,1271124420,269880,102780779.1806
"Bourne identity",1270854540,1271709180,854640,102780779.1806
"Bourne identity",1270854540,1273183680,2329140,102780779.1806
"Bourne identity",1270854540,1273345740,2491200,102780779.1806
"Bourne identity",1270938900,1485068256,214129356,102780779.1806
"Bourne identity",1270938900,1272324720,1385820,102780779.1806
"Bourne identity",1271029980,1485068256,214038276,102780779.1806
"Bourne identity",1271029980,1272239160,1209180,102780779.1806
"Bourne identity",1271096340,1485068256,213971916,102780779.1806
"Bourne identity",1271096340,1273529040,2432700,102780779.1806
"Bourne identity",1271096340,1274568480,3472140,102780779.1806
"Bourne identity",1271096340,1274644860,3548520,102780779.1806
"Bourne identity",1271118000,1485068256,213950256,102780779.1806
"Bourne identity",1271193240,1485068256,213875016,102780779.1806
"Bourne identity",1271193240,1271528940,335700,102780779.1806
"Bourne identity",1271196660,1485068256,213871596,102780779.1806
"Bourne identity",1271274060,1485068256,213794196,102780779.1806
"Bourne identity",1271274060,1272400980,1126920,102780779.1806
"Bourne identity",1271274180,1485068256,213794076,102780779.1806
"Bourne identity",1271274180,1271536260,262080,102780779.1806
"Bourne identity",1271282700,1485068256,213785556,102780779.1806
"Bourne identity",1271285340,1485068256,213782916,102780779.1806
"Bourne identity",1271285340,1272149700,864360,102780779.1806
"Bourne identity",1271297220,1485068256,213771036,102780779.1806
"Bourne identity",1271364780,1485068256,213703476,102780779.1806
"Bourne identity",1271364780,1271789700,424920,102780779.1806
"Bourne identity",1271371260,1485068256,213696996,102780779.1806
"Bourne identity",1271371260,1272335220,963960,102780779.1806
"Bourne identity",1271371260,1273168680,1797420,102780779.1806
"Bourne identity",1271373780,1485068256,213694476,102780779.1806
"Bourne identity",1271373780,1271883060,509280,102780779.1806
"Bourne identity",1271375400,1485068256,213692856,102780779.1806
"Bourne identity",1271528040,1485068256,213540216,102780779.1806
"Bourne identity",1271546220,1485068256,213522036,102780779.1806
"Bourne identity",1271546220,1273020480,1474260,102780779.1806
"Bourne identity",1271550060,1485068256,213518196,102780779.1806
"Bourne identity",1271716620,1485068256,213351636,102780779.1806
"Bourne identity",1271716620,1272059520,342900,102780779.1806
"Bourne identity",1271716620,1272327660,611040,102780779.1806
"Bourne identity",1271716620,1272476640,760020,102780779.1806
"Bourne identity",1271791860,1485068256,213276396,102780779.1806
"Bourne identity",1271791860,1271890800,98940,102780779.1806
"Bourne identity",1271791860,1272318180,526320,102780779.1806
"Bourne identity",1271797500,1485068256,213270756,102780779.1806
"Bourne identity",1271797500,1274301000,2503500,102780779.1806
"Bourne identity",1271984520,1485068256,213083736,102780779.1806
"Bourne identity",1272055440,1485068256,213012816,102780779.1806
"Bourne identity",1272055440,1273521840,1466400,102780779.1806
"Bourne identity",1272056280,1485068256,213011976,102780779.1806
"Bourne identity",1272056280,1272312120,255840,102780779.1806
"Bourne identity",1272056280,1276733880,4677600,102780779.1806
"Bourne identity",1272056280,1276794120,4737840,102780779.1806
"Bourne identity",1272143760,1485068256,212924496,102780779.1806
"Bourne identity",1272143760,1272926520,782760,102780779.1806
"Bourne identity",1272143760,1273008360,864600,102780779.1806
"Bourne identity",1272144300,1485068256,212923956,102780779.1806
"Bourne identity",1272144300,1273960620,1816320,102780779.1806
"Bourne identity",1272144300,1274243280,2098980,102780779.1806
"Bourne identity",1272144300,1274293440,2149140,102780779.1806
"Bourne identity",1272156900,1485068256,212911356,102780779.1806
"Bourne identity",1272237180,1485068256,212831076,102780779.1806
"Bourne identity",1272237180,1272415260,178080,102780779.1806
"Bourne identity",1272239340,1485068256,212828916,102780779.1806
"Bourne identity",1272239340,1275431040,3191700,102780779.1806
"Bourne identity",1272314340,1485068256,212753916,102780779.1806
"Bourne identity",1272314340,1273253940,939600,102780779.1806
"Bourne identity",1272321120,1485068256,212747136,102780779.1806
"Bourne identity",1272321120,1272580020,258900,102780779.1806
"Bourne identity",1272402060,1485068256,212666196,102780779.1806
"Bourne identity",1272408480,1485068256,212659776,102780779.1806
"Bourne identity",1272408480,1274997240,2588760,102780779.1806
"Bourne identity",1272408480,1275167340,2758860,102780779.1806
"Bourne identity",1272417120,1485068256,212651136,102780779.1806
"Bourne identity",1272417120,1273016880,599760,102780779.1806
"Bourne identity",1272477240,1485068256,212591016,102780779.1806
"Bourne identity",1272477240,1272746640,269400,102780779.1806
"Bourne identity",1272480000,1485068256,212588256,102780779.1806
"Bourne identity",1272480000,1276741260,4261260,102780779.1806
"Bourne identity",1272495720,1485068256,212572536,102780779.1806
"Bourne identity",1272495720,1273704720,1209000,102780779.1806
"Bourne identity",1272504600,1485068256,212563656,102780779.1806
"Bourne identity",1272504600,1279581480,7076880,102780779.1806
"Bourne identity",1272504600,1279733580,7228980,102780779.1806
"Bourne identity",1272504600,1280949240,8444640,102780779.1806
"Bourne identity",1272504600,1281036360,8531760,102780779.1806
"Bourne identity",1272504600,1282241100,9736500,102780779.1806
"Bourne identity",1272506160,1485068256,212562096,102780779.1806
"Bourne identity",1272506160,1273195500,689340,102780779.1806
"Bourne identity",1272509100,1485068256,212559156,102780779.1806
"Bourne identity",1272509100,1273109340,600240,102780779.1806
"Bourne identity",1272564720,1485068256,212503536,102780779.1806
"Bourne identity",1272564720,1273266660,701940,102780779.1806
"Bourne identity",1272573900,1485068256,212494356,102780779.1806
"Bourne identity",1272573900,1273360920,787020,102780779.1806
"Bourne identity",1272578460,1485068256,212489796,102780779.1806
"Bourne identity",1272578460,1273630380,1051920,102780779.1806
"Bourne identity",1272582060,1485068256,212486196,102780779.1806
"Bourne identity",1272582060,1273615800,1033740,102780779.1806
"Bourne identity",1272664920,1485068256,212403336,102780779.1806
"Bourne identity",1272664920,1273096860,431940,102780779.1806
"Bourne identity",1272757920,1485068256,212310336,102780779.1806
"Bourne identity",1272757920,1274223600,1465680,102780779.1806
"Bourne identity",1272760680,1485068256,212307576,102780779.1806
"Bourne identity",1272760680,1273259820,499140,102780779.1806
"Bourne identity",1272760680,1273528020,767340,102780779.1806
"Bourne identity",1272781080,1485068256,212287176,102780779.1806
"Bourne identity",1272831540,1485068256,212236716,102780779.1806
"Bourne identity",1272831540,1273346880,515340,102780779.1806
"Bourne identity",1272831540,1273548180,716640,102780779.1806
"Bourne identity",1272832140,1485068256,212236116,102780779.1806
"Bourne identity",1272832140,1273266240,434100,102780779.1806
"Bourne identity",1272844260,1485068256,212223996,102780779.1806
"Bourne identity",1272928320,1485068256,212139936,102780779.1806
"Bourne identity",1272928320,1274134980,1206660,102780779.1806
"Bourne identity",1272928320,1274302020,1373700,102780779.1806
"Bourne identity",1272939600,1485068256,212128656,102780779.1806
"Bourne identity",1272939600,1273444560,504960,102780779.1806
"Bourne identity",1273010580,1485068256,212057676,102780779.1806
"Bourne identity",1273010580,1275083760,2073180,102780779.1806
"Bourne identity",1273019820,1485068256,212048436,102780779.1806
"Bourne identity",1273019820,1276561980,3542160,102780779.1806
"Bourne identity",1273020660,1485068256,212047596,102780779.1806
"Bourne identity",1273020660,1273110300,89640,102780779.1806
"Bourne identity",1273027980,1485068256,212040276,102780779.1806
"Bourne identity",1273027980,1275175800,2147820,102780779.1806
"Bourne identity",1273103700,1485068256,211964556,102780779.1806
"Bourne identity",1273103700,1274566740,1463040,102780779.1806
"Bourne identity",1273170360,1485068256,211897896,102780779.1806
"Bourne identity",1273170360,1273774680,604320,102780779.1806
"Bourne identity",1273170480,1485068256,211897776,102780779.1806
"Bourne identity",1273170480,1273257900,87420,102780779.1806
"Bourne identity",1273192260,1485068256,211875996,102780779.1806
"Bourne identity",1273192260,1274395920,1203660,102780779.1806
"Bourne identity",1273264020,1485068256,211804236,102780779.1806
"Bourne identity",1273264020,1273710240,446220,102780779.1806
"Bourne identity",1273264020,1273772340,508320,102780779.1806
"Bourne identity",1273277160,1485068256,211791096,102780779.1806
"Bourne identity",1273277160,1273878480,601320,102780779.1806
"Bourne identity",1273278900,1485068256,211789356,102780779.1806
"Bourne identity",1273278900,1276196640,2917740,102780779.1806
"Bourne identity",1273278900,1276647660,3368760,102780779.1806
"Bourne identity",1273278900,1276797840,3518940,102780779.1806
"Bourne identity",1273279080,1485068256,211789176,102780779.1806
"Bourne identity",1273279080,1273782480,503400,102780779.1806
"Bourne identity",1273279080,1273856760,577680,102780779.1806
"Bourne identity",1273355040,1485068256,211713216,102780779.1806
"Bourne identity",1273355040,1273535640,180600,102780779.1806
"Bourne identity",1273359360,1485068256,211708896,102780779.1806
"Bourne identity",1273359360,1274565780,1206420,102780779.1806
"Bourne identity",1273359360,1274732760,1373400,102780779.1806
"Bourne identity",1273359360,1274822640,1463280,102780779.1806
"Bourne identity",1273441560,1485068256,211626696,102780779.1806
"Bourne identity",1273441560,1274294340,852780,102780779.1806
"Bourne identity",1273441560,1275628860,2187300,102780779.1806
"Bourne identity",1273441560,1275676620,2235060,102780779.1806
"Bourne identity",1273535640,1485068256,211532616,102780779.1806
"Bourne identity",1273540440,1485068256,211527816,102780779.1806
"Bourne identity",1273540440,1275628920,2088480,102780779.1806
"Bourne identity",1273540440,1275764580,2224140,102780779.1806
"Bourne identity",1273597620,1485068256,211470636,102780779.1806
"Bourne identity",1273597620,1276284660,2687040,102780779.1806
"Bourne identity",1273597620,1276575540,2977920,102780779.1806
"Bourne identity",1273608720,1485068256,211459536,102780779.1806
"Bourne identity",1273608720,1275013740,1405020,102780779.1806
"Bourne identity",1273608720,1275422340,1813620,102780779.1806
"Bourne identity",1273614840,1485068256,211453416,102780779.1806
"Bourne identity",1273614840,1274476140,861300,102780779.1806
"Bourne identity",1273690980,1485068256,211377276,102780779.1806
"Bourne identity",1273690980,1275514620,1823640,102780779.1806
"Bourne identity",1273699680,1485068256,211368576,102780779.1806
"Bourne identity",1273699680,1274654820,955140,102780779.1806
"Bourne identity",1273699680,1274820240,1120560,102780779.1806
"Bourne identity",1273699680,1274898600,1198920,102780779.1806
"Bourne identity",1273711920,1485068256,211356336,102780779.1806
"Bourne identity",1273711920,1274292600,580680,102780779.1806
"Bourne identity",1273711920,1274490120,778200,102780779.1806
"Bourne identity",1273711920,1274550060,838140,102780779.1806
"Bourne identity",1273776360,1485068256,211291896,102780779.1806
"Bourne identity",1273783140,1485068256,211285116,102780779.1806
"Bourne identity",1273783140,1279350000,5566860,102780779.1806
"Bourne identity",1273805040,1485068256,211263216,102780779.1806
"Bourne identity",1273805040,1273956360,151320,102780779.1806
"Bourne identity",1273879800,1485068256,211188456,102780779.1806
"Bourne identity",1273879800,1275616020,1736220,102780779.1806
"Bourne identity",1273956120,1485068256,211112136,102780779.1806
"Bourne identity",1273956120,1275093300,1137180,102780779.1806
"Bourne identity",1273956900,1485068256,211111356,102780779.1806
"Bourne identity",1273956900,1278447240,4490340,102780779.1806
"Bourne identity",1273963620,1485068256,211104636,102780779.1806
"Bourne identity",1273963620,1275529380,1565760,102780779.1806
"Bourne identity",1273966620,1485068256,211101636,102780779.1806
"Bourne identity",1273970880,1485068256,211097376,102780779.1806
"Bourne identity",1273970880,1274298420,327540,102780779.1806
"Bourne identity",1274135160,1485068256,210933096,102780779.1806
"Bourne identity",1274135160,1275531000,1395840,102780779.1806
"Bourne identity",1274147580,1485068256,210920676,102780779.1806
"Bourne identity",1274214840,1485068256,210853416,102780779.1806
"Bourne identity",1274214840,1276636620,2421780,102780779.1806
"Bourne identity",1274384160,1485068256,210684096,102780779.1806
"Bourne identity",1274384160,1274908680,524520,102780779.1806
"Bourne identity",1274384160,1485068256,210684096,102780779.1806
"Bourne identity",1274405760,1485068256,210662496,102780779.1806
"Bourne identity",1274405760,1275010440,604680,102780779.1806
"Bourne identity",1274405760,1275245820,840060,102780779.1806
"Bourne identity",1274470620,1485068256,210597636,102780779.1806
"Bourne identity",1274470620,1274657820,187200,102780779.1806
"Bourne identity",1274470620,1274735220,264600,102780779.1806
"Bourne identity",1274478960,1485068256,210589296,102780779.1806
"Bourne identity",1274478960,1275087060,608100,102780779.1806
"Bourne identity",1274480880,1485068256,210587376,102780779.1806
"Bourne identity",1274484660,1485068256,210583596,102780779.1806
"Bourne identity",1274484660,1275176460,691800,102780779.1806
"Bourne identity",1274562900,1485068256,210505356,102780779.1806
"Bourne identity",1274572980,1485068256,210495276,102780779.1806
"Bourne identity",1274572980,1275684600,1111620,102780779.1806
"Bourne identity",1274745360,1485068256,210322896,102780779.1806
"Bourne identity",1274745360,1275951600,1206240,102780779.1806
"Bourne identity",1274748660,1485068256,210319596,102780779.1806
"Bourne identity",1274905740,1485068256,210162516,102780779.1806
"Bourne identity",1274905740,1278722580,3816840,102780779.1806
"Bourne identity",1274905740,1278893880,3988140,102780779.1806
"Bourne identity",1274905740,1279047900,4142160,102780779.1806
"Bourne identity",1274908860,1485068256,210159396,102780779.1806
"Bourne identity",1274908860,1274928960,20100,102780779.1806
"Bourne identity",1274928960,1485068256,210139296,102780779.1806
"Bourne identity",1274983860,1485068256,210084396,102780779.1806
"Bourne identity",1274983860,1275501060,517200,102780779.1806
"Bourne identity",1274988720,1485068256,210079536,102780779.1806
"Bourne identity",1274988720,1275162420,173700,102780779.1806
"Bourne identity",1275000360,1485068256,210067896,102780779.1806
"Bourne identity",1275000360,1275868560,868200,102780779.1806
"Bourne identity",1275011040,1485068256,210057216,102780779.1806
"Bourne identity",1275011040,1276294200,1283160,102780779.1806
"Bourne identity",1275155820,1485068256,209912436,102780779.1806
"Bourne identity",1275155820,1275420120,264300,102780779.1806
"Bourne identity",1275155820,1275509760,353940,102780779.1806
"Bourne identity",1275161940,1485068256,209906316,102780779.1806
"Bourne identity",1275257040,1485068256,209811216,102780779.1806
"Bourne identity",1275422580,1485068256,209645676,102780779.1806
"Bourne identity",1275422580,1276198320,775740,102780779.1806
"Bourne identity",1275433620,1485068256,209634636,102780779.1806
"Bourne identity",1275433620,1276889460,1455840,102780779.1806
"Bourne identity",1275503700,1485068256,209564556,102780779.1806
"Bourne identity",1275503700,1276545360,1041660,102780779.1806
"Bourne identity",1275525480,1485068256,209542776,102780779.1806
"Bourne identity",1275525480,1275599760,74280,102780779.1806
"Bourne identity",1275593460,1485068256,209474796,102780779.1806
"Bourne identity",1275597240,1485068256,209471016,102780779.1806
"Bourne identity",1275597240,1276051380,454140,102780779.1806
"Bourne identity",1275598080,1485068256,209470176,102780779.1806
"Bourne identity",1275598080,1276545240,947160,102780779.1806
"Bourne identity",1275598080,1276713180,1115100,102780779.1806
"Bourne identity",1275604380,1485068256,209463876,102780779.1806
"Bourne identity",1275605820,1485068256,209462436,102780779.1806
"Bourne identity",1275605820,1277595180,1989360,102780779.1806
"Bourne identity",1275610740,1485068256,209457516,102780779.1806
"Bourne identity",1275610740,1276720260,1109520,102780779.1806
"Bourne identity",1275680400,1485068256,209387856,102780779.1806
"Bourne identity",1275680400,1276045440,365040,102780779.1806
"Bourne identity",1275680400,1276113060,432660,102780779.1806
"Bourne identity",1275691800,1485068256,209376456,102780779.1806
"Bourne identity",1275691800,1277843940,2152140,102780779.1806
"Bourne identity",1275695340,1485068256,209372916,102780779.1806
"Bourne identity",1275695340,1277249820,1554480,102780779.1806
"Bourne identity",1275698820,1485068256,209369436,102780779.1806
"Bourne identity",1275761040,1485068256,209307216,102780779.1806
"Bourne identity",1275761040,1277427120,1666080,102780779.1806
"Bourne identity",1275761040,1277752200,1991160,102780779.1806
"Bourne identity",1275762540,1485068256,209305716,102780779.1806
"Bourne identity",1275762540,1275947100,184560,102780779.1806
"Bourne identity",1275774720,1485068256,209293536,102780779.1806
"Bourne identity",1275774720,1276553340,778620,102780779.1806
"Bourne identity",1275784560,1485068256,209283696,102780779.1806
"Bourne identity",1275944760,1485068256,209123496,102780779.1806
"Bourne identity",1275944760,1276200540,255780,102780779.1806
"Bourne identity",1275948540,1485068256,209119716,102780779.1806
"Bourne identity",1275948540,1277159880,1211340,102780779.1806
"Bourne identity",1275953760,1485068256,209114496,102780779.1806
"Bourne identity",1275953760,1280015160,4061400,102780779.1806
"Bourne identity",1275960120,1485068256,209108136,102780779.1806
"Bourne identity",1275960120,1276380900,420780,102780779.1806
"Bourne identity",1275960120,1276563780,603660,102780779.1806
"Bourne identity",1276029660,1485068256,209038596,102780779.1806
"Bourne identity",1276029660,1279053720,3024060,102780779.1806
"Bourne identity",1276036740,1485068256,209031516,102780779.1806
"Bourne identity",1276036740,1277498400,1461660,102780779.1806
"Bourne identity",1276036740,1277764260,1727520,102780779.1806
"Bourne identity",1276049460,1485068256,209018796,102780779.1806
"Bourne identity",1276049460,1278638280,2588820,102780779.1806
"Bourne identity",1276112940,1485068256,208955316,102780779.1806
"Bourne identity",1276112940,1276553460,440520,102780779.1806
"Bourne identity",1276131180,1485068256,208937076,102780779.1806
"Bourne identity",1276131180,1276469820,338640,102780779.1806
"Bourne identity",1276203360,1485068256,208864896,102780779.1806
"Bourne identity",1276203360,1276284600,81240,102780779.1806
"Bourne identity",1276210680,1485068256,208857576,102780779.1806
"Bourne identity",1276217460,1485068256,208850796,102780779.1806
"Bourne identity",1276217460,1276568400,350940,102780779.1806
"Bourne identity",1276220220,1485068256,208848036,102780779.1806
"Bourne identity",1276220220,1277603220,1383000,102780779.1806
"Bourne identity",1276220220,1277679120,1458900,102780779.1806
"Bourne identity",1276290360,1485068256,208777896,102780779.1806
"Bourne identity",1276290360,1277839860,1549500,102780779.1806
"Bourne identity",1276294140,1485068256,208774116,102780779.1806
"Bourne identity",1276294140,1276726800,432660,102780779.1806
"Bourne identity",1276374240,1485068256,208694016,102780779.1806
"Bourne identity",1276374240,1278395760,2021520,102780779.1806
"Bourne identity",1276374240,1278520920,2146680,102780779.1806
"Bourne identity",1276469880,1485068256,208598376,102780779.1806
"Bourne identity",1276469880,1276897800,427920,102780779.1806
"Bourne identity",1276469880,1277145360,675480,102780779.1806
"Bourne identity",1276469880,1277228160,758280,102780779.1806
"Bourne identity",1276537740,1485068256,208530516,102780779.1806
"Bourne identity",1276537740,1276538400,660,102780779.1806
"Bourne identity",1276537740,1276884900,347160,102780779.1806
"Bourne identity",1276550580,1485068256,208517676,102780779.1806
"Bourne identity",1276568880,1485068256,208499376,102780779.1806
"Bourne identity",1276568880,1278193980,1625100,102780779.1806
"Bourne identity",1276639920,1485068256,208428336,102780779.1806
"Bourne identity",1276639920,1279663080,3023160,102780779.1806
"Bourne identity",1276639920,1280338980,3699060,102780779.1806
"Bourne identity",1276639920,1280414820,3774900,102780779.1806
"Bourne identity",1276641900,1485068256,208426356,102780779.1806
"Bourne identity",1276641900,1277773440,1131540,102780779.1806
"Bourne identity",1276641900,1277949840,1307940,102780779.1806
"Bourne identity",1276641900,1278186840,1544940,102780779.1806
"Bourne identity",1276648260,1485068256,208419996,102780779.1806
"Bourne identity",1276648260,1278031740,1383480,102780779.1806
"Bourne identity",1276726560,1485068256,208341696,102780779.1806
"Bourne identity",1276726560,1277770440,1043880,102780779.1806
"Bourne identity",1276736280,1485068256,208331976,102780779.1806
"Bourne identity",1276736280,1279816860,3080580,102780779.1806
"Bourne identity",1276736640,1485068256,208331616,102780779.1806
"Bourne identity",1276736640,1277867940,1131300,102780779.1806
"Bourne identity",1276736640,1278008400,1271760,102780779.1806
"Bourne identity",1276795560,1485068256,208272696,102780779.1806
"Bourne identity",1276795560,1276905180,109620,102780779.1806
"Bourne identity",1276806240,1485068256,208262016,102780779.1806
"Bourne identity",1276806240,1277087100,280860,102780779.1806
"Bourne identity",1276806240,1277233860,427620,102780779.1806
"Bourne identity",1276806240,1485068256,208262016,102780779.1806
"Bourne identity",1276812240,1277500620,688380,102780779.1806
"Bourne identity",1276812240,1277607960,795720,102780779.1806
"Bourne identity",1276812240,1277753820,941580,102780779.1806
"Bourne identity",1276975260,1485068256,208092996,102780779.1806
"Bourne identity",1276975260,1277170740,195480,102780779.1806
"Bourne identity",1276977300,1485068256,208090956,102780779.1806
"Bourne identity",1276980240,1485068256,208088016,102780779.1806
"Bourne identity",1276980240,1277584140,603900,102780779.1806
"Bourne identity",1276980240,1277699220,718980,102780779.1806
"Bourne identity",1276980240,1277839140,858900,102780779.1806
"Bourne identity",1276987500,1485068256,208080756,102780779.1806
"Bourne identity",1276987500,1277925240,937740,102780779.1806
"Bourne identity",1276987500,1278368520,1381020,102780779.1806
"Bourne identity",1277072340,1485068256,207995916,102780779.1806
"Bourne identity",1277072340,1278543240,1470900,102780779.1806
"Bourne identity",1277153160,1485068256,207915096,102780779.1806
"Bourne identity",1277153160,1277403720,250560,102780779.1806
"Bourne identity",1277156520,1485068256,207911736,102780779.1806
"Bourne identity",1277156520,1277856600,700080,102780779.1806
"Bourne identity",1277157180,1485068256,207911076,102780779.1806
"Bourne identity",1277167140,1485068256,207901116,102780779.1806
"Bourne identity",1277167140,1277848260,681120,102780779.1806
"Bourne identity",1277246040,1485068256,207822216,102780779.1806
"Bourne identity",1277246040,1280179200,2933160,102780779.1806
"Bourne identity",1277246040,1280366760,3120720,102780779.1806
"Bourne identity",1277246040,1280431560,3185520,102780779.1806
"Bourne identity",1277318280,1485068256,207749976,102780779.1806
"Bourne identity",1277318280,1278550260,1231980,102780779.1806
"Bourne identity",1277336220,1485068256,207732036,102780779.1806
"Bourne identity",1277336220,1279061940,1725720,102780779.1806
"Bourne identity",1277343120,1485068256,207725136,102780779.1806
"Bourne identity",1277343120,1277575740,232620,102780779.1806
"Bourne identity",1277343120,1277750220,407100,102780779.1806
"Bourne identity",1277418660,1485068256,207649596,102780779.1806
"Bourne identity",1277418660,1278024420,605760,102780779.1806
"Bourne identity",1277418660,1278899040,1480380,102780779.1806
"Bourne identity",1277418660,1278966480,1547820,102780779.1806
"Bourne identity",1277429040,1485068256,207639216,102780779.1806
"Bourne identity",1277429040,1278468480,1039440,102780779.1806
"Bourne identity",1277583360,1485068256,207484896,102780779.1806
"Bourne identity",1277583360,1278470820,887460,102780779.1806
"Bourne identity",1277592900,1485068256,207475356,102780779.1806
"Bourne identity",1277592900,1277595780,2880,102780779.1806
"Bourne identity",1277592900,1277959260,366360,102780779.1806
"Bourne identity",1277592900,1278006540,413640,102780779.1806
"Bourne identity",1277592900,1279566000,1973100,102780779.1806
"Bourne identity",1277599740,1485068256,207468516,102780779.1806
"Bourne identity",1277599740,1279587180,1987440,102780779.1806
"Bourne identity",1277599740,1279731960,2132220,102780779.1806
"Bourne identity",1277682420,1277682480,60,102780779.1806
"Bourne identity",1277682420,1278011220,328800,102780779.1806
"Bourne identity",1277759460,1485068256,207308796,102780779.1806
"Bourne identity",1277759460,1278451800,692340,102780779.1806
"Bourne identity",1277769660,1485068256,207298596,102780779.1806
"Bourne identity",1277769660,1278656040,886380,102780779.1806
"Bourne identity",1277769660,1278970260,1200600,102780779.1806
"Bourne identity",1277769720,1485068256,207298536,102780779.1806
"Bourne identity",1277769720,1281400620,3630900,102780779.1806
"Bourne identity",1277774700,1485068256,207293556,102780779.1806
"Bourne identity",1277774700,1280784600,3009900,102780779.1806
"Bourne identity",1277835960,1485068256,207232296,102780779.1806
"Bourne identity",1277835960,1278118080,282120,102780779.1806
"Bourne identity",1277835960,1278203040,367080,102780779.1806
"Bourne identity",1277842500,1485068256,207225756,102780779.1806
"Bourne identity",1277842500,1281378000,3535500,102780779.1806
"Bourne identity",1277843880,1485068256,207224376,102780779.1806
"Bourne identity",1277843880,1279768080,1924200,102780779.1806
"Bourne identity",1277843880,1279826280,1982400,102780779.1806
"Bourne identity",1277849760,1485068256,207218496,102780779.1806
"Bourne identity",1277849760,1282177560,4327800,102780779.1806
"Bourne identity",1277861280,1485068256,207206976,102780779.1806
"Bourne identity",1277861280,1279832940,1971660,102780779.1806
"Bourne identity",1277865420,1485068256,207202836,102780779.1806
"Bourne identity",1277865420,1280018340,2152920,102780779.1806
"Bourne identity",1277865420,1280258100,2392680,102780779.1806
"Bourne identity",1277923080,1485068256,207145176,102780779.1806
"Bourne identity",1277923080,1278471480,548400,102780779.1806
"Bourne identity",1277923080,1278517140,594060,102780779.1806
"Bourne identity",1277944380,1485068256,207123876,102780779.1806
"Bourne identity",1277944380,1278986040,1041660,102780779.1806
"Bourne identity",1277944380,1279386660,1442280,102780779.1806
"Bourne identity",1278021120,1485068256,207047136,102780779.1806
"Bourne identity",1278021120,1278534960,513840,102780779.1806
"Bourne identity",1278032280,1485068256,207035976,102780779.1806
"Bourne identity",1278032280,1278198480,166200,102780779.1806
"Bourne identity",1278184860,1485068256,206883396,102780779.1806
"Bourne identity",1278184860,1278793140,608280,102780779.1806
"Bourne identity",1278363420,1485068256,206704836,102780779.1806
"Bourne identity",1278363420,1279054860,691440,102780779.1806
"Bourne identity",1278363420,1279133760,770340,102780779.1806
"Bourne identity",1278370500,1485068256,206697756,102780779.1806
"Bourne identity",1278370500,1278467160,96660,102780779.1806
"Bourne identity",1278373320,1485068256,206694936,102780779.1806
"Bourne identity",1278451980,1485068256,206616276,102780779.1806
"Bourne identity",1278451980,1278970440,518460,102780779.1806
"Bourne identity",1278464700,1485068256,206603556,102780779.1806
"Bourne identity",1278464700,1279240680,775980,102780779.1806
"Bourne identity",1278469740,1485068256,206598516,102780779.1806
"Bourne identity",1278533520,1485068256,206534736,102780779.1806
"Bourne identity",1278533520,1280442660,1909140,102780779.1806
"Bourne identity",1278534780,1485068256,206533476,102780779.1806
"Bourne identity",1278534780,1278714900,180120,102780779.1806
"Bourne identity",1278536820,1485068256,206531436,102780779.1806
"Bourne identity",1278626280,1485068256,206441976,102780779.1806
"Bourne identity",1278627240,1485068256,206441016,102780779.1806
"Bourne identity",1278627240,1280171700,1544460,102780779.1806
"Bourne identity",1278627300,1485068256,206440956,102780779.1806
"Bourne identity",1278627300,1279573020,945720,102780779.1806
"Bourne identity",1278627300,1280597160,1969860,102780779.1806
"Bourne identity",1278639360,1485068256,206428896,102780779.1806
"Bourne identity",1278639360,1279322220,682860,102780779.1806
"Bourne identity",1278799860,1485068256,206268396,102780779.1806
"Bourne identity",1278799860,1278981000,181140,102780779.1806
"Bourne identity",1278807780,1485068256,206260476,102780779.1806
"Bourne identity",1278807780,1279917360,1109580,102780779.1806
"Bourne identity",1278807780,1280027820,1220040,102780779.1806
"Bourne identity",1278807780,1280172540,1364760,102780779.1806
"Bourne identity",1278885060,1485068256,206183196,102780779.1806
"Bourne identity",1278885060,1282008060,3123000,102780779.1806
"Bourne identity",1278958740,1485068256,206109516,102780779.1806
"Bourne identity",1278974580,1485068256,206093676,102780779.1806
"Bourne identity",1278974580,1279659540,684960,102780779.1806
"Bourne identity",1278979440,1485068256,206088816,102780779.1806
"Bourne identity",1278979440,1279731660,752220,102780779.1806
"Bourne identity",1278981180,1485068256,206087076,102780779.1806
"Bourne identity",1278981180,1279304160,322980,102780779.1806
"Bourne identity",1279064460,1485068256,206003796,102780779.1806
"Bourne identity",1279064460,1279242720,178260,102780779.1806
"Bourne identity",1279064460,1279417500,353040,102780779.1806
"Bourne identity",1279064460,1279574280,509820,102780779.1806
"Bourne identity",1279073580,1485068256,205994676,102780779.1806
"Bourne identity",1279073580,1280815440,1741860,102780779.1806
"Bourne identity",1279073580,1280943480,1869900,102780779.1806
"Bourne identity",1279143420,1485068256,205924836,102780779.1806
"Bourne identity",1279143420,1279573860,430440,102780779.1806
"Bourne identity",1279143420,1279734420,591000,102780779.1806
"Bourne identity",1279143420,1279826280,682860,102780779.1806
"Bourne identity",1279239420,1485068256,205828836,102780779.1806
"Bourne identity",1279239420,1279393020,153600,102780779.1806
"Bourne identity",1279244640,1485068256,205823616,102780779.1806
"Bourne identity",1279244640,1281309900,2065260,102780779.1806
"Bourne identity",1279310280,1485068256,205757976,102780779.1806
"Bourne identity",1279396920,1485068256,205671336,102780779.1806
"Bourne identity",1279396920,1280449260,1052340,102780779.1806
"Bourne identity",1279397580,1485068256,205670676,102780779.1806
"Bourne identity",1279399620,1485068256,205668636,102780779.1806
"Bourne identity",1279399620,1280614920,1215300,102780779.1806
"Bourne identity",1279399620,1280772600,1372980,102780779.1806
"Bourne identity",1279399620,1280863320,1463700,102780779.1806
"Bourne identity",1279402200,1485068256,205666056,102780779.1806
"Bourne identity",1279402200,1279825680,423480,102780779.1806
"Bourne identity",1279571520,1485068256,205496736,102780779.1806
"Bourne identity",1279571520,1280002200,430680,102780779.1806
"Bourne identity",1279571520,1280109360,537840,102780779.1806
"Bourne identity",1279571520,1280263260,691740,102780779.1806
"Bourne identity",1279576020,1485068256,205492236,102780779.1806
"Bourne identity",1279576020,1279824060,248040,102780779.1806
"Bourne identity",1279580160,1485068256,205488096,102780779.1806
"Bourne identity",1279580160,1280621040,1040880,102780779.1806
"Bourne identity",1279588020,1485068256,205480236,102780779.1806
"Bourne identity",1279588020,1280195040,607020,102780779.1806
"Bourne identity",1279655400,1485068256,205412856,102780779.1806
"Bourne identity",1279655400,1281033240,1377840,102780779.1806
"Bourne identity",1279655400,1281215280,1559880,102780779.1806
"Bourne identity",1279675140,1485068256,205393116,102780779.1806
"Bourne identity",1279675140,1280442840,767700,102780779.1806
"Bourne identity",1279739220,1485068256,205329036,102780779.1806
"Bourne identity",1279739220,1283910960,4171740,102780779.1806
"Bourne identity",1279739220,1284185640,4446420,102780779.1806
"Bourne identity",1279739220,1284250380,4511160,102780779.1806
"Bourne identity",1279741620,1485068256,205326636,102780779.1806
"Bourne identity",1279741620,1287452460,7710840,102780779.1806
"Bourne identity",1279741620,1287629640,7888020,102780779.1806
"Bourne identity",1279742340,1485068256,205325916,102780779.1806
"Bourne identity",1279742340,1282253940,2511600,102780779.1806
"Bourne identity",1279742340,1282444920,2702580,102780779.1806
"Bourne identity",1279742340,1282592820,2850480,102780779.1806
"Bourne identity",1279759500,1485068256,205308756,102780779.1806
"Bourne identity",1279759500,1281393960,1634460,102780779.1806
"Bourne identity",1279831500,1485068256,205236756,102780779.1806
"Bourne identity",1279831500,1280869980,1038480,102780779.1806
"Bourne identity",1279838700,1485068256,205229556,102780779.1806
"Bourne identity",1279838700,1280178900,340200,102780779.1806
"Bourne identity",1279838700,1280280540,441840,102780779.1806
"Bourne identity",1279841820,1485068256,205226436,102780779.1806
"Bourne identity",1279841820,1280272740,430920,102780779.1806
"Bourne identity",1279841820,1280340360,498540,102780779.1806
"Bourne identity",1280003340,1485068256,205064916,102780779.1806
"Bourne identity",1280003340,1280786340,783000,102780779.1806
"Bourne identity",1280015160,1485068256,205053096,102780779.1806
"Bourne identity",1280187300,1485068256,204880956,102780779.1806
"Bourne identity",1280187300,1280623380,436080,102780779.1806
"Bourne identity",1280251140,1485068256,204817116,102780779.1806
"Bourne identity",1280251140,1280775660,524520,102780779.1806
"Bourne identity",1280284980,1485068256,204783276,102780779.1806
"Bourne identity",1280284980,1282516200,2231220,102780779.1806
"Bourne identity",1280284980,1282590720,2305740,102780779.1806
"Bourne identity",1280284980,1284660420,4375440,102780779.1806
"Bourne identity",1280341020,1485068256,204727236,102780779.1806
"Bourne identity",1280341020,1282863780,2522760,102780779.1806
"Bourne identity",1280440680,1485068256,204627576,102780779.1806
"Bourne identity",1280440680,1282004340,1563660,102780779.1806
"Bourne identity",1280444580,1485068256,204623676,102780779.1806
"Bourne identity",1280444580,1280609160,164580,102780779.1806
"Bourne identity",1280447580,1485068256,204620676,102780779.1806
"Bourne identity",1280451180,1485068256,204617076,102780779.1806
"Bourne identity",1280525460,1485068256,204542796,102780779.1806
"Bourne identity",1280525460,1281814860,1289400,102780779.1806
"Bourne identity",1280609040,1485068256,204459216,102780779.1806
"Bourne identity",1280609040,1280954760,345720,102780779.1806
"Bourne identity",1280609040,1281020520,411480,102780779.1806
"Bourne identity",1280609040,1485068256,204459216,102780779.1806
"Bourne identity",1280609040,1280954220,345180,102780779.1806
"Bourne identity",1280613840,1485068256,204454416,102780779.1806
"Bourne identity",1280613840,1289243460,8629620,102780779.1806
"Bourne identity",1280623800,1485068256,204444456,102780779.1806
"Bourne identity",1280623800,1284239160,3615360,102780779.1806
"Bourne identity",1280623800,1286214300,5590500,102780779.1806
"Bourne identity",1280773320,1485068256,204294936,102780779.1806
"Bourne identity",1280781060,1485068256,204287196,102780779.1806
"Bourne identity",1280781060,1281481440,700380,102780779.1806
"Bourne identity",1280784960,1485068256,204283296,102780779.1806
"Bourne identity",1280784960,1281806580,1021620,102780779.1806
"Bourne identity",1280788440,1485068256,204279816,102780779.1806
"Bourne identity",1280788440,1282600860,1812420,102780779.1806
"Bourne identity",1280797980,1485068256,204270276,102780779.1806
"Bourne identity",1280797980,1280971200,173220,102780779.1806
"Bourne identity",1280802360,1485068256,204265896,102780779.1806
"Bourne identity",1280802360,1280881980,79620,102780779.1806
"Bourne identity",1280804040,1485068256,204264216,102780779.1806
"Bourne identity",1280859300,1485068256,204208956,102780779.1806
"Bourne identity",1280859300,1281985440,1126140,102780779.1806
"Bourne identity",1280871120,1485068256,204197136,102780779.1806
"Bourne identity",1280871120,1282079580,1208460,102780779.1806
"Bourne identity",1280887260,1485068256,204180996,102780779.1806
"Bourne identity",1280888640,1485068256,204179616,102780779.1806
"Bourne identity",1280888640,1281141780,253140,102780779.1806
"Bourne identity",1280889960,1485068256,204178296,102780779.1806
"Bourne identity",1280955360,1485068256,204112896,102780779.1806
"Bourne identity",1280955360,1281892440,937080,102780779.1806
"Bourne identity",1280961600,1485068256,204106656,102780779.1806
"Bourne identity",1280961600,1284334560,3372960,102780779.1806
"Bourne identity",1280974800,1485068256,204093456,102780779.1806
"Bourne identity",1280974800,1281399480,424680,102780779.1806
"Bourne identity",1281043320,1485068256,204024936,102780779.1806
"Bourne identity",1281043320,1288906080,7862760,102780779.1806
"Bourne identity",1281043320,1294886760,13843440,102780779.1806
"Bourne identity",1281043320,1295387280,14343960,102780779.1806
"Bourne identity",1281133860,1485068256,203934396,102780779.1806
"Bourne identity",1281133860,1284244800,3110940,102780779.1806
"Bourne identity",1281133860,1284493320,3359460,102780779.1806
"Bourne identity",1281205680,1485068256,203862576,102780779.1806
"Bourne identity",1281205680,1281395760,190080,102780779.1806
"Bourne identity",1281210480,1485068256,203857776,102780779.1806
"Bourne identity",1281210480,1284500700,3290220,102780779.1806
"Bourne identity",1281225780,1485068256,203842476,102780779.1806
"Bourne identity",1281225780,1282005240,779460,102780779.1806
"Bourne identity",1281297000,1485068256,203771256,102780779.1806
"Bourne identity",1281297000,1282001280,704280,102780779.1806
"Bourne identity",1281304260,1485068256,203763996,102780779.1806
"Bourne identity",1281309420,1485068256,203758836,102780779.1806
"Bourne identity",1281378000,1485068256,203690256,102780779.1806
"Bourne identity",1281378000,1282150320,772320,102780779.1806
"Bourne identity",1281384300,1485068256,203683956,102780779.1806
"Bourne identity",1281384300,1282085100,700800,102780779.1806
"Bourne identity",1281398580,1485068256,203669676,102780779.1806
"Bourne identity",1281398580,1282079640,681060,102780779.1806
"Bourne identity",1281460620,1485068256,203607636,102780779.1806
"Bourne identity",1281460620,1285031280,3570660,102780779.1806
"Bourne identity",1281469080,1485068256,203599176,102780779.1806
"Bourne identity",1281469080,1284497400,3028320,102780779.1806
"Bourne identity",1281475080,1485068256,203593176,102780779.1806
"Bourne identity",1281475080,1281648720,173640,102780779.1806
"Bourne identity",1281489180,1485068256,203579076,102780779.1806
"Bourne identity",1281494700,1485068256,203573556,102780779.1806
"Bourne identity",1281494700,1281651540,156840,102780779.1806
"Bourne identity",1281573720,1485068256,203494536,102780779.1806
"Bourne identity",1281573720,1281915360,341640,102780779.1806
"Bourne identity",1281652260,1485068256,203415996,102780779.1806
"Bourne identity",1281659340,1485068256,203408916,102780779.1806
"Bourne identity",1281659340,1282081680,422340,102780779.1806
"Bourne identity",1281660780,1485068256,203407476,102780779.1806
"Bourne identity",1281660780,1282005840,345060,102780779.1806
"Bourne identity",1281810780,1485068256,203257476,102780779.1806
"Bourne identity",1281810780,1282257420,446640,102780779.1806
"Bourne identity",1281826080,1485068256,203242176,102780779.1806
"Bourne identity",1281826080,1284244680,2418600,102780779.1806
"Bourne identity",1281994320,1485068256,203073936,102780779.1806
"Bourne identity",1282003020,1485068256,203065236,102780779.1806
"Bourne identity",1282072800,1485068256,202995456,102780779.1806
"Bourne identity",1282072800,1282432080,359280,102780779.1806
"Bourne identity",1282082700,1485068256,202985556,102780779.1806
"Bourne identity",1282085640,1485068256,202982616,102780779.1806
"Bourne identity",1282085640,1282699560,613920,102780779.1806
"Bourne identity",1282087800,1485068256,202980456,102780779.1806
"Bourne identity",1282087800,1282596180,508380,102780779.1806
"Bourne identity",1282096860,1485068256,202971396,102780779.1806
"Bourne identity",1282096860,1285103400,3006540,102780779.1806
"Bourne identity",1282158960,1485068256,202909296,102780779.1806
"Bourne identity",1282158960,1284605580,2446620,102780779.1806
"Bourne identity",1282245780,1485068256,202822476,102780779.1806
"Bourne identity",1282245780,1284492060,2246280,102780779.1806
"Bourne identity",1282247460,1485068256,202820796,102780779.1806
"Bourne identity",1282260360,1485068256,202807896,102780779.1806
"Bourne identity",1282260360,1288076400,5816040,102780779.1806
"Bourne identity",1282410660,1485068256,202657596,102780779.1806
"Bourne identity",1282410660,1283034300,623640,102780779.1806
"Bourne identity",1282415100,1485068256,202653156,102780779.1806
"Bourne identity",1282416360,1485068256,202651896,102780779.1806
"Bourne identity",1282416360,1282756980,340620,102780779.1806
"Bourne identity",1282436160,1485068256,202632096,102780779.1806
"Bourne identity",1282436160,1284239100,1802940,102780779.1806
"Bourne identity",1282436160,1284689040,2252880,102780779.1806
"Bourne identity",1282436160,1284751800,2315640,102780779.1806
"Bourne identity",1282595640,1485068256,202472616,102780779.1806
"Bourne identity",1282595640,1283890200,1294560,102780779.1806
"Bourne identity",1282600560,1485068256,202467696,102780779.1806
"Bourne identity",1282603200,1485068256,202465056,102780779.1806
"Bourne identity",1282610160,1485068256,202458096,102780779.1806
"Bourne identity",1282610160,1283034360,424200,102780779.1806
"Bourne identity",1282612860,1485068256,202455396,102780779.1806
"Bourne identity",1282612860,1283123340,510480,102780779.1806
"Bourne identity",1282614720,1485068256,202453536,102780779.1806
"Bourne identity",1282614720,1285632780,3018060,102780779.1806
"Bourne identity",1282701120,1485068256,202367136,102780779.1806
"Bourne identity",1282701120,1284076140,1375020,102780779.1806
"Bourne identity",1282755900,1485068256,202312356,102780779.1806
"Bourne identity",1282755900,1284934020,2178120,102780779.1806
"Bourne identity",1282767240,1485068256,202301016,102780779.1806
"Bourne identity",1282767240,1286235360,3468120,102780779.1806
"Bourne identity",1282779900,1485068256,202288356,102780779.1806
"Bourne identity",1282779900,1283989740,1209840,102780779.1806
"Bourne identity",1282783440,1485068256,202284816,102780779.1806
"Bourne identity",1282783440,1285121700,2338260,102780779.1806
"Bourne identity",1282783440,1285283760,2500320,102780779.1806
"Bourne identity",1282855740,1485068256,202212516,102780779.1806
"Bourne identity",1282855740,1286060220,3204480,102780779.1806
"Bourne identity",1283895480,1485068256,201172776,102780779.1806
"Bourne identity",1283895480,1286057340,2161860,102780779.1806
"Bourne identity",1283895480,1286228760,2333280,102780779.1806
"Bourne identity",1283914380,1485068256,201153876,102780779.1806
"Bourne identity",1283914380,1285036560,1122180,102780779.1806
"Bourne identity",1283972100,1485068256,201096156,102780779.1806
"Bourne identity",1283972100,1285806300,1834200,102780779.1806
"Bourne identity",1283983620,1485068256,201084636,102780779.1806
"Bourne identity",1283983620,1284329340,345720,102780779.1806
"Bourne identity",1283983620,1284486240,502620,102780779.1806
"Bourne identity",1283983620,1284576300,592680,102780779.1806
"Bourne identity",1283991360,1485068256,201076896,102780779.1806
"Bourne identity",1283991360,1284416460,425100,102780779.1806
"Bourne identity",1284073620,1485068256,200994636,102780779.1806
"Bourne identity",1284155880,1485068256,200912376,102780779.1806
"Bourne identity",1284155880,1285190220,1034340,102780779.1806
"Bourne identity",1284329580,1485068256,200738676,102780779.1806
"Bourne identity",1284329580,1285801080,1471500,102780779.1806
"Bourne identity",1284329580,1286239680,1910100,102780779.1806
"Bourne identity",1284413760,1485068256,200654496,102780779.1806
"Bourne identity",1284413760,1284503340,89580,102780779.1806
"Bourne identity",1284413760,1284834420,420660,102780779.1806
"Bourne identity",1284413760,1285109160,695400,102780779.1806
"Bourne identity",1284417660,1485068256,200650596,102780779.1806
"Bourne identity",1284417660,1288137900,3720240,102780779.1806
"Bourne identity",1284418740,1485068256,200649516,102780779.1806
"Bourne identity",1284418740,1285033440,614700,102780779.1806
"Bourne identity",1284428520,1485068256,200639736,102780779.1806
"Bourne identity",1284431760,1485068256,200636496,102780779.1806
"Bourne identity",1284431760,1285203420,771660,102780779.1806
"Bourne identity",1284498540,1485068256,200569716,102780779.1806
"Bourne identity",1284509520,1485068256,200558736,102780779.1806
"Bourne identity",1284509520,1285030800,521280,102780779.1806
"Bourne identity",1284569220,1485068256,200499036,102780779.1806
"Bourne identity",1284569220,1287614340,3045120,102780779.1806
"Bourne identity",1284569220,1287812940,3243720,102780779.1806
"Bourne identity",1284569220,1287952320,3383100,102780779.1806
"Bourne identity",1284585540,1485068256,200482716,102780779.1806
"Bourne identity",1284597840,1485068256,200470416,102780779.1806
"Bourne identity",1284659400,1485068256,200408856,102780779.1806
"Bourne identity",1284660300,1485068256,200407956,102780779.1806
"Bourne identity",1284664500,1485068256,200403756,102780779.1806
"Bourne identity",1284664500,1285725780,1061280,102780779.1806
"Bourne identity",1284842100,1485068256,200226156,102780779.1806
"Bourne identity",1284845820,1485068256,200222436,102780779.1806
"Bourne identity",1284938520,1485068256,200129736,102780779.1806
"Bourne identity",1285002540,1485068256,200065716,102780779.1806
"Bourne identity",1285002540,1285624560,622020,102780779.1806
"Bourne identity",1285037880,1485068256,200030376,102780779.1806
"Bourne identity",1285037880,1286237880,1200000,102780779.1806
"Bourne identity",1285037880,1286557500,1519620,102780779.1806
"Bourne identity",1285106160,1485068256,199962096,102780779.1806
"Bourne identity",1285106160,1286065440,959280,102780779.1806
"Bourne identity",1285109040,1485068256,199959216,102780779.1806
"Bourne identity",1285109040,1285459740,350700,102780779.1806
"Bourne identity",1285116060,1485068256,199952196,102780779.1806
"Bourne identity",1285116060,1285640040,523980,102780779.1806
"Bourne identity",1285188900,1485068256,199879356,102780779.1806
"Bourne identity",1285188900,1285635900,447000,102780779.1806
"Bourne identity",1285200900,1485068256,199867356,102780779.1806
"Bourne identity",1285200900,1285458060,257160,102780779.1806
"Bourne identity",1285200900,1289285640,4084740,102780779.1806
"Bourne identity",1285201500,1485068256,199866756,102780779.1806
"Bourne identity",1285201500,1286051280,849780,102780779.1806
"Bourne identity",1285202340,1485068256,199865916,102780779.1806
"Bourne identity",1285296300,1485068256,199771956,102780779.1806
"Bourne identity",1285296300,1289894400,4598100,102780779.1806
"Bourne identity",1285339560,1485068256,199728696,102780779.1806
"Bourne identity",1285339560,1288213560,2874000,102780779.1806
"Bourne identity",1285339560,1288414560,3075000,102780779.1806
"Bourne identity",1285339560,1289675820,4336260,102780779.1806
"Bourne identity",1285375920,1485068256,199692336,102780779.1806
"Bourne identity",1285375920,1286482920,1107000,102780779.1806
"Bourne identity",1285375920,1286996340,1620420,102780779.1806
"Bourne identity",1285455600,1485068256,199612656,102780779.1806
"Bourne identity",1285455600,1285879800,424200,102780779.1806
"Bourne identity",1285462080,1485068256,199606176,102780779.1806
"Bourne identity",1285544220,1485068256,199524036,102780779.1806
"Bourne identity",1285544220,1288824960,3280740,102780779.1806
"Bourne identity",1285616520,1485068256,199451736,102780779.1806
"Bourne identity",1285616520,1285704360,87840,102780779.1806
"Bourne identity",1285619040,1485068256,199449216,102780779.1806
"Bourne identity",1285619040,1286240100,621060,102780779.1806
"Bourne identity",1285627320,1485068256,199440936,102780779.1806
"Bourne identity",1285627320,1286410380,783060,102780779.1806
"Bourne identity",1285627860,1485068256,199440396,102780779.1806
"Bourne identity",1285627860,1287004740,1376880,102780779.1806
"Bourne identity",1285633380,1485068256,199434876,102780779.1806
"Bourne identity",1285642320,1485068256,199425936,102780779.1806
"Bourne identity",1285642320,1286644320,1002000,102780779.1806
"Bourne identity",1285642320,1286853000,1210680,102780779.1806
"Bourne identity",1285642320,1286992020,1349700,102780779.1806
"Bourne identity",1285713900,1485068256,199354356,102780779.1806
"Bourne identity",1285713900,1287442500,1728600,102780779.1806
"Bourne identity",1285713900,1287641220,1927320,102780779.1806
"Bourne identity",1285713900,1287859740,2145840,102780779.1806
"Bourne identity",1285799340,1485068256,199268916,102780779.1806
"Bourne identity",1285799340,1286828640,1029300,102780779.1806
"Bourne identity",1285800600,1485068256,199267656,102780779.1806
"Bourne identity",1285810140,1485068256,199258116,102780779.1806
"Bourne identity",1285810140,1286920800,1110660,102780779.1806
"Bourne identity",1285815420,1485068256,199252836,102780779.1806
"Bourne identity",1285815420,1286934660,1119240,102780779.1806
"Bourne identity",1285901580,1485068256,199166676,102780779.1806
"Bourne identity",1286056200,1485068256,199012056,102780779.1806
"Bourne identity",1286056200,1286659380,603180,102780779.1806
"Bourne identity",1286059680,1485068256,199008576,102780779.1806
"Bourne identity",1286059680,1286330220,270540,102780779.1806
"Bourne identity",1286136000,1485068256,198932256,102780779.1806
"Bourne identity",1286136000,1290898260,4762260,102780779.1806
"Bourne identity",1286146500,1485068256,198921756,102780779.1806
"Bourne identity",1286149800,1485068256,198918456,102780779.1806
"Bourne identity",1286149800,1287108840,959040,102780779.1806
"Bourne identity",1286310540,1485068256,198757716,102780779.1806
"Bourne identity",1286333340,1485068256,198734916,102780779.1806
"Bourne identity",1286333340,1289786220,3452880,102780779.1806
"Bourne identity",1286333340,1289862240,3528900,102780779.1806
"Bourne identity",1286390640,1485068256,198677616,102780779.1806
"Bourne identity",1286396640,1485068256,198671616,102780779.1806
"Bourne identity",1286396640,1286997420,600780,102780779.1806
"Bourne identity",1286399400,1485068256,198668856,102780779.1806
"Bourne identity",1286399400,1286837820,438420,102780779.1806
"Bourne identity",1286485380,1485068256,198582876,102780779.1806
"Bourne identity",1286485380,1286833620,348240,102780779.1806
"Bourne identity",1286485380,1287078660,593280,102780779.1806
"Bourne identity",1286489940,1485068256,198578316,102780779.1806
"Bourne identity",1286498580,1485068256,198569676,102780779.1806
"Bourne identity",1286568540,1485068256,198499716,102780779.1806
"Bourne identity",1286568540,1287782340,1213800,102780779.1806
"Bourne identity",1286568540,1287953880,1385340,102780779.1806
"Bourne identity",1286582700,1485068256,198485556,102780779.1806
"Bourne identity",1286582700,1287710820,1128120,102780779.1806
"Bourne identity",1286582700,1291259340,4676640,102780779.1806
"Bourne identity",1286582700,1291486680,4903980,102780779.1806
"Bourne identity",1286582700,1293072660,6489960,102780779.1806
"Bourne identity",1286582700,1295384640,8801940,102780779.1806
"Bourne identity",1286648760,1485068256,198419496,102780779.1806
"Bourne identity",1286648760,1287600720,951960,102780779.1806
"Bourne identity",1286670960,1485068256,198397296,102780779.1806
"Bourne identity",1286670960,1288222800,1551840,102780779.1806
"Bourne identity",1286670960,1288408860,1737900,102780779.1806
"Bourne identity",1286751660,1485068256,198316596,102780779.1806
"Bourne identity",1286751660,1287536760,785100,102780779.1806
"Bourne identity",1286840520,1485068256,198227736,102780779.1806
"Bourne identity",1286840520,1287875760,1035240,102780779.1806
"Bourne identity",1286847780,1485068256,198220476,102780779.1806
"Bourne identity",1286847780,1288822380,1974600,102780779.1806
"Bourne identity",1286848620,1485068256,198219636,102780779.1806
"Bourne identity",1286921520,1485068256,198146736,102780779.1806
"Bourne identity",1286921520,1287515700,594180,102780779.1806
"Bourne identity",1286991420,1485068256,198076836,102780779.1806
"Bourne identity",1286991420,1287517140,525720,102780779.1806
"Bourne identity",1287004380,1485068256,198063876,102780779.1806
"Bourne identity",1287004380,1287530460,526080,102780779.1806
"Bourne identity",1287005760,1485068256,198062496,102780779.1806
"Bourne identity",1287012900,1485068256,198055356,102780779.1806
"Bourne identity",1287012900,1288389960,1377060,102780779.1806
"Bourne identity",1287015840,1485068256,198052416,102780779.1806
"Bourne identity",1287015840,1288047720,1031880,102780779.1806
"Bourne identity",1287017580,1485068256,198050676,102780779.1806
"Bourne identity",1287017580,1287434040,416460,102780779.1806
"Bourne identity",1287017580,1287615480,597900,102780779.1806
"Bourne identity",1287107460,1485068256,197960796,102780779.1806
"Bourne identity",1287107460,1288057020,949560,102780779.1806
"Bourne identity",1287172800,1485068256,197895456,102780779.1806
"Bourne identity",1287172800,1287435600,262800,102780779.1806
"Bourne identity",1287177540,1485068256,197890716,102780779.1806
"Bourne identity",1287177540,1287272700,95160,102780779.1806
"Bourne identity",1287177540,1287601020,423480,102780779.1806
"Bourne identity",1287179280,1485068256,197888976,102780779.1806
"Bourne identity",1287179280,1287271260,91980,102780779.1806
"Bourne identity",1287429900,1485068256,197638356,102780779.1806
"Bourne identity",1287429900,1287691380,261480,102780779.1806
"Bourne identity",1287443220,1485068256,197625036,102780779.1806
"Bourne identity",1287443220,1287958380,515160,102780779.1806
"Bourne identity",1287611880,1485068256,197456376,102780779.1806
"Bourne identity",1287611880,1288317240,705360,102780779.1806
"Bourne identity",1287699420,1485068256,197368836,102780779.1806
"Bourne identity",1287770640,1485068256,197297616,102780779.1806
"Bourne identity",1287770640,1288976520,1205880,102780779.1806
"Bourne identity",1287778020,1485068256,197290236,102780779.1806
"Bourne identity",1287778020,1288906500,1128480,102780779.1806
"Bourne identity",1287787740,1485068256,197280516,102780779.1806
"Bourne identity",1287787740,1290129120,2341380,102780779.1806
"Bourne identity",1287857760,1485068256,197210496,102780779.1806
"Bourne identity",1287857760,1288470180,612420,102780779.1806
"Bourne identity",1287859440,1485068256,197208816,102780779.1806
"Bourne identity",1287859440,1288061040,201600,102780779.1806
"Bourne identity",1287868080,1485068256,197200176,102780779.1806
"Bourne identity",1287868080,1288742460,874380,102780779.1806
"Bourne identity",1287962040,1485068256,197106216,102780779.1806
"Bourne identity",1288047540,1485068256,197020716,102780779.1806
"Bourne identity",1288047540,1288654500,606960,102780779.1806
"Bourne identity",1288047540,1294100700,6053160,102780779.1806
"Bourne identity",1288047540,1294175040,6127500,102780779.1806
"Bourne identity",1288052160,1485068256,197016096,102780779.1806
"Bourne identity",1288052160,1288482840,430680,102780779.1806
"Bourne identity",1288052160,1288675200,623040,102780779.1806
"Bourne identity",1288052160,1289937120,1884960,102780779.1806
"Bourne identity",1288058580,1485068256,197009676,102780779.1806
"Bourne identity",1288058580,1288664220,605640,102780779.1806
"Bourne identity",1288121640,1485068256,196946616,102780779.1806
"Bourne identity",1288121640,1289261220,1139580,102780779.1806
"Bourne identity",1288121760,1485068256,196946496,102780779.1806
"Bourne identity",1288121760,1291148640,3026880,102780779.1806
"Bourne identity",1288121760,1292823900,4702140,102780779.1806
"Bourne identity",1288121760,1292967420,4845660,102780779.1806
"Bourne identity",1288202280,1485068256,196865976,102780779.1806
"Bourne identity",1288202280,1289329140,1126860,102780779.1806
"Bourne identity",1288214580,1485068256,196853676,102780779.1806
"Bourne identity",1288214580,1289082600,868020,102780779.1806
"Bourne identity",1288214580,1290898080,2683500,102780779.1806
"Bourne identity",1288216860,1485068256,196851396,102780779.1806
"Bourne identity",1288216860,1289258460,1041600,102780779.1806
"Bourne identity",1288219260,1485068256,196848996,102780779.1806
"Bourne identity",1288219260,1288565460,346200,102780779.1806
"Bourne identity",1288305600,1485068256,196762656,102780779.1806
"Bourne identity",1288307160,1485068256,196761096,102780779.1806
"Bourne identity",1288307160,1289171640,864480,102780779.1806
"Bourne identity",1288311660,1485068256,196756596,102780779.1806
"Bourne identity",1288320420,1485068256,196747836,102780779.1806
"Bourne identity",1288320420,1292274600,3954180,102780779.1806
"Bourne identity",1288474920,1485068256,196593336,102780779.1806
"Bourne identity",1288474920,1291768320,3293400,102780779.1806
"Bourne identity",1288474920,1291833240,3358320,102780779.1806
"Bourne identity",1288475760,1485068256,196592496,102780779.1806
"Bourne identity",1288475760,1288999200,523440,102780779.1806
"Bourne identity",1288569360,1485068256,196498896,102780779.1806
"Bourne identity",1288569360,1289167980,598620,102780779.1806
"Bourne identity",1288646280,1485068256,196421976,102780779.1806
"Bourne identity",1288646280,1289350380,704100,102780779.1806
"Bourne identity",1288655460,1485068256,196412796,102780779.1806
"Bourne identity",1288655460,1292377800,3722340,102780779.1806
"Bourne identity",1288660560,1485068256,196407696,102780779.1806
"Bourne identity",1288732860,1485068256,196335396,102780779.1806
"Bourne identity",1288732860,1289427900,695040,102780779.1806
"Bourne identity",1288739820,1485068256,196328436,102780779.1806
"Bourne identity",1288739820,1289163540,423720,102780779.1806
"Bourne identity",1288745220,1485068256,196323036,102780779.1806
"Bourne identity",1288745220,1289441160,695940,102780779.1806
"Bourne identity",1288896900,1485068256,196171356,102780779.1806
"Bourne identity",1288896900,1289868540,971640,102780779.1806
"Bourne identity",1288900320,1485068256,196167936,102780779.1806
"Bourne identity",1288900320,1291253760,2353440,102780779.1806
"Bourne identity",1288900320,1291323300,2422980,102780779.1806
"Bourne identity",1288909380,1485068256,196158876,102780779.1806
"Bourne identity",1288909380,1289680620,771240,102780779.1806
"Bourne identity",1288913760,1485068256,196154496,102780779.1806
"Bourne identity",1288913760,1289256660,342900,102780779.1806
"Bourne identity",1288984740,1485068256,196083516,102780779.1806
"Bourne identity",1288984740,1293575160,4590420,102780779.1806
"Bourne identity",1288989360,1485068256,196078896,102780779.1806
"Bourne identity",1288989360,1289261580,272220,102780779.1806
"Bourne identity",1288998780,1485068256,196069476,102780779.1806
"Bourne identity",1288998780,1289257380,258600,102780779.1806
"Bourne identity",1289067300,1485068256,196000956,102780779.1806
"Bourne identity",1289067300,1289251020,183720,102780779.1806
"Bourne identity",1289082900,1485068256,195985356,102780779.1806
"Bourne identity",1289082900,1289267880,184980,102780779.1806
"Bourne identity",1289090640,1485068256,195977616,102780779.1806
"Bourne identity",1289090640,1289872740,782100,102780779.1806
"Bourne identity",1289090640,1290473220,1382580,102780779.1806
"Bourne identity",1289176620,1485068256,195891636,102780779.1806
"Bourne identity",1289176620,1290299340,1122720,102780779.1806
"Bourne identity",1289240040,1485068256,195828216,102780779.1806
"Bourne identity",1289240040,1289766600,526560,102780779.1806
"Bourne identity",1289251920,1485068256,195816336,102780779.1806
"Bourne identity",1289251920,1289687160,435240,102780779.1806
"Bourne identity",1289341980,1485068256,195726276,102780779.1806
"Bourne identity",1289357580,1485068256,195710676,102780779.1806
"Bourne identity",1289361120,1485068256,195707136,102780779.1806
"Bourne identity",1289361120,1290477180,1116060,102780779.1806
"Bourne identity",1289429460,1485068256,195638796,102780779.1806
"Bourne identity",1289429460,1290643320,1213860,102780779.1806
"Bourne identity",1289595420,1485068256,195472836,102780779.1806
"Bourne identity",1289595420,1289953920,358500,102780779.1806
"Bourne identity",1289612640,1485068256,195455616,102780779.1806
"Bourne identity",1289612640,1289775540,162900,102780779.1806
"Bourne identity",1289612640,1289862000,249360,102780779.1806
"Bourne identity",1289678340,1485068256,195389916,102780779.1806
"Bourne identity",1289684160,1485068256,195384096,102780779.1806
"Bourne identity",1289684160,1291084080,1399920,102780779.1806
"Bourne identity",1289689980,1485068256,195378276,102780779.1806
"Bourne identity",1289689980,1289856540,166560,102780779.1806
"Bourne identity",1289691420,1485068256,195376836,102780779.1806
"Bourne identity",1289691420,1290995520,1304100,102780779.1806
"Bourne identity",1289691420,1291079520,1388100,102780779.1806
"Bourne identity",1289848980,1485068256,195219276,102780779.1806
"Bourne identity",1289873040,1485068256,195195216,102780779.1806
"Bourne identity",1289873040,1292379420,2506380,102780779.1806
"Bourne identity",1289956020,1485068256,195112236,102780779.1806
"Bourne identity",1289956020,1290213720,257700,102780779.1806
"Bourne identity",1289956260,1485068256,195111996,102780779.1806
"Bourne identity",1289956260,1294190880,4234620,102780779.1806
"Bourne identity",1289956260,1294867920,4911660,102780779.1806
"Bourne identity",1289958540,1485068256,195109716,102780779.1806
"Bourne identity",1289958540,1290215760,257220,102780779.1806
"Bourne identity",1289958540,1291187100,1228560,102780779.1806
"Bourne identity",1289958540,1291227720,1269180,102780779.1806
"Bourne identity",1289965260,1485068256,195102996,102780779.1806
"Bourne identity",1289965260,1291084080,1118820,102780779.1806
"Bourne identity",1290028320,1485068256,195039936,102780779.1806
"Bourne identity",1290037380,1485068256,195030876,102780779.1806
"Bourne identity",1290037380,1290468840,431460,102780779.1806
"Bourne identity",1290040800,1485068256,195027456,102780779.1806
"Bourne identity",1290049200,1485068256,195019056,102780779.1806
"Bourne identity",1290277080,1485068256,194791176,102780779.1806
"Bourne identity",1290277080,1291323240,1046160,102780779.1806
"Bourne identity",1290286620,1485068256,194781636,102780779.1806
"Bourne identity",1290286620,1290904020,617400,102780779.1806
"Bourne identity",1290286620,1291162620,876000,102780779.1806
"Bourne identity",1290286620,1291229340,942720,102780779.1806
"Bourne identity",1290377760,1485068256,194690496,102780779.1806
"Bourne identity",1290377760,1291088580,710820,102780779.1806
"Bourne identity",1290468000,1485068256,194600256,102780779.1806
"Bourne identity",1290474480,1485068256,194593776,102780779.1806
"Bourne identity",1290474480,1291588800,1114320,102780779.1806
"Bourne identity",1290476340,1485068256,194591916,102780779.1806
"Bourne identity",1290476340,1291589760,1113420,102780779.1806
"Bourne identity",1290476340,1291921440,1445100,102780779.1806
"Bourne identity",1290548460,1485068256,194519796,102780779.1806
"Bourne identity",1290555480,1485068256,194512776,102780779.1806
"Bourne identity",1290555480,1294108140,3552660,102780779.1806
"Bourne identity",1290555480,1294513440,3957960,102780779.1806
"Bourne identity",1290807120,1485068256,194261136,102780779.1806
"Bourne identity",1290807120,1291158060,350940,102780779.1806
"Bourne identity",1290807120,1291431420,624300,102780779.1806
"Bourne identity",1290807120,1291500000,692880,102780779.1806
"Bourne identity",1290893700,1485068256,194174556,102780779.1806
"Bourne identity",1290893700,1293585600,2691900,102780779.1806
"Bourne identity",1290894480,1485068256,194173776,102780779.1806
"Bourne identity",1290894480,1293405960,2511480,102780779.1806
"Bourne identity",1290903540,1485068256,194164716,102780779.1806
"Bourne identity",1290903540,1291937820,1034280,102780779.1806
"Bourne identity",1290903540,1292651580,1748040,102780779.1806
"Bourne identity",1290903540,1292882280,1978740,102780779.1806
"Bourne identity",1291075320,1485068256,193992936,102780779.1806
"Bourne identity",1291075320,1291674120,598800,102780779.1806
"Bourne identity",1291076640,1485068256,193991616,102780779.1806
"Bourne identity",1291076640,1291672200,595560,102780779.1806
"Bourne identity",1291084020,1485068256,193984236,102780779.1806
"Bourne identity",1291084020,1292289420,1205400,102780779.1806
"Bourne identity",1291088340,1485068256,193979916,102780779.1806
"Bourne identity",1291088340,1293062100,1973760,102780779.1806
"Bourne identity",1291148460,1485068256,193919796,102780779.1806
"Bourne identity",1291148460,1291675500,527040,102780779.1806
"Bourne identity",1291152420,1485068256,193915836,102780779.1806
"Bourne identity",1291152420,1292451240,1298820,102780779.1806
"Bourne identity",1291243080,1485068256,193825176,102780779.1806
"Bourne identity",1291243080,1291682100,439020,102780779.1806
"Bourne identity",1291313880,1485068256,193754376,102780779.1806
"Bourne identity",1291313880,1293140700,1826820,102780779.1806
"Bourne identity",1291313880,1293509700,2195820,102780779.1806
"Bourne identity",1291315260,1485068256,193752996,102780779.1806
"Bourne identity",1291316220,1485068256,193752036,102780779.1806
"Bourne identity",1291316220,1291672380,356160,102780779.1806
"Bourne identity",1291330560,1485068256,193737696,102780779.1806
"Bourne identity",1291330560,1294786440,3455880,102780779.1806
"Bourne identity",1291330560,1294977960,3647400,102780779.1806
"Bourne identity",1291330560,1295029800,3699240,102780779.1806
"Bourne identity",1291341240,1485068256,193727016,102780779.1806
"Bourne identity",1291341240,1291418280,77040,102780779.1806
"Bourne identity",1291409400,1485068256,193658856,102780779.1806
"Bourne identity",1291409400,1292285280,875880,102780779.1806
"Bourne identity",1291417380,1485068256,193650876,102780779.1806
"Bourne identity",1291417380,1291763400,346020,102780779.1806
"Bourne identity",1291508820,1485068256,193559436,102780779.1806
"Bourne identity",1291508820,1291842180,333360,102780779.1806
"Bourne identity",1291508820,1292032560,523740,102780779.1806
"Bourne identity",1291508820,1485068256,193559436,102780779.1806
"Bourne identity",1291508820,1291842180,333360,102780779.1806
"Bourne identity",1291664700,1485068256,193403556,102780779.1806
"Bourne identity",1291664700,1292280120,615420,102780779.1806
"Bourne identity",1291672920,1485068256,193395336,102780779.1806
"Bourne identity",1291672920,1292103720,430800,102780779.1806
"Bourne identity",1291680360,1485068256,193387896,102780779.1806
"Bourne identity",1291680720,1485068256,193387536,102780779.1806
"Bourne identity",1291688160,1485068256,193380096,102780779.1806
"Bourne identity",1291688160,1292296320,608160,102780779.1806
"Bourne identity",1291688160,1292650800,962640,102780779.1806
"Bourne identity",1291688160,1292882280,1194120,102780779.1806
"Bourne identity",1291764300,1485068256,193303956,102780779.1806
"Bourne identity",1291764300,1292453160,688860,102780779.1806
"Bourne identity",1291765140,1485068256,193303116,102780779.1806
"Bourne identity",1291765140,1292708400,943260,102780779.1806
"Bourne identity",1291771260,1485068256,193296996,102780779.1806
"Bourne identity",1291771260,1292280240,508980,102780779.1806
"Bourne identity",1292113020,1485068256,192955236,102780779.1806
"Bourne identity",1292113020,1292713980,600960,102780779.1806
"Bourne identity",1292118180,1485068256,192950076,102780779.1806
"Bourne identity",1292285400,1485068256,192782856,102780779.1806
"Bourne identity",1292285400,1294011840,1726440,102780779.1806
"Bourne identity",1292285400,1294257360,1971960,102780779.1806
"Bourne identity",1292287740,1485068256,192780516,102780779.1806
"Bourne identity",1292287740,1292462640,174900,102780779.1806
"Bourne identity",1292369220,1485068256,192699036,102780779.1806
"Bourne identity",1292369220,1293048300,679080,102780779.1806
"Bourne identity",1292369220,1293133860,764640,102780779.1806
"Bourne identity",1292372340,1485068256,192695916,102780779.1806
"Bourne identity",1292372340,1293575040,1202700,102780779.1806
"Bourne identity",1292372340,1293651840,1279500,102780779.1806
"Bourne identity",1292377080,1485068256,192691176,102780779.1806
"Bourne identity",1292377080,1292792580,415500,102780779.1806
"Bourne identity",1292379600,1485068256,192688656,102780779.1806
"Bourne identity",1292379600,1293061140,681540,102780779.1806
"Bourne identity",1292452920,1485068256,192615336,102780779.1806
"Bourne identity",1292452920,1293488460,1035540,102780779.1806
"Bourne identity",1292466180,1485068256,192602076,102780779.1806
"Bourne identity",1292469180,1485068256,192599076,102780779.1806
"Bourne identity",1292469180,1293066180,597000,102780779.1806
"Bourne identity",1292469180,1293504180,1035000,102780779.1806
"Bourne identity",1292539020,1293485760,946740,102780779.1806
"Bourne identity",1292540340,1293569160,1028820,102780779.1806
"Bourne identity",1292540340,1294087080,1546740,102780779.1806
"Bourne identity",1292558160,1485068256,192510096,102780779.1806
"Bourne identity",1292702940,1485068256,192365316,102780779.1806
"Bourne identity",1292702940,1294093260,1390320,102780779.1806
"Bourne identity",1292702940,1295307300,2604360,102780779.1806
"Bourne identity",1292702940,1295393760,2690820,102780779.1806
"Bourne identity",1292702940,1296588780,3885840,102780779.1806
"Bourne identity",1292702940,1297884720,5181780,102780779.1806
"Bourne identity",1292702940,1298182920,5479980,102780779.1806
"Bourne identity",1292703720,1485068256,192364536,102780779.1806
"Bourne identity",1292703720,1293652320,948600,102780779.1806
"Bourne identity",1292710440,1292710500,60,102780779.1806
"Bourne identity",1292714760,1485068256,192353496,102780779.1806
"Bourne identity",1292714760,1294438200,1723440,102780779.1806
"Bourne identity",1292716140,1485068256,192352116,102780779.1806
"Bourne identity",1292716140,1293844620,1128480,102780779.1806
"Bourne identity",1292722920,1485068256,192345336,102780779.1806
"Bourne identity",1292793120,1485068256,192275136,102780779.1806
"Bourne identity",1292793120,1292964720,171600,102780779.1806
"Bourne identity",1292878200,1485068256,192190056,102780779.1806
"Bourne identity",1292878200,1293757980,879780,102780779.1806
"Bourne identity",1292899680,1485068256,192168576,102780779.1806
"Bourne identity",1292899680,1293059520,159840,102780779.1806
"Bourne identity",1292899680,1293574320,674640,102780779.1806
"Bourne identity",1292899680,1293657660,757980,102780779.1806
"Bourne identity",1292959020,1485068256,192109236,102780779.1806
"Bourne identity",1292973180,1485068256,192095076,102780779.1806
"Bourne identity",1292973180,1293582900,609720,102780779.1806
"Bourne identity",1292973180,1293823860,850680,102780779.1806
"Bourne identity",1292973180,1485068256,192095076,102780779.1806
"Bourne identity",1292973180,1293583140,609960,102780779.1806
"Bourne identity",1292973180,1294171620,1198440,102780779.1806
"Bourne identity",1292983560,1485068256,192084696,102780779.1806
"Bourne identity",1293137760,1485068256,191930496,102780779.1806
"Bourne identity",1293137760,1294524120,1386360,102780779.1806
"Bourne identity",1293137760,1295483040,2345280,102780779.1806
"Bourne identity",1293137760,1295552280,2414520,102780779.1806
"Bourne identity",1293493980,1485068256,191574276,102780779.1806
"Bourne identity",1293496500,1485068256,191571756,102780779.1806
"Bourne identity",1293496500,1293746340,249840,102780779.1806
"Bourne identity",1293501060,1485068256,191567196,102780779.1806
"Bourne identity",1293570120,1485068256,191498136,102780779.1806
"Bourne identity",1293570120,1294863540,1293420,102780779.1806
"Bourne identity",1293570120,1294943940,1373820,102780779.1806
"Bourne identity",1293572640,1485068256,191495616,102780779.1806
"Bourne identity",1293572640,1295139840,1567200,102780779.1806
"Bourne identity",1293660120,1485068256,191408136,102780779.1806
"Bourne identity",1293660120,1294012200,352080,102780779.1806
"Bourne identity",1293660360,1485068256,191407896,102780779.1806
"Bourne identity",1293660360,1294612740,952380,102780779.1806
"Bourne identity",1293662100,1485068256,191406156,102780779.1806
"Bourne identity",1293662100,1295486760,1824660,102780779.1806
"Bourne identity",1293672960,1485068256,191395296,102780779.1806
"Bourne identity",1293672960,1294713900,1040940,102780779.1806
"Bourne identity",1293672960,1295731380,2058420,102780779.1806
"Bourne identity",1293672960,1295812020,2139060,102780779.1806
"Bourne identity",1293743940,1485068256,191324316,102780779.1806
"Bourne identity",1293755940,1485068256,191312316,102780779.1806
"Bourne identity",1293755940,1294890660,1134720,102780779.1806
"Bourne identity",1294006620,1485068256,191061636,102780779.1806
"Bourne identity",1294006620,1294974420,967800,102780779.1806
"Bourne identity",1294015200,1485068256,191053056,102780779.1806
"Bourne identity",1294015200,1294524180,508980,102780779.1806
"Bourne identity",1294015200,1485068256,191053056,102780779.1806
"Bourne identity",1294015200,1294524180,508980,102780779.1806
"Bourne identity",1294095300,1485068256,190972956,102780779.1806
"Bourne identity",1294095300,1295120400,1025100,102780779.1806
"Bourne identity",1294176420,1485068256,190891836,102780779.1806
"Bourne identity",1294176420,1294957860,781440,102780779.1806
"Bourne identity",1294176420,1295390220,1213800,102780779.1806
"Bourne identity",1294195440,1485068256,190872816,102780779.1806
"Bourne identity",1294195440,1297720800,3525360,102780779.1806
"Bourne identity",1294197780,1485068256,190870476,102780779.1806
"Bourne identity",1294197780,1296346560,2148780,102780779.1806
"Bourne identity",1294197780,1297637580,3439800,102780779.1806
"Bourne identity",1294197780,1297714140,3516360,102780779.1806
"Bourne identity",1294277100,1485068256,190791156,102780779.1806
"Bourne identity",1294277100,1295394480,1117380,102780779.1806
"Bourne identity",1294351080,1485068256,190717176,102780779.1806
"Bourne identity",1294360260,1485068256,190707996,102780779.1806
"Bourne identity",1294360260,1296066360,1706100,102780779.1806
"Bourne identity",1294360740,1485068256,190707516,102780779.1806
"Bourne identity",1294360740,1294703520,342780,102780779.1806
"Bourne identity",1294360740,1294771800,411060,102780779.1806
"Bourne identity",1294447260,1485068256,190620996,102780779.1806
"Bourne identity",1294447260,1298267280,3820020,102780779.1806
"Bourne identity",1294447260,1298414280,3967020,102780779.1806
"Bourne identity",1294521480,1485068256,190546776,102780779.1806
"Bourne identity",1294521480,1295120520,599040,102780779.1806
"Bourne identity",1294521480,1295654640,1133160,102780779.1806
"Bourne identity",1294521480,1295722680,1201200,102780779.1806
"Bourne identity",1294532760,1485068256,190535496,102780779.1806
"Bourne identity",1294532760,1295651520,1118760,102780779.1806
"Bourne identity",1294532760,1485068256,190535496,102780779.1806
"Bourne identity",1294532760,1295651520,1118760,102780779.1806
"Bourne identity",1294689480,1485068256,190378776,102780779.1806
"Bourne identity",1294689480,1295486760,797280,102780779.1806
"Bourne identity",1294689480,1295665020,975540,102780779.1806
"Bourne identity",1294706100,1485068256,190362156,102780779.1806
"Bourne identity",1294706100,1296006840,1300740,102780779.1806
"Bourne identity",1294706160,1485068256,190362096,102780779.1806
"Bourne identity",1294706160,1294707840,1680,102780779.1806
"Bourne identity",1294793100,1485068256,190275156,102780779.1806
"Bourne identity",1294793100,1296601980,1808880,102780779.1806
"Bourne identity",1294797540,1485068256,190270716,102780779.1806
"Bourne identity",1294797540,1295395740,598200,102780779.1806
"Bourne identity",1294864620,1485068256,190203636,102780779.1806
"Bourne identity",1294864620,1295467800,603180,102780779.1806
"Bourne identity",1294864620,1295752980,888360,102780779.1806
"Bourne identity",1294864620,1295807400,942780,102780779.1806
"Bourne identity",1294886160,1485068256,190182096,102780779.1806
"Bourne identity",1294886160,1295478240,592080,102780779.1806
"Bourne identity",1294945200,1485068256,190123056,102780779.1806
"Bourne identity",1294945200,1295571960,626760,102780779.1806
"Bourne identity",1294972500,1485068256,190095756,102780779.1806
"Bourne identity",1295122980,1485068256,189945276,102780779.1806
"Bourne identity",1295122980,1296265500,1142520,102780779.1806
"Bourne identity",1295123880,1485068256,189944376,102780779.1806
"Bourne identity",1295128440,1485068256,189939816,102780779.1806
"Bourne identity",1295128440,1295897340,768900,102780779.1806
"Bourne identity",1295128440,1296764640,1636200,102780779.1806
"Bourne identity",1295134980,1485068256,189933276,102780779.1806
"Bourne identity",1295134980,1295736900,601920,102780779.1806
"Bourne identity",1295222940,1485068256,189845316,102780779.1806
"Bourne identity",1295222940,1299530460,4307520,102780779.1806
"Bourne identity",1295399640,1485068256,189668616,102780779.1806
"Bourne identity",1295399640,1295731740,332100,102780779.1806
"Bourne identity",1295481660,1485068256,189586596,102780779.1806
"Bourne identity",1295481660,1297209840,1728180,102780779.1806
"Bourne identity",1295481660,1297575540,2093880,102780779.1806
"Bourne identity",1295481660,1297712760,2231100,102780779.1806
"Bourne identity",1295493300,1485068256,189574956,102780779.1806
"Bourne identity",1295493300,1297538400,2045100,102780779.1806
"Bourne identity",1295493300,1298927040,3433740,102780779.1806
"Bourne identity",1295551860,1485068256,189516396,102780779.1806
"Bourne identity",1295551860,1296152820,600960,102780779.1806
"Bourne identity",1295574540,1485068256,189493716,102780779.1806
"Bourne identity",1295574540,1296006060,431520,102780779.1806
"Bourne identity",1295639400,1485068256,189428856,102780779.1806
"Bourne identity",1295639400,1296866460,1227060,102780779.1806
"Bourne identity",1295649780,1485068256,189418476,102780779.1806
"Bourne identity",1295649780,1295910420,260640,102780779.1806
"Bourne identity",1295656800,1485068256,189411456,102780779.1806
"Bourne identity",1295656800,1296869040,1212240,102780779.1806
"Bourne identity",1295661060,1485068256,189407196,102780779.1806
"Bourne identity",1295661060,1296336720,675660,102780779.1806
"Bourne identity",1295661060,1296674880,1013820,102780779.1806
"Bourne identity",1295661060,1296760260,1099200,102780779.1806
"Bourne identity",1295661480,1485068256,189406776,102780779.1806
"Bourne identity",1295661480,1297274940,1613460,102780779.1806
"Bourne identity",1295661480,1297554720,1893240,102780779.1806
"Bourne identity",1295661480,1297730580,2069100,102780779.1806
"Bourne identity",1295741040,1485068256,189327216,102780779.1806
"Bourne identity",1295741040,1295992320,251280,102780779.1806
"Bourne identity",1295741040,1296281220,540180,102780779.1806
"Bourne identity",1295747160,1297123200,1376040,102780779.1806
"Bourne identity",1295747400,1296351480,604080,102780779.1806
"Bourne identity",1295822760,1485068256,189245496,102780779.1806
"Bourne identity",1295822760,1298255820,2433060,102780779.1806
"Bourne identity",1295822760,1298406000,2583240,102780779.1806
"Bourne identity",1295917920,1485068256,189150336,102780779.1806
"Bourne identity",1295917920,1296781140,863220,102780779.1806
"Bourne identity",1295917920,1296781380,863460,102780779.1806
"Bourne identity",1295917920,1297544040,1626120,102780779.1806
"Bourne identity",1295919960,1485068256,189148296,102780779.1806
"Bourne identity",1295919960,1297033620,1113660,102780779.1806
"Bourne identity",1295919960,1297107120,1187160,102780779.1806
"Bourne identity",1295990940,1485068256,189077316,102780779.1806
"Bourne identity",1295990940,1296591960,601020,102780779.1806
"Bourne identity",1296002340,1485068256,189065916,102780779.1806
"Bourne identity",1296005580,1485068256,189062676,102780779.1806
"Bourne identity",1296005580,1296594840,589260,102780779.1806
"Bourne identity",1296172920,1485068256,188895336,102780779.1806
"Bourne identity",1296172920,1296696600,523680,102780779.1806
"Bourne identity",1296333360,1485068256,188734896,102780779.1806
"Bourne identity",1296333360,1296941640,608280,102780779.1806
"Bourne identity",1296333360,1297282560,949200,102780779.1806
"Bourne identity",1296333360,1298617680,2284320,102780779.1806
"Bourne identity",1296333360,1298744640,2411280,102780779.1806
"Bourne identity",1296333360,1300132560,3799200,102780779.1806
"Bourne identity",1296352620,1485068256,188715636,102780779.1806
"Bourne identity",1296352620,1297741560,1388940,102780779.1806
"Bourne identity",1296424020,1485068256,188644236,102780779.1806
"Bourne identity",1296424020,1296610800,186780,102780779.1806
"Bourne identity",1296427680,1485068256,188640576,102780779.1806
"Bourne identity",1296427680,1296701100,273420,102780779.1806
"Bourne identity",1296427980,1296427980,0,102780779.1806
"Bourne identity",1296517260,1485068256,188550996,102780779.1806
"Bourne identity",1296517260,1297893600,1376340,102780779.1806
"Bourne identity",1296610440,1485068256,188457816,102780779.1806
"Bourne identity",1296613380,1485068256,188454876,102780779.1806
"Bourne identity",1296613380,1297808640,1195260,102780779.1806
"Bourne identity",1296686460,1485068256,188381796,102780779.1806
"Bourne identity",1296686460,1297546800,860340,102780779.1806
"Bourne identity",1296776940,1485068256,188291316,102780779.1806
"Bourne identity",1296776940,1297719360,942420,102780779.1806
"Bourne identity",1296783600,1485068256,188284656,102780779.1806
"Bourne identity",1296783600,1300396500,3612900,102780779.1806
"Bourne identity",1296783600,1300734660,3951060,102780779.1806
"Bourne identity",1296845100,1485068256,188223156,102780779.1806
"Bourne identity",1296845100,1301814000,4968900,102780779.1806
"Bourne identity",1296845100,1303320300,6475200,102780779.1806
"Bourne identity",1296863700,1485068256,188204556,102780779.1806
"Bourne identity",1296863700,1297376760,513060,102780779.1806
"Bourne identity",1296929940,1485068256,188138316,102780779.1806
"Bourne identity",1296929940,1298584800,1654860,102780779.1806
"Bourne identity",1296932940,1485068256,188135316,102780779.1806
"Bourne identity",1296932940,1297131120,198180,102780779.1806
"Bourne identity",1296942060,1485068256,188126196,102780779.1806
"Bourne identity",1296942060,1298160960,1218900,102780779.1806
"Bourne identity",1296951840,1485068256,188116416,102780779.1806
"Bourne identity",1296951840,1297818060,866220,102780779.1806
"Bourne identity",1297119360,1485068256,187948896,102780779.1806
"Bourne identity",1297119360,1297199100,79740,102780779.1806
"Bourne identity",1297125960,1485068256,187942296,102780779.1806
"Bourne identity",1297125960,1298493120,1367160,102780779.1806
"Bourne identity",1297126080,1485068256,187942176,102780779.1806
"Bourne identity",1297126080,1299018360,1892280,102780779.1806
"Bourne identity",1297126080,1299297720,2171640,102780779.1806
"Bourne identity",1297131420,1485068256,187936836,102780779.1806
"Bourne identity",1297131420,1298426040,1294620,102780779.1806
"Bourne identity",1297188180,1485068256,187880076,102780779.1806
"Bourne identity",1297188180,1297727340,539160,102780779.1806
"Bourne identity",1297188180,1298156760,968580,102780779.1806
"Bourne identity",1297540680,1485068256,187527576,102780779.1806
"Bourne identity",1297540680,1299703620,2162940,102780779.1806
"Bourne identity",1297551660,1485068256,187516596,102780779.1806
"Bourne identity",1297551660,1298155320,603660,102780779.1806
"Bourne identity",1297639200,1297639620,420,102780779.1806
"Bourne identity",1297639200,1297972440,333240,102780779.1806
"Bourne identity",1297740840,1485068256,187327416,102780779.1806
"Bourne identity",1297798020,1485068256,187270236,102780779.1806
"Bourne identity",1297798020,1297891260,93240,102780779.1806
"Bourne identity",1297798800,1485068256,187269456,102780779.1806
"Bourne identity",1297798800,1300058160,2259360,102780779.1806
"Bourne identity",1297798800,1300313520,2514720,102780779.1806
"Bourne identity",1297798800,1300383360,2584560,102780779.1806
"Bourne identity",1297805400,1485068256,187262856,102780779.1806
"Bourne identity",1297805400,1302653280,4847880,102780779.1806
"Bourne identity",1297805400,1305409500,7604100,102780779.1806
"Bourne identity",1297820580,1485068256,187247676,102780779.1806
"Bourne identity",1297897500,1485068256,187170756,102780779.1806
"Bourne identity",1297897500,1300491780,2594280,102780779.1806
"Bourne identity",1297897500,1300673760,2776260,102780779.1806
"Bourne identity",1297900440,1485068256,187167816,102780779.1806
"Bourne identity",1297900440,1298424360,523920,102780779.1806
"Bourne identity",1297900740,1485068256,187167516,102780779.1806
"Bourne identity",1297900740,1300399560,2498820,102780779.1806
"Bourne identity",1297978740,1485068256,187089516,102780779.1806
"Bourne identity",1297978740,1299123000,1144260,102780779.1806
"Bourne identity",1297997100,1485068256,187071156,102780779.1806
"Bourne identity",1297997100,1298583300,586200,102780779.1806
"Bourne identity",1298150880,1485068256,186917376,102780779.1806
"Bourne identity",1298150880,1299368160,1217280,102780779.1806
"Bourne identity",1298150880,1299695880,1545000,102780779.1806
"Bourne identity",1298157780,1485068256,186910476,102780779.1806
"Bourne identity",1298247120,1485068256,186821136,102780779.1806
"Bourne identity",1298247120,1298600820,353700,102780779.1806
"Bourne identity",1298409900,1485068256,186658356,102780779.1806
"Bourne identity",1298409900,1299202140,792240,102780779.1806
"Bourne identity",1298414160,1485068256,186654096,102780779.1806
"Bourne identity",1298414160,1298943900,529740,102780779.1806
"Bourne identity",1298414160,1299286260,872100,102780779.1806
"Bourne identity",1298424420,1485068256,186643836,102780779.1806
"Bourne identity",1298424420,1299458940,1034520,102780779.1806
"Bourne identity",1298424420,1299801240,1376820,102780779.1806
"Bourne identity",1298424420,1299954720,1530300,102780779.1806
"Bourne identity",1298427660,1485068256,186640596,102780779.1806
"Bourne identity",1298431560,1485068256,186636696,102780779.1806
"Bourne identity",1298431560,1299353700,922140,102780779.1806
"Bourne identity",1298432820,1485068256,186635436,102780779.1806
"Bourne identity",1298491500,1485068256,186576756,102780779.1806
"Bourne identity",1298491500,1298852760,361260,102780779.1806
"Bourne identity",1298491500,1299175680,684180,102780779.1806
"Bourne identity",1298496780,1485068256,186571476,102780779.1806
"Bourne identity",1298496780,1299360180,863400,102780779.1806
"Bourne identity",1298504820,1298505000,180,102780779.1806
"Bourne identity",1298504820,1298842920,338100,102780779.1806
"Bourne identity",1298511720,1485068256,186556536,102780779.1806
"Bourne identity",1298511720,1299092640,580920,102780779.1806
"Bourne identity",1298511720,1299533040,1021320,102780779.1806
"Bourne identity",1298599680,1485068256,186468576,102780779.1806
"Bourne identity",1298599680,1298763240,163560,102780779.1806
"Bourne identity",1298599680,1299892740,1293060,102780779.1806
"Bourne identity",1298599680,1300039260,1439580,102780779.1806
"Bourne identity",1298672640,1485068256,186395616,102780779.1806
"Bourne identity",1298672640,1300744680,2072040,102780779.1806
"Bourne identity",1298759160,1485068256,186309096,102780779.1806
"Bourne identity",1298759160,1300139460,1380300,102780779.1806
"Bourne identity",1298759160,1300215480,1456320,102780779.1806
"Bourne identity",1298765040,1298765280,240,102780779.1806
"Bourne identity",1298765040,1298854260,89220,102780779.1806
"Bourne identity",1298951760,1485068256,186116496,102780779.1806
"Bourne identity",1298951760,1300756140,1804380,102780779.1806
"Bourne identity",1298951760,1300857540,1905780,102780779.1806
"Bourne identity",1298951760,1300987860,2036100,102780779.1806
"Bourne identity",1299014520,1485068256,186053736,102780779.1806
"Bourne identity",1299014520,1299185040,170520,102780779.1806
"Bourne identity",1299014520,1299471600,457080,102780779.1806
"Bourne identity",1299014520,1299526740,512220,102780779.1806
"Bourne identity",1299014520,1301184780,2170260,102780779.1806
"Bourne identity",1299014520,1301257320,2242800,102780779.1806
"Bourne identity",1299020580,1485068256,186047676,102780779.1806
"Bourne identity",1299020580,1299630420,609840,102780779.1806
"Bourne identity",1299020580,1300036020,1015440,102780779.1806
"Bourne identity",1299185340,1485068256,185882916,102780779.1806
"Bourne identity",1299185340,1301532780,2347440,102780779.1806
"Bourne identity",1299207900,1485068256,185860356,102780779.1806
"Bourne identity",1299207900,1299366660,158760,102780779.1806
"Bourne identity",1299369000,1485068256,185699256,102780779.1806
"Bourne identity",1299369000,1300146300,777300,102780779.1806
"Bourne identity",1299369240,1485068256,185699016,102780779.1806
"Bourne identity",1299369240,1300232040,862800,102780779.1806
"Bourne identity",1299374280,1485068256,185693976,102780779.1806
"Bourne identity",1299374280,1300216680,842400,102780779.1806
"Bourne identity",1299375120,1485068256,185693136,102780779.1806
"Bourne identity",1299532920,1485068256,185535336,102780779.1806
"Bourne identity",1299532920,1299546840,13920,102780779.1806
"Bourne identity",1299537600,1485068256,185530656,102780779.1806
"Bourne identity",1299537600,1299716940,179340,102780779.1806
"Bourne identity",1299624180,1485068256,185444076,102780779.1806
"Bourne identity",1299624180,1300229340,605160,102780779.1806
"Bourne identity",1299786600,1485068256,185281656,102780779.1806
"Bourne identity",1299786600,1300138980,352380,102780779.1806
"Bourne identity",1299786600,1300327800,541200,102780779.1806
"Bourne identity",1299786600,1300578060,791460,102780779.1806
"Bourne identity",1299803280,1485068256,185264976,102780779.1806
"Bourne identity",1299803280,1300141200,337920,102780779.1806
"Bourne identity",1299813480,1485068256,185254776,102780779.1806
"Bourne identity",1299813480,1300837680,1024200,102780779.1806
"Bourne identity",1299813480,1300992720,1179240,102780779.1806
"Bourne identity",1299813480,1301268060,1454580,102780779.1806
"Bourne identity",1299813480,1301338140,1524660,102780779.1806
"Bourne identity",1299963960,1485068256,185104296,102780779.1806
"Bourne identity",1299963960,1301177100,1213140,102780779.1806
"Bourne identity",1299963960,1301510940,1546980,102780779.1806
"Bourne identity",1299978480,1485068256,185089776,102780779.1806
"Bourne identity",1299978480,1303868580,3890100,102780779.1806
"Bourne identity",1299978480,1304287560,4309080,102780779.1806
"Bourne identity",1299978540,1485068256,185089716,102780779.1806
"Bourne identity",1300060020,1485068256,185008236,102780779.1806
"Bourne identity",1300060020,1301872980,1812960,102780779.1806
"Bourne identity",1300060020,1302112200,2052180,102780779.1806
"Bourne identity",1300129020,1485068256,184939236,102780779.1806
"Bourne identity",1300129020,1305669420,5540400,102780779.1806
"Bourne identity",1300129020,1305739980,5610960,102780779.1806
"Bourne identity",1300154820,1485068256,184913436,102780779.1806
"Bourne identity",1300154820,1303755540,3600720,102780779.1806
"Bourne identity",1300155780,1485068256,184912476,102780779.1806
"Bourne identity",1300155780,1301968020,1812240,102780779.1806
"Bourne identity",1300155780,1302380340,2224560,102780779.1806
"Bourne identity",1300155780,1303582980,3427200,102780779.1806
"Bourne identity",1300320300,1485068256,184747956,102780779.1806
"Bourne identity",1300320300,1301442000,1121700,102780779.1806
"Bourne identity",1300385700,1485068256,184682556,102780779.1806
"Bourne identity",1300385700,1300735620,349920,102780779.1806
"Bourne identity",1300385700,1300856400,470700,102780779.1806
"Bourne identity",1300385700,1300991280,605580,102780779.1806
"Bourne identity",1300471500,1485068256,184596756,102780779.1806
"Bourne identity",1300471500,1303150440,2678940,102780779.1806
"Bourne identity",1300471500,1304529120,4057620,102780779.1806
"Bourne identity",1300481640,1485068256,184586616,102780779.1806
"Bourne identity",1300481640,1303934340,3452700,102780779.1806
"Bourne identity",1300485180,1485068256,184583076,102780779.1806
"Bourne identity",1300485180,1301165220,680040,102780779.1806
"Bourne identity",1300561080,1485068256,184507176,102780779.1806
"Bourne identity",1300564320,1485068256,184503936,102780779.1806
"Bourne identity",1300580520,1485068256,184487736,102780779.1806
"Bourne identity",1300580520,1301003760,423240,102780779.1806
"Bourne identity",1300580520,1301202180,621660,102780779.1806
"Bourne identity",1300580520,1301343240,762720,102780779.1806
"Bourne identity",1300739040,1485068256,184329216,102780779.1806
"Bourne identity",1300739040,1300825020,85980,102780779.1806
"Bourne identity",1300739040,1300940040,201000,102780779.1806
"Bourne identity",1300741860,1485068256,184326396,102780779.1806
"Bourne identity",1300741860,1302652080,1910220,102780779.1806
"Bourne identity",1300741860,1302843720,2101860,102780779.1806
"Bourne identity",1300746360,1485068256,184321896,102780779.1806
"Bourne identity",1300838700,1485068256,184229556,102780779.1806
"Bourne identity",1300838700,1302299160,1460460,102780779.1806
"Bourne identity",1300899840,1485068256,184168416,102780779.1806
"Bourne identity",1300903260,1485068256,184164996,102780779.1806
"Bourne identity",1300903260,1301423400,520140,102780779.1806
"Bourne identity",1300903260,1301637660,734400,102780779.1806
"Bourne identity",1300903260,1301954940,1051680,102780779.1806
"Bourne identity",1300914720,1485068256,184153536,102780779.1806
"Bourne identity",1300992060,1485068256,184076196,102780779.1806
"Bourne identity",1300992060,1301094540,102480,102780779.1806
"Bourne identity",1301005680,1485068256,184062576,102780779.1806
"Bourne identity",1301165580,1485068256,183902676,102780779.1806
"Bourne identity",1301165580,1301334120,168540,102780779.1806
"Bourne identity",1301165580,1301459940,294360,102780779.1806
"Bourne identity",1301337060,1485068256,183731196,102780779.1806
"Bourne identity",1301337060,1301971560,634500,102780779.1806
"Bourne identity",1301337060,1302111000,773940,102780779.1806
"Bourne identity",1301349060,1485068256,183719196,102780779.1806
"Bourne identity",1301349060,1302207180,858120,102780779.1806
"Bourne identity",1301349060,1302469260,1120200,102780779.1806
"Bourne identity",1301517480,1485068256,183550776,102780779.1806
"Bourne identity",1301518380,1485068256,183549876,102780779.1806
"Bourne identity",1301518380,1301872140,353760,102780779.1806
"Bourne identity",1301518380,1302540660,1022280,102780779.1806
"Bourne identity",1301527080,1485068256,183541176,102780779.1806
"Bourne identity",1301533140,1485068256,183535116,102780779.1806
"Bourne identity",1301624760,1485068256,183443496,102780779.1806
"Bourne identity",1301624760,1302832920,1208160,102780779.1806
"Bourne identity",1301788620,1485068256,183279636,102780779.1806
"Bourne identity",1301788620,1302378600,589980,102780779.1806
"Bourne identity",1301959740,1485068256,183108516,102780779.1806
"Bourne identity",1301959740,1303167780,1208040,102780779.1806
"Bourne identity",1302029580,1485068256,183038676,102780779.1806
"Bourne identity",1302029580,1302632760,603180,102780779.1806
"Bourne identity",1302029580,1302720000,690420,102780779.1806
"Bourne identity",1302047520,1485068256,183020736,102780779.1806
"Bourne identity",1302047520,1302299220,251700,102780779.1806
"Bourne identity",1302140820,1485068256,182927436,102780779.1806
"Bourne identity",1302140820,1302309240,168420,102780779.1806
"Bourne identity",1302202440,1485068256,182865816,102780779.1806
"Bourne identity",1302202440,1304045340,1842900,102780779.1806
"Bourne identity",1302202440,1304290980,2088540,102780779.1806
"Bourne identity",1302202440,1304363640,2161200,102780779.1806
"Bourne identity",1302212280,1485068256,182855976,102780779.1806
"Bourne identity",1302212280,1303412040,1199760,102780779.1806
"Bourne identity",1302305100,1485068256,182763156,102780779.1806
"Bourne identity",1302305100,1302563340,258240,102780779.1806
"Bourne identity",1302384480,1485068256,182683776,102780779.1806
"Bourne identity",1302384480,1303177800,793320,102780779.1806
"Bourne identity",1302384480,1303924440,1539960,102780779.1806
"Bourne identity",1302396360,1485068256,182671896,102780779.1806
"Bourne identity",1302561480,1485068256,182506776,102780779.1806
"Bourne identity",1302561480,1303846620,1285140,102780779.1806
"Bourne identity",1302561480,1304034420,1472940,102780779.1806
"Bourne identity",1302563400,1485068256,182504856,102780779.1806
"Bourne identity",1302563400,1303756140,1192740,102780779.1806
"Bourne identity",1302564000,1485068256,182504256,102780779.1806
"Bourne identity",1302564000,1304799240,2235240,102780779.1806
"Bourne identity",1302565140,1485068256,182503116,102780779.1806
"Bourne identity",1302574080,1485068256,182494176,102780779.1806
"Bourne identity",1302576360,1485068256,182491896,102780779.1806
"Bourne identity",1302576360,1303077660,501300,102780779.1806
"Bourne identity",1302576360,1303321200,744840,102780779.1806
"Bourne identity",1302641820,1485068256,182426436,102780779.1806
"Bourne identity",1302641820,1304723640,2081820,102780779.1806
"Bourne identity",1302641820,1304969280,2327460,102780779.1806
"Bourne identity",1302657120,1485068256,182411136,102780779.1806
"Bourne identity",1302910800,1485068256,182157456,102780779.1806
"Bourne identity",1302912540,1485068256,182155716,102780779.1806
"Bourne identity",1302912540,1303246140,333600,102780779.1806
"Bourne identity",1303166940,1485068256,181901316,102780779.1806
"Bourne identity",1303166940,1305512760,2345820,102780779.1806
"Bourne identity",1303243500,1485068256,181824756,102780779.1806
"Bourne identity",1303243500,1304373660,1130160,102780779.1806
"Bourne identity",1303243500,1304645940,1402440,102780779.1806
"Bourne identity",1303243500,1304795580,1552080,102780779.1806
"Bourne identity",1303324860,1485068256,181743396,102780779.1806
"Bourne identity",1303324860,1303348200,23340,102780779.1806
"Bourne identity",1303324860,1303675800,350940,102780779.1806
"Bourne identity",1303348920,1485068256,181719336,102780779.1806
"Bourne identity",1303414500,1485068256,181653756,102780779.1806
"Bourne identity",1303414500,1304989140,1574640,102780779.1806
"Bourne identity",1303414500,1305398640,1984140,102780779.1806
"Bourne identity",1303417680,1485068256,181650576,102780779.1806
"Bourne identity",1303417680,1303618680,201000,102780779.1806
"Bourne identity",1303417680,1303758960,341280,102780779.1806
"Bourne identity",1303429800,1485068256,181638456,102780779.1806
"Bourne identity",1303429800,1303872720,442920,102780779.1806
"Bourne identity",1303512780,1485068256,181555476,102780779.1806
"Bourne identity",1303512780,1304460000,947220,102780779.1806
"Bourne identity",1303587540,1485068256,181480716,102780779.1806
"Bourne identity",1303587540,1303767960,180420,102780779.1806
"Bourne identity",1303606320,1485068256,181461936,102780779.1806
"Bourne identity",1303606500,1485068256,181461756,102780779.1806
"Bourne identity",1303606500,1303953780,347280,102780779.1806
"Bourne identity",1303756140,1485068256,181312116,102780779.1806
"Bourne identity",1303756140,1306174260,2418120,102780779.1806
"Bourne identity",1303764300,1485068256,181303956,102780779.1806
"Bourne identity",1303776540,1485068256,181291716,102780779.1806
"Bourne identity",1303776540,1304809320,1032780,102780779.1806
"Bourne identity",1303778820,1485068256,181289436,102780779.1806
"Bourne identity",1303778820,1304990220,1211400,102780779.1806
"Bourne identity",1303864200,1485068256,181204056,102780779.1806
"Bourne identity",1303864200,1304469480,605280,102780779.1806
"Bourne identity",1303930980,1485068256,181137276,102780779.1806
"Bourne identity",1303930980,1305584280,1653300,102780779.1806
"Bourne identity",1303930980,1305745560,1814580,102780779.1806
"Bourne identity",1303930980,1305828600,1897620,102780779.1806
"Bourne identity",1303945260,1485068256,181122996,102780779.1806
"Bourne identity",1303945260,1304017680,72420,102780779.1806
"Bourne identity",1303945260,1304216040,270780,102780779.1806
"Bourne identity",1303954500,1485068256,181113756,102780779.1806
"Bourne identity",1303954500,1304461680,507180,102780779.1806
"Bourne identity",1303957020,1485068256,181111236,102780779.1806
"Bourne identity",1304197860,1485068256,180870396,102780779.1806
"Bourne identity",1304197860,1306275240,2077380,102780779.1806
"Bourne identity",1304200320,1485068256,180867936,102780779.1806
"Bourne identity",1304200320,1304627340,427020,102780779.1806
"Bourne identity",1304200320,1304972100,771780,102780779.1806
"Bourne identity",1304210340,1485068256,180857916,102780779.1806
"Bourne identity",1304210340,1304454480,244140,102780779.1806
"Bourne identity",1304210340,1304801700,591360,102780779.1806
"Bourne identity",1304288700,1485068256,180779556,102780779.1806
"Bourne identity",1304288700,1306965360,2676660,102780779.1806
"Bourne identity",1304290680,1485068256,180777576,102780779.1806
"Bourne identity",1304363220,1485068256,180705036,102780779.1806
"Bourne identity",1304363220,1304457660,94440,102780779.1806
"Bourne identity",1304475120,1485068256,180593136,102780779.1806
"Bourne identity",1304475120,1305148440,673320,102780779.1806
"Bourne identity",1304475120,1305228960,753840,102780779.1806
"Bourne identity",1304529300,1485068256,180538956,102780779.1806
"Bourne identity",1304529300,1305432300,903000,102780779.1806
"Bourne identity",1304529300,1305492240,962940,102780779.1806
"Bourne identity",1304535540,1485068256,180532716,102780779.1806
"Bourne identity",1304535540,1305686700,1151160,102780779.1806
"Bourne identity",1304554680,1485068256,180513576,102780779.1806
"Bourne identity",1304554680,1305765480,1210800,102780779.1806
"Bourne identity",1304556420,1485068256,180511836,102780779.1806
"Bourne identity",1304556420,1306264920,1708500,102780779.1806
"Bourne identity",1304615160,1485068256,180453096,102780779.1806
"Bourne identity",1304615160,1306875660,2260500,102780779.1806
"Bourne identity",1304638980,1485068256,180429276,102780779.1806
"Bourne identity",1304638980,1306442580,1803600,102780779.1806
"Bourne identity",1304638980,1306625760,1986780,102780779.1806
"Bourne identity",1304638980,1306865520,2226540,102780779.1806
"Bourne identity",1304729100,1485068256,180339156,102780779.1806
"Bourne identity",1304729100,1305831540,1102440,102780779.1806
"Bourne identity",1304972100,1485068256,180096156,102780779.1806
"Bourne identity",1304972100,1306272180,1300080,102780779.1806
"Bourne identity",1304981040,1485068256,180087216,102780779.1806
"Bourne identity",1304981040,1305162360,181320,102780779.1806
"Bourne identity",1305063720,1485068256,180004536,102780779.1806
"Bourne identity",1305063720,1305672780,609060,102780779.1806
"Bourne identity",1305065460,1485068256,180002796,102780779.1806
"Bourne identity",1305065460,1306361760,1296300,102780779.1806
"Bourne identity",1305065460,1485068256,180002796,102780779.1806
"Bourne identity",1305065460,1306361760,1296300,102780779.1806
"Bourne identity",1305137880,1485068256,179930376,102780779.1806
"Bourne identity",1305137880,1305747300,609420,102780779.1806
"Bourne identity",1305251520,1485068256,179816736,102780779.1806
"Bourne identity",1305251520,1305680940,429420,102780779.1806
"Bourne identity",1305309780,1485068256,179758476,102780779.1806
"Bourne identity",1305309780,1305497700,187920,102780779.1806
"Bourne identity",1305394620,1485068256,179673636,102780779.1806
"Bourne identity",1305394620,1308688500,3293880,102780779.1806
"Bourne identity",1305394620,1309327200,3932580,102780779.1806
"Bourne identity",1305394620,1309455300,4060680,102780779.1806
"Bourne identity",1305501480,1485068256,179566776,102780779.1806
"Bourne identity",1305501480,1309304820,3803340,102780779.1806
"Bourne identity",1305501480,1309474920,3973440,102780779.1806
"Bourne identity",1305501480,1309732620,4231140,102780779.1806
"Bourne identity",1305501480,1485068256,179566776,102780779.1806
"Bourne identity",1305501480,1309374720,3873240,102780779.1806
"Bourne identity",1305591240,1485068256,179477016,102780779.1806
"Bourne identity",1305591240,1307411040,1819800,102780779.1806
"Bourne identity",1305591240,1307640780,2049540,102780779.1806
"Bourne identity",1305591240,1307726460,2135220,102780779.1806
"Bourne identity",1305685500,1485068256,179382756,102780779.1806
"Bourne identity",1305685500,1305750060,64560,102780779.1806
"Bourne identity",1305746760,1485068256,179321496,102780779.1806
"Bourne identity",1305746760,1306961880,1215120,102780779.1806
"Bourne identity",1305747840,1485068256,179320416,102780779.1806
"Bourne identity",1305747840,1307734200,1986360,102780779.1806
"Bourne identity",1305747840,1308705960,2958120,102780779.1806
"Bourne identity",1305747840,1308762360,3014520,102780779.1806
"Bourne identity",1305748740,1485068256,179319516,102780779.1806
"Bourne identity",1305748740,1306188060,439320,102780779.1806
"Bourne identity",1305760200,1485068256,179308056,102780779.1806
"Bourne identity",1305760200,1307567100,1806900,102780779.1806
"Bourne identity",1305762180,1485068256,179306076,102780779.1806
"Bourne identity",1305762180,1306103880,341700,102780779.1806
"Bourne identity",1305827700,1485068256,179240556,102780779.1806
"Bourne identity",1305827700,1308772980,2945280,102780779.1806
"Bourne identity",1305835980,1485068256,179232276,102780779.1806
"Bourne identity",1305835980,1306876260,1040280,102780779.1806
"Bourne identity",1305841620,1485068256,179226636,102780779.1806
"Bourne identity",1305841620,1307052120,1210500,102780779.1806
"Bourne identity",1305841620,1307227140,1385520,102780779.1806
"Bourne identity",1305841620,1307295660,1454040,102780779.1806
"Bourne identity",1306009620,1485068256,179058636,102780779.1806
"Bourne identity",1306009620,1306621380,611760,102780779.1806
"Bourne identity",1306016880,1485068256,179051376,102780779.1806
"Bourne identity",1306016880,1306528980,512100,102780779.1806
"Bourne identity",1306025820,1485068256,179042436,102780779.1806
"Bourne identity",1306025820,1308021420,1995600,102780779.1806
"Bourne identity",1306025820,1308087720,2061900,102780779.1806
"Bourne identity",1306025820,1308935520,2909700,102780779.1806
"Bourne identity",1306025820,1309114980,3089160,102780779.1806
"Bourne identity",1306175280,1485068256,178892976,102780779.1806
"Bourne identity",1306175280,1306528020,352740,102780779.1806
"Bourne identity",1306184160,1485068256,178884096,102780779.1806
"Bourne identity",1306273800,1485068256,178794456,102780779.1806
"Bourne identity",1306344300,1485068256,178723956,102780779.1806
"Bourne identity",1306344300,1307583120,1238820,102780779.1806
"Bourne identity",1306353120,1485068256,178715136,102780779.1806
"Bourne identity",1306353120,1306878540,525420,102780779.1806
"Bourne identity",1306444200,1485068256,178624056,102780779.1806
"Bourne identity",1306444200,1307666340,1222140,102780779.1806
"Bourne identity",1306444200,1308165660,1721460,102780779.1806
"Bourne identity",1306528020,1485068256,178540236,102780779.1806
"Bourne identity",1306528020,1308947220,2419200,102780779.1806
"Bourne identity",1306541040,1485068256,178527216,102780779.1806
"Bourne identity",1306541040,1307576400,1035360,102780779.1806
"Bourne identity",1306541040,1307995260,1454220,102780779.1806
"Bourne identity",1306615800,1485068256,178452456,102780779.1806
"Bourne identity",1306627320,1485068256,178440936,102780779.1806
"Bourne identity",1306627320,1307410620,783300,102780779.1806
"Bourne identity",1306630020,1485068256,178438236,102780779.1806
"Bourne identity",1306704240,1485068256,178364016,102780779.1806
"Bourne identity",1306704240,1308191220,1486980,102780779.1806
"Bourne identity",1306869960,1485068256,178198296,102780779.1806
"Bourne identity",1306869960,1307491260,621300,102780779.1806
"Bourne identity",1306890120,1485068256,178178136,102780779.1806
"Bourne identity",1306890120,1308104580,1214460,102780779.1806
"Bourne identity",1306890120,1308423900,1533780,102780779.1806
"Bourne identity",1306890120,1308594300,1704180,102780779.1806
"Bourne identity",1306966800,1485068256,178101456,102780779.1806
"Bourne identity",1306966800,1307158080,191280,102780779.1806
"Bourne identity",1307118840,1485068256,177949416,102780779.1806
"Bourne identity",1307118840,1308439200,1320360,102780779.1806
"Bourne identity",1307207520,1485068256,177860736,102780779.1806
"Bourne identity",1307207520,1308338820,1131300,102780779.1806
"Bourne identity",1307208600,1485068256,177859656,102780779.1806
"Bourne identity",1307208600,1307477880,269280,102780779.1806
"Bourne identity",1307208600,1307593560,384960,102780779.1806
"Bourne identity",1307208600,1308003120,794520,102780779.1806
"Bourne identity",1307313360,1485068256,177754896,102780779.1806
"Bourne identity",1307313360,1308882900,1569540,102780779.1806
"Bourne identity",1307392680,1485068256,177675576,102780779.1806
"Bourne identity",1307392680,1308612060,1219380,102780779.1806
"Bourne identity",1307472900,1485068256,177595356,102780779.1806
"Bourne identity",1307479980,1485068256,177588276,102780779.1806
"Bourne identity",1307479980,1308705840,1225860,102780779.1806
"Bourne identity",1307482020,1485068256,177586236,102780779.1806
"Bourne identity",1307482020,1308698940,1216920,102780779.1806
"Bourne identity",1307494200,1485068256,177574056,102780779.1806
"Bourne identity",1307494200,1309631100,2136900,102780779.1806
"Bourne identity",1307494200,1309712820,2218620,102780779.1806
"Bourne identity",1307573400,1485068256,177494856,102780779.1806
"Bourne identity",1307730000,1485068256,177338256,102780779.1806
"Bourne identity",1307743860,1485068256,177324396,102780779.1806
"Bourne identity",1307837640,1485068256,177230616,102780779.1806
"Bourne identity",1307837640,1308096480,258840,102780779.1806
"Bourne identity",1308003060,1485068256,177065196,102780779.1806
"Bourne identity",1308180540,1485068256,176887716,102780779.1806
"Bourne identity",1308184500,1485068256,176883756,102780779.1806
"Bourne identity",1308184500,1308331680,147180,102780779.1806
"Bourne identity",1308256740,1485068256,176811516,102780779.1806
"Bourne identity",1308256740,1308333060,76320,102780779.1806
"Bourne identity",1308270840,1485068256,176797416,102780779.1806
"Bourne identity",1308270840,1310003160,1732320,102780779.1806
"Bourne identity",1308355140,1485068256,176713116,102780779.1806
"Bourne identity",1308355140,1309215060,859920,102780779.1806
"Bourne identity",1308355140,1309372200,1017060,102780779.1806
"Bourne identity",1308355140,1309459620,1104480,102780779.1806
"Bourne identity",1308421620,1485068256,176646636,102780779.1806
"Bourne identity",1308421620,1309653660,1232040,102780779.1806
"Bourne identity",1308421620,1310104200,1682580,102780779.1806
"Bourne identity",1308421620,1310238000,1816380,102780779.1806
"Bourne identity",1308424920,1485068256,176643336,102780779.1806
"Bourne identity",1308436260,1485068256,176631996,102780779.1806
"Bourne identity",1308521340,1485068256,176546916,102780779.1806
"Bourne identity",1308521340,1310426520,1905180,102780779.1806
"Bourne identity",1308521340,1310605620,2084280,102780779.1806
"Bourne identity",1308622500,1485068256,176445756,102780779.1806
"Bourne identity",1308622500,1309551300,928800,102780779.1806
"Bourne identity",1308622500,1309735200,1112700,102780779.1806
"Bourne identity",1308622500,1309890780,1268280,102780779.1806
"Bourne identity",1308687300,1485068256,176380956,102780779.1806
"Bourne identity",1308687300,1309312620,625320,102780779.1806
"Bourne identity",1308696900,1485068256,176371356,102780779.1806
"Bourne identity",1308696900,1309224480,527580,102780779.1806
"Bourne identity",1308700320,1485068256,176367936,102780779.1806
"Bourne identity",1308700320,1309223340,523020,102780779.1806
"Bourne identity",1308709740,1485068256,176358516,102780779.1806
"Bourne identity",1308709740,1309653300,943560,102780779.1806
"Bourne identity",1308709740,1309979280,1269540,102780779.1806
"Bourne identity",1308709740,1310068680,1358940,102780779.1806
"Bourne identity",1308711540,1485068256,176356716,102780779.1806
"Bourne identity",1308711540,1309900860,1189320,102780779.1806
"Bourne identity",1308780300,1485068256,176287956,102780779.1806
"Bourne identity",1308780300,1311460020,2679720,102780779.1806
"Bourne identity",1308781740,1485068256,176286516,102780779.1806
"Bourne identity",1308781740,1308865260,83520,102780779.1806
"Bourne identity",1308864960,1485068256,176203296,102780779.1806
"Bourne identity",1308883980,1485068256,176184276,102780779.1806
"Bourne identity",1308883980,1309630740,746760,102780779.1806
"Bourne identity",1308941700,1485068256,176126556,102780779.1806
"Bourne identity",1308941700,1309900200,958500,102780779.1806
"Bourne identity",1308947820,1485068256,176120436,102780779.1806
"Bourne identity",1308947820,1308951480,3660,102780779.1806
"Bourne identity",1308951480,1485068256,176116776,102780779.1806
"Bourne identity",1308951480,1311377100,2425620,102780779.1806
"Bourne identity",1309212420,1485068256,175855836,102780779.1806
"Bourne identity",1309212420,1309383060,170640,102780779.1806
"Bourne identity",1309212420,1309728300,515880,102780779.1806
"Bourne identity",1309212420,1309897500,685080,102780779.1806
"Bourne identity",1309284900,1485068256,175783356,102780779.1806
"Bourne identity",1309284900,1310158140,873240,102780779.1806
"Bourne identity",1309284900,1310351040,1066140,102780779.1806
"Bourne identity",1309284900,1310419140,1134240,102780779.1806
"Bourne identity",1309315440,1485068256,175752816,102780779.1806
"Bourne identity",1309315440,1311124740,1809300,102780779.1806
"Bourne identity",1309315440,1312426380,3110940,102780779.1806
"Bourne identity",1309315440,1312649520,3334080,102780779.1806
"Bourne identity",1309315440,1313524800,4209360,102780779.1806
"Bourne identity",1309315440,1313704680,4389240,102780779.1806
"Bourne identity",1309382040,1485068256,175686216,102780779.1806
"Bourne identity",1309382040,1310682480,1300440,102780779.1806
"Bourne identity",1309382040,1311187920,1805880,102780779.1806
"Bourne identity",1309382040,1311271920,1889880,102780779.1806
"Bourne identity",1309393980,1485068256,175674276,102780779.1806
"Bourne identity",1309393980,1310876760,1482780,102780779.1806
"Bourne identity",1309393980,1311024960,1630980,102780779.1806
"Bourne identity",1309399200,1485068256,175669056,102780779.1806
"Bourne identity",1309555920,1485068256,175512336,102780779.1806
"Bourne identity",1309555920,1310925600,1369680,102780779.1806
"Bourne identity",1309641720,1485068256,175426536,102780779.1806
"Bourne identity",1309641720,1312333020,2691300,102780779.1806
"Bourne identity",1309641720,1312393860,2752140,102780779.1806
"Bourne identity",1309643100,1485068256,175425156,102780779.1806
"Bourne identity",1309643100,1309982460,339360,102780779.1806
"Bourne identity",1309897860,1485068256,175170396,102780779.1806
"Bourne identity",1309897860,1310522820,624960,102780779.1806
"Bourne identity",1309897860,1310696040,798180,102780779.1806
"Bourne identity",1309897860,1311827220,1929360,102780779.1806
"Bourne identity",1309898040,1485068256,175170216,102780779.1806
"Bourne identity",1309898040,1311453720,1555680,102780779.1806
"Bourne identity",1309898040,1311789300,1891260,102780779.1806
"Bourne identity",1309898040,1312843320,2945280,102780779.1806
"Bourne identity",1309898040,1312915560,3017520,102780779.1806
"Bourne identity",1309898040,1313894640,3996600,102780779.1806
"Bourne identity",1309898040,1314054360,4156320,102780779.1806
"Bourne identity",1309908480,1485068256,175159776,102780779.1806
"Bourne identity",1309908480,1309996380,87900,102780779.1806
"Bourne identity",1309915020,1485068256,175153236,102780779.1806
"Bourne identity",1309915020,1312073520,2158500,102780779.1806
"Bourne identity",1309918260,1485068256,175149996,102780779.1806
"Bourne identity",1309918260,1310161080,242820,102780779.1806
"Bourne identity",1309918260,1310352720,434460,102780779.1806
"Bourne identity",1309975740,1485068256,175092516,102780779.1806
"Bourne identity",1309989180,1485068256,175079076,102780779.1806
"Bourne identity",1309989180,1311705420,1716240,102780779.1806
"Bourne identity",1309993980,1485068256,175074276,102780779.1806
"Bourne identity",1309993980,1310609160,615180,102780779.1806
"Bourne identity",1309993980,1310851440,857460,102780779.1806
"Bourne identity",1309993980,1311022680,1028700,102780779.1806
"Bourne identity",1310075820,1485068256,174992436,102780779.1806
"Bourne identity",1310075820,1310238240,162420,102780779.1806
"Bourne identity",1310244780,1485068256,174823476,102780779.1806
"Bourne identity",1310258760,1485068256,174809496,102780779.1806
"Bourne identity",1310258760,1311223440,964680,102780779.1806
"Bourne identity",1310258760,1311268080,1009320,102780779.1806
"Bourne identity",1310403780,1485068256,174664476,102780779.1806
"Bourne identity",1310403780,1310771700,367920,102780779.1806
"Bourne identity",1310403780,1311027960,624180,102780779.1806
"Bourne identity",1310403780,1312149180,1745400,102780779.1806
"Bourne identity",1310427060,1313015520,2588460,102780779.1806
"Bourne identity",1310431620,1311201660,770040,102780779.1806
"Bourne identity",1310431620,1311396660,965040,102780779.1806
"Bourne identity",1310431620,1311439560,1007940,102780779.1806
"Bourne identity",1310510280,1485068256,174557976,102780779.1806
"Bourne identity",1310512740,1485068256,174555516,102780779.1806
"Bourne identity",1310512740,1310862000,349260,102780779.1806
"Bourne identity",1310512740,1311370320,857580,102780779.1806
"Bourne identity",1310512740,1311443760,931020,102780779.1806
"Bourne identity",1310600880,1485068256,174467376,102780779.1806
"Bourne identity",1310600880,1311807240,1206360,102780779.1806
"Bourne identity",1310669160,1485068256,174399096,102780779.1806
"Bourne identity",1310680140,1485068256,174388116,102780779.1806
"Bourne identity",1310680140,1313805960,3125820,102780779.1806
"Bourne identity",1310761320,1485068256,174306936,102780779.1806
"Bourne identity",1310761320,1313785860,3024540,102780779.1806
"Bourne identity",1310940000,1485068256,174128256,102780779.1806
"Bourne identity",1310940000,1310944680,4680,102780779.1806
"Bourne identity",1311021960,1485068256,174046296,102780779.1806
"Bourne identity",1311021960,1311718260,696300,102780779.1806
"Bourne identity",1311043920,1485068256,174024336,102780779.1806
"Bourne identity",1311108540,1485068256,173959716,102780779.1806
"Bourne identity",1311108540,1313284740,2176200,102780779.1806
"Bourne identity",1311108540,1313344800,2236260,102780779.1806
"Bourne identity",1311197160,1311197460,300,102780779.1806
"Bourne identity",1311284400,1485068256,173783856,102780779.1806
"Bourne identity",1311284400,1311808200,523800,102780779.1806
"Bourne identity",1311293220,1485068256,173775036,102780779.1806
"Bourne identity",1311293760,1485068256,173774496,102780779.1806
"Bourne identity",1311293760,1312609740,1315980,102780779.1806
"Bourne identity",1311293760,1312839840,1546080,102780779.1806
"Bourne identity",1311354720,1485068256,173713536,102780779.1806
"Bourne identity",1311354720,1313262960,1908240,102780779.1806
"Bourne identity",1311354720,1313436000,2081280,102780779.1806
"Bourne identity",1311464340,1485068256,173603916,102780779.1806
"Bourne identity",1311464340,1311729180,264840,102780779.1806
"Bourne identity",1311464340,1311792780,328440,102780779.1806
"Bourne identity",1311548820,1485068256,173519436,102780779.1806
"Bourne identity",1311548820,1312675800,1126980,102780779.1806
"Bourne identity",1311548820,1312997820,1449000,102780779.1806
"Bourne identity",1311617700,1485068256,173450556,102780779.1806
"Bourne identity",1311617700,1314037200,2419500,102780779.1806
"Bourne identity",1311618120,1485068256,173450136,102780779.1806
"Bourne identity",1311618120,1311638340,20220,102780779.1806
"Bourne identity",1311639540,1485068256,173428716,102780779.1806
"Bourne identity",1311639540,1312830960,1191420,102780779.1806
"Bourne identity",1311715680,1485068256,173352576,102780779.1806
"Bourne identity",1311721020,1485068256,173347236,102780779.1806
"Bourne identity",1311721020,1311969600,248580,102780779.1806
"Bourne identity",1311721020,1312223760,502740,102780779.1806
"Bourne identity",1311799020,1485068256,173269236,102780779.1806
"Bourne identity",1311814440,1485068256,173253816,102780779.1806
"Bourne identity",1311814440,1312253340,438900,102780779.1806
"Bourne identity",1311874560,1485068256,173193696,102780779.1806
"Bourne identity",1311907260,1485068256,173160996,102780779.1806
"Bourne identity",1311907260,1312247220,339960,102780779.1806
"Bourne identity",1311907260,1312340220,432960,102780779.1806
"Bourne identity",1312067460,1485068256,173000796,102780779.1806
"Bourne identity",1312067460,1312486740,419280,102780779.1806
"Bourne identity",1312070040,1485068256,172998216,102780779.1806
"Bourne identity",1312227420,1485068256,172840836,102780779.1806
"Bourne identity",1312227420,1312655400,427980,102780779.1806
"Bourne identity",1312319220,1312319940,720,102780779.1806
"Bourne identity",1312319940,1485068256,172748316,102780779.1806
"Bourne identity",1312319940,1315342860,3022920,102780779.1806
"Bourne identity",1312334100,1485068256,172734156,102780779.1806
"Bourne identity",1312334100,1314128400,1794300,102780779.1806
"Bourne identity",1312401180,1485068256,172667076,102780779.1806
"Bourne identity",1312401180,1313385060,983880,102780779.1806
"Bourne identity",1312401180,1313522940,1121760,102780779.1806
"Bourne identity",1312409460,1485068256,172658796,102780779.1806
"Bourne identity",1312409460,1312999020,589560,102780779.1806
"Bourne identity",1312478760,1485068256,172589496,102780779.1806
"Bourne identity",1312478760,1313260980,782220,102780779.1806
"Bourne identity",1312478760,1313429820,951060,102780779.1806
"Bourne identity",1312478760,1313521260,1042500,102780779.1806
"Bourne identity",1312579860,1485068256,172488396,102780779.1806
"Bourne identity",1312579860,1316118720,3538860,102780779.1806
"Bourne identity",1312587660,1485068256,172480596,102780779.1806
"Bourne identity",1312587660,1315599780,3012120,102780779.1806
"Bourne identity",1312676340,1485068256,172391916,102780779.1806
"Bourne identity",1312676340,1316909580,4233240,102780779.1806
"Bourne identity",1312676400,1485068256,172391856,102780779.1806
"Bourne identity",1312676400,1313970540,1294140,102780779.1806
"Bourne identity",1312747980,1485068256,172320276,102780779.1806
"Bourne identity",1312856640,1485068256,172211616,102780779.1806
"Bourne identity",1312856640,1313012460,155820,102780779.1806
"Bourne identity",1312856640,1313256000,399360,102780779.1806
"Bourne identity",1312921260,1485068256,172146996,102780779.1806
"Bourne identity",1312921680,1485068256,172146576,102780779.1806
"Bourne identity",1312937100,1485068256,172131156,102780779.1806
"Bourne identity",1312937100,1313280240,343140,102780779.1806
"Bourne identity",1312937100,1313435460,498360,102780779.1806
"Bourne identity",1313016840,1485068256,172051416,102780779.1806
"Bourne identity",1313016840,1313461680,444840,102780779.1806
"Bourne identity",1313089680,1485068256,171978576,102780779.1806
"Bourne identity",1313089680,1313690400,600720,102780779.1806
"Bourne identity",1313278320,1485068256,171789936,102780779.1806
"Bourne identity",1313278320,1313526720,248400,102780779.1806
"Bourne identity",1313278320,1313721600,443280,102780779.1806
"Bourne identity",1313278320,1313865000,586680,102780779.1806
"Bourne identity",1313279340,1485068256,171788916,102780779.1806
"Bourne identity",1313279340,1314315540,1036200,102780779.1806
"Bourne identity",1313439840,1485068256,171628416,102780779.1806
"Bourne identity",1313439840,1314468780,1028940,102780779.1806
"Bourne identity",1313532360,1485068256,171535896,102780779.1806
"Bourne identity",1313532360,1313714460,182100,102780779.1806
"Bourne identity",1313537040,1485068256,171531216,102780779.1806
"Bourne identity",1313603340,1485068256,171464916,102780779.1806
"Bourne identity",1313603340,1313868360,265020,102780779.1806
"Bourne identity",1313603340,1313961840,358500,102780779.1806
"Bourne identity",1313603640,1485068256,171464616,102780779.1806
"Bourne identity",1313603640,1316820480,3216840,102780779.1806
"Bourne identity",1313687760,1485068256,171380496,102780779.1806
"Bourne identity",1313687760,1314297360,609600,102780779.1806
"Bourne identity",1313687760,1314407880,720120,102780779.1806
"Bourne identity",1313687760,1314474960,787200,102780779.1806
"Bourne identity",1313710680,1485068256,171357576,102780779.1806
"Bourne identity",1314048060,1485068256,171020196,102780779.1806
"Bourne identity",1314048060,1314130680,82620,102780779.1806
"Bourne identity",1314050880,1485068256,171017376,102780779.1806
"Bourne identity",1314054540,1485068256,171013716,102780779.1806
"Bourne identity",1314054540,1314123120,68580,102780779.1806
"Bourne identity",1314136260,1485068256,170931996,102780779.1806
"Bourne identity",1314212580,1485068256,170855676,102780779.1806
"Bourne identity",1314212580,1316644140,2431560,102780779.1806
"Bourne identity",1314222720,1485068256,170845536,102780779.1806
"Bourne identity",1314232020,1485068256,170836236,102780779.1806
"Bourne identity",1314232020,1316572620,2340600,102780779.1806
"Bourne identity",1314235140,1485068256,170833116,102780779.1806
"Bourne identity",1314235140,1317258240,3023100,102780779.1806
"Bourne identity",1314299700,1485068256,170768556,102780779.1806
"Bourne identity",1314311760,1485068256,170756496,102780779.1806
"Bourne identity",1314311760,1315853400,1541640,102780779.1806
"Bourne identity",1314312540,1485068256,170755716,102780779.1806
"Bourne identity",1314312540,1318633500,4320960,102780779.1806
"Bourne identity",1314314940,1485068256,170753316,102780779.1806
"Bourne identity",1314314940,1315351020,1036080,102780779.1806
"Bourne identity",1314484920,1485068256,170583336,102780779.1806
"Bourne identity",1314484920,1315684320,1199400,102780779.1806
"Bourne identity",1314485880,1485068256,170582376,102780779.1806
"Bourne identity",1314485880,1315864860,1378980,102780779.1806
"Bourne identity",1314490020,1485068256,170578236,102780779.1806
"Bourne identity",1314490020,1315442400,952380,102780779.1806
"Bourne identity",1314563640,1485068256,170504616,102780779.1806
"Bourne identity",1314563640,1315350120,786480,102780779.1806
"Bourne identity",1314565260,1485068256,170502996,102780779.1806
"Bourne identity",1314565260,1315682340,1117080,102780779.1806
"Bourne identity",1315343160,1485068256,169725096,102780779.1806
"Bourne identity",1315343160,1316186040,842880,102780779.1806
"Bourne identity",1315354200,1485068256,169714056,102780779.1806
"Bourne identity",1315532760,1485068256,169535496,102780779.1806
"Bourne identity",1315532760,1316287860,755100,102780779.1806
"Bourne identity",1315680120,1485068256,169388136,102780779.1806
"Bourne identity",1315680120,1316643420,963300,102780779.1806
"Bourne identity",1315683600,1485068256,169384656,102780779.1806
"Bourne identity",1315683600,1316133000,449400,102780779.1806
"Bourne identity",1315689300,1485068256,169378956,102780779.1806
"Bourne identity",1315697220,1485068256,169371036,102780779.1806
"Bourne identity",1315697220,1315782660,85440,102780779.1806
"Bourne identity",1315783140,1485068256,169285116,102780779.1806
"Bourne identity",1315783140,1316903220,1120080,102780779.1806
"Bourne identity",1315876680,1485068256,169191576,102780779.1806
"Bourne identity",1315876680,1316389500,512820,102780779.1806
"Bourne identity",1315877760,1485068256,169190496,102780779.1806
"Bourne identity",1315877760,1316305380,427620,102780779.1806
"Bourne identity",1316025240,1485068256,169043016,102780779.1806
"Bourne identity",1316025240,1317146580,1121340,102780779.1806
"Bourne identity",1316129940,1485068256,168938316,102780779.1806
"Bourne identity",1316129940,1316741220,611280,102780779.1806
"Bourne identity",1316131260,1485068256,168936996,102780779.1806
"Bourne identity",1316186040,1485068256,168882216,102780779.1806
"Bourne identity",1316186040,1319239800,3053760,102780779.1806
"Bourne identity",1316217660,1485068256,168850596,102780779.1806
"Bourne identity",1316286180,1485068256,168782076,102780779.1806
"Bourne identity",1316286180,1316476320,190140,102780779.1806
"Bourne identity",1316288880,1485068256,168779376,102780779.1806
"Bourne identity",1316381400,1485068256,168686856,102780779.1806
"Bourne identity",1316381400,1318359000,1977600,102780779.1806
"Bourne identity",1316389200,1485068256,168679056,102780779.1806
"Bourne identity",1316469900,1485068256,168598356,102780779.1806
"Bourne identity",1316571420,1485068256,168496836,102780779.1806
"Bourne identity",1316571420,1317342840,771420,102780779.1806
"Bourne identity",1316625780,1485068256,168442476,102780779.1806
"Bourne identity",1316625780,1319044200,2418420,102780779.1806
"Bourne identity",1316650980,1485068256,168417276,102780779.1806
"Bourne identity",1316729880,1485068256,168338376,102780779.1806
"Bourne identity",1316729880,1317416040,686160,102780779.1806
"Bourne identity",1316732640,1485068256,168335616,102780779.1806
"Bourne identity",1316739840,1485068256,168328416,102780779.1806
"Bourne identity",1316818860,1485068256,168249396,102780779.1806
"Bourne identity",1316818860,1317068880,250020,102780779.1806
"Bourne identity",1316898780,1485068256,168169476,102780779.1806
"Bourne identity",1316898780,1318377300,1478520,102780779.1806
"Bourne identity",1316986800,1485068256,168081456,102780779.1806
"Bourne identity",1316986800,1317324420,337620,102780779.1806
"Bourne identity",1316993940,1485068256,168074316,102780779.1806
"Bourne identity",1316993940,1317949020,955080,102780779.1806
"Bourne identity",1317078360,1485068256,167989896,102780779.1806
"Bourne identity",1317078360,1317421320,342960,102780779.1806
"Bourne identity",1317078600,1485068256,167989656,102780779.1806
"Bourne identity",1317078600,1317955620,877020,102780779.1806
"Bourne identity",1317083820,1485068256,167984436,102780779.1806
"Bourne identity",1317083820,1317330540,246720,102780779.1806
"Bourne identity",1317152340,1485068256,167915916,102780779.1806
"Bourne identity",1317152340,1317156240,3900,102780779.1806
"Bourne identity",1317171660,1485068256,167896596,102780779.1806
"Bourne identity",1317251160,1485068256,167817096,102780779.1806
"Bourne identity",1317251160,1318271460,1020300,102780779.1806
"Bourne identity",1317259320,1485068256,167808936,102780779.1806
"Bourne identity",1317259320,1319735340,2476020,102780779.1806
"Bourne identity",1317329520,1485068256,167738736,102780779.1806
"Bourne identity",1317329520,1318472940,1143420,102780779.1806
"Bourne identity",1317493560,1485068256,167574696,102780779.1806
"Bourne identity",1317493560,1317754380,260820,102780779.1806
"Bourne identity",1317494880,1485068256,167573376,102780779.1806
"Bourne identity",1317494880,1317682560,187680,102780779.1806
"Bourne identity",1317499140,1318277100,777960,102780779.1806
"Bourne identity",1317503460,1485068256,167564796,102780779.1806
"Bourne identity",1317503460,1318032360,528900,102780779.1806
"Bourne identity",1317510840,1485068256,167557416,102780779.1806
"Bourne identity",1317510840,1318725660,1214820,102780779.1806
"Bourne identity",1317591840,1485068256,167476416,102780779.1806
"Bourne identity",1317591840,1317835620,243780,102780779.1806
"Bourne identity",1317597900,1485068256,167470356,102780779.1806
"Bourne identity",1317597900,1318113840,515940,102780779.1806
"Bourne identity",1317685920,1319324580,1638660,102780779.1806
"Bourne identity",1317687060,1485068256,167381196,102780779.1806
"Bourne identity",1317687060,1319328240,1641180,102780779.1806
"Bourne identity",1317771660,1485068256,167296596,102780779.1806
"Bourne identity",1317771660,1318980720,1209060,102780779.1806
"Bourne identity",1317850620,1485068256,167217636,102780779.1806
"Bourne identity",1317869940,1485068256,167198316,102780779.1806
"Bourne identity",1317937380,1485068256,167130876,102780779.1806
"Bourne identity",1317940620,1485068256,167127636,102780779.1806
"Bourne identity",1317940620,1318201260,260640,102780779.1806
"Bourne identity",1318300440,1485068256,166767816,102780779.1806
"Bourne identity",1318359360,1485068256,166708896,102780779.1806
"Bourne identity",1318359360,1319228340,868980,102780779.1806
"Bourne identity",1318381200,1485068256,166687056,102780779.1806
"Bourne identity",1318381200,1320270000,1888800,102780779.1806
"Bourne identity",1318449900,1485068256,166618356,102780779.1806
"Bourne identity",1318449900,1318979280,529380,102780779.1806
"Bourne identity",1318541700,1485068256,166526556,102780779.1806
"Bourne identity",1318541700,1319754420,1212720,102780779.1806
"Bourne identity",1318547940,1485068256,166520316,102780779.1806
"Bourne identity",1318548000,1485068256,166520256,102780779.1806
"Bourne identity",1318554060,1485068256,166514196,102780779.1806
"Bourne identity",1318554060,1323736380,5182320,102780779.1806
"Bourne identity",1318618980,1485068256,166449276,102780779.1806
"Bourne identity",1318796640,1485068256,166271616,102780779.1806
"Bourne identity",1318984980,1485068256,166083276,102780779.1806
"Bourne identity",1318984980,1319504700,519720,102780779.1806
"Bourne identity",1319070720,1485068256,165997536,102780779.1806
"Bourne identity",1319157060,1485068256,165911196,102780779.1806
"Bourne identity",1319217660,1485068256,165850596,102780779.1806
"Bourne identity",1319228340,1485068256,165839916,102780779.1806
"Bourne identity",1319228340,1321652880,2424540,102780779.1806
"Bourne identity",1319316180,1485068256,165752076,102780779.1806
"Bourne identity",1319316180,1319919000,602820,102780779.1806
"Bourne identity",1319327880,1321223280,1895400,102780779.1806
"Bourne identity",1319485080,1485068256,165583176,102780779.1806
"Bourne identity",1319485080,1321737120,2252040,102780779.1806
"Bourne identity",1319490300,1485068256,165577956,102780779.1806
"Bourne identity",1319490300,1319927100,436800,102780779.1806
"Bourne identity",1319503320,1319837760,334440,102780779.1806
"Bourne identity",1319594400,1485068256,165473856,102780779.1806
"Bourne identity",1319594400,1319764260,169860,102780779.1806
"Bourne identity",1319595660,1485068256,165472596,102780779.1806
"Bourne identity",1319659740,1485068256,165408516,102780779.1806
"Bourne identity",1319659740,1320790260,1130520,102780779.1806
"Bourne identity",1319759220,1485068256,165309036,102780779.1806
"Bourne identity",1319763540,1321302300,1538760,102780779.1806
"Bourne identity",1319824740,1485068256,165243516,102780779.1806
"Bourne identity",1319828640,1485068256,165239616,102780779.1806
"Bourne identity",1319828640,1320694560,865920,102780779.1806
"Bourne identity",1319830260,1485068256,165237996,102780779.1806
"Bourne identity",1319830260,1321139700,1309440,102780779.1806
"Bourne identity",1320013020,1485068256,165055236,102780779.1806
"Bourne identity",1320019140,1485068256,165049116,102780779.1806
"Bourne identity",1320019140,1320453720,434580,102780779.1806
"Bourne identity",1320098760,1485068256,164969496,102780779.1806
"Bourne identity",1320098760,1320446100,347340,102780779.1806
"Bourne identity",1320108720,1485068256,164959536,102780779.1806
"Bourne identity",1320116220,1485068256,164952036,102780779.1806
"Bourne identity",1320284220,1485068256,164784036,102780779.1806
"Bourne identity",1320284220,1320795480,511260,102780779.1806
"Bourne identity",1320364440,1321402440,1038000,102780779.1806
"Bourne identity",1320367560,1320453300,85740,102780779.1806
"Bourne identity",1320426900,1485068256,164641356,102780779.1806
"Bourne identity",1320426900,1321143840,716940,102780779.1806
"Bourne identity",1320516840,1485068256,164551416,102780779.1806
"Bourne identity",1320516840,1321124700,607860,102780779.1806
"Bourne identity",1320522420,1485068256,164545836,102780779.1806
"Bourne identity",1320719280,1485068256,164348976,102780779.1806
"Bourne identity",1320779340,1485068256,164288916,102780779.1806
"Bourne identity",1320788460,1485068256,164279796,102780779.1806
"Bourne identity",1320788460,1321303980,515520,102780779.1806
"Bourne identity",1320788700,1485068256,164279556,102780779.1806
"Bourne identity",1320788700,1321988100,1199400,102780779.1806
"Bourne identity",1320797460,1485068256,164270796,102780779.1806
"Bourne identity",1320797460,1321305660,508200,102780779.1806
"Bourne identity",1320798240,1485068256,164270016,102780779.1806
"Bourne identity",1320798240,1321324500,526260,102780779.1806
"Bourne identity",1320882660,1485068256,164185596,102780779.1806
"Bourne identity",1320882660,1321486620,603960,102780779.1806
"Bourne identity",1320957720,1485068256,164110536,102780779.1806
"Bourne identity",1320957720,1321916520,958800,102780779.1806
"Bourne identity",1321138560,1321924140,785580,102780779.1806
"Bourne identity",1321223400,1485068256,163844856,102780779.1806
"Bourne identity",1321223400,1321316220,92820,102780779.1806
"Bourne identity",1321309980,1485068256,163758276,102780779.1806
"Bourne identity",1321309980,1321741680,431700,102780779.1806
"Bourne identity",1321313400,1485068256,163754856,102780779.1806
"Bourne identity",1321313400,1323126540,1813140,102780779.1806
"Bourne identity",1321329300,1485068256,163738956,102780779.1806
"Bourne identity",1321329300,1322081760,752460,102780779.1806
"Bourne identity",1321387560,1485068256,163680696,102780779.1806
"Bourne identity",1321387560,1322506440,1118880,102780779.1806
"Bourne identity",1321389120,1485068256,163679136,102780779.1806
"Bourne identity",1321389120,1321575660,186540,102780779.1806
"Bourne identity",1321403280,1485068256,163664976,102780779.1806
"Bourne identity",1321494480,1485068256,163573776,102780779.1806
"Bourne identity",1321494480,1321747380,252900,102780779.1806
"Bourne identity",1321569000,1485068256,163499256,102780779.1806
"Bourne identity",1321569000,1323141540,1572540,102780779.1806
"Bourne identity",1321580580,1485068256,163487676,102780779.1806
"Bourne identity",1321581480,1322620500,1039020,102780779.1806
"Bourne identity",1321645380,1485068256,163422876,102780779.1806
"Bourne identity",1321652880,1485068256,163415376,102780779.1806
"Bourne identity",1321652880,1324071420,2418540,102780779.1806
"Bourne identity",1321663380,1485068256,163404876,102780779.1806
"Bourne identity",1321663380,1321926000,262620,102780779.1806
"Bourne identity",1321730160,1485068256,163338096,102780779.1806
"Bourne identity",1321730160,1321929900,199740,102780779.1806
"Bourne identity",1321732260,1485068256,163335996,102780779.1806
"Bourne identity",1321744200,1485068256,163324056,102780779.1806
"Bourne identity",1321744200,1322267820,523620,102780779.1806
"Bourne identity",1321747680,1485068256,163320576,102780779.1806
"Bourne identity",1321747680,1322941320,1193640,102780779.1806
"Bourne identity",1321750740,1322107140,356400,102780779.1806
"Bourne identity",1321753620,1323042600,1288980,102780779.1806
"Bourne identity",1321834800,1485068256,163233456,102780779.1806
"Bourne identity",1321834800,1323115080,1280280,102780779.1806
"Bourne identity",1321857840,1485068256,163210416,102780779.1806
"Bourne identity",1321857840,1325296740,3438900,102780779.1806
"Bourne identity",1321914180,1485068256,163154076,102780779.1806
"Bourne identity",1321914180,1323390660,1476480,102780779.1806
"Bourne identity",1321914360,1485068256,163153896,102780779.1806
"Bourne identity",1322007300,1485068256,163060956,102780779.1806
"Bourne identity",1322007300,1323553020,1545720,102780779.1806
"Bourne identity",1322073660,1485068256,162994596,102780779.1806
"Bourne identity",1322073660,1322247000,173340,102780779.1806
"Bourne identity",1322079060,1485068256,162989196,102780779.1806
"Bourne identity",1322079060,1322250060,171000,102780779.1806
"Bourne identity",1322331720,1485068256,162736536,102780779.1806
"Bourne identity",1322331720,1323638640,1306920,102780779.1806
"Bourne identity",1322336160,1485068256,162732096,102780779.1806
"Bourne identity",1322530080,1485068256,162538176,102780779.1806
"Bourne identity",1322530080,1322697180,167100,102780779.1806
"Bourne identity",1322681220,1485068256,162387036,102780779.1806
"Bourne identity",1322681220,1323038760,357540,102780779.1806
"Bourne identity",1322788020,1485068256,162280236,102780779.1806
"Bourne identity",1322788020,1323741240,953220,102780779.1806
"Bourne identity",1322940480,1485068256,162127776,102780779.1806
"Bourne identity",1322940480,1324598580,1658100,102780779.1806
"Bourne identity",1322951340,1485068256,162116916,102780779.1806
"Bourne identity",1322951340,1323565380,614040,102780779.1806
"Bourne identity",1322954880,1485068256,162113376,102780779.1806
"Bourne identity",1322954880,1323126420,171540,102780779.1806
"Bourne identity",1323044220,1485068256,162024036,102780779.1806
"Bourne identity",1323044220,1323745140,700920,102780779.1806
"Bourne identity",1323123900,1485068256,161944356,102780779.1806
"Bourne identity",1323123900,1323276120,152220,102780779.1806
"Bourne identity",1323129000,1324331520,1202520,102780779.1806
"Bourne identity",1323208320,1485068256,161859936,102780779.1806
"Bourne identity",1323208320,1323296880,88560,102780779.1806
"Bourne identity",1323309540,1485068256,161758716,102780779.1806
"Bourne identity",1323309540,1324432560,1123020,102780779.1806
"Bourne identity",1323311520,1485068256,161756736,102780779.1806
"Bourne identity",1323313020,1485068256,161755236,102780779.1806
"Bourne identity",1323393480,1485068256,161674776,102780779.1806
"Bourne identity",1323393480,1323993780,600300,102780779.1806
"Bourne identity",1323476880,1485068256,161591376,102780779.1806
"Bourne identity",1323546000,1485068256,161522256,102780779.1806
"Bourne identity",1323546000,1325274720,1728720,102780779.1806
"Bourne identity",1323558180,1485068256,161510076,102780779.1806
"Bourne identity",1323638100,1485068256,161430156,102780779.1806
"Bourne identity",1323726000,1485068256,161342256,102780779.1806
"Bourne identity",1323726000,1324681020,955020,102780779.1806
"Bourne identity",1323727140,1485068256,161341116,102780779.1806
"Bourne identity",1323727140,1323893220,166080,102780779.1806
"Bourne identity",1323739440,1485068256,161328816,102780779.1806
"Bourne identity",1323748320,1485068256,161319936,102780779.1806
"Bourne identity",1323748320,1324506660,758340,102780779.1806
"Bourne identity",1323896460,1485068256,161171796,102780779.1806
"Bourne identity",1323896460,1325626080,1729620,102780779.1806
"Bourne identity",1323913680,1485068256,161154576,102780779.1806
"Bourne identity",1323913680,1324682400,768720,102780779.1806
"Bourne identity",1323914460,1485068256,161153796,102780779.1806
"Bourne identity",1324153440,1485068256,160914816,102780779.1806
"Bourne identity",1324158240,1324682100,523860,102780779.1806
"Bourne identity",1324167420,1485068256,160900836,102780779.1806
"Bourne identity",1324167420,1324595460,428040,102780779.1806
"Bourne identity",1324343520,1485068256,160724736,102780779.1806
"Bourne identity",1324401480,1485068256,160666776,102780779.1806
"Bourne identity",1324401480,1325890860,1489380,102780779.1806
"Bourne identity",1324433880,1485068256,160634376,102780779.1806
"Bourne identity",1324502400,1485068256,160565856,102780779.1806
"Bourne identity",1324502400,1325023500,521100,102780779.1806
"Bourne identity",1324514040,1485068256,160554216,102780779.1806
"Bourne identity",1324514040,1325546520,1032480,102780779.1806
"Bourne identity",1324592640,1485068256,160475616,102780779.1806
"Bourne identity",1324592640,1326399840,1807200,102780779.1806
"Bourne identity",1324605960,1485068256,160462296,102780779.1806
"Bourne identity",1324605960,1325821140,1215180,102780779.1806
"Bourne identity",1324926120,1485068256,160142136,102780779.1806
"Bourne identity",1324954020,1485068256,160114236,102780779.1806
"Bourne identity",1324954020,1326334740,1380720,102780779.1806
"Bourne identity",1325022840,1485068256,160045416,102780779.1806
"Bourne identity",1325034720,1485068256,160033536,102780779.1806
"Bourne identity",1325035260,1485068256,160032996,102780779.1806
"Bourne identity",1325035260,1326240540,1205280,102780779.1806
"Bourne identity",1325037480,1485068256,160030776,102780779.1806
"Bourne identity",1325105760,1485068256,159962496,102780779.1806
"Bourne identity",1325105760,1325533800,428040,102780779.1806
"Bourne identity",1325115720,1485068256,159952536,102780779.1806
"Bourne identity",1325115720,1326315180,1199460,102780779.1806
"Bourne identity",1325207280,1485068256,159860976,102780779.1806
"Bourne identity",1325207280,1325634300,427020,102780779.1806
"Bourne identity",1325535120,1485068256,159533136,102780779.1806
"Bourne identity",1325535120,1326828420,1293300,102780779.1806
"Bourne identity",1325554680,1485068256,159513576,102780779.1806
"Bourne identity",1325560980,1485068256,159507276,102780779.1806
"Bourne identity",1325560980,1326858720,1297740,102780779.1806
"Bourne identity",1325619660,1485068256,159448596,102780779.1806
"Bourne identity",1325627160,1485068256,159441096,102780779.1806
"Bourne identity",1325627160,1325812080,184920,102780779.1806
"Bourne identity",1325725260,1485068256,159342996,102780779.1806
"Bourne identity",1325888880,1485068256,159179376,102780779.1806
"Bourne identity",1325888880,1328316180,2427300,102780779.1806
"Bourne identity",1325890860,1485068256,159177396,102780779.1806
"Bourne identity",1325890860,1328320380,2429520,102780779.1806
"Bourne identity",1325973540,1326575280,601740,102780779.1806
"Bourne identity",1325983680,1326240840,257160,102780779.1806
"Bourne identity",1326158880,1485068256,158909376,102780779.1806
"Bourne identity",1326158880,1327372320,1213440,102780779.1806
"Bourne identity",1326236100,1485068256,158832156,102780779.1806
"Bourne identity",1326250740,1485068256,158817516,102780779.1806
"Bourne identity",1326325980,1485068256,158742276,102780779.1806
"Bourne identity",1326325980,1326843000,517020,102780779.1806
"Bourne identity",1326394920,1485068256,158673336,102780779.1806
"Bourne identity",1326394920,1328219940,1825020,102780779.1806
"Bourne identity",1326481020,1485068256,158587236,102780779.1806
"Bourne identity",1326672960,1485068256,158395296,102780779.1806
"Bourne identity",1326827400,1485068256,158240856,102780779.1806
"Bourne identity",1326827400,1328057760,1230360,102780779.1806
"Bourne identity",1326833040,1485068256,158235216,102780779.1806
"Bourne identity",1326833040,1327363500,530460,102780779.1806
"Bourne identity",1326835200,1485068256,158233056,102780779.1806
"Bourne identity",1326835200,1327367700,532500,102780779.1806
"Bourne identity",1326838080,1485068256,158230176,102780779.1806
"Bourne identity",1326838080,1327097820,259740,102780779.1806
"Bourne identity",1326844920,1485068256,158223336,102780779.1806
"Bourne identity",1326844920,1328055420,1210500,102780779.1806
"Bourne identity",1326858840,1485068256,158209416,102780779.1806
"Bourne identity",1327179960,1485068256,157888296,102780779.1806
"Bourne identity",1327179960,1328750040,1570080,102780779.1806
"Bourne identity",1327372860,1485068256,157695396,102780779.1806
"Bourne identity",1327372860,1327882920,510060,102780779.1806
"Bourne identity",1327442220,1485068256,157626036,102780779.1806
"Bourne identity",1327442220,1328238840,796620,102780779.1806
"Bourne identity",1327455360,1485068256,157612896,102780779.1806
"Bourne identity",1327455360,1329598380,2143020,102780779.1806
"Bourne identity",1327455600,1485068256,157612656,102780779.1806
"Bourne identity",1327455600,1329866220,2410620,102780779.1806
"Bourne identity",1327460160,1485068256,157608096,102780779.1806
"Bourne identity",1327523160,1485068256,157545096,102780779.1806
"Bourne identity",1327540260,1485068256,157527996,102780779.1806
"Bourne identity",1327540260,1327795320,255060,102780779.1806
"Bourne identity",1327541400,1485068256,157526856,102780779.1806
"Bourne identity",1327541400,1327776660,235260,102780779.1806
"Bourne identity",1327709160,1485068256,157359096,102780779.1806
"Bourne identity",1327960980,1485068256,157107276,102780779.1806
"Bourne identity",1327960980,1328301840,340860,102780779.1806
"Bourne identity",1328055420,1485068256,157012836,102780779.1806
"Bourne identity",1328055420,1328661120,605700,102780779.1806
"Bourne identity",1328062740,1485068256,157005516,102780779.1806
"Bourne identity",1328062740,1329272340,1209600,102780779.1806
"Bourne identity",1328119920,1485068256,156948336,102780779.1806
"Bourne identity",1328119920,1328309580,189660,102780779.1806
"Bourne identity",1328137140,1485068256,156931116,102780779.1806
"Bourne identity",1328137140,1329160740,1023600,102780779.1806
"Bourne identity",1328151960,1485068256,156916296,102780779.1806
"Bourne identity",1328308500,1485068256,156759756,102780779.1806
"Bourne identity",1328308500,1329170400,861900,102780779.1806
"Bourne identity",1328311560,1485068256,156756696,102780779.1806
"Bourne identity",1328312940,1485068256,156755316,102780779.1806
"Bourne identity",1328383500,1485068256,156684756,102780779.1806
"Bourne identity",1328383500,1329345120,961620,102780779.1806
"Bourne identity",1328479200,1485068256,156589056,102780779.1806
"Bourne identity",1328552760,1485068256,156515496,102780779.1806
"Bourne identity",1328552760,1329507000,954240,102780779.1806
"Bourne identity",1328568360,1485068256,156499896,102780779.1806
"Bourne identity",1328578980,1329881280,1302300,102780779.1806
"Bourne identity",1328581920,1485068256,156486336,102780779.1806
"Bourne identity",1328581920,1329430680,848760,102780779.1806
"Bourne identity",1328662620,1329694140,1031520,102780779.1806
"Bourne identity",1328824440,1485068256,156243816,102780779.1806
"Bourne identity",1328824440,1328925600,101160,102780779.1806
"Bourne identity",1329097200,1485068256,155971056,102780779.1806
"Bourne identity",1329097200,1329263160,165960,102780779.1806
"Bourne identity",1329170160,1485068256,155898096,102780779.1806
"Bourne identity",1329187980,1485068256,155880276,102780779.1806
"Bourne identity",1329187980,1329610920,422940,102780779.1806
"Bourne identity",1329271260,1485068256,155796996,102780779.1806
"Bourne identity",1329271260,1330126980,855720,102780779.1806
"Bourne identity",1329277560,1485068256,155790696,102780779.1806
"Bourne identity",1329277560,1329450480,172920,102780779.1806
"Bourne identity",1329341460,1485068256,155726796,102780779.1806
"Bourne identity",1329341460,1329515400,173940,102780779.1806
"Bourne identity",1329346740,1485068256,155721516,102780779.1806
"Bourne identity",1329359880,1485068256,155708376,102780779.1806
"Bourne identity",1329359880,1331150220,1790340,102780779.1806
"Bourne identity",1329434820,1485068256,155633436,102780779.1806
"Bourne identity",1329434820,1329955260,520440,102780779.1806
"Bourne identity",1329438000,1485068256,155630256,102780779.1806
"Bourne identity",1329438000,1331334660,1896660,102780779.1806
"Bourne identity",1329525420,1485068256,155542836,102780779.1806
"Bourne identity",1329525420,1330558080,1032660,102780779.1806
"Bourne identity",1329525840,1485068256,155542416,102780779.1806
"Bourne identity",1329525840,1330729860,1204020,102780779.1806
"Bourne identity",1329593880,1485068256,155474376,102780779.1806
"Bourne identity",1329593880,1330554780,960900,102780779.1806
"Bourne identity",1329878040,1485068256,155190216,102780779.1806
"Bourne identity",1329878040,1331690400,1812360,102780779.1806
"Bourne identity",1329955320,1485068256,155112936,102780779.1806
"Bourne identity",1329955320,1330821000,865680,102780779.1806
"Bourne identity",1329963240,1485068256,155105016,102780779.1806
"Bourne identity",1329963240,1330055100,91860,102780779.1806
"Bourne identity",1330024800,1485068256,155043456,102780779.1806
"Bourne identity",1330024800,1330651320,626520,102780779.1806
"Bourne identity",1330029780,1485068256,155038476,102780779.1806
"Bourne identity",1330032660,1485068256,155035596,102780779.1806
"Bourne identity",1330032660,1330111620,78960,102780779.1806
"Bourne identity",1330038660,1485068256,155029596,102780779.1806
"Bourne identity",1330038660,1330124340,85680,102780779.1806
"Bourne identity",1330052100,1485068256,155016156,102780779.1806
"Bourne identity",1330194480,1485068256,154873776,102780779.1806
"Bourne identity",1330194480,1330899240,704760,102780779.1806
"Bourne identity",1330194600,1485068256,154873656,102780779.1806
"Bourne identity",1330199040,1485068256,154869216,102780779.1806
"Bourne identity",1330199040,1330807440,608400,102780779.1806
"Bourne identity",1330202760,1331408220,1205460,102780779.1806
"Bourne identity",1330221600,1485068256,154846656,102780779.1806
"Bourne identity",1330299720,1485068256,154768536,102780779.1806
"Bourne identity",1330299720,1330907700,607980,102780779.1806
"Bourne identity",1330553280,1485068256,154514976,102780779.1806
"Bourne identity",1330553280,1332303420,1750140,102780779.1806
"Bourne identity",1330636320,1485068256,154431936,102780779.1806
"Bourne identity",1330636320,1330904220,267900,102780779.1806
"Bourne identity",1330650840,1485068256,154417416,102780779.1806
"Bourne identity",1330723860,1485068256,154344396,102780779.1806
"Bourne identity",1330723860,1333128420,2404560,102780779.1806
"Bourne identity",1330737660,1485068256,154330596,102780779.1806
"Bourne identity",1330737660,1331156820,419160,102780779.1806
"Bourne identity",1330906980,1485068256,154161276,102780779.1806
"Bourne identity",1330986780,1485068256,154081476,102780779.1806
"Bourne identity",1330986780,1331156100,169320,102780779.1806
"Bourne identity",1331000520,1485068256,154067736,102780779.1806
"Bourne identity",1331001300,1485068256,154066956,102780779.1806
"Bourne identity",1331003520,1485068256,154064736,102780779.1806
"Bourne identity",1331066220,1485068256,154002036,102780779.1806
"Bourne identity",1331066220,1331343900,277680,102780779.1806
"Bourne identity",1331071920,1485068256,153996336,102780779.1806
"Bourne identity",1331071920,1332187920,1116000,102780779.1806
"Bourne identity",1331083140,1485068256,153985116,102780779.1806
"Bourne identity",1331334660,1485068256,153733596,102780779.1806
"Bourne identity",1331334660,1332549960,1215300,102780779.1806
"Bourne identity",1331343000,1485068256,153725256,102780779.1806
"Bourne identity",1331343000,1331847060,504060,102780779.1806
"Bourne identity",1331414040,1485068256,153654216,102780779.1806
"Bourne identity",1331414040,1331425620,11580,102780779.1806
"Bourne identity",1331425500,1485068256,153642756,102780779.1806
"Bourne identity",1331425500,1331856120,430620,102780779.1806
"Bourne identity",1331425560,1485068256,153642696,102780779.1806
"Bourne identity",1331425560,1332107520,681960,102780779.1806
"Bourne identity",1331580180,1485068256,153488076,102780779.1806
"Bourne identity",1331580180,1332807720,1227540,102780779.1806
"Bourne identity",1331679720,1485068256,153388536,102780779.1806
"Bourne identity",1331679720,1332974100,1294380,102780779.1806
"Bourne identity",1331681820,1485068256,153386436,102780779.1806
"Bourne identity",1331751600,1485068256,153316656,102780779.1806
"Bourne identity",1331751600,1332803580,1051980,102780779.1806
"Bourne identity",1332024540,1332187920,163380,102780779.1806
"Bourne identity",1332026340,1485068256,153041916,102780779.1806
"Bourne identity",1332026520,1485068256,153041736,102780779.1806
"Bourne identity",1332026520,1333395000,1368480,102780779.1806
"Bourne identity",1332192060,1485068256,152876196,102780779.1806
"Bourne identity",1332192060,1332815880,623820,102780779.1806
"Bourne identity",1332194700,1485068256,152873556,102780779.1806
"Bourne identity",1332194700,1332976200,781500,102780779.1806
"Bourne identity",1332199140,1485068256,152869116,102780779.1806
"Bourne identity",1332199140,1334598600,2399460,102780779.1806
"Bourne identity",1332204720,1332888480,683760,102780779.1806
"Bourne identity",1332350280,1485068256,152717976,102780779.1806
"Bourne identity",1332353520,1485068256,152714736,102780779.1806
"Bourne identity",1332353520,1332792660,439140,102780779.1806
"Bourne identity",1332359820,1485068256,152708436,102780779.1806
"Bourne identity",1332359820,1333227120,867300,102780779.1806
"Bourne identity",1332719340,1485068256,152348916,102780779.1806
"Bourne identity",1332719340,1334531340,1812000,102780779.1806
"Bourne identity",1332896220,1485068256,152172036,102780779.1806
"Bourne identity",1332896220,1332979260,83040,102780779.1806
"Bourne identity",1332957960,1485068256,152110296,102780779.1806
"Bourne identity",1332957960,1333486020,528060,102780779.1806
"Bourne identity",1332970740,1485068256,152097516,102780779.1806
"Bourne identity",1332970740,1333153860,183120,102780779.1806
"Bourne identity",1332976200,1485068256,152092056,102780779.1806
"Bourne identity",1332976200,1333830180,853980,102780779.1806
"Bourne identity",1332978900,1334088480,1109580,102780779.1806
"Bourne identity",1332980520,1485068256,152087736,102780779.1806
"Bourne identity",1332980520,1333146600,166080,102780779.1806
"Bourne identity",1333069920,1485068256,151998336,102780779.1806
"Bourne identity",1333069920,1333592100,522180,102780779.1806
"Bourne identity",1333150620,1485068256,151917636,102780779.1806
"Bourne identity",1333150620,1334621160,1470540,102780779.1806
"Bourne identity",1333150680,1485068256,151917576,102780779.1806
"Bourne identity",1333150680,1333759440,608760,102780779.1806
"Bourne identity",1333224000,1485068256,151844256,102780779.1806
"Bourne identity",1333224000,1333830540,606540,102780779.1806
"Bourne identity",1333234020,1333670940,436920,102780779.1806
"Bourne identity",1333410000,1485068256,151658256,102780779.1806
"Bourne identity",1333410000,1335229860,1819860,102780779.1806
"Bourne identity",1333416240,1485068256,151652016,102780779.1806
"Bourne identity",1333416240,1333672740,256500,102780779.1806
"Bourne identity",1333493520,1485068256,151574736,102780779.1806
"Bourne identity",1333493520,1335054480,1560960,102780779.1806
"Bourne identity",1333593720,1485068256,151474536,102780779.1806
"Bourne identity",1333664220,1485068256,151404036,102780779.1806
"Bourne identity",1333664220,1333679160,14940,102780779.1806
"Bourne identity",1333667220,1485068256,151401036,102780779.1806
"Bourne identity",1333667220,1333839720,172500,102780779.1806
"Bourne identity",1333754640,1485068256,151313616,102780779.1806
"Bourne identity",1333754640,1335032700,1278060,102780779.1806
"Bourne identity",1333756560,1485068256,151311696,102780779.1806
"Bourne identity",1333756560,1334610300,853740,102780779.1806
"Bourne identity",1333836480,1485068256,151231776,102780779.1806
"Bourne identity",1333844940,1485068256,151223316,102780779.1806
"Bourne identity",1333844940,1334265780,420840,102780779.1806
"Bourne identity",1333845960,1485068256,151222296,102780779.1806
"Bourne identity",1333845960,1335051540,1205580,102780779.1806
"Bourne identity",1333921800,1485068256,151146456,102780779.1806
"Bourne identity",1333921800,1334877960,956160,102780779.1806
"Bourne identity",1333927020,1485068256,151141236,102780779.1806
"Bourne identity",1334089080,1485068256,150979176,102780779.1806
"Bourne identity",1334089080,1334261160,172080,102780779.1806
"Bourne identity",1334101740,1334435040,333300,102780779.1806
"Bourne identity",1334266740,1485068256,150801516,102780779.1806
"Bourne identity",1334266740,1334615580,348840,102780779.1806
"Bourne identity",1334268120,1485068256,150800136,102780779.1806
"Bourne identity",1334282340,1485068256,150785916,102780779.1806
"Bourne identity",1334282340,1335031680,749340,102780779.1806
"Bourne identity",1334355420,1485068256,150712836,102780779.1806
"Bourne identity",1334355420,1334441460,86040,102780779.1806
"Bourne identity",1334444400,1485068256,150623856,102780779.1806
"Bourne identity",1334444400,1335647880,1203480,102780779.1806
"Bourne identity",1334524860,1485068256,150543396,102780779.1806
"Bourne identity",1334524860,1335918300,1393440,102780779.1806
"Bourne identity",1334527440,1485068256,150540816,102780779.1806
"Bourne identity",1334620440,1335301140,680700,102780779.1806
"Bourne identity",1334620440,1335301740,681300,102780779.1806
"Bourne identity",1334717100,1485068256,150351156,102780779.1806
"Bourne identity",1334717100,1334889060,171960,102780779.1806
"Bourne identity",1334788560,1485068256,150279696,102780779.1806
"Bourne identity",1334878380,1485068256,150189876,102780779.1806
"Bourne identity",1334958540,1485068256,150109716,102780779.1806
"Bourne identity",1334959920,1485068256,150108336,102780779.1806
"Bourne identity",1334959920,1335393960,434040,102780779.1806
"Bourne identity",1334965320,1485068256,150102936,102780779.1806
"Bourne identity",1334965320,1335907560,942240,102780779.1806
"Bourne identity",1335035400,1485068256,150032856,102780779.1806
"Bourne identity",1335136200,1485068256,149932056,102780779.1806
"Bourne identity",1335206760,1485068256,149861496,102780779.1806
"Bourne identity",1335206760,1336265040,1058280,102780779.1806
"Bourne identity",1335400740,1485068256,149667516,102780779.1806
"Bourne identity",1335400740,1335736380,335640,102780779.1806
"Bourne identity",1335476400,1485068256,149591856,102780779.1806
"Bourne identity",1335476400,1335490860,14460,102780779.1806
"Bourne identity",1335482640,1485068256,149585616,102780779.1806
"Bourne identity",1335484920,1485068256,149583336,102780779.1806
"Bourne identity",1335485160,1485068256,149583096,102780779.1806
"Bourne identity",1335485160,1337119320,1634160,102780779.1806
"Bourne identity",1335565140,1485068256,149503116,102780779.1806
"Bourne identity",1335565140,1336001880,436740,102780779.1806
"Bourne identity",1335658440,1485068256,149409816,102780779.1806
"Bourne identity",1335658440,1336006080,347640,102780779.1806
"Bourne identity",1335733080,1485068256,149335176,102780779.1806
"Bourne identity",1335733080,1335837840,104760,102780779.1806
"Bourne identity",1335826440,1485068256,149241816,102780779.1806
"Bourne identity",1335826440,1338422160,2595720,102780779.1806
"Bourne identity",1335840480,1485068256,149227776,102780779.1806
"Bourne identity",1335907500,1485068256,149160756,102780779.1806
"Bourne identity",1335907500,1336264320,356820,102780779.1806
"Bourne identity",1335912720,1335995820,83100,102780779.1806
"Bourne identity",1335916740,1485068256,149151516,102780779.1806
"Bourne identity",1335916740,1336259160,342420,102780779.1806
"Bourne identity",1335995640,1485068256,149072616,102780779.1806
"Bourne identity",1335995640,1336686300,690660,102780779.1806
"Bourne identity",1335999180,1485068256,149069076,102780779.1806
"Bourne identity",1335999180,1336435380,436200,102780779.1806
"Bourne identity",1336005540,1485068256,149062716,102780779.1806
"Bourne identity",1336005540,1336522440,516900,102780779.1806
"Bourne identity",1336095780,1485068256,148972476,102780779.1806
"Bourne identity",1336095780,1336430280,334500,102780779.1806
"Bourne identity",1336098180,1485068256,148970076,102780779.1806
"Bourne identity",1336243380,1485068256,148824876,102780779.1806
"Bourne identity",1336243380,1337808420,1565040,102780779.1806
"Bourne identity",1336423980,1485068256,148644276,102780779.1806
"Bourne identity",1336423980,1337042760,618780,102780779.1806
"Bourne identity",1336432800,1485068256,148635456,102780779.1806
"Bourne identity",1336432800,1337644500,1211700,102780779.1806
"Bourne identity",1336436340,1485068256,148631916,102780779.1806
"Bourne identity",1336443420,1485068256,148624836,102780779.1806
"Bourne identity",1336443420,1337211780,768360,102780779.1806
"Bourne identity",1336598760,1485068256,148469496,102780779.1806
"Bourne identity",1336598760,1338505620,1906860,102780779.1806
"Bourne identity",1336606740,1485068256,148461516,102780779.1806
"Bourne identity",1336606740,1338947340,2340600,102780779.1806
"Bourne identity",1336614540,1485068256,148453716,102780779.1806
"Bourne identity",1336764480,1485068256,148303776,102780779.1806
"Bourne identity",1336764480,1337279940,515460,102780779.1806
"Bourne identity",1336846920,1485068256,148221336,102780779.1806
"Bourne identity",1336846920,1340485740,3638820,102780779.1806
"Bourne identity",1337030520,1485068256,148037736,102780779.1806
"Bourne identity",1337030520,1337820780,790260,102780779.1806
"Bourne identity",1337046480,1485068256,148021776,102780779.1806
"Bourne identity",1337112360,1485068256,147955896,102780779.1806
"Bourne identity",1337361960,1485068256,147706296,102780779.1806
"Bourne identity",1337361960,1338065580,703620,102780779.1806
"Bourne identity",1337372880,1485068256,147695376,102780779.1806
"Bourne identity",1337372880,1338429900,1057020,102780779.1806
"Bourne identity",1337447400,1485068256,147620856,102780779.1806
"Bourne identity",1337447400,1337816160,368760,102780779.1806
"Bourne identity",1337455380,1485068256,147612876,102780779.1806
"Bourne identity",1337455380,1338060480,605100,102780779.1806
"Bourne identity",1337459220,1485068256,147609036,102780779.1806
"Bourne identity",1337655120,1485068256,147413136,102780779.1806
"Bourne identity",1337655120,1339463580,1808460,102780779.1806
"Bourne identity",1337891940,1485068256,147176316,102780779.1806
"Bourne identity",1337891940,1338420840,528900,102780779.1806
"Bourne identity",1337912280,1485068256,147155976,102780779.1806
"Bourne identity",1338063420,1485068256,147004836,102780779.1806
"Bourne identity",1338065040,1485068256,147003216,102780779.1806
"Bourne identity",1338065040,1339030080,965040,102780779.1806
"Bourne identity",1338328620,1339555320,1226700,102780779.1806
"Bourne identity",1338413640,1485068256,146654616,102780779.1806
"Bourne identity",1338413640,1339109760,696120,102780779.1806
"Bourne identity",1338504420,1485068256,146563836,102780779.1806
"Bourne identity",1338586380,1485068256,146481876,102780779.1806
"Bourne identity",1338586380,1339280100,693720,102780779.1806
"Bourne identity",1338683520,1485068256,146384736,102780779.1806
"Bourne identity",1338753720,1485068256,146314536,102780779.1806
"Bourne identity",1338753720,1339037040,283320,102780779.1806
"Bourne identity",1338829920,1485068256,146238336,102780779.1806
"Bourne identity",1338829920,1339002840,172920,102780779.1806
"Bourne identity",1338844980,1485068256,146223276,102780779.1806
"Bourne identity",1338844980,1341264660,2419680,102780779.1806
"Bourne identity",1338849780,1339195680,345900,102780779.1806
"Bourne identity",1339013580,1340917800,1904220,102780779.1806
"Bourne identity",1339182420,1485068256,145885836,102780779.1806
"Bourne identity",1339182420,1339444920,262500,102780779.1806
"Bourne identity",1339372620,1340654220,1281600,102780779.1806
"Bourne identity",1339447620,1485068256,145620636,102780779.1806
"Bourne identity",1339454280,1485068256,145613976,102780779.1806
"Bourne identity",1339454400,1485068256,145613856,102780779.1806
"Bourne identity",1339454400,1339793760,339360,102780779.1806
"Bourne identity",1339618560,1485068256,145449696,102780779.1806
"Bourne identity",1339632720,1485068256,145435536,102780779.1806
"Bourne identity",1339632720,1340652960,1020240,102780779.1806
"Bourne identity",1339696620,1485068256,145371636,102780779.1806
"Bourne identity",1339696620,1345244880,5548260,102780779.1806
"Bourne identity",1339714320,1485068256,145353936,102780779.1806
"Bourne identity",1339714320,1339881840,167520,102780779.1806
"Bourne identity",1339717860,1485068256,145350396,102780779.1806
"Bourne identity",1339719360,1485068256,145348896,102780779.1806
"Bourne identity",1339719360,1340403600,684240,102780779.1806
"Bourne identity",1339871880,1485068256,145196376,102780779.1806
"Bourne identity",1339871880,1340827560,955680,102780779.1806
"Bourne identity",1339892100,1485068256,145176156,102780779.1806
"Bourne identity",1339892100,1341098520,1206420,102780779.1806
"Bourne identity",1339972260,1485068256,145095996,102780779.1806
"Bourne identity",1339972260,1342042200,2069940,102780779.1806
"Bourne identity",1340046840,1485068256,145021416,102780779.1806
"Bourne identity",1340046840,1342127160,2080320,102780779.1806
"Bourne identity",1340059200,1485068256,145009056,102780779.1806
"Bourne identity",1340059200,1340652660,593460,102780779.1806
"Bourne identity",1340157600,1485068256,144910656,102780779.1806
"Bourne identity",1340239140,1485068256,144829116,102780779.1806
"Bourne identity",1340239140,1340920380,681240,102780779.1806
"Bourne identity",1340324880,1485068256,144743376,102780779.1806
"Bourne identity",1340324880,1340750820,425940,102780779.1806
"Bourne identity",1340754540,1485068256,144313716,102780779.1806
"Bourne identity",1340819340,1485068256,144248916,102780779.1806
"Bourne identity",1340838060,1485068256,144230196,102780779.1806
"Bourne identity",1340838060,1341093420,255360,102780779.1806
"Bourne identity",1341002880,1485068256,144065376,102780779.1806
"Bourne identity",1341013080,1485068256,144055176,102780779.1806
"Bourne identity",1341013080,1342221600,1208520,102780779.1806
"Bourne identity",1341082500,1485068256,143985756,102780779.1806
"Bourne identity",1341082500,1342133520,1051020,102780779.1806
"Bourne identity",1341101460,1485068256,143966796,102780779.1806
"Bourne identity",1341101460,1342200240,1098780,102780779.1806
"Bourne identity",1341267300,1485068256,143800956,102780779.1806
"Bourne identity",1341267300,1342465980,1198680,102780779.1806
"Bourne identity",1341347160,1485068256,143721096,102780779.1806
"Bourne identity",1341347160,1342488060,1140900,102780779.1806
"Bourne identity",1341352320,1485068256,143715936,102780779.1806
"Bourne identity",1341352320,1341694740,342420,102780779.1806
"Bourne identity",1341364200,1485068256,143704056,102780779.1806
"Bourne identity",1341694920,1485068256,143373336,102780779.1806
"Bourne identity",1341694920,1342749300,1054380,102780779.1806
"Bourne identity",1341950820,1485068256,143117436,102780779.1806
"Bourne identity",1341970440,1485068256,143097816,102780779.1806
"Bourne identity",1341970440,1342991100,1020660,102780779.1806
"Bourne identity",1342139220,1485068256,142929036,102780779.1806
"Bourne identity",1342292820,1485068256,142775436,102780779.1806
"Bourne identity",1342384560,1485068256,142683696,102780779.1806
"Bourne identity",1342384560,1343502720,1118160,102780779.1806
"Bourne identity",1342387140,1485068256,142681116,102780779.1806
"Bourne identity",1342387140,1342999980,612840,102780779.1806
"Bourne identity",1342468440,1485068256,142599816,102780779.1806
"Bourne identity",1342468440,1342917060,448620,102780779.1806
"Bourne identity",1342559820,1485068256,142508436,102780779.1806
"Bourne identity",1342559820,1343245440,685620,102780779.1806
"Bourne identity",1342576920,1485068256,142491336,102780779.1806
"Bourne identity",1342576920,1343257680,680760,102780779.1806
"Bourne identity",1342636440,1485068256,142431816,102780779.1806
"Bourne identity",1342636440,1343096340,459900,102780779.1806
"Bourne identity",1342643640,1485068256,142424616,102780779.1806
"Bourne identity",1342723440,1485068256,142344816,102780779.1806
"Bourne identity",1342723440,1342906260,182820,102780779.1806
"Bourne identity",1342819320,1485068256,142248936,102780779.1806
"Bourne identity",1343243640,1485068256,141824616,102780779.1806
"Bourne identity",1343243640,1344205980,962340,102780779.1806
"Bourne identity",1343257860,1485068256,141810396,102780779.1806
"Bourne identity",1343257860,1344382080,1124220,102780779.1806
"Bourne identity",1343341380,1485068256,141726876,102780779.1806
"Bourne identity",1343503500,1485068256,141564756,102780779.1806
"Bourne identity",1343503500,1344566160,1062660,102780779.1806
"Bourne identity",1343515500,1485068256,141552756,102780779.1806
"Bourne identity",1343515500,1343762580,247080,102780779.1806
"Bourne identity",1343603280,1343603580,300,102780779.1806
"Bourne identity",1343671800,1485068256,141396456,102780779.1806
"Bourne identity",1343671800,1344361740,689940,102780779.1806
"Bourne identity",1343690520,1485068256,141377736,102780779.1806
"Bourne identity",1343690520,1346874480,3183960,102780779.1806
"Bourne identity",1343691360,1485068256,141376896,102780779.1806
"Bourne identity",1343691780,1485068256,141376476,102780779.1806
"Bourne identity",1343691780,1344362880,671100,102780779.1806
"Bourne identity",1343698140,1485068256,141370116,102780779.1806
"Bourne identity",1343702880,1485068256,141365376,102780779.1806
"Bourne identity",1343862780,1485068256,141205476,102780779.1806
"Bourne identity",1343862780,1343939460,76680,102780779.1806
"Bourne identity",1344107100,1485068256,140961156,102780779.1806
"Bourne identity",1344107100,1345332900,1225800,102780779.1806
"Bourne identity",1344118980,1485068256,140949276,102780779.1806
"Bourne identity",1344118980,1344283800,164820,102780779.1806
"Bourne identity",1344124440,1485068256,140943816,102780779.1806
"Bourne identity",1344302340,1485068256,140765916,102780779.1806
"Bourne identity",1344302340,1345517700,1215360,102780779.1806
"Bourne identity",1344448920,1344448920,0,102780779.1806
"Bourne identity",1344463620,1485068256,140604636,102780779.1806
"Bourne identity",1344463620,1344628140,164520,102780779.1806
"Bourne identity",1344466920,1485068256,140601336,102780779.1806
"Bourne identity",1344466920,1345417800,950880,102780779.1806
"Bourne identity",1344469980,1485068256,140598276,102780779.1806
"Bourne identity",1344552480,1485068256,140515776,102780779.1806
"Bourne identity",1344552480,1345584120,1031640,102780779.1806
"Bourne identity",1344707520,1485068256,140360736,102780779.1806
"Bourne identity",1344732900,1485068256,140335356,102780779.1806
"Bourne identity",1344732900,1345934580,1201680,102780779.1806
"Bourne identity",1344903600,1344903660,60,102780779.1806
"Bourne identity",1344910260,1485068256,140157996,102780779.1806
"Bourne identity",1344910260,1345502640,592380,102780779.1806
"Bourne identity",1345072920,1485068256,139995336,102780779.1806
"Bourne identity",1345072920,1485068256,139995336,102780779.1806
"Bourne identity",1345072920,1345763220,690300,102780779.1806
"Bourne identity",1345072920,1346794920,1722000,102780779.1806
"Bourne identity",1345149960,1485068256,139918296,102780779.1806
"Bourne identity",1345149960,1345670400,520440,102780779.1806
"Bourne identity",1345403280,1485068256,139664976,102780779.1806
"Bourne identity",1345752600,1485068256,139315656,102780779.1806
"Bourne identity",1345752600,1348330680,2578080,102780779.1806
"Bourne identity",1345761960,1485068256,139306296,102780779.1806
"Bourne identity",1345761960,1347051840,1289880,102780779.1806
"Bourne identity",1345765080,1485068256,139303176,102780779.1806
"Bourne identity",1345765080,1345930020,164940,102780779.1806
"Bourne identity",1345838820,1485068256,139229436,102780779.1806
"Bourne identity",1345839720,1485068256,139228536,102780779.1806
"Bourne identity",1345839720,1347755640,1915920,102780779.1806
"Bourne identity",1345920480,1485068256,139147776,102780779.1806
"Bourne identity",1345934640,1485068256,139133616,102780779.1806
"Bourne identity",1345934640,1348352820,2418180,102780779.1806
"Bourne identity",1346025120,1485068256,139043136,102780779.1806
"Bourne identity",1346025120,1346982660,957540,102780779.1806
"Bourne identity",1346789400,1485068256,138278856,102780779.1806
"Bourne identity",1346789400,1347657420,868020,102780779.1806
"Bourne identity",1346958960,1485068256,138109296,102780779.1806
"Bourne identity",1346958960,1347912300,953340,102780779.1806
"Bourne identity",1347039420,1485068256,138028836,102780779.1806
"Bourne identity",1347039420,1347291240,251820,102780779.1806
"Bourne identity",1347140460,1485068256,137927796,102780779.1806
"Bourne identity",1347140460,1347413100,272640,102780779.1806
"Bourne identity",1347329880,1485068256,137738376,102780779.1806
"Bourne identity",1347395100,1485068256,137673156,102780779.1806
"Bourne identity",1347488460,1485068256,137579796,102780779.1806
"Bourne identity",1347488460,1348525080,1036620,102780779.1806
"Bourne identity",1347500520,1485068256,137567736,102780779.1806
"Bourne identity",1347500520,1348611540,1111020,102780779.1806
"Bourne identity",1347658920,1485068256,137409336,102780779.1806
"Bourne identity",1347658920,1348256280,597360,102780779.1806
"Bourne identity",1347753720,1485068256,137314536,102780779.1806
"Bourne identity",1347753720,1348092540,338820,102780779.1806
"Bourne identity",1347826560,1485068256,137241696,102780779.1806
"Bourne identity",1347826560,1348540080,713520,102780779.1806
"Bourne identity",1348087560,1485068256,136980696,102780779.1806
"Bourne identity",1348087560,1348615020,527460,102780779.1806
"Bourne identity",1348093380,1485068256,136974876,102780779.1806
"Bourne identity",1348103460,1485068256,136964796,102780779.1806
"Bourne identity",1348104600,1485068256,136963656,102780779.1806
"Bourne identity",1348104600,1349568540,1463940,102780779.1806
"Bourne identity",1348160760,1485068256,136907496,102780779.1806
"Bourne identity",1348174980,1485068256,136893276,102780779.1806
"Bourne identity",1348359060,1485068256,136709196,102780779.1806
"Bourne identity",1348359060,1349318940,959880,102780779.1806
"Bourne identity",1348443540,1485068256,136624716,102780779.1806
"Bourne identity",1348513560,1485068256,136554696,102780779.1806
"Bourne identity",1348519380,1485068256,136548876,102780779.1806
"Bourne identity",1348519380,1348952940,433560,102780779.1806
"Bourne identity",1348615980,1485068256,136452276,102780779.1806
"Bourne identity",1348959000,1485068256,136109256,102780779.1806
"Bourne identity",1348959000,1349907600,948600,102780779.1806
"Bourne identity",1348960140,1485068256,136108116,102780779.1806
"Bourne identity",1348960140,1351038480,2078340,102780779.1806
"Bourne identity",1349111520,1485068256,135956736,102780779.1806
"Bourne identity",1349111520,1350339480,1227960,102780779.1806
"Bourne identity",1349129640,1485068256,135938616,102780779.1806
"Bourne identity",1349129640,1349379360,249720,102780779.1806
"Bourne identity",1349136540,1349136840,300,102780779.1806
"Bourne identity",1349138940,1485068256,135929316,102780779.1806
"Bourne identity",1349138940,1350523080,1384140,102780779.1806
"Bourne identity",1349217420,1485068256,135850836,102780779.1806
"Bourne identity",1349217420,1349650740,433320,102780779.1806
"Bourne identity",1349370840,1485068256,135697416,102780779.1806
"Bourne identity",1349370840,1350430560,1059720,102780779.1806
"Bourne identity",1349402760,1485068256,135665496,102780779.1806
"Bourne identity",1349462040,1485068256,135606216,102780779.1806
"Bourne identity",1349462040,1350861420,1399380,102780779.1806
"Bourne identity",1349547720,1485068256,135520536,102780779.1806
"Bourne identity",1349547720,1350768180,1220460,102780779.1806
"Bourne identity",1349568000,1485068256,135500256,102780779.1806
"Bourne identity",1349640180,1485068256,135428076,102780779.1806
"Bourne identity",1349640180,1349727900,87720,102780779.1806
"Bourne identity",1349738280,1485068256,135329976,102780779.1806
"Bourne identity",1349738280,1350950220,1211940,102780779.1806
"Bourne identity",1350083340,1485068256,134984916,102780779.1806
"Bourne identity",1350167340,1485068256,134900916,102780779.1806
"Bourne identity",1350167340,1351463400,1296060,102780779.1806
"Bourne identity",1350249300,1485068256,134818956,102780779.1806
"Bourne identity",1350249300,1350691020,441720,102780779.1806
"Bourne identity",1350321240,1485068256,134747016,102780779.1806
"Bourne identity",1350321240,1350666540,345300,102780779.1806
"Bourne identity",1350346200,1485068256,134722056,102780779.1806
"Bourne identity",1350346200,1350351840,5640,102780779.1806
"Bourne identity",1350409920,1485068256,134658336,102780779.1806
"Bourne identity",1350409920,1351037520,627600,102780779.1806
"Bourne identity",1350515100,1485068256,134553156,102780779.1806
"Bourne identity",1350692580,1485068256,134375676,102780779.1806
"Bourne identity",1350692580,1351039920,347340,102780779.1806
"Bourne identity",1350780660,1485068256,134287596,102780779.1806
"Bourne identity",1350851220,1485068256,134217036,102780779.1806
"Bourne identity",1350861240,1485068256,134207016,102780779.1806
"Bourne identity",1350861240,1352075820,1214580,102780779.1806
"Bourne identity",1351133760,1485068256,133934496,102780779.1806
"Bourne identity",1351133760,1351550520,416760,102780779.1806
"Bourne identity",1351204920,1485068256,133863336,102780779.1806
"Bourne identity",1351204920,1353025200,1820280,102780779.1806
"Bourne identity",1351362900,1485068256,133705356,102780779.1806
"Bourne identity",1351362900,1352241960,879060,102780779.1806
"Bourne identity",1351369140,1485068256,133699116,102780779.1806
"Bourne identity",1351369500,1485068256,133698756,102780779.1806
"Bourne identity",1351369500,1352584920,1215420,102780779.1806
"Bourne identity",1351372440,1485068256,133695816,102780779.1806
"Bourne identity",1351374240,1485068256,133694016,102780779.1806
"Bourne identity",1351374240,1351461360,87120,102780779.1806
"Bourne identity",1351374660,1485068256,133693596,102780779.1806
"Bourne identity",1351374660,1351723380,348720,102780779.1806
"Bourne identity",1351549920,1485068256,133518336,102780779.1806
"Bourne identity",1351549920,1354158720,2608800,102780779.1806
"Bourne identity",1351728900,1485068256,133339356,102780779.1806
"Bourne identity",1351728900,1352419260,690360,102780779.1806
"Bourne identity",1351897320,1485068256,133170936,102780779.1806
"Bourne identity",1351970880,1485068256,133097376,102780779.1806
"Bourne identity",1351970880,1352854200,883320,102780779.1806
"Bourne identity",1351982100,1485068256,133086156,102780779.1806
"Bourne identity",1351982100,1352429880,447780,102780779.1806
"Bourne identity",1352171100,1485068256,132897156,102780779.1806
"Bourne identity",1352171100,1353379320,1208220,102780779.1806
"Bourne identity",1352408100,1485068256,132660156,102780779.1806
"Bourne identity",1352408100,1353108060,699960,102780779.1806
"Bourne identity",1352502660,1485068256,132565596,102780779.1806
"Bourne identity",1352502660,1353709260,1206600,102780779.1806
"Bourne identity",1352593860,1485068256,132474396,102780779.1806
"Bourne identity",1352593860,1354398240,1804380,102780779.1806
"Bourne identity",1352769840,1485068256,132298416,102780779.1806
"Bourne identity",1352769840,1354061220,1291380,102780779.1806
"Bourne identity",1352923680,1485068256,132144576,102780779.1806
"Bourne identity",1352923680,1354224600,1300920,102780779.1806
"Bourne identity",1352926560,1485068256,132141696,102780779.1806
"Bourne identity",1352926560,1353712140,785580,102780779.1806
"Bourne identity",1352934600,1485068256,132133656,102780779.1806
"Bourne identity",1353013680,1485068256,132054576,102780779.1806
"Bourne identity",1353013680,1356062820,3049140,102780779.1806
"Bourne identity",1353191580,1485068256,131876676,102780779.1806
"Bourne identity",1353191580,1354070400,878820,102780779.1806
"Bourne identity",1353201300,1485068256,131866956,102780779.1806
"Bourne identity",1353201300,1353785820,584520,102780779.1806
"Bourne identity",1353279960,1485068256,131788296,102780779.1806
"Bourne identity",1353439200,1485068256,131629056,102780779.1806
"Bourne identity",1353439200,1353791160,351960,102780779.1806
"Bourne identity",1353467880,1485068256,131600376,102780779.1806
"Bourne identity",1353539280,1485068256,131528976,102780779.1806
"Bourne identity",1353543600,1485068256,131524656,102780779.1806
"Bourne identity",1353543600,1354410900,867300,102780779.1806
"Bourne identity",1353782940,1485068256,131285316,102780779.1806
"Bourne identity",1353782940,1354050300,267360,102780779.1806
"Bourne identity",1353789660,1485068256,131278596,102780779.1806
"Bourne identity",1353883560,1485068256,131184696,102780779.1806
"Bourne identity",1353883560,1354060020,176460,102780779.1806
"Bourne identity",1353978780,1485068256,131089476,102780779.1806
"Bourne identity",1353978780,1355099520,1120740,102780779.1806
"Bourne identity",1354061940,1485068256,131006316,102780779.1806
"Bourne identity",1354061940,1355010120,948180,102780779.1806
"Bourne identity",1354214040,1485068256,130854216,102780779.1806
"Bourne identity",1354214040,1354588380,374340,102780779.1806
"Bourne identity",1354222020,1485068256,130846236,102780779.1806
"Bourne identity",1354222020,1355097840,875820,102780779.1806
"Bourne identity",1354227180,1485068256,130841076,102780779.1806
"Bourne identity",1354227180,1354572600,345420,102780779.1806
"Bourne identity",1354390020,1485068256,130678236,102780779.1806
"Bourne identity",1354390020,1355195820,805800,102780779.1806
"Bourne identity",1354398240,1485068256,130670016,102780779.1806
"Bourne identity",1354398240,1355276760,878520,102780779.1806
"Bourne identity",1354406940,1485068256,130661316,102780779.1806
"Bourne identity",1354406940,1355778300,1371360,102780779.1806
"Bourne identity",1354576740,1485068256,130491516,102780779.1806
"Bourne identity",1354576740,1354840380,263640,102780779.1806
"Bourne identity",1354765800,1485068256,130302456,102780779.1806
"Bourne identity",1354765800,1355282880,517080,102780779.1806
"Bourne identity",1354826400,1485068256,130241856,102780779.1806
"Bourne identity",1354826400,1355443260,616860,102780779.1806
"Bourne identity",1354927380,1485068256,130140876,102780779.1806
"Bourne identity",1354927380,1355277060,349680,102780779.1806
"Bourne identity",1354993440,1485068256,130074816,102780779.1806
"Bourne identity",1354993440,1356223860,1230420,102780779.1806
"Bourne identity",1355098500,1485068256,129969756,102780779.1806
"Bourne identity",1355182620,1485068256,129885636,102780779.1806
"Bourne identity",1355182620,1355798100,615480,102780779.1806
"Bourne identity",1355192340,1485068256,129875916,102780779.1806
"Bourne identity",1355192340,1356141060,948720,102780779.1806
"Bourne identity",1355275620,1485068256,129792636,102780779.1806
"Bourne identity",1355275620,1355888520,612900,102780779.1806
"Bourne identity",1355437020,1485068256,129631236,102780779.1806
"Bourne identity",1355437020,1356222300,785280,102780779.1806
"Bourne identity",1355443140,1485068256,129625116,102780779.1806
"Bourne identity",1355447940,1485068256,129620316,102780779.1806
"Bourne identity",1355447940,1356223500,775560,102780779.1806
"Bourne identity",1355508780,1485068256,129559476,102780779.1806
"Bourne identity",1355508780,1356548880,1040100,102780779.1806
"Bourne identity",1355618400,1485068256,129449856,102780779.1806
"Bourne identity",1355799480,1485068256,129268776,102780779.1806
"Bourne identity",1355799480,1356223860,424380,102780779.1806
"Bourne identity",1355800920,1485068256,129267336,102780779.1806
"Bourne identity",1356052080,1485068256,129016176,102780779.1806
"Bourne identity",1356052080,1357149360,1097280,102780779.1806
"Bourne identity",1356212400,1485068256,128855856,102780779.1806
"Bourne identity",1356214620,1485068256,128853636,102780779.1806
"Bourne identity",1356214620,1357429020,1214400,102780779.1806
"Bourne identity",1356222960,1485068256,128845296,102780779.1806
"Bourne identity",1356224460,1485068256,128843796,102780779.1806
"Bourne identity",1356224460,1356291960,67500,102780779.1806
"Bourne identity",1356296580,1485068256,128771676,102780779.1806
"Bourne identity",1356296580,1356571140,274560,102780779.1806
"Bourne identity",1356549840,1485068256,128518416,102780779.1806
"Bourne identity",1356549840,1357766760,1216920,102780779.1806
"Bourne identity",1356564300,1485068256,128503956,102780779.1806
"Bourne identity",1356564300,1357240620,676320,102780779.1806
"Bourne identity",1356631800,1485068256,128436456,102780779.1806
"Bourne identity",1356631800,1360270440,3638640,102780779.1806
"Bourne identity",1356811800,1485068256,128256456,102780779.1806
"Bourne identity",1356811800,1357612680,800880,102780779.1806
"Bourne identity",1356824760,1485068256,128243496,102780779.1806
"Bourne identity",1356824760,1356992880,168120,102780779.1806
"Bourne identity",1356828540,1485068256,128239716,102780779.1806
"Bourne identity",1356828540,1356829440,900,102780779.1806
"Bourne identity",1356991200,1485068256,128077056,102780779.1806
"Bourne identity",1356991200,1357156440,165240,102780779.1806
"Bourne identity",1357157520,1485068256,127910736,102780779.1806
"Bourne identity",1357170300,1485068256,127897956,102780779.1806
"Bourne identity",1357170300,1357518240,347940,102780779.1806
"Bourne identity",1357174200,1485068256,127894056,102780779.1806
"Bourne identity",1357174200,1357413780,239580,102780779.1806
"Bourne identity",1357326120,1485068256,127742136,102780779.1806
"Bourne identity",1357326120,1358298540,972420,102780779.1806
"Bourne identity",1357338300,1485068256,127729956,102780779.1806
"Bourne identity",1357338300,1357599660,261360,102780779.1806
"Bourne identity",1357346640,1485068256,127721616,102780779.1806
"Bourne identity",1357346640,1358562780,1216140,102780779.1806
"Bourne identity",1357434960,1485068256,127633296,102780779.1806
"Bourne identity",1357434960,1357785480,350520,102780779.1806
"Bourne identity",1357513740,1485068256,127554516,102780779.1806
"Bourne identity",1357520280,1485068256,127547976,102780779.1806
"Bourne identity",1357591320,1485068256,127476936,102780779.1806
"Bourne identity",1357680540,1485068256,127387716,102780779.1806
"Bourne identity",1357782060,1485068256,127286196,102780779.1806
"Bourne identity",1357782060,1358640240,858180,102780779.1806
"Bourne identity",1357876380,1485068256,127191876,102780779.1806
"Bourne identity",1357876380,1359684360,1807980,102780779.1806
"Bourne identity",1357953960,1485068256,127114296,102780779.1806
"Bourne identity",1357953960,1358114100,160140,102780779.1806
"Bourne identity",1358020500,1485068256,127047756,102780779.1806
"Bourne identity",1358031360,1485068256,127036896,102780779.1806
"Bourne identity",1358114220,1485068256,126954036,102780779.1806
"Bourne identity",1358114220,1359147420,1033200,102780779.1806
"Bourne identity",1358122260,1485068256,126945996,102780779.1806
"Bourne identity",1358122260,1362272640,4150380,102780779.1806
"Bourne identity",1358194020,1485068256,126874236,102780779.1806
"Bourne identity",1358194020,1358386260,192240,102780779.1806
"Bourne identity",1358201220,1485068256,126867036,102780779.1806
"Bourne identity",1358201220,1358724300,523080,102780779.1806
"Bourne identity",1358213940,1485068256,126854316,102780779.1806
"Bourne identity",1358361420,1485068256,126706836,102780779.1806
"Bourne identity",1358361420,1358883360,521940,102780779.1806
"Bourne identity",1358481360,1485068256,126586896,102780779.1806
"Bourne identity",1358552160,1485068256,126516096,102780779.1806
"Bourne identity",1358552160,1359405540,853380,102780779.1806
"Bourne identity",1358628000,1485068256,126440256,102780779.1806
"Bourne identity",1358628000,1358889720,261720,102780779.1806
"Bourne identity",1358723760,1485068256,126344496,102780779.1806
"Bourne identity",1358729520,1485068256,126338736,102780779.1806
"Bourne identity",1358878620,1485068256,126189636,102780779.1806
"Bourne identity",1358878620,1359163620,285000,102780779.1806
"Bourne identity",1358975340,1485068256,126092916,102780779.1806
"Bourne identity",1358975340,1358992860,17520,102780779.1806
"Bourne identity",1359078360,1485068256,125989896,102780779.1806
"Bourne identity",1359078360,1359933480,855120,102780779.1806
"Bourne identity",1359148380,1485068256,125919876,102780779.1806
"Bourne identity",1359148380,1360108920,960540,102780779.1806
"Bourne identity",1359156600,1485068256,125911656,102780779.1806
"Bourne identity",1359156600,1359585120,428520,102780779.1806
"Bourne identity",1359237180,1485068256,125831076,102780779.1806
"Bourne identity",1359237180,1359325860,88680,102780779.1806
"Bourne identity",1359239880,1485068256,125828376,102780779.1806
"Bourne identity",1359239880,1360796400,1556520,102780779.1806
"Bourne identity",1359325500,1485068256,125742756,102780779.1806
"Bourne identity",1359325500,1360538880,1213380,102780779.1806
"Bourne identity",1359330360,1485068256,125737896,102780779.1806
"Bourne identity",1359334440,1485068256,125733816,102780779.1806
"Bourne identity",1359492660,1485068256,125575596,102780779.1806
"Bourne identity",1359492660,1359671520,178860,102780779.1806
"Bourne identity",1359581160,1485068256,125487096,102780779.1806
"Bourne identity",1359581160,1360625160,1044000,102780779.1806
"Bourne identity",1359583980,1485068256,125484276,102780779.1806
"Bourne identity",1359583980,1360106820,522840,102780779.1806
"Bourne identity",1359676740,1485068256,125391516,102780779.1806
"Bourne identity",1359676740,1360280160,603420,102780779.1806
"Bourne identity",1359851160,1485068256,125217096,102780779.1806
"Bourne identity",1359936600,1485068256,125131656,102780779.1806
"Bourne identity",1359936600,1360115640,179040,102780779.1806
"Bourne identity",1360017240,1485068256,125051016,102780779.1806
"Bourne identity",1360017240,1360193340,176100,102780779.1806
"Bourne identity",1360199820,1485068256,124868436,102780779.1806
"Bourne identity",1360199820,1360459860,260040,102780779.1806
"Bourne identity",1360271820,1485068256,124796436,102780779.1806
"Bourne identity",1360271820,1360811880,540060,102780779.1806
"Bourne identity",1360293060,1485068256,124775196,102780779.1806
"Bourne identity",1360293060,1360538580,245520,102780779.1806
"Bourne identity",1360361880,1485068256,124706376,102780779.1806
"Bourne identity",1360361880,1361309760,947880,102780779.1806
"Bourne identity",1360444140,1485068256,124624116,102780779.1806
"Bourne identity",1360444140,1361317500,873360,102780779.1806
"Bourne identity",1360446240,1485068256,124622016,102780779.1806
"Bourne identity",1360446240,1361658960,1212720,102780779.1806
"Bourne identity",1360532760,1485068256,124535496,102780779.1806
"Bourne identity",1360543320,1485068256,124524936,102780779.1806
"Bourne identity",1360543320,1361055480,512160,102780779.1806
"Bourne identity",1360626360,1485068256,124441896,102780779.1806
"Bourne identity",1360626360,1360959660,333300,102780779.1806
"Bourne identity",1360697460,1485068256,124370796,102780779.1806
"Bourne identity",1360697460,1361142360,444900,102780779.1806
"Bourne identity",1360801680,1485068256,124266576,102780779.1806
"Bourne identity",1360801680,1360967280,165600,102780779.1806
"Bourne identity",1360891380,1485068256,124176876,102780779.1806
"Bourne identity",1360891380,1361060700,169320,102780779.1806
"Bourne identity",1360952640,1485068256,124115616,102780779.1806
"Bourne identity",1360952640,1361297820,345180,102780779.1806
"Bourne identity",1361045400,1485068256,124022856,102780779.1806
"Bourne identity",1361045400,1361484600,439200,102780779.1806
"Bourne identity",1361054580,1485068256,124013676,102780779.1806
"Bourne identity",1361054580,1362273420,1218840,102780779.1806
"Bourne identity",1361144580,1485068256,123923676,102780779.1806
"Bourne identity",1361144580,1361654400,509820,102780779.1806
"Bourne identity",1361309220,1485068256,123759036,102780779.1806
"Bourne identity",1361309220,1362693480,1384260,102780779.1806
"Bourne identity",1361310120,1485068256,123758136,102780779.1806
"Bourne identity",1361319300,1485068256,123748956,102780779.1806
"Bourne identity",1361319300,1361747520,428220,102780779.1806
"Bourne identity",1361321160,1485068256,123747096,102780779.1806
"Bourne identity",1361321160,1361838840,517680,102780779.1806
"Bourne identity",1361411100,1485068256,123657156,102780779.1806
"Bourne identity",1361411100,1362102420,691320,102780779.1806
"Bourne identity",1361417100,1485068256,123651156,102780779.1806
"Bourne identity",1361584500,1485068256,123483756,102780779.1806
"Bourne identity",1361584500,1362430800,846300,102780779.1806
"Bourne identity",1361664780,1485068256,123403476,102780779.1806
"Bourne identity",1361664780,1361918100,253320,102780779.1806
"Bourne identity",1361669760,1485068256,123398496,102780779.1806
"Bourne identity",1361669760,1362866040,1196280,102780779.1806
"Bourne identity",1361743260,1485068256,123324996,102780779.1806
"Bourne identity",1361743260,1362100980,357720,102780779.1806
"Bourne identity",1361745000,1485068256,123323256,102780779.1806
"Bourne identity",1361750340,1485068256,123317916,102780779.1806
"Bourne identity",1361927580,1485068256,123140676,102780779.1806
"Bourne identity",1361927580,1362356160,428580,102780779.1806
"Bourne identity",1362021060,1485068256,123047196,102780779.1806
"Bourne identity",1362164340,1485068256,122903916,102780779.1806
"Bourne identity",1362164340,1363038060,873720,102780779.1806
"Bourne identity",1362169080,1485068256,122899176,102780779.1806
"Bourne identity",1362169080,1362431520,262440,102780779.1806
"Bourne identity",1362171780,1485068256,122896476,102780779.1806
"Bourne identity",1362171780,1362767460,595680,102780779.1806
"Bourne identity",1362439740,1485068256,122628516,102780779.1806
"Bourne identity",1362611100,1485068256,122457156,102780779.1806
"Bourne identity",1362700440,1485068256,122367816,102780779.1806
"Bourne identity",1362700440,1363212840,512400,102780779.1806
"Bourne identity",1362777060,1485068256,122291196,102780779.1806
"Bourne identity",1362794400,1485068256,122273856,102780779.1806
"Bourne identity",1362794400,1363370280,575880,102780779.1806
"Bourne identity",1362794460,1485068256,122273796,102780779.1806
"Bourne identity",1362794460,1363197420,402960,102780779.1806
"Bourne identity",1362951360,1485068256,122116896,102780779.1806
"Bourne identity",1362951360,1363744500,793140,102780779.1806
"Bourne identity",1363023180,1485068256,122045076,102780779.1806
"Bourne identity",1363032720,1485068256,122035536,102780779.1806
"Bourne identity",1363032720,1363213020,180300,102780779.1806
"Bourne identity",1363130400,1485068256,121937856,102780779.1806
"Bourne identity",1363130400,1363307760,177360,102780779.1806
"Bourne identity",1363220220,1485068256,121848036,102780779.1806
"Bourne identity",1363220220,1363917420,697200,102780779.1806
"Bourne identity",1363290900,1485068256,121777356,102780779.1806
"Bourne identity",1363291020,1485068256,121777236,102780779.1806
"Bourne identity",1363291020,1363399020,108000,102780779.1806
"Bourne identity",1363297320,1485068256,121770936,102780779.1806
"Bourne identity",1363373280,1485068256,121694976,102780779.1806
"Bourne identity",1363373280,1363558320,185040,102780779.1806
"Bourne identity",1363458180,1485068256,121610076,102780779.1806
"Bourne identity",1363458180,1364061840,603660,102780779.1806
"Bourne identity",1363460040,1485068256,121608216,102780779.1806
"Bourne identity",1363467780,1485068256,121600476,102780779.1806
"Bourne identity",1363467780,1363558140,90360,102780779.1806
"Bourne identity",1363480140,1485068256,121588116,102780779.1806
"Bourne identity",1363480140,1363911780,431640,102780779.1806
"Bourne identity",1363552560,1485068256,121515696,102780779.1806
"Bourne identity",1363552560,1367090760,3538200,102780779.1806
"Bourne identity",1363562280,1485068256,121505976,102780779.1806
"Bourne identity",1363562280,1363908780,346500,102780779.1806
"Bourne identity",1363649100,1485068256,121419156,102780779.1806
"Bourne identity",1363649100,1363813020,163920,102780779.1806
"Bourne identity",1363736880,1485068256,121331376,102780779.1806
"Bourne identity",1363742400,1485068256,121325856,102780779.1806
"Bourne identity",1363742400,1364350560,608160,102780779.1806
"Bourne identity",1363818780,1485068256,121249476,102780779.1806
"Bourne identity",1363818780,1365039660,1220880,102780779.1806
"Bourne identity",1363890660,1485068256,121177596,102780779.1806
"Bourne identity",1363890660,1364846700,956040,102780779.1806
"Bourne identity",1363914240,1485068256,121154016,102780779.1806
"Bourne identity",1363988460,1485068256,121079796,102780779.1806
"Bourne identity",1363988460,1364407320,418860,102780779.1806
"Bourne identity",1364070180,1485068256,120998076,102780779.1806
"Bourne identity",1364070180,1364262000,191820,102780779.1806
"Bourne identity",1364255520,1485068256,120812736,102780779.1806
"Bourne identity",1364255520,1365287760,1032240,102780779.1806
"Bourne identity",1364255700,1485068256,120812556,102780779.1806
"Bourne identity",1364431920,1485068256,120636336,102780779.1806
"Bourne identity",1364431920,1367368560,2936640,102780779.1806
"Bourne identity",1364588100,1485068256,120480156,102780779.1806
"Bourne identity",1364588100,1365119820,531720,102780779.1806
"Bourne identity",1364591100,1485068256,120477156,102780779.1806
"Bourne identity",1364591100,1365813720,1222620,102780779.1806
"Bourne identity",1364601780,1485068256,120466476,102780779.1806
"Bourne identity",1364602560,1485068256,120465696,102780779.1806
"Bourne identity",1364602560,1365893280,1290720,102780779.1806
"Bourne identity",1364682780,1485068256,120385476,102780779.1806
"Bourne identity",1365024120,1485068256,120044136,102780779.1806
"Bourne identity",1365100560,1485068256,119967696,102780779.1806
"Bourne identity",1365100560,1365207780,107220,102780779.1806
"Bourne identity",1365122100,1485068256,119946156,102780779.1806
"Bourne identity",1365122100,1366336500,1214400,102780779.1806
"Bourne identity",1365124560,1485068256,119943696,102780779.1806
"Bourne identity",1365124560,1366078560,954000,102780779.1806
"Bourne identity",1365130680,1485068256,119937576,102780779.1806
"Bourne identity",1365130680,1365978720,848040,102780779.1806
"Bourne identity",1365377760,1485068256,119690496,102780779.1806
"Bourne identity",1365377760,1365801660,423900,102780779.1806
"Bourne identity",1365453420,1485068256,119614836,102780779.1806
"Bourne identity",1365453420,1365626160,172740,102780779.1806
"Bourne identity",1365469980,1485068256,119598276,102780779.1806
"Bourne identity",1365469980,1366149360,679380,102780779.1806
"Bourne identity",1365896640,1485068256,119171616,102780779.1806
"Bourne identity",1365896640,1367267880,1371240,102780779.1806
"Bourne identity",1366062600,1485068256,119005656,102780779.1806
"Bourne identity",1366062600,1366664220,601620,102780779.1806
"Bourne identity",1366152000,1485068256,118916256,102780779.1806
"Bourne identity",1366152000,1366247400,95400,102780779.1806
"Bourne identity",1366159080,1485068256,118909176,102780779.1806
"Bourne identity",1366159080,1367355900,1196820,102780779.1806
"Bourne identity",1366241700,1485068256,118826556,102780779.1806
"Bourne identity",1366250520,1485068256,118817736,102780779.1806
"Bourne identity",1366250520,1366837380,586860,102780779.1806
"Bourne identity",1366312860,1485068256,118755396,102780779.1806
"Bourne identity",1366312860,1366585980,273120,102780779.1806
"Bourne identity",1366330620,1485068256,118737636,102780779.1806
"Bourne identity",1366392360,1485068256,118675896,102780779.1806
"Bourne identity",1366392360,1366771320,378960,102780779.1806
"Bourne identity",1366397100,1485068256,118671156,102780779.1806
"Bourne identity",1366397100,1367966340,1569240,102780779.1806
"Bourne identity",1366504080,1485068256,118564176,102780779.1806
"Bourne identity",1366504080,1367710680,1206600,102780779.1806
"Bourne identity",1366846020,1366846020,0,102780779.1806
"Bourne identity",1366915920,1485068256,118152336,102780779.1806
"Bourne identity",1366915920,1368120420,1204500,102780779.1806
"Bourne identity",1366931340,1485068256,118136916,102780779.1806
"Bourne identity",1367102280,1485068256,117965976,102780779.1806
"Bourne identity",1367102280,1367540220,437940,102780779.1806
"Bourne identity",1367108760,1485068256,117959496,102780779.1806
"Bourne identity",1367108760,1368467040,1358280,102780779.1806
"Bourne identity",1367180940,1485068256,117887316,102780779.1806
"Bourne identity",1367360880,1485068256,117707376,102780779.1806
"Bourne identity",1367360880,1367703840,342960,102780779.1806
"Bourne identity",1367366640,1485068256,117701616,102780779.1806
"Bourne identity",1367366640,1368057660,691020,102780779.1806
"Bourne identity",1367369880,1485068256,117698376,102780779.1806
"Bourne identity",1367369880,1367538720,168840,102780779.1806
"Bourne identity",1367437800,1485068256,117630456,102780779.1806
"Bourne identity",1367437800,1367523840,86040,102780779.1806
"Bourne identity",1367706300,1485068256,117361956,102780779.1806
"Bourne identity",1367706300,1368581580,875280,102780779.1806
"Bourne identity",1367790540,1485068256,117277716,102780779.1806
"Bourne identity",1367866440,1485068256,117201816,102780779.1806
"Bourne identity",1367866440,1368575100,708660,102780779.1806
"Bourne identity",1367971920,1485068256,117096336,102780779.1806
"Bourne identity",1367971920,1368400140,428220,102780779.1806
"Bourne identity",1367973960,1485068256,117094296,102780779.1806
"Bourne identity",1367973960,1369342740,1368780,102780779.1806
"Bourne identity",1368038940,1485068256,117029316,102780779.1806
"Bourne identity",1368038940,1368819060,780120,102780779.1806
"Bourne identity",1368067620,1485068256,117000636,102780779.1806
"Bourne identity",1368221400,1485068256,116846856,102780779.1806
"Bourne identity",1368221400,1368744780,523380,102780779.1806
"Bourne identity",1368225120,1485068256,116843136,102780779.1806
"Bourne identity",1368225120,1368661080,435960,102780779.1806
"Bourne identity",1368396420,1485068256,116671836,102780779.1806
"Bourne identity",1368401760,1485068256,116666496,102780779.1806
"Bourne identity",1368401760,1368663540,261780,102780779.1806
"Bourne identity",1368499680,1485068256,116568576,102780779.1806
"Bourne identity",1368499680,1369517580,1017900,102780779.1806
"Bourne identity",1368651120,1485068256,116417136,102780779.1806
"Bourne identity",1368651120,1369765620,1114500,102780779.1806
"Bourne identity",1368664440,1485068256,116403816,102780779.1806
"Bourne identity",1368664440,1369006620,342180,102780779.1806
"Bourne identity",1368751140,1485068256,116317116,102780779.1806
"Bourne identity",1368751140,1369773540,1022400,102780779.1806
"Bourne identity",1368832560,1485068256,116235696,102780779.1806
"Bourne identity",1368832560,1369187520,354960,102780779.1806
"Bourne identity",1368906660,1485068256,116161596,102780779.1806
"Bourne identity",1368908820,1485068256,116159436,102780779.1806
"Bourne identity",1368908820,1370654460,1745640,102780779.1806
"Bourne identity",1368924000,1485068256,116144256,102780779.1806
"Bourne identity",1368924000,1370637060,1713060,102780779.1806
"Bourne identity",1369190520,1485068256,115877736,102780779.1806
"Bourne identity",1369190520,1369957800,767280,102780779.1806
"Bourne identity",1369334520,1485068256,115733736,102780779.1806
"Bourne identity",1369334520,1369772340,437820,102780779.1806
"Bourne identity",1369342680,1485068256,115725576,102780779.1806
"Bourne identity",1369342680,1369763760,421080,102780779.1806
"Bourne identity",1369350540,1485068256,115717716,102780779.1806
"Bourne identity",1369350600,1485068256,115717656,102780779.1806
"Bourne identity",1369350600,1369506480,155880,102780779.1806
"Bourne identity",1369787820,1485068256,115280436,102780779.1806
"Bourne identity",1369787820,1370916060,1128240,102780779.1806
"Bourne identity",1369790400,1485068256,115277856,102780779.1806
"Bourne identity",1369790400,1370391360,600960,102780779.1806
"Bourne identity",1369793640,1485068256,115274616,102780779.1806
"Bourne identity",1369793640,1371514560,1720920,102780779.1806
"Bourne identity",1370025960,1485068256,115042296,102780779.1806
"Bourne identity",1370025960,1372188360,2162400,102780779.1806
"Bourne identity",1370027100,1485068256,115041156,102780779.1806
"Bourne identity",1370027100,1370987700,960600,102780779.1806
"Bourne identity",1370036940,1485068256,115031316,102780779.1806
"Bourne identity",1370036940,1370461620,424680,102780779.1806
"Bourne identity",1370303880,1485068256,114764376,102780779.1806
"Bourne identity",1370303880,1370478420,174540,102780779.1806
"Bourne identity",1370393160,1485068256,114675096,102780779.1806
"Bourne identity",1370540880,1485068256,114527376,102780779.1806
"Bourne identity",1370540880,1371755640,1214760,102780779.1806
"Bourne identity",1370553420,1485068256,114514836,102780779.1806
"Bourne identity",1370553420,1370983320,429900,102780779.1806
"Bourne identity",1370652600,1485068256,114415656,102780779.1806
"Bourne identity",1370716080,1485068256,114352176,102780779.1806
"Bourne identity",1370716080,1371321780,605700,102780779.1806
"Bourne identity",1370717400,1485068256,114350856,102780779.1806
"Bourne identity",1370717400,1371328200,610800,102780779.1806
"Bourne identity",1370904660,1485068256,114163596,102780779.1806
"Bourne identity",1371000000,1485068256,114068256,102780779.1806
"Bourne identity",1371000000,1371161400,161400,102780779.1806
"Bourne identity",1371076320,1485068256,113991936,102780779.1806
"Bourne identity",1371076320,1372128180,1051860,102780779.1806
"Bourne identity",1371241200,1485068256,113827056,102780779.1806
"Bourne identity",1371241200,1371328680,87480,102780779.1806
"Bourne identity",1371323940,1485068256,113744316,102780779.1806
"Bourne identity",1371416160,1485068256,113652096,102780779.1806
"Bourne identity",1371416160,1373141580,1725420,102780779.1806
"Bourne identity",1371421020,1485068256,113647236,102780779.1806
"Bourne identity",1371421020,1372728900,1307880,102780779.1806
"Bourne identity",1371424680,1485068256,113643576,102780779.1806
"Bourne identity",1371424680,1373234280,1809600,102780779.1806
"Bourne identity",1371426900,1485068256,113641356,102780779.1806
"Bourne identity",1371426900,1372377420,950520,102780779.1806
"Bourne identity",1371761760,1485068256,113306496,102780779.1806
"Bourne identity",1371945780,1485068256,113122476,102780779.1806
"Bourne identity",1371945780,1372805880,860100,102780779.1806
"Bourne identity",1372120260,1485068256,112947996,102780779.1806
"Bourne identity",1372120260,1374084900,1964640,102780779.1806
"Bourne identity",1372293120,1485068256,112775136,102780779.1806
"Bourne identity",1372293120,1373334780,1041660,102780779.1806
"Bourne identity",1372366680,1485068256,112701576,102780779.1806
"Bourne identity",1372366680,1373144160,777480,102780779.1806
"Bourne identity",1372534140,1485068256,112534116,102780779.1806
"Bourne identity",1372534140,1375571460,3037320,102780779.1806
"Bourne identity",1372799220,1485068256,112269036,102780779.1806
"Bourne identity",1372887000,1485068256,112181256,102780779.1806
"Bourne identity",1372897260,1485068256,112170996,102780779.1806
"Bourne identity",1372897260,1373580300,683040,102780779.1806
"Bourne identity",1373240640,1485068256,111827616,102780779.1806
"Bourne identity",1373314680,1485068256,111753576,102780779.1806
"Bourne identity",1373314680,1373843280,528600,102780779.1806
"Bourne identity",1373318040,1485068256,111750216,102780779.1806
"Bourne identity",1373318040,1373394300,76260,102780779.1806
"Bourne identity",1373494740,1485068256,111573516,102780779.1806
"Bourne identity",1373494740,1375656720,2161980,102780779.1806
"Bourne identity",1373586780,1485068256,111481476,102780779.1806
"Bourne identity",1373586780,1374873120,1286340,102780779.1806
"Bourne identity",1373666280,1485068256,111401976,102780779.1806
"Bourne identity",1373755860,1485068256,111312396,102780779.1806
"Bourne identity",1373755860,1374961860,1206000,102780779.1806
"Bourne identity",1373756100,1485068256,111312156,102780779.1806
"Bourne identity",1373756100,1374612000,855900,102780779.1806
"Bourne identity",1373757960,1485068256,111310296,102780779.1806
"Bourne identity",1373757960,1375122120,1364160,102780779.1806
"Bourne identity",1373760060,1485068256,111308196,102780779.1806
"Bourne identity",1373760060,1374364860,604800,102780779.1806
"Bourne identity",1373760900,1485068256,111307356,102780779.1806
"Bourne identity",1373760900,1374604680,843780,102780779.1806
"Bourne identity",1373936700,1485068256,111131556,102780779.1806
"Bourne identity",1373936700,1374171180,234480,102780779.1806
"Bourne identity",1374174660,1485068256,110893596,102780779.1806
"Bourne identity",1374174660,1374701940,527280,102780779.1806
"Bourne identity",1374350460,1485068256,110717796,102780779.1806
"Bourne identity",1374350460,1374530100,179640,102780779.1806
"Bourne identity",1374355500,1485068256,110712756,102780779.1806
"Bourne identity",1374355500,1375392000,1036500,102780779.1806
"Bourne identity",1374434760,1485068256,110633496,102780779.1806
"Bourne identity",1374434760,1374624180,189420,102780779.1806
"Bourne identity",1374694560,1485068256,110373696,102780779.1806
"Bourne identity",1374694560,1375304640,610080,102780779.1806
"Bourne identity",1374773880,1485068256,110294376,102780779.1806
"Bourne identity",1374773880,1374971760,197880,102780779.1806
"Bourne identity",1374881220,1485068256,110187036,102780779.1806
"Bourne identity",1374881220,1374966840,85620,102780779.1806
"Bourne identity",1374953160,1485068256,110115096,102780779.1806
"Bourne identity",1374953160,1375220400,267240,102780779.1806
"Bourne identity",1375042200,1485068256,110026056,102780779.1806
"Bourne identity",1375042200,1375654800,612600,102780779.1806
"Bourne identity",1375043760,1485068256,110024496,102780779.1806
"Bourne identity",1375043760,1376165760,1122000,102780779.1806
"Bourne identity",1375147020,1485068256,109921236,102780779.1806
"Bourne identity",1375147020,1376616000,1468980,102780779.1806
"Bourne identity",1375211940,1485068256,109856316,102780779.1806
"Bourne identity",1375559280,1485068256,109508976,102780779.1806
"Bourne identity",1375559280,1376525640,966360,102780779.1806
"Bourne identity",1375658160,1485068256,109410096,102780779.1806
"Bourne identity",1375658160,1376683920,1025760,102780779.1806
"Bourne identity",1375743600,1485068256,109324656,102780779.1806
"Bourne identity",1375745100,1485068256,109323156,102780779.1806
"Bourne identity",1375832460,1485068256,109235796,102780779.1806
"Bourne identity",1375915680,1485068256,109152576,102780779.1806
"Bourne identity",1375915680,1376862720,947040,102780779.1806
"Bourne identity",1376262540,1485068256,108805716,102780779.1806
"Bourne identity",1376262540,1376431200,168660,102780779.1806
"Bourne identity",1376328960,1485068256,108739296,102780779.1806
"Bourne identity",1376328960,1377630840,1301880,102780779.1806
"Bourne identity",1376355540,1485068256,108712716,102780779.1806
"Bourne identity",1376515200,1485068256,108553056,102780779.1806
"Bourne identity",1376515200,1378072860,1557660,102780779.1806
"Bourne identity",1376700360,1485068256,108367896,102780779.1806
"Bourne identity",1376700360,1378434300,1733940,102780779.1806
"Bourne identity",1376857740,1485068256,108210516,102780779.1806
"Bourne identity",1376857740,1377022860,165120,102780779.1806
"Bourne identity",1376866440,1485068256,108201816,102780779.1806
"Bourne identity",1376866440,1377374100,507660,102780779.1806
"Bourne identity",1376934060,1485068256,108134196,102780779.1806
"Bourne identity",1376940840,1485068256,108127416,102780779.1806
"Bourne identity",1376940840,1377902760,961920,102780779.1806
"Bourne identity",1376963940,1485068256,108104316,102780779.1806
"Bourne identity",1376963940,1378256820,1292880,102780779.1806
"Bourne identity",1377208800,1485068256,107859456,102780779.1806
"Bourne identity",1377469140,1485068256,107599116,102780779.1806
"Bourne identity",1377469140,1377727320,258180,102780779.1806
"Bourne identity",1377798420,1485068256,107269836,102780779.1806
"Bourne identity",1377812760,1485068256,107255496,102780779.1806
"Bourne identity",1377813720,1485068256,107254536,102780779.1806
"Bourne identity",1377813720,1377820020,6300,102780779.1806
"Bourne identity",1378252620,1485068256,106815636,102780779.1806
"Bourne identity",1378252620,1380398940,2146320,102780779.1806
"Bourne identity",1378319760,1485068256,106748496,102780779.1806
"Bourne identity",1378319760,1378579320,259560,102780779.1806
"Bourne identity",1378593600,1485068256,106474656,102780779.1806
"Bourne identity",1378593600,1379034600,441000,102780779.1806
"Bourne identity",1378676100,1485068256,106392156,102780779.1806
"Bourne identity",1378676100,1380838140,2162040,102780779.1806
"Bourne identity",1378761540,1485068256,106306716,102780779.1806
"Bourne identity",1378765980,1485068256,106302276,102780779.1806
"Bourne identity",1378769100,1485068256,106299156,102780779.1806
"Bourne identity",1378769100,1379028420,259320,102780779.1806
"Bourne identity",1378950300,1485068256,106117956,102780779.1806
"Bourne identity",1379115060,1485068256,105953196,102780779.1806
"Bourne identity",1379115060,1379722620,607560,102780779.1806
"Bourne identity",1379117400,1485068256,105950856,102780779.1806
"Bourne identity",1379117400,1380327480,1210080,102780779.1806
"Bourne identity",1379365140,1485068256,105703116,102780779.1806
"Bourne identity",1379365140,1379455320,90180,102780779.1806
"Bourne identity",1379368380,1485068256,105699876,102780779.1806
"Bourne identity",1379368380,1382052060,2683680,102780779.1806
"Bourne identity",1379374260,1485068256,105693996,102780779.1806
"Bourne identity",1379374260,1380586200,1211940,102780779.1806
"Bourne identity",1379453940,1485068256,105614316,102780779.1806
"Bourne identity",1379527080,1485068256,105541176,102780779.1806
"Bourne identity",1379527080,1381165500,1638420,102780779.1806
"Bourne identity",1379536800,1485068256,105531456,102780779.1806
"Bourne identity",1379536800,1379890140,353340,102780779.1806
"Bourne identity",1379784060,1485068256,105284196,102780779.1806
"Bourne identity",1379784060,1380131760,347700,102780779.1806
"Bourne identity",1380076560,1485068256,104991696,102780779.1806
"Bourne identity",1380149820,1485068256,104918436,102780779.1806
"Bourne identity",1380149820,1380161340,11520,102780779.1806
"Bourne identity",1380234960,1485068256,104833296,102780779.1806
"Bourne identity",1380481920,1485068256,104586336,102780779.1806
"Bourne identity",1380481920,1380851040,369120,102780779.1806
"Bourne identity",1380923700,1485068256,104144556,102780779.1806
"Bourne identity",1380923700,1381970340,1046640,102780779.1806
"Bourne identity",1380995760,1485068256,104072496,102780779.1806
"Bourne identity",1380995760,1384023540,3027780,102780779.1806
"Bourne identity",1380996300,1485068256,104071956,102780779.1806
"Bourne identity",1381007640,1485068256,104060616,102780779.1806
"Bourne identity",1381007640,1381358220,350580,102780779.1806
"Bourne identity",1381090740,1485068256,103977516,102780779.1806
"Bourne identity",1381090740,1381338480,247740,102780779.1806
"Bourne identity",1381170540,1485068256,103897716,102780779.1806
"Bourne identity",1381178460,1485068256,103889796,102780779.1806
"Bourne identity",1381178460,1381362660,184200,102780779.1806
"Bourne identity",1381349400,1485068256,103718856,102780779.1806
"Bourne identity",1381349400,1381705860,356460,102780779.1806
"Bourne identity",1381444140,1485068256,103624116,102780779.1806
"Bourne identity",1381444140,1381959420,515280,102780779.1806
"Bourne identity",1381458000,1485068256,103610256,102780779.1806
"Bourne identity",1381458000,1382656740,1198740,102780779.1806
"Bourne identity",1381535640,1485068256,103532616,102780779.1806
"Bourne identity",1381783500,1485068256,103284756,102780779.1806
"Bourne identity",1381783500,1382129460,345960,102780779.1806
"Bourne identity",1381794000,1485068256,103274256,102780779.1806
"Bourne identity",1381794000,1381962300,168300,102780779.1806
"Bourne identity",1382041680,1485068256,103026576,102780779.1806
"Bourne identity",1382041680,1382124600,82920,102780779.1806
"Bourne identity",1382043720,1485068256,103024536,102780779.1806
"Bourne identity",1382043720,1382475660,431940,102780779.1806
"Bourne identity",1382136360,1485068256,102931896,102780779.1806
"Bourne identity",1382136360,1382402340,265980,102780779.1806
"Bourne identity",1382208240,1485068256,102860016,102780779.1806
"Bourne identity",1382208240,1382906160,697920,102780779.1806
"Bourne identity",1382302740,1485068256,102765516,102780779.1806
"Bourne identity",1382302740,1383619140,1316400,102780779.1806
"Bourne identity",1382476020,1485068256,102592236,102780779.1806
"Bourne identity",1382476020,1383678240,1202220,102780779.1806
"Bourne identity",1382582340,1485068256,102485916,102780779.1806
"Bourne identity",1382807880,1485068256,102260376,102780779.1806
"Bourne identity",1382807880,1383588300,780420,102780779.1806
"Bourne identity",1382832900,1485068256,102235356,102780779.1806
"Bourne identity",1382832900,1383420960,588060,102780779.1806
"Bourne identity",1382910360,1485068256,102157896,102780779.1806
"Bourne identity",1382910360,1384127220,1216860,102780779.1806
"Bourne identity",1382917800,1485068256,102150456,102780779.1806
"Bourne identity",1382917800,1383351900,434100,102780779.1806
"Bourne identity",1383244680,1485068256,101823576,102780779.1806
"Bourne identity",1383244680,1383433140,188460,102780779.1806
"Bourne identity",1383688860,1485068256,101379396,102780779.1806
"Bourne identity",1383688860,1384126320,437460,102780779.1806
"Bourne identity",1383706620,1485068256,101361636,102780779.1806
"Bourne identity",1383706620,1384907100,1200480,102780779.1806
"Bourne identity",1383775080,1485068256,101293176,102780779.1806
"Bourne identity",1383775080,1384046160,271080,102780779.1806
"Bourne identity",1383947100,1485068256,101121156,102780779.1806
"Bourne identity",1384040640,1485068256,101027616,102780779.1806
"Bourne identity",1384044840,1485068256,101023416,102780779.1806
"Bourne identity",1384044840,1385233920,1189080,102780779.1806
"Bourne identity",1384122840,1485068256,100945416,102780779.1806
"Bourne identity",1384122840,1385856060,1733220,102780779.1806
"Bourne identity",1384123080,1485068256,100945176,102780779.1806
"Bourne identity",1384123080,1385091480,968400,102780779.1806
"Bourne identity",1384376040,1485068256,100692216,102780779.1806
"Bourne identity",1384458060,1485068256,100610196,102780779.1806
"Bourne identity",1384458060,1384635180,177120,102780779.1806
"Bourne identity",1384560600,1485068256,100507656,102780779.1806
"Bourne identity",1384733280,1485068256,100334976,102780779.1806
"Bourne identity",1384733280,1385240400,507120,102780779.1806
"Bourne identity",1385246520,1485068256,99821736,102780779.1806
"Bourne identity",1385246520,1386456960,1210440,102780779.1806
"Bourne identity",1385256480,1485068256,99811776,102780779.1806
"Bourne identity",1385256480,1385430480,174000,102780779.1806
"Bourne identity",1385404020,1485068256,99664236,102780779.1806
"Bourne identity",1385404020,1386024180,620160,102780779.1806
"Bourne identity",1385417700,1485068256,99650556,102780779.1806
"Bourne identity",1385417700,1385838540,420840,102780779.1806
"Bourne identity",1385430420,1485068256,99637836,102780779.1806
"Bourne identity",1385517840,1485068256,99550416,102780779.1806
"Bourne identity",1385517840,1385749020,231180,102780779.1806
"Bourne identity",1385597760,1485068256,99470496,102780779.1806
"Bourne identity",1385597760,1386882600,1284840,102780779.1806
"Bourne identity",1385862540,1485068256,99205716,102780779.1806
"Bourne identity",1385862540,1387059360,1196820,102780779.1806
"Bourne identity",1386015480,1485068256,99052776,102780779.1806
"Bourne identity",1386015480,1386206040,190560,102780779.1806
"Bourne identity",1386113640,1485068256,98954616,102780779.1806
"Bourne identity",1386113640,1386448860,335220,102780779.1806
"Bourne identity",1386180780,1485068256,98887476,102780779.1806
"Bourne identity",1386180780,1386275580,94800,102780779.1806
"Bourne identity",1386288600,1485068256,98779656,102780779.1806
"Bourne identity",1386288600,1386721020,432420,102780779.1806
"Bourne identity",1386458940,1485068256,98609316,102780779.1806
"Bourne identity",1386458940,1386636000,177060,102780779.1806
"Bourne identity",1386467760,1485068256,98600496,102780779.1806
"Bourne identity",1386467760,1387153020,685260,102780779.1806
"Bourne identity",1386536760,1485068256,98531496,102780779.1806
"Bourne identity",1386536760,1386805740,268980,102780779.1806
"Bourne identity",1386634680,1485068256,98433576,102780779.1806
"Bourne identity",1386711000,1485068256,98357256,102780779.1806
"Bourne identity",1386711000,1388356740,1645740,102780779.1806
"Bourne identity",1386805200,1485068256,98263056,102780779.1806
"Bourne identity",1386805200,1387758480,953280,102780779.1806
"Bourne identity",1387064880,1485068256,98003376,102780779.1806
"Bourne identity",1387064880,1388794740,1729860,102780779.1806
"Bourne identity",1387072620,1485068256,97995636,102780779.1806
"Bourne identity",1387072620,1387658700,586080,102780779.1806
"Bourne identity",1387154100,1485068256,97914156,102780779.1806
"Bourne identity",1387154100,1388966460,1812360,102780779.1806
"Bourne identity",1387233240,1485068256,97835016,102780779.1806
"Bourne identity",1387233240,1387657920,424680,102780779.1806
"Bourne identity",1387234320,1485068256,97833936,102780779.1806
"Bourne identity",1387667640,1485068256,97400616,102780779.1806
"Bourne identity",1387667640,1388532660,865020,102780779.1806
"Bourne identity",1387835880,1485068256,97232376,102780779.1806
"Bourne identity",1387835880,1388800380,964500,102780779.1806
"Bourne identity",1388699760,1485068256,96368496,102780779.1806
"Bourne identity",1388699760,1388700840,1080,102780779.1806
"Bourne identity",1388784660,1485068256,96283596,102780779.1806
"Bourne identity",1388864820,1485068256,96203436,102780779.1806
"Bourne identity",1388867280,1485068256,96200976,102780779.1806
"Bourne identity",1388867280,1391114580,2247300,102780779.1806
"Bourne identity",1388883360,1485068256,96184896,102780779.1806
"Bourne identity",1388883360,1388964780,81420,102780779.1806
"Bourne identity",1389038700,1485068256,96029556,102780779.1806
"Bourne identity",1389038700,1389478020,439320,102780779.1806
"Bourne identity",1389045060,1485068256,96023196,102780779.1806
"Bourne identity",1389045060,1389656280,611220,102780779.1806
"Bourne identity",1389130260,1485068256,95937996,102780779.1806
"Bourne identity",1389130260,1389733920,603660,102780779.1806
"Bourne identity",1389228480,1485068256,95839776,102780779.1806
"Bourne identity",1389228480,1389573480,345000,102780779.1806
"Bourne identity",1389306480,1485068256,95761776,102780779.1806
"Bourne identity",1389306480,1389989520,683040,102780779.1806
"Bourne identity",1389387960,1485068256,95680296,102780779.1806
"Bourne identity",1389387960,1390599420,1211460,102780779.1806
"Bourne identity",1389745500,1485068256,95322756,102780779.1806
"Bourne identity",1389745980,1485068256,95322276,102780779.1806
"Bourne identity",1389745980,1390953780,1207800,102780779.1806
"Bourne identity",1389999720,1485068256,95068536,102780779.1806
"Bourne identity",1389999720,1391302560,1302840,102780779.1806
"Bourne identity",1390170840,1485068256,94897416,102780779.1806
"Bourne identity",1390179420,1485068256,94888836,102780779.1806
"Bourne identity",1390179420,1391388540,1209120,102780779.1806
"Bourne identity",1390349580,1485068256,94718676,102780779.1806
"Bourne identity",1390349580,1391284560,934980,102780779.1806
"Bourne identity",1390349640,1485068256,94718616,102780779.1806
"Bourne identity",1390349640,1391556540,1206900,102780779.1806
"Bourne identity",1390605420,1485068256,94462836,102780779.1806
"Bourne identity",1390605420,1391132640,527220,102780779.1806
"Bourne identity",1390867440,1485068256,94200816,102780779.1806
"Bourne identity",1390867440,1391472420,604980,102780779.1806
"Bourne identity",1390880460,1485068256,94187796,102780779.1806
"Bourne identity",1390880460,1392428880,1548420,102780779.1806
"Bourne identity",1391209800,1485068256,93858456,102780779.1806
"Bourne identity",1391209800,1391541120,331320,102780779.1806
"Bourne identity",1391659200,1485068256,93409056,102780779.1806
"Bourne identity",1391659200,1391910720,251520,102780779.1806
"Bourne identity",1391730960,1485068256,93337296,102780779.1806
"Bourne identity",1391730960,1392947100,1216140,102780779.1806
"Bourne identity",1391732280,1485068256,93335976,102780779.1806
"Bourne identity",1391732280,1393281120,1548840,102780779.1806
"Bourne identity",1391806980,1485068256,93261276,102780779.1806
"Bourne identity",1391903340,1485068256,93164916,102780779.1806
"Bourne identity",1391903340,1392233580,330240,102780779.1806
"Bourne identity",1392250140,1485068256,92818116,102780779.1806
"Bourne identity",1392250140,1392596040,345900,102780779.1806
"Bourne identity",1392256860,1485068256,92811396,102780779.1806
"Bourne identity",1392256860,1392511800,254940,102780779.1806
"Bourne identity",1392316740,1485068256,92751516,102780779.1806
"Bourne identity",1392316740,1392940680,623940,102780779.1806
"Bourne identity",1392497580,1485068256,92570676,102780779.1806
"Bourne identity",1392497580,1392859800,362220,102780779.1806
"Bourne identity",1392585540,1485068256,92482716,102780779.1806
"Bourne identity",1392585540,1392936540,351000,102780779.1806
"Bourne identity",1392838860,1485068256,92229396,102780779.1806
"Bourne identity",1392838860,1393533960,695100,102780779.1806
"Bourne identity",1393100820,1485068256,91967436,102780779.1806
"Bourne identity",1393100820,1393193640,92820,102780779.1806
"Bourne identity",1393190940,1485068256,91877316,102780779.1806
"Bourne identity",1393190940,1394229480,1038540,102780779.1806
"Bourne identity",1393375680,1485068256,91692576,102780779.1806
"Bourne identity",1393449720,1485068256,91618536,102780779.1806
"Bourne identity",1393449720,1393794180,344460,102780779.1806
"Bourne identity",1393463820,1485068256,91604436,102780779.1806
"Bourne identity",1393463820,1394824620,1360800,102780779.1806
"Bourne identity",1393464300,1485068256,91603956,102780779.1806
"Bourne identity",1393465200,1485068256,91603056,102780779.1806
"Bourne identity",1393465200,1394237340,772140,102780779.1806
"Bourne identity",1393709460,1485068256,91358796,102780779.1806
"Bourne identity",1393725540,1485068256,91342716,102780779.1806
"Bourne identity",1393725540,1393983180,257640,102780779.1806
"Bourne identity",1394061360,1485068256,91006896,102780779.1806
"Bourne identity",1394224920,1485068256,90843336,102780779.1806
"Bourne identity",1394224920,1394327700,102780,102780779.1806
"Bourne identity",1394225160,1485068256,90843096,102780779.1806
"Bourne identity",1394225160,1394486820,261660,102780779.1806
"Bourne identity",1394310360,1485068256,90757896,102780779.1806
"Bourne identity",1394310360,1394559840,249480,102780779.1806
"Bourne identity",1394314080,1485068256,90754176,102780779.1806
"Bourne identity",1394314080,1394913480,599400,102780779.1806
"Bourne identity",1394315340,1485068256,90752916,102780779.1806
"Bourne identity",1394398380,1485068256,90669876,102780779.1806
"Bourne identity",1394398380,1394928120,529740,102780779.1806
"Bourne identity",1394486820,1485068256,90581436,102780779.1806
"Bourne identity",1394486820,1395356880,870060,102780779.1806
"Bourne identity",1394746740,1485068256,90321516,102780779.1806
"Bourne identity",1394746740,1395265500,518760,102780779.1806
"Bourne identity",1394760960,1485068256,90307296,102780779.1806
"Bourne identity",1394760960,1394996580,235620,102780779.1806
"Bourne identity",1394903400,1485068256,90164856,102780779.1806
"Bourne identity",1394903400,1395532800,629400,102780779.1806
"Bourne identity",1395003060,1485068256,90065196,102780779.1806
"Bourne identity",1395076440,1485068256,89991816,102780779.1806
"Bourne identity",1395192900,1485068256,89875356,102780779.1806
"Bourne identity",1395192900,1395363960,171060,102780779.1806
"Bourne identity",1395283680,1485068256,89784576,102780779.1806
"Bourne identity",1395283680,1395535740,252060,102780779.1806
"Bourne identity",1395434760,1485068256,89633496,102780779.1806
"Bourne identity",1395434760,1396026600,591840,102780779.1806
"Bourne identity",1395448920,1485068256,89619336,102780779.1806
"Bourne identity",1395448920,1395971400,522480,102780779.1806
"Bourne identity",1395512880,1485068256,89555376,102780779.1806
"Bourne identity",1395512880,1395794160,281280,102780779.1806
"Bourne identity",1395685740,1485068256,89382516,102780779.1806
"Bourne identity",1395685740,1395853320,167580,102780779.1806
"Bourne identity",1395778080,1485068256,89290176,102780779.1806
"Bourne identity",1395778080,1396901640,1123560,102780779.1806
"Bourne identity",1395863280,1395967380,104100,102780779.1806
"Bourne identity",1395965880,1485068256,89102376,102780779.1806
"Bourne identity",1396042440,1485068256,89025816,102780779.1806
"Bourne identity",1396042440,1396288680,246240,102780779.1806
"Bourne identity",1396133220,1485068256,88935036,102780779.1806
"Bourne identity",1396133220,1396305240,172020,102780779.1806
"Bourne identity",1396139100,1485068256,88929156,102780779.1806
"Bourne identity",1396139100,1398203520,2064420,102780779.1806
"Bourne identity",1396314060,1485068256,88754196,102780779.1806
"Bourne identity",1396400160,1485068256,88668096,102780779.1806
"Bourne identity",1396400160,1396563660,163500,102780779.1806
"Bourne identity",1396718640,1485068256,88349616,102780779.1806
"Bourne identity",1396738140,1485068256,88330116,102780779.1806
"Bourne identity",1396738140,1398284100,1545960,102780779.1806
"Bourne identity",1397250360,1485068256,87817896,102780779.1806
"Bourne identity",1397250360,1397765400,515040,102780779.1806
"Bourne identity",1397327640,1485068256,87740616,102780779.1806
"Bourne identity",1397327640,1398360180,1032540,102780779.1806
"Bourne identity",1397416500,1485068256,87651756,102780779.1806
"Bourne identity",1397416500,1398627000,1210500,102780779.1806
"Bourne identity",1397521860,1485068256,87546396,102780779.1806
"Bourne identity",1397521860,1397842320,320460,102780779.1806
"Bourne identity",1397688360,1485068256,87379896,102780779.1806
"Bourne identity",1397771640,1485068256,87296616,102780779.1806
"Bourne identity",1397771640,1398547440,775800,102780779.1806
"Bourne identity",1397947920,1485068256,87120336,102780779.1806
"Bourne identity",1397947920,1399145280,1197360,102780779.1806
"Bourne identity",1398032940,1485068256,87035316,102780779.1806
"Bourne identity",1398032940,1398976380,943440,102780779.1806
"Bourne identity",1398126420,1485068256,86941836,102780779.1806
"Bourne identity",1398126420,1398552960,426540,102780779.1806
"Bourne identity",1398535560,1485068256,86532696,102780779.1806
"Bourne identity",1398539700,1485068256,86528556,102780779.1806
"Bourne identity",1398540900,1485068256,86527356,102780779.1806
"Bourne identity",1398540900,1398821580,280680,102780779.1806
"Bourne identity",1398737580,1485068256,86330676,102780779.1806
"Bourne identity",1398902700,1485068256,86165556,102780779.1806
"Bourne identity",1399157940,1485068256,85910316,102780779.1806
"Bourne identity",1399157940,1400098140,940200,102780779.1806
"Bourne identity",1399491300,1485068256,85576956,102780779.1806
"Bourne identity",1399491300,1399662840,171540,102780779.1806
"Bourne identity",1399499280,1485068256,85568976,102780779.1806
"Bourne identity",1399499280,1403476080,3976800,102780779.1806
"Bourne identity",1399514580,1485068256,85553676,102780779.1806
"Bourne identity",1399514580,1400723160,1208580,102780779.1806
"Bourne identity",1399597200,1485068256,85471056,102780779.1806
"Bourne identity",1399597200,1400112540,515340,102780779.1806
"Bourne identity",1399671780,1485068256,85396476,102780779.1806
"Bourne identity",1399671780,1400553420,881640,102780779.1806
"Bourne identity",1399741920,1485068256,85326336,102780779.1806
"Bourne identity",1399741920,1400524620,782700,102780779.1806
"Bourne identity",1400278980,1485068256,84789276,102780779.1806
"Bourne identity",1400800920,1485068256,84267336,102780779.1806
"Bourne identity",1400892660,1485068256,84175596,102780779.1806
"Bourne identity",1400892660,1401057840,165180,102780779.1806
"Bourne identity",1400952720,1485068256,84115536,102780779.1806
"Bourne identity",1400952720,1402168500,1215780,102780779.1806
"Bourne identity",1400960160,1485068256,84108096,102780779.1806
"Bourne identity",1400960160,1401307980,347820,102780779.1806
"Bourne identity",1401062100,1485068256,84006156,102780779.1806
"Bourne identity",1401062100,1401558600,496500,102780779.1806
"Bourne identity",1401663660,1485068256,83404596,102780779.1806
"Bourne identity",1401663660,1402172520,508860,102780779.1806
"Bourne identity",1401838320,1485068256,83229936,102780779.1806
"Bourne identity",1402266240,1485068256,82802016,102780779.1806
"Bourne identity",1402266240,1402875180,608940,102780779.1806
"Bourne identity",1402453320,1485068256,82614936,102780779.1806
"Bourne identity",1402453320,1402615980,162660,102780779.1806
"Bourne identity",1402613580,1485068256,82454676,102780779.1806
"Bourne identity",1402689900,1485068256,82378356,102780779.1806
"Bourne identity",1402791240,1485068256,82277016,102780779.1806
"Bourne identity",1402791240,1403117640,326400,102780779.1806
"Bourne identity",1403051040,1485068256,82017216,102780779.1806
"Bourne identity",1403051040,1405292160,2241120,102780779.1806
"Bourne identity",1403396760,1485068256,81671496,102780779.1806
"Bourne identity",1403473800,1485068256,81594456,102780779.1806
"Bourne identity",1403473800,1404775200,1301400,102780779.1806
"Bourne identity",1403818380,1485068256,81249876,102780779.1806
"Bourne identity",1403818380,1404767220,948840,102780779.1806
"Bourne identity",1403829000,1485068256,81239256,102780779.1806
"Bourne identity",1404077100,1485068256,80991156,102780779.1806
"Bourne identity",1404077100,1404434460,357360,102780779.1806
"Bourne identity",1404421800,1485068256,80646456,102780779.1806
"Bourne identity",1404943320,1485068256,80124936,102780779.1806
"Bourne identity",1404943320,1405548720,605400,102780779.1806
"Bourne identity",1405023780,1485068256,80044476,102780779.1806
"Bourne identity",1405294020,1485068256,79774236,102780779.1806
"Bourne identity",1405294020,1406751540,1457520,102780779.1806
"Bourne identity",1405379460,1485068256,79688796,102780779.1806
"Bourne identity",1405379460,1406322240,942780,102780779.1806
"Bourne identity",1405475640,1485068256,79592616,102780779.1806
"Bourne identity",1405475640,1406491500,1015860,102780779.1806
"Bourne identity",1405538460,1485068256,79529796,102780779.1806
"Bourne identity",1405538460,1407291660,1753200,102780779.1806
"Bourne identity",1405965540,1485068256,79102716,102780779.1806
"Bourne identity",1405965540,1406229000,263460,102780779.1806
"Bourne identity",1405979160,1485068256,79089096,102780779.1806
"Bourne identity",1405979160,1406332440,353280,102780779.1806
"Bourne identity",1406659920,1485068256,78408336,102780779.1806
"Bourne identity",1406659920,1406918220,258300,102780779.1806
"Bourne identity",1406761020,1485068256,78307236,102780779.1806
"Bourne identity",1406761020,1407800280,1039260,102780779.1806
"Bourne identity",1406827560,1485068256,78240696,102780779.1806
"Bourne identity",1406827560,1407182580,355020,102780779.1806
"Bourne identity",1406844360,1485068256,78223896,102780779.1806
"Bourne identity",1406844360,1407436140,591780,102780779.1806
"Bourne identity",1407282420,1485068256,77785836,102780779.1806
"Bourne identity",1407282420,1407979020,696600,102780779.1806
"Bourne identity",1407540360,1485068256,77527896,102780779.1806
"Bourne identity",1407540360,1407984060,443700,102780779.1806
"Bourne identity",1407612780,1485068256,77455476,102780779.1806
"Bourne identity",1407613860,1485068256,77454396,102780779.1806
"Bourne identity",1407613860,1408228740,614880,102780779.1806
"Bourne identity",1407791580,1485068256,77276676,102780779.1806
"Bourne identity",1407791580,1408401240,609660,102780779.1806
"Bourne identity",1407967860,1485068256,77100396,102780779.1806
"Bourne identity",1407967860,1408406220,438360,102780779.1806
"Bourne identity",1408491780,1485068256,76576476,102780779.1806
"Bourne identity",1408491780,1408836300,344520,102780779.1806
"Bourne identity",1408568940,1485068256,76499316,102780779.1806
"Bourne identity",1408568940,1408753200,184260,102780779.1806
"Bourne identity",1408640580,1485068256,76427676,102780779.1806
"Bourne identity",1408643340,1485068256,76424916,102780779.1806
"Bourne identity",1408643340,1409527200,883860,102780779.1806
"Bourne identity",1408743480,1485068256,76324776,102780779.1806
"Bourne identity",1408743480,1409086860,343380,102780779.1806
"Bourne identity",1408750800,1485068256,76317456,102780779.1806
"Bourne identity",1408750800,1413147480,4396680,102780779.1806
"Bourne identity",1409081700,1485068256,75986556,102780779.1806
"Bourne identity",1409081700,1410046980,965280,102780779.1806
"Bourne identity",1409183160,1485068256,75885096,102780779.1806
"Bourne identity",1409183160,1409443620,260460,102780779.1806
"Bourne identity",1409691240,1485068256,75377016,102780779.1806
"Bourne identity",1409791920,1485068256,75276336,102780779.1806
"Bourne identity",1409791920,1410734280,942360,102780779.1806
"Bourne identity",1410134040,1485068256,74934216,102780779.1806
"Bourne identity",1410134040,1410999780,865740,102780779.1806
"Bourne identity",1410224100,1485068256,74844156,102780779.1806
"Bourne identity",1410224100,1410226920,2820,102780779.1806
"Bourne identity",1410557940,1485068256,74510316,102780779.1806
"Bourne identity",1410557940,1411858920,1300980,102780779.1806
"Bourne identity",1411157460,1485068256,73910796,102780779.1806
"Bourne identity",1411157460,1411691940,534480,102780779.1806
"Bourne identity",1411255020,1485068256,73813236,102780779.1806
"Bourne identity",1411255020,1411760640,505620,102780779.1806
"Bourne identity",1411336380,1485068256,73731876,102780779.1806
"Bourne identity",1412036040,1485068256,73032216,102780779.1806
"Bourne identity",1412282820,1485068256,72785436,102780779.1806
"Bourne identity",1412282820,1412975460,692640,102780779.1806
"Bourne identity",1412286360,1485068256,72781896,102780779.1806
"Bourne identity",1412286360,1412718660,432300,102780779.1806
"Bourne identity",1412371500,1485068256,72696756,102780779.1806
"Bourne identity",1412371500,1413925440,1553940,102780779.1806
"Bourne identity",1413144960,1485068256,71923296,102780779.1806
"Bourne identity",1413144960,1414364640,1219680,102780779.1806
"Bourne identity",1413254580,1485068256,71813676,102780779.1806
"Bourne identity",1413339720,1485068256,71728536,102780779.1806
"Bourne identity",1413339720,1413570060,230340,102780779.1806
"Bourne identity",1414527060,1485068256,70541196,102780779.1806
"Bourne identity",1414544280,1485068256,70523976,102780779.1806
"Bourne identity",1414632540,1485068256,70435716,102780779.1806
"Bourne identity",1414632540,1415064600,432060,102780779.1806
"Bourne identity",1414885920,1485068256,70182336,102780779.1806
"Bourne identity",1415040000,1485068256,70028256,102780779.1806
"Bourne identity",1415040000,1415825820,785820,102780779.1806
"Bourne identity",1415320800,1485068256,69747456,102780779.1806
"Bourne identity",1415320800,1416422640,1101840,102780779.1806
"Bourne identity",1415915880,1485068256,69152376,102780779.1806
"Bourne identity",1416185580,1485068256,68882676,102780779.1806
"Bourne identity",1416185580,1416873720,688140,102780779.1806
"Bourne identity",1416445560,1485068256,68622696,102780779.1806
"Bourne identity",1416445560,1416972780,527220,102780779.1806
"Bourne identity",1416695700,1485068256,68372556,102780779.1806
"Bourne identity",1416943140,1485068256,68125116,102780779.1806
"Bourne identity",1416943140,1417726860,783720,102780779.1806
"Bourne identity",1417476720,1485068256,67591536,102780779.1806
"Bourne identity",1417909980,1485068256,67158276,102780779.1806
"Bourne identity",1417986120,1485068256,67082136,102780779.1806
"Bourne identity",1418259780,1485068256,66808476,102780779.1806
"Bourne identity",1418354340,1485068256,66713916,102780779.1806
"Bourne identity",1418354340,1419729720,1375380,102780779.1806
"Bourne identity",1418702280,1485068256,66365976,102780779.1806
"Bourne identity",1419106440,1485068256,65961816,102780779.1806
"Bourne identity",1419709680,1485068256,65358576,102780779.1806
"Bourne identity",1419709680,1421196840,1487160,102780779.1806
"Bourne identity",1419729600,1485068256,65338656,102780779.1806
"Bourne identity",1419729600,1419909660,180060,102780779.1806
"Bourne identity",1420228380,1485068256,64839876,102780779.1806
"Bourne identity",1420241280,1485068256,64826976,102780779.1806
"Bourne identity",1420586760,1485068256,64481496,102780779.1806
"Bourne identity",1420586760,1421194500,607740,102780779.1806
"Bourne identity",1420939680,1485068256,64128576,102780779.1806
"Bourne identity",1420939680,1422150360,1210680,102780779.1806
"Bourne identity",1421190240,1485068256,63878016,102780779.1806
"Bourne identity",1421190240,1422226140,1035900,102780779.1806
"Bourne identity",1421352420,1485068256,63715836,102780779.1806
"Bourne identity",1421352420,1421802000,449580,102780779.1806
"Bourne identity",1421524440,1485068256,63543816,102780779.1806
"Bourne identity",1421524440,1422227460,703020,102780779.1806
"Bourne identity",1421536440,1485068256,63531816,102780779.1806
"Bourne identity",1421536440,1421791140,254700,102780779.1806
"Bourne identity",1422038340,1485068256,63029916,102780779.1806
"Bourne identity",1422038340,1423091880,1053540,102780779.1806
"Bourne identity",1422662280,1485068256,62405976,102780779.1806
"Bourne identity",1422662280,1422931860,269580,102780779.1806
"Bourne identity",1422751560,1485068256,62316696,102780779.1806
"Bourne identity",1422751560,1423015560,264000,102780779.1806
"Bourne identity",1422835560,1485068256,62232696,102780779.1806
"Bourne identity",1422835560,1424743800,1908240,102780779.1806
"Bourne identity",1423164420,1485068256,61903836,102780779.1806
"Bourne identity",1423188420,1485068256,61879836,102780779.1806
"Bourne identity",1423188420,1424391120,1202700,102780779.1806
"Bourne identity",1423252680,1485068256,61815576,102780779.1806
"Bourne identity",1423252680,1423530540,277860,102780779.1806
"Bourne identity",1423255620,1485068256,61812636,102780779.1806
"Bourne identity",1423945200,1485068256,61123056,102780779.1806
"Bourne identity",1423945200,1425154020,1208820,102780779.1806
"Bourne identity",1424379480,1485068256,60688776,102780779.1806
"Bourne identity",1424461740,1485068256,60606516,102780779.1806
"Bourne identity",1424461740,1425245400,783660,102780779.1806
"Bourne identity",1425169020,1485068256,59899236,102780779.1806
"Bourne identity",1425169020,1426375440,1206420,102780779.1806
"Bourne identity",1425431460,1485068256,59636796,102780779.1806
"Bourne identity",1425431460,1426370700,939240,102780779.1806
"Bourne identity",1425593040,1485068256,59475216,102780779.1806
"Bourne identity",1425593040,1426799700,1206660,102780779.1806
"Bourne identity",1425940080,1485068256,59128176,102780779.1806
"Bourne identity",1425940080,1426981080,1041000,102780779.1806
"Bourne identity",1425941460,1485068256,59126796,102780779.1806
"Bourne identity",1425941460,1426623360,681900,102780779.1806
"Bourne identity",1426711200,1485068256,58357056,102780779.1806
"Bourne identity",1426711200,1427150280,439080,102780779.1806
"Bourne identity",1426785600,1485068256,58282656,102780779.1806
"Bourne identity",1426785600,1427246280,460680,102780779.1806
"Bourne identity",1426978020,1485068256,58090236,102780779.1806
"Bourne identity",1426978020,1428185700,1207680,102780779.1806
"Bourne identity",1427563800,1485068256,57504456,102780779.1806
"Bourne identity",1427671080,1485068256,57397176,102780779.1806
"Bourne identity",1427671080,1428874620,1203540,102780779.1806
"Bourne identity",1428174660,1485068256,56893596,102780779.1806
"Bourne identity",1428174660,1429818240,1643580,102780779.1806
"Bourne identity",1428429300,1485068256,56638956,102780779.1806
"Bourne identity",1428429300,1428518940,89640,102780779.1806
"Bourne identity",1428533940,1485068256,56534316,102780779.1806
"Bourne identity",1428533940,1430606280,2072340,102780779.1806
"Bourne identity",1428613020,1485068256,56455236,102780779.1806
"Bourne identity",1428613020,1428793680,180660,102780779.1806
"Bourne identity",1429123920,1485068256,55944336,102780779.1806
"Bourne identity",1429123920,1430342100,1218180,102780779.1806
"Bourne identity",1429146180,1485068256,55922076,102780779.1806
"Bourne identity",1429751280,1485068256,55316976,102780779.1806
"Bourne identity",1429751280,1429823520,72240,102780779.1806
"Bourne identity",1430092200,1485068256,54976056,102780779.1806
"Bourne identity",1430092200,1430268420,176220,102780779.1806
"Bourne identity",1430156700,1485068256,54911556,102780779.1806
"Bourne identity",1430156700,1430779980,623280,102780779.1806
"Bourne identity",1430599920,1485068256,54468336,102780779.1806
"Bourne identity",1430614800,1485068256,54453456,102780779.1806
"Bourne identity",1430769720,1485068256,54298536,102780779.1806
"Bourne identity",1430769720,1431468660,698940,102780779.1806
"Bourne identity",1431806400,1485068256,53261856,102780779.1806
"Bourne identity",1432156560,1485068256,52911696,102780779.1806
"Bourne identity",1432156560,1437434880,5278320,102780779.1806
"Bourne identity",1432257060,1485068256,52811196,102780779.1806
"Bourne identity",1432257060,1432694580,437520,102780779.1806
"Bourne identity",1432422180,1485068256,52646076,102780779.1806
"Bourne identity",1433026140,1485068256,52042116,102780779.1806
"Bourne identity",1433026140,1433194320,168180,102780779.1806
"Bourne identity",1433287620,1485068256,51780636,102780779.1806
"Bourne identity",1433287620,1433807280,519660,102780779.1806
"Bourne identity",1433291400,1485068256,51776856,102780779.1806
"Bourne identity",1433291400,1434408240,1116840,102780779.1806
"Bourne identity",1434046020,1485068256,51022236,102780779.1806
"Bourne identity",1434046020,1435018140,972120,102780779.1806
"Bourne identity",1434062640,1485068256,51005616,102780779.1806
"Bourne identity",1434062640,1434241980,179340,102780779.1806
"Bourne identity",1434071700,1485068256,50996556,102780779.1806
"Bourne identity",1434071700,1435340880,1269180,102780779.1806
"Bourne identity",1434650520,1485068256,50417736,102780779.1806
"Bourne identity",1434650520,1434734520,84000,102780779.1806
"Bourne identity",1434836520,1485068256,50231736,102780779.1806
"Bourne identity",1435026600,1485068256,50041656,102780779.1806
"Bourne identity",1435269780,1485068256,49798476,102780779.1806
"Bourne identity",1435269780,1436487720,1217940,102780779.1806
"Bourne identity",1435442580,1485068256,49625676,102780779.1806
"Bourne identity",1435442580,1435699320,256740,102780779.1806
"Bourne identity",1436124240,1485068256,48944016,102780779.1806
"Bourne identity",1436124240,1436128920,4680,102780779.1806
"Bourne identity",1436384400,1485068256,48683856,102780779.1806
"Bourne identity",1436384400,1436743860,359460,102780779.1806
"Bourne identity",1436475420,1485068256,48592836,102780779.1806
"Bourne identity",1436475420,1437251460,776040,102780779.1806
"Bourne identity",1436842320,1485068256,48225936,102780779.1806
"Bourne identity",1436842320,1438135320,1293000,102780779.1806
"Bourne identity",1437170340,1485068256,47897916,102780779.1806
"Bourne identity",1437344100,1485068256,47724156,102780779.1806
"Bourne identity",1437344100,1437445980,101880,102780779.1806
"Bourne identity",1437612960,1485068256,47455296,102780779.1806
"Bourne identity",1437612960,1438137480,524520,102780779.1806
"Bourne identity",1437862380,1485068256,47205876,102780779.1806
"Bourne identity",1437862380,1439327340,1464960,102780779.1806
"Bourne identity",1437864780,1485068256,47203476,102780779.1806
"Bourne identity",1437864780,1439258340,1393560,102780779.1806
"Bourne identity",1438474560,1485068256,46593696,102780779.1806
"Bourne identity",1438647480,1485068256,46420776,102780779.1806
"Bourne identity",1438647480,1439434380,786900,102780779.1806
"Bourne identity",1439053320,1485068256,46014936,102780779.1806
"Bourne identity",1439053320,1439512680,459360,102780779.1806
"Bourne identity",1439507520,1485068256,45560736,102780779.1806
"Bourne identity",1439513520,1485068256,45554736,102780779.1806
"Bourne identity",1439513520,1440817680,1304160,102780779.1806
"Bourne identity",1439932560,1485068256,45135696,102780779.1806
"Bourne identity",1439932560,1441144080,1211520,102780779.1806
"Bourne identity",1439945160,1485068256,45123096,102780779.1806
"Bourne identity",1440103800,1485068256,44964456,102780779.1806
"Bourne identity",1440622080,1485068256,44446176,102780779.1806
"Bourne identity",1440622080,1441834140,1212060,102780779.1806
"Bourne identity",1440973740,1485068256,44094516,102780779.1806
"Bourne identity",1441231620,1485068256,43836636,102780779.1806
"Bourne identity",1441328040,1485068256,43740216,102780779.1806
"Bourne identity",1441744320,1485068256,43323936,102780779.1806
"Bourne identity",1441744320,1442521140,776820,102780779.1806
"Bourne identity",1441910100,1441910460,360,102780779.1806
"Bourne identity",1442270160,1485068256,42798096,102780779.1806
"Bourne identity",1442282340,1485068256,42785916,102780779.1806
"Bourne identity",1442282340,1442359680,77340,102780779.1806
"Bourne identity",1442693040,1485068256,42375216,102780779.1806
"Bourne identity",1442877420,1485068256,42190836,102780779.1806
"Bourne identity",1442886300,1485068256,42181956,102780779.1806
"Bourne identity",1443036600,1485068256,42031656,102780779.1806
"Bourne identity",1443580080,1485068256,41488176,102780779.1806
"Bourne identity",1443580080,1444605060,1024980,102780779.1806
"Bourne identity",1443741780,1485068256,41326476,102780779.1806
"Bourne identity",1443741780,1444688460,946680,102780779.1806
"Bourne identity",1443919200,1485068256,41149056,102780779.1806
"Bourne identity",1444355280,1485068256,40712976,102780779.1806
"Bourne identity",1444429320,1485068256,40638936,102780779.1806
"Bourne identity",1445288700,1485068256,39779556,102780779.1806
"Bourne identity",1445288700,1445998560,709860,102780779.1806
"Bourne identity",1445623740,1485068256,39444516,102780779.1806
"Bourne identity",1445623740,1448651160,3027420,102780779.1806
"Bourne identity",1445643240,1485068256,39425016,102780779.1806
"Bourne identity",1445643240,1446149520,506280,102780779.1806
"Bourne identity",1445645940,1485068256,39422316,102780779.1806
"Bourne identity",1445645940,1446607020,961080,102780779.1806
"Bourne identity",1446171840,1485068256,38896416,102780779.1806
"Bourne identity",1446171840,1446844620,672780,102780779.1806
"Bourne identity",1446316140,1485068256,38752116,102780779.1806
"Bourne identity",1446316140,1446924660,608520,102780779.1806
"Bourne identity",1446408660,1485068256,38659596,102780779.1806
"Bourne identity",1447118040,1485068256,37950216,102780779.1806
"Bourne identity",1447118040,1447884660,766620,102780779.1806
"Bourne identity",1447121640,1485068256,37946616,102780779.1806
"Bourne identity",1447444500,1447444620,120,102780779.1806
"Bourne identity",1447813140,1485068256,37255116,102780779.1806
"Bourne identity",1447813140,1448838780,1025640,102780779.1806
"Bourne identity",1447895880,1485068256,37172376,102780779.1806
"Bourne identity",1447895880,1448150580,254700,102780779.1806
"Bourne identity",1447981020,1485068256,37087236,102780779.1806
"Bourne identity",1447981020,1448654820,673800,102780779.1806
"Bourne identity",1448478000,1485068256,36590256,102780779.1806
"Bourne identity",1448478000,1449026400,548400,102780779.1806
"Bourne identity",1448754120,1485068256,36314136,102780779.1806
"Bourne identity",1449176160,1485068256,35892096,102780779.1806
"Bourne identity",1449176160,1449883860,707700,102780779.1806
"Bourne identity",1449540480,1485068256,35527776,102780779.1806
"Bourne identity",1449540480,1451859240,2318760,102780779.1806
"Bourne identity",1450143840,1485068256,34924416,102780779.1806
"Bourne identity",1450386960,1485068256,34681296,102780779.1806
"Bourne identity",1450386960,1451599200,1212240,102780779.1806
"Bourne identity",1450908420,1485068256,34159836,102780779.1806
"Bourne identity",1450908420,1451513220,604800,102780779.1806
"Bourne identity",1451423700,1485068256,33644556,102780779.1806
"Bourne identity",1451423700,1454103060,2679360,102780779.1806
"Bourne identity",1451760900,1485068256,33307356,102780779.1806
"Bourne identity",1451955300,1485068256,33112956,102780779.1806
"Bourne identity",1451955300,1452389160,433860,102780779.1806
"Bourne identity",1452035400,1485068256,33032856,102780779.1806
"Bourne identity",1452035400,1453258200,1222800,102780779.1806
"Bourne identity",1452643080,1485068256,32425176,102780779.1806
"Bourne identity",1452643080,1453680120,1037040,102780779.1806
"Bourne identity",1452734400,1485068256,32333856,102780779.1806
"Bourne identity",1452734400,1453234740,500340,102780779.1806
"Bourne identity",1453333140,1485068256,31735116,102780779.1806
"Bourne identity",1453333140,1454014020,680880,102780779.1806
"Bourne identity",1453758420,1485068256,31309836,102780779.1806
"Bourne identity",1453758420,1454964540,1206120,102780779.1806
"Bourne identity",1454190000,1485068256,30878256,102780779.1806
"Bourne identity",1454190000,1454889420,699420,102780779.1806
"Bourne identity",1454198220,1485068256,30870036,102780779.1806
"Bourne identity",1454198220,1454625420,427200,102780779.1806
"Bourne identity",1455154980,1485068256,29913276,102780779.1806
"Bourne identity",1455414780,1485068256,29653476,102780779.1806
"Bourne identity",1455414780,1455656760,241980,102780779.1806
"Bourne identity",1456019700,1485068256,29048556,102780779.1806
"Bourne identity",1456019700,1457051940,1032240,102780779.1806
"Bourne identity",1456096320,1485068256,28971936,102780779.1806
"Bourne identity",1456096320,1456618200,521880,102780779.1806
"Bourne identity",1456513320,1485068256,28554936,102780779.1806
"Bourne identity",1456513320,1458929400,2416080,102780779.1806
"Bourne identity",1456968600,1456969080,480,102780779.1806
"Bourne identity",1457115000,1485068256,27953256,102780779.1806
"Bourne identity",1457115000,1458580500,1465500,102780779.1806
"Bourne identity",1457211660,1485068256,27856596,102780779.1806
"Bourne identity",1457211660,1457373960,162300,102780779.1806
"Bourne identity",1457575020,1485068256,27493236,102780779.1806
"Bourne identity",1457575020,1458787320,1212300,102780779.1806
"Bourne identity",1457739780,1485068256,27328476,102780779.1806
"Bourne identity",1457739780,1459201860,1462080,102780779.1806
"Bourne identity",1458940800,1485068256,26127456,102780779.1806
"Bourne identity",1458940800,1465326660,6385860,102780779.1806
"Bourne identity",1459204980,1485068256,25863276,102780779.1806
"Bourne identity",1459626600,1485068256,25441656,102780779.1806
"Bourne identity",1459723980,1485068256,25344276,102780779.1806
"Bourne identity",1459811640,1485068256,25256616,102780779.1806
"Bourne identity",1460227260,1485068256,24840996,102780779.1806
"Bourne identity",1460227260,1461292680,1065420,102780779.1806
"Bourne identity",1460924700,1485068256,24143556,102780779.1806
"Bourne identity",1460924700,1461701820,777120,102780779.1806
"Bourne identity",1461185760,1485068256,23882496,102780779.1806
"Bourne identity",1461887640,1485068256,23180616,102780779.1806
"Bourne identity",1462234920,1485068256,22833336,102780779.1806
"Bourne identity",1462667400,1485068256,22400856,102780779.1806
"Bourne identity",1462667400,1462893720,226320,102780779.1806
"Bourne identity",1463070420,1485068256,21997836,102780779.1806
"Bourne identity",1463070420,1463412480,342060,102780779.1806
"Bourne identity",1463588040,1485068256,21480216,102780779.1806
"Bourne identity",1463588040,1463671260,83220,102780779.1806
"Bourne identity",1465067820,1485068256,20000436,102780779.1806
"Bourne identity",1465067820,1465768680,700860,102780779.1806
"Bourne identity",1465081860,1465669680,587820,102780779.1806
"Bourne identity",1465160160,1485068256,19908096,102780779.1806
"Bourne identity",1465160160,1466562840,1402680,102780779.1806
"Bourne identity",1465170480,1485068256,19897776,102780779.1806
"Bourne identity",1465170480,1466035440,864960,102780779.1806
"Bourne identity",1465244400,1485068256,19823856,102780779.1806
"Bourne identity",1465244400,1466466240,1221840,102780779.1806
"Bourne identity",1465266960,1485068256,19801296,102780779.1806
"Bourne identity",1465266960,1466465640,1198680,102780779.1806
"Bourne identity",1465334820,1485068256,19733436,102780779.1806
"Bourne identity",1465334820,1465489380,154560,102780779.1806
"Bourne identity",1465343820,1485068256,19724436,102780779.1806
"Bourne identity",1465343820,1466296140,952320,102780779.1806
"Bourne identity",1465418760,1485068256,19649496,102780779.1806
"Bourne identity",1465418760,1467081060,1662300,102780779.1806
"Bourne identity",1465502220,1485068256,19566036,102780779.1806
"Bourne identity",1465502220,1465851600,349380,102780779.1806
"Bourne identity",1465850820,1485068256,19217436,102780779.1806
"Bourne identity",1465850820,1466282460,431640,102780779.1806
"Bourne identity",1466211000,1485068256,18857256,102780779.1806
"Bourne identity",1466211000,1466545440,334440,102780779.1806
"Bourne identity",1466286180,1485068256,18782076,102780779.1806
"Bourne identity",1466286180,1467321720,1035540,102780779.1806
"Bourne identity",1466295000,1485068256,18773256,102780779.1806
"Bourne identity",1466295000,1467760740,1465740,102780779.1806
"Bourne identity",1466377500,1485068256,18690756,102780779.1806
"Bourne identity",1466377500,1466805480,427980,102780779.1806
"Bourne identity",1466378580,1485068256,18689676,102780779.1806
"Bourne identity",1466378580,1467154020,775440,102780779.1806
"Bourne identity",1466466060,1485068256,18602196,102780779.1806
"Bourne identity",1466466060,1466716800,250740,102780779.1806
"Bourne identity",1466469420,1485068256,18598836,102780779.1806
"Bourne identity",1466469540,1485068256,18598716,102780779.1806
"Bourne identity",1466469540,1466804580,335040,102780779.1806
"Bourne identity",1466470020,1485068256,18598236,102780779.1806
"Bourne identity",1466470020,1467159840,689820,102780779.1806
"Bourne identity",1466472720,1485068256,18595536,102780779.1806
"Bourne identity",1466472720,1466628480,155760,102780779.1806
"Bourne identity",1466533380,1485068256,18534876,102780779.1806
"Bourne identity",1466533380,1466732880,199500,102780779.1806
"Bourne identity",1466541900,1485068256,18526356,102780779.1806
"Bourne identity",1466541900,1467242580,700680,102780779.1806
"Bourne identity",1466642700,1485068256,18425556,102780779.1806
"Bourne identity",1466724660,1485068256,18343596,102780779.1806
"Bourne identity",1466724660,1467242340,517680,102780779.1806
"Bourne identity",1466725140,1485068256,18343116,102780779.1806
"Bourne identity",1466725140,1466977680,252540,102780779.1806
"Bourne identity",1466733720,1485068256,18334536,102780779.1806
"Bourne identity",1466733720,1468187940,1454220,102780779.1806
"Bourne identity",1466881980,1485068256,18186276,102780779.1806
"Bourne identity",1466881980,1467147120,265140,102780779.1806
"Bourne identity",1466886360,1485068256,18181896,102780779.1806
"Bourne identity",1466886360,1467830640,944280,102780779.1806
"Bourne identity",1466972760,1485068256,18095496,102780779.1806
"Bourne identity",1466972760,1467317040,344280,102780779.1806
"Bourne identity",1466978460,1485068256,18089796,102780779.1806
"Bourne identity",1467058440,1485068256,18009816,102780779.1806
"Bourne identity",1467058440,1468103580,1045140,102780779.1806
"Bourne identity",1467074400,1485068256,17993856,102780779.1806
"Bourne identity",1467074400,1468283760,1209360,102780779.1806
"Bourne identity",1467229800,1485068256,17838456,102780779.1806
"Bourne identity",1467229800,1468462740,1232940,102780779.1806
"Bourne identity",1467403080,1485068256,17665176,102780779.1806
"Bourne identity",1467411660,1485068256,17656596,102780779.1806
"Bourne identity",1467411660,1467845160,433500,102780779.1806
"Bourne identity",1467482940,1485068256,17585316,102780779.1806
"Bourne identity",1467482940,1468545000,1062060,102780779.1806
"Bourne identity",1467495360,1485068256,17572896,102780779.1806
"Bourne identity",1467495360,1468446180,950820,102780779.1806
"Bourne identity",1467497700,1485068256,17570556,102780779.1806
"Bourne identity",1467497700,1467930300,432600,102780779.1806
"Bourne identity",1467503940,1485068256,17564316,102780779.1806
"Bourne identity",1467580140,1485068256,17488116,102780779.1806
"Bourne identity",1467580140,1468884780,1304640,102780779.1806
"Bourne identity",1467766320,1485068256,17301936,102780779.1806
"Bourne identity",1467766320,1468274280,507960,102780779.1806
"Bourne identity",1467769080,1485068256,17299176,102780779.1806
"Bourne identity",1467847860,1485068256,17220396,102780779.1806
"Bourne identity",1467847860,1468457700,609840,102780779.1806
"Bourne identity",1467911340,1485068256,17156916,102780779.1806
"Bourne identity",1468004820,1485068256,17063436,102780779.1806
"Bourne identity",1468004820,1468265880,261060,102780779.1806
"Bourne identity",1468089720,1485068256,16978536,102780779.1806
"Bourne identity",1468089720,1469302560,1212840,102780779.1806
"Bourne identity",1468452840,1485068256,16615416,102780779.1806
"Bourne identity",1468452840,1469397720,944880,102780779.1806
"Bourne identity",1468516260,1485068256,16551996,102780779.1806
"Bourne identity",1468516260,1469745600,1229340,102780779.1806
"Bourne identity",1468529280,1485068256,16538976,102780779.1806
"Bourne identity",1468529280,1469574240,1044960,102780779.1806
"Bourne identity",1468544220,1485068256,16524036,102780779.1806
"Bourne identity",1468544220,1469061900,517680,102780779.1806
"Bourne identity",1468551300,1485068256,16516956,102780779.1806
"Bourne identity",1468551300,1469741520,1190220,102780779.1806
"Bourne identity",1468694160,1485068256,16374096,102780779.1806
"Bourne identity",1468694160,1469124660,430500,102780779.1806
"Bourne identity",1468704000,1485068256,16364256,102780779.1806
"Bourne identity",1468712820,1485068256,16355436,102780779.1806
"Bourne identity",1468712820,1469478060,765240,102780779.1806
"Bourne identity",1468798980,1485068256,16269276,102780779.1806
"Bourne identity",1468798980,1470365520,1566540,102780779.1806
"Bourne identity",1468873200,1485068256,16195056,102780779.1806
"Bourne identity",1468873200,1470083460,1210260,102780779.1806
"Bourne identity",1468949100,1485068256,16119156,102780779.1806
"Bourne identity",1468949100,1469553240,604140,102780779.1806
"Bourne identity",1468965540,1485068256,16102716,102780779.1806
"Bourne identity",1468965540,1470443280,1477740,102780779.1806
"Bourne identity",1469036940,1485068256,16031316,102780779.1806
"Bourne identity",1469036940,1470097680,1060740,102780779.1806
"Bourne identity",1469042280,1485068256,16025976,102780779.1806
"Bourne identity",1469133600,1485068256,15934656,102780779.1806
"Bourne identity",1469135340,1485068256,15932916,102780779.1806
"Bourne identity",1469135340,1471572360,2437020,102780779.1806
"Bourne identity",1469307660,1485068256,15760596,102780779.1806
"Bourne identity",1469307660,1470008700,701040,102780779.1806
"Bourne identity",1469392020,1485068256,15676236,102780779.1806
"Bourne identity",1469397540,1485068256,15670716,102780779.1806
"Bourne identity",1469564280,1485068256,15503976,102780779.1806
"Bourne identity",1469564280,1469833620,269340,102780779.1806
"Bourne identity",1469648640,1485068256,15419616,102780779.1806
"Bourne identity",1469648640,1470257940,609300,102780779.1806
"Bourne identity",1469650800,1485068256,15417456,102780779.1806
"Bourne identity",1469650800,1470092340,441540,102780779.1806
"Bourne identity",1469655300,1485068256,15412956,102780779.1806
"Bourne identity",1469655300,1469744220,88920,102780779.1806
"Bourne identity",1469669880,1485068256,15398376,102780779.1806
"Bourne identity",1469669880,1470785940,1116060,102780779.1806
"Bourne identity",1469840460,1485068256,15227796,102780779.1806
"Bourne identity",1469998800,1485068256,15069456,102780779.1806
"Bourne identity",1469998800,1470090180,91380,102780779.1806
"Bourne identity",1470008520,1485068256,15059736,102780779.1806
"Bourne identity",1470174120,1485068256,14894136,102780779.1806
"Bourne identity",1470174120,1470355380,181260,102780779.1806
"Bourne identity",1470257220,1485068256,14811036,102780779.1806
"Bourne identity",1470257220,1470691740,434520,102780779.1806
"Bourne identity",1470270540,1485068256,14797716,102780779.1806
"Bourne identity",1470426240,1485068256,14642016,102780779.1806
"Bourne identity",1470438900,1485068256,14629356,102780779.1806
"Bourne identity",1470511740,1485068256,14556516,102780779.1806
"Bourne identity",1470514200,1485068256,14554056,102780779.1806
"Bourne identity",1470514200,1470701640,187440,102780779.1806
"Bourne identity",1470521880,1485068256,14546376,102780779.1806
"Bourne identity",1470521880,1471984920,1463040,102780779.1806
"Bourne identity",1470523500,1485068256,14544756,102780779.1806
"Bourne identity",1470523500,1471735080,1211580,102780779.1806
"Bourne identity",1470704880,1485068256,14363376,102780779.1806
"Bourne identity",1470704880,1470967860,262980,102780779.1806
"Bourne identity",1470883020,1485068256,14185236,102780779.1806
"Bourne identity",1470883020,1471572480,689460,102780779.1806
"Bourne identity",1470944220,1485068256,14124036,102780779.1806
"Bourne identity",1470944220,1472149620,1205400,102780779.1806
"Bourne identity",1470947760,1470947940,180,102780779.1806
"Bourne identity",1470954900,1485068256,14113356,102780779.1806
"Bourne identity",1470954900,1472168700,1213800,102780779.1806
"Bourne identity",1470958080,1485068256,14110176,102780779.1806
"Bourne identity",1471022160,1485068256,14046096,102780779.1806
"Bourne identity",1471022160,1471976760,954600,102780779.1806
"Bourne identity",1471109280,1485068256,13958976,102780779.1806
"Bourne identity",1471109280,1471917240,807960,102780779.1806
"Bourne identity",1471110840,1485068256,13957416,102780779.1806
"Bourne identity",1471110840,1472317860,1207020,102780779.1806
"Bourne identity",1471117920,1485068256,13950336,102780779.1806
"Bourne identity",1471121040,1485068256,13947216,102780779.1806
"Bourne identity",1471121040,1471902660,781620,102780779.1806
"Bourne identity",1471124640,1485068256,13943616,102780779.1806
"Bourne identity",1471124640,1471813920,689280,102780779.1806
"Bourne identity",1471208400,1485068256,13859856,102780779.1806
"Bourne identity",1471208400,1471401900,193500,102780779.1806
"Bourne identity",1471282260,1485068256,13785996,102780779.1806
"Bourne identity",1471282260,1472499600,1217340,102780779.1806
"Bourne identity",1471375740,1485068256,13692516,102780779.1806
"Bourne identity",1471375740,1472517360,1141620,102780779.1806
"Bourne identity",1471393320,1485068256,13674936,102780779.1806
"Bourne identity",1471400460,1485068256,13667796,102780779.1806
"Bourne identity",1471560060,1485068256,13508196,102780779.1806
"Bourne identity",1471560060,1472513700,953640,102780779.1806
"Bourne identity",1471568640,1485068256,13499616,102780779.1806
"Bourne identity",1471568640,1472696340,1127700,102780779.1806
"Bourne identity",1471633500,1485068256,13434756,102780779.1806
"Bourne identity",1471633500,1471912500,279000,102780779.1806
"Bourne identity",1471718580,1485068256,13349676,102780779.1806
"Bourne identity",1471718580,1472495400,776820,102780779.1806
"Bourne identity",1471725480,1485068256,13342776,102780779.1806
"Bourne identity",1471726800,1485068256,13341456,102780779.1806
"Bourne identity",1471726800,1472685060,958260,102780779.1806
"Bourne identity",1471895100,1485068256,13173156,102780779.1806
"Bourne identity",1471895100,1472162580,267480,102780779.1806
"Bourne identity",1471895280,1485068256,13172976,102780779.1806
"Bourne identity",1471895280,1472682420,787140,102780779.1806
"Bourne identity",1471900380,1485068256,13167876,102780779.1806
"Bourne identity",1471900380,1475025060,3124680,102780779.1806
"Bourne identity",1471906800,1485068256,13161456,102780779.1806
"Bourne identity",1471906800,1472322240,415440,102780779.1806
"Bourne identity",1471915140,1485068256,13153116,102780779.1806
"Bourne identity",1471992300,1485068256,13075956,102780779.1806
"Bourne identity",1471992300,1472582820,590520,102780779.1806
"Bourne identity",1471993380,1485068256,13074876,102780779.1806
"Bourne identity",1471993380,1472083380,90000,102780779.1806
"Bourne identity",1472062080,1485068256,13006176,102780779.1806
"Bourne identity",1472156640,1472156880,240,102780779.1806
"Bourne identity",1472167320,1472167560,240,102780779.1806
"Bourne identity",1472237340,1485068256,12830916,102780779.1806
"Bourne identity",1472246760,1485068256,12821496,102780779.1806
"Bourne identity",1472246760,1472923680,676920,102780779.1806
"Bourne identity",1472248260,1485068256,12819996,102780779.1806
"Bourne identity",1472249220,1485068256,12819036,102780779.1806
"Bourne identity",1472251800,1485068256,12816456,102780779.1806
"Bourne identity",1472251800,1472604480,352680,102780779.1806
"Bourne identity",1472254140,1485068256,12814116,102780779.1806
"Bourne identity",1472345640,1485068256,12722616,102780779.1806
"Bourne identity",1472345640,1473024900,679260,102780779.1806
"Bourne identity",1472590920,1485068256,12477336,102780779.1806
"Bourne identity",1472590920,1473986040,1395120,102780779.1806
"Bourne identity",1472594460,1485068256,12473796,102780779.1806
"Bourne identity",1472594460,1472773020,178560,102780779.1806
"Bourne identity",1472669700,1485068256,12398556,102780779.1806
"Bourne identity",1472669700,1472934900,265200,102780779.1806
"Bourne identity",1472680800,1485068256,12387456,102780779.1806
"Bourne identity",1472680800,1473201480,520680,102780779.1806
"Bourne identity",1472696220,1485068256,12372036,102780779.1806
"Bourne identity",1472696220,1473202740,506520,102780779.1806
"Bourne identity",1472759160,1485068256,12309096,102780779.1806
"Bourne identity",1472760240,1485068256,12308016,102780779.1806
"Bourne identity",1472760240,1472939700,179460,102780779.1806
"Bourne identity",1472763360,1485068256,12304896,102780779.1806
"Bourne identity",1472763360,1473023520,260160,102780779.1806
"Bourne identity",1472772480,1485068256,12295776,102780779.1806
"Bourne identity",1472772480,1473387900,615420,102780779.1806
"Bourne identity",1472848080,1485068256,12220176,102780779.1806
"Bourne identity",1472848080,1473205320,357240,102780779.1806
"Bourne identity",1472862360,1485068256,12205896,102780779.1806
"Bourne identity",1472862360,1473182460,320100,102780779.1806
"Bourne identity",1472928000,1485068256,12140256,102780779.1806
"Bourne identity",1472930820,1472931000,180,102780779.1806
"Bourne identity",1473019980,1485068256,12048276,102780779.1806
"Bourne identity",1473027900,1485068256,12040356,102780779.1806
"Bourne identity",1473027900,1474148460,1120560,102780779.1806
"Bourne identity",1473030300,1485068256,12037956,102780779.1806
"Bourne identity",1473030300,1474146840,1116540,102780779.1806
"Bourne identity",1473186360,1485068256,11881896,102780779.1806
"Bourne identity",1473186360,1473272220,85860,102780779.1806
"Bourne identity",1473270360,1485068256,11797896,102780779.1806
"Bourne identity",1473270360,1474501140,1230780,102780779.1806
"Bourne identity",1473272220,1485068256,11796036,102780779.1806
"Bourne identity",1473272220,1475690820,2418600,102780779.1806
"Bourne identity",1473281580,1485068256,11786676,102780779.1806
"Bourne identity",1473281580,1473713280,431700,102780779.1806
"Bourne identity",1473299760,1485068256,11768496,102780779.1806
"Bourne identity",1473299760,1474935300,1635540,102780779.1806
"Bourne identity",1473375900,1485068256,11692356,102780779.1806
"Bourne identity",1473375900,1473713460,337560,102780779.1806
"Bourne identity",1473377040,1485068256,11691216,102780779.1806
"Bourne identity",1473377040,1473981780,604740,102780779.1806
"Bourne identity",1473382140,1485068256,11686116,102780779.1806
"Bourne identity",1473382140,1475017320,1635180,102780779.1806
"Bourne identity",1473383460,1485068256,11684796,102780779.1806
"Bourne identity",1473383460,1474507800,1124340,102780779.1806
"Bourne identity",1473445680,1485068256,11622576,102780779.1806
"Bourne identity",1473445680,1474672140,1226460,102780779.1806
"Bourne identity",1473536700,1485068256,11531556,102780779.1806
"Bourne identity",1473536700,1473626340,89640,102780779.1806
"Bourne identity",1473625680,1473627300,1620,102780779.1806
"Bourne identity",1473629460,1485068256,11438796,102780779.1806
"Bourne identity",1473634320,1485068256,11433936,102780779.1806
"Bourne identity",1473634320,1474843500,1209180,102780779.1806
"Bourne identity",1473635520,1485068256,11432736,102780779.1806
"Bourne identity",1473635520,1473906240,270720,102780779.1806
"Bourne identity",1473716460,1485068256,11351796,102780779.1806
"Bourne identity",1473716460,1474496220,779760,102780779.1806
"Bourne identity",1473805140,1485068256,11263116,102780779.1806
"Bourne identity",1473805140,1474508340,703200,102780779.1806
"Bourne identity",1473813420,1485068256,11254836,102780779.1806
"Bourne identity",1473813420,1475191380,1377960,102780779.1806
"Bourne identity",1473969960,1485068256,11098296,102780779.1806
"Bourne identity",1473969960,1477004520,3034560,102780779.1806
"Bourne identity",1473982320,1485068256,11085936,102780779.1806
"Bourne identity",1473982320,1474233000,250680,102780779.1806
"Bourne identity",1473983280,1485068256,11084976,102780779.1806
"Bourne identity",1473987660,1485068256,11080596,102780779.1806
"Bourne identity",1474067460,1485068256,11000796,102780779.1806
"Bourne identity",1474067460,1475101800,1034340,102780779.1806
"Bourne identity",1474141380,1485068256,10926876,102780779.1806
"Bourne identity",1474148460,1485068256,10919796,102780779.1806
"Bourne identity",1474148460,1475354700,1206240,102780779.1806
"Bourne identity",1474155180,1485068256,10913076,102780779.1806
"Bourne identity",1474500120,1485068256,10568136,102780779.1806
"Bourne identity",1474500120,1475101560,601440,102780779.1806
"Bourne identity",1474505400,1485068256,10562856,102780779.1806
"Bourne identity",1474505400,1476153780,1648380,102780779.1806
"Bourne identity",1474589820,1485068256,10478436,102780779.1806
"Bourne identity",1474589820,1475805120,1215300,102780779.1806
"Bourne identity",1474657080,1485068256,10411176,102780779.1806
"Bourne identity",1474657080,1475542740,885660,102780779.1806
"Bourne identity",1474744140,1485068256,10324116,102780779.1806
"Bourne identity",1474744140,1475952900,1208760,102780779.1806
"Bourne identity",1474748220,1485068256,10320036,102780779.1806
"Bourne identity",1474748220,1475961120,1212900,102780779.1806
"Bourne identity",1474754340,1485068256,10313916,102780779.1806
"Bourne identity",1474754340,1475617500,863160,102780779.1806
"Bourne identity",1474755720,1485068256,10312536,102780779.1806
"Bourne identity",1474755720,1475443020,687300,102780779.1806
"Bourne identity",1474838400,1485068256,10229856,102780779.1806
"Bourne identity",1474921380,1485068256,10146876,102780779.1806
"Bourne identity",1474921380,1475266440,345060,102780779.1806
"Bourne identity",1474931880,1485068256,10136376,102780779.1806
"Bourne identity",1475003340,1485068256,10064916,102780779.1806
"Bourne identity",1475003340,1476209040,1205700,102780779.1806
"Bourne identity",1475105700,1485068256,9962556,102780779.1806
"Bourne identity",1475105700,1475441940,336240,102780779.1806
"Bourne identity",1475108820,1485068256,9959436,102780779.1806
"Bourne identity",1475113560,1485068256,9954696,102780779.1806
"Bourne identity",1475113560,1475721300,607740,102780779.1806
"Bourne identity",1475169120,1485068256,9899136,102780779.1806
"Bourne identity",1475169120,1476054240,885120,102780779.1806
"Bourne identity",1475187240,1485068256,9881016,102780779.1806
"Bourne identity",1475187240,1475541420,354180,102780779.1806
"Bourne identity",1475283360,1485068256,9784896,102780779.1806
"Bourne identity",1475283360,1476738180,1454820,102780779.1806
"Bourne identity",1475366340,1485068256,9701916,102780779.1806
"Bourne identity",1475369580,1485068256,9698676,102780779.1806
"Bourne identity",1475443980,1485068256,9624276,102780779.1806
"Bourne identity",1475443980,1476555540,1111560,102780779.1806
"Bourne identity",1475514840,1485068256,9553416,102780779.1806
"Bourne identity",1475514840,1476216720,701880,102780779.1806
"Bourne identity",1475538780,1485068256,9529476,102780779.1806
"Bourne identity",1475538780,1476405960,867180,102780779.1806
"Bourne identity",1475543760,1485068256,9524496,102780779.1806
"Bourne identity",1475627160,1485068256,9441096,102780779.1806
"Bourne identity",1475627160,1476815460,1188300,102780779.1806
"Bourne identity",1475712540,1485068256,9355716,102780779.1806
"Bourne identity",1475712540,1476213420,500880,102780779.1806
"Bourne identity",1475722140,1485068256,9346116,102780779.1806
"Bourne identity",1475722140,1475805960,83820,102780779.1806
"Bourne identity",1475799840,1485068256,9268416,102780779.1806
"Bourne identity",1475799840,1477259460,1459620,102780779.1806
"Bourne identity",1475802660,1485068256,9265596,102780779.1806
"Bourne identity",1475802660,1476128940,326280,102780779.1806
"Bourne identity",1475861580,1485068256,9206676,102780779.1806
"Bourne identity",1475868300,1485068256,9199956,102780779.1806
"Bourne identity",1475878680,1485068256,9189576,102780779.1806
"Bourne identity",1475878680,1477010400,1131720,102780779.1806
"Bourne identity",1475878920,1485068256,9189336,102780779.1806
"Bourne identity",1475878920,1477529280,1650360,102780779.1806
"Bourne identity",1475882400,1485068256,9185856,102780779.1806
"Bourne identity",1475882400,1476050640,168240,102780779.1806
"Bourne identity",1475948760,1485068256,9119496,102780779.1806
"Bourne identity",1475948760,1476139080,190320,102780779.1806
"Bourne identity",1475965080,1485068256,9103176,102780779.1806
"Bourne identity",1475965080,1476226620,261540,102780779.1806
"Bourne identity",1476045780,1485068256,9022476,102780779.1806
"Bourne identity",1476296520,1485068256,8771736,102780779.1806
"Bourne identity",1476296520,1477264860,968340,102780779.1806
"Bourne identity",1476310500,1485068256,8757756,102780779.1806
"Bourne identity",1476310500,1476727380,416880,102780779.1806
"Bourne identity",1476383340,1485068256,8684916,102780779.1806
"Bourne identity",1476393300,1485068256,8674956,102780779.1806
"Bourne identity",1476393300,1476652020,258720,102780779.1806
"Bourne identity",1476406680,1485068256,8661576,102780779.1806
"Bourne identity",1476464940,1485068256,8603316,102780779.1806
"Bourne identity",1476464940,1477700700,1235760,102780779.1806
"Bourne identity",1476491340,1485068256,8576916,102780779.1806
"Bourne identity",1476491340,1476655800,164460,102780779.1806
"Bourne identity",1476555180,1485068256,8513076,102780779.1806
"Bourne identity",1476555180,1478479560,1924380,102780779.1806
"Bourne identity",1476653520,1485068256,8414736,102780779.1806
"Bourne identity",1476653520,1477866780,1213260,102780779.1806
"Bourne identity",1476736020,1485068256,8332236,102780779.1806
"Bourne identity",1476738420,1485068256,8329836,102780779.1806
"Bourne identity",1476742080,1485068256,8326176,102780779.1806
"Bourne identity",1476742080,1478479200,1737120,102780779.1806
"Bourne identity",1476832920,1485068256,8235336,102780779.1806
"Bourne identity",1476832920,1476982080,149160,102780779.1806
"Bourne identity",1476838620,1485068256,8229636,102780779.1806
"Bourne identity",1476838620,1478048280,1209660,102780779.1806
"Bourne identity",1476839100,1485068256,8229156,102780779.1806
"Bourne identity",1476839100,1477620060,780960,102780779.1806
"Bourne identity",1476904680,1485068256,8163576,102780779.1806
"Bourne identity",1476922800,1485068256,8145456,102780779.1806
"Bourne identity",1476922800,1477097640,174840,102780779.1806
"Bourne identity",1476923340,1485068256,8144916,102780779.1806
"Bourne identity",1476923340,1478052420,1129080,102780779.1806
"Bourne identity",1476995820,1485068256,8072436,102780779.1806
"Bourne identity",1476995820,1477168440,172620,102780779.1806
"Bourne identity",1477001220,1485068256,8067036,102780779.1806
"Bourne identity",1477001220,1478201640,1200420,102780779.1806
"Bourne identity",1477003500,1485068256,8064756,102780779.1806
"Bourne identity",1477003500,1477357500,354000,102780779.1806
"Bourne identity",1477077180,1485068256,7991076,102780779.1806
"Bourne identity",1477077180,1478220480,1143300,102780779.1806
"Bourne identity",1477091820,1485068256,7976436,102780779.1806
"Bourne identity",1477091820,1477945080,853260,102780779.1806
"Bourne identity",1477097280,1477097460,180,102780779.1806
"Bourne identity",1477259160,1485068256,7809096,102780779.1806
"Bourne identity",1477259160,1477698660,439500,102780779.1806
"Bourne identity",1477266660,1485068256,7801596,102780779.1806
"Bourne identity",1477266660,1477436280,169620,102780779.1806
"Bourne identity",1477341900,1485068256,7726356,102780779.1806
"Bourne identity",1477341900,1478032920,691020,102780779.1806
"Bourne identity",1477422120,1485068256,7646136,102780779.1806
"Bourne identity",1477422120,1477955760,533640,102780779.1806
"Bourne identity",1477434300,1485068256,7633956,102780779.1806
"Bourne identity",1477434300,1478574120,1139820,102780779.1806
"Bourne identity",1477607280,1485068256,7460976,102780779.1806
"Bourne identity",1477607280,1478039760,432480,102780779.1806
"Bourne identity",1477611420,1485068256,7456836,102780779.1806
"Bourne identity",1477611420,1478807400,1195980,102780779.1806
"Bourne identity",1477684200,1485068256,7384056,102780779.1806
"Bourne identity",1477684200,1477863120,178920,102780779.1806
"Bourne identity",1477689840,1485068256,7378416,102780779.1806
"Bourne identity",1477689840,1478823300,1133460,102780779.1806
"Bourne identity",1477691520,1485068256,7376736,102780779.1806
"Bourne identity",1477691520,1479505320,1813800,102780779.1806
"Bourne identity",1477701840,1485068256,7366416,102780779.1806
"Bourne identity",1477701840,1479162900,1461060,102780779.1806
"Bourne identity",1477760520,1485068256,7307736,102780779.1806
"Bourne identity",1477762920,1485068256,7305336,102780779.1806
"Bourne identity",1477781520,1485068256,7286736,102780779.1806
"Bourne identity",1477781520,1478124960,343440,102780779.1806
"Bourne identity",1477789020,1485068256,7279236,102780779.1806
"Bourne identity",1477789020,1478385540,596520,102780779.1806
"Bourne identity",1477934100,1485068256,7134156,102780779.1806
"Bourne identity",1477934100,1479775200,1841100,102780779.1806
"Bourne identity",1477935720,1485068256,7132536,102780779.1806
"Bourne identity",1477935720,1479163860,1228140,102780779.1806
"Bourne identity",1478046240,1485068256,7022016,102780779.1806
"Bourne identity",1478046240,1479162840,1116600,102780779.1806
"Bourne identity",1478053560,1485068256,7014696,102780779.1806
"Bourne identity",1478123580,1485068256,6944676,102780779.1806
"Bourne identity",1478123580,1478131080,7500,102780779.1806
"Bourne identity",1478141340,1485068256,6926916,102780779.1806
"Bourne identity",1478141340,1478983080,841740,102780779.1806
"Bourne identity",1478285400,1485068256,6782856,102780779.1806
"Bourne identity",1478285400,1479326100,1040700,102780779.1806
"Bourne identity",1478299500,1485068256,6768756,102780779.1806
"Bourne identity",1478299500,1479428640,1129140,102780779.1806
"Bourne identity",1478380920,1485068256,6687336,102780779.1806
"Bourne identity",1478380920,1479604320,1223400,102780779.1806
"Bourne identity",1478386980,1485068256,6681276,102780779.1806
"Bourne identity",1478386980,1482201180,3814200,102780779.1806
"Bourne identity",1478470740,1485068256,6597516,102780779.1806
"Bourne identity",1478471820,1485068256,6596436,102780779.1806
"Bourne identity",1478478120,1485068256,6590136,102780779.1806
"Bourne identity",1478563800,1485068256,6504456,102780779.1806
"Bourne identity",1478563800,1479172980,609180,102780779.1806
"Bourne identity",1478566620,1485068256,6501636,102780779.1806
"Bourne identity",1478566620,1480193160,1626540,102780779.1806
"Bourne identity",1478636220,1478636940,720,102780779.1806
"Bourne identity",1478716380,1485068256,6351876,102780779.1806
"Bourne identity",1478716380,1479435660,719280,102780779.1806
"Bourne identity",1478815500,1485068256,6252756,102780779.1806
"Bourne identity",1478815500,1479952260,1136760,102780779.1806
"Bourne identity",1478996940,1485068256,6071316,102780779.1806
"Bourne identity",1479001560,1480200240,1198680,102780779.1806
"Bourne identity",1479080520,1485068256,5987736,102780779.1806
"Bourne identity",1479080520,1480293420,1212900,102780779.1806
"Bourne identity",1479082440,1485068256,5985816,102780779.1806
"Bourne identity",1479171720,1479172020,300,102780779.1806
"Bourne identity",1479181080,1479346260,165180,102780779.1806
"Bourne identity",1479247920,1479249180,1260,102780779.1806
"Bourne identity",1479328800,1485068256,5739456,102780779.1806
"Bourne identity",1479328800,1479941880,613080,102780779.1806
"Bourne identity",1479329580,1485068256,5738676,102780779.1806
"Bourne identity",1479329580,1479330360,780,102780779.1806
"Bourne identity",1479341760,1485068256,5726496,102780779.1806
"Bourne identity",1479341820,1485068256,5726436,102780779.1806
"Bourne identity",1479341820,1481050440,1708620,102780779.1806
"Bourne identity",1479411240,1485068256,5657016,102780779.1806
"Bourne identity",1479411240,1480464060,1052820,102780779.1806
"Bourne identity",1479420480,1485068256,5647776,102780779.1806
"Bourne identity",1479420480,1480287840,867360,102780779.1806
"Bourne identity",1479501000,1485068256,5567256,102780779.1806
"Bourne identity",1479501000,1480456200,955200,102780779.1806
"Bourne identity",1479507180,1485068256,5561076,102780779.1806
"Bourne identity",1479507180,1479844320,337140,102780779.1806
"Bourne identity",1479511320,1485068256,5556936,102780779.1806
"Bourne identity",1479511320,1479939120,427800,102780779.1806
"Bourne identity",1479518280,1485068256,5549976,102780779.1806
"Bourne identity",1479518280,1480561680,1043400,102780779.1806
"Bourne identity",1479519000,1485068256,5549256,102780779.1806
"Bourne identity",1479519000,1479763980,244980,102780779.1806
"Bourne identity",1479585480,1485068256,5482776,102780779.1806
"Bourne identity",1479585480,1480205760,620280,102780779.1806
"Bourne identity",1479588300,1485068256,5479956,102780779.1806
"Bourne identity",1479588300,1480797180,1208880,102780779.1806
"Bourne identity",1479600600,1485068256,5467656,102780779.1806
"Bourne identity",1479600600,1482106440,2505840,102780779.1806
"Bourne identity",1479686100,1485068256,5382156,102780779.1806
"Bourne identity",1479761880,1485068256,5306376,102780779.1806
"Bourne identity",1479761880,1482021780,2259900,102780779.1806
"Bourne identity",1479775980,1485068256,5292276,102780779.1806
"Bourne identity",1479776640,1485068256,5291616,102780779.1806
"Bourne identity",1479940680,1485068256,5127576,102780779.1806
"Bourne identity",1479940680,1480378860,438180,102780779.1806
"Bourne identity",1479942660,1485068256,5125596,102780779.1806
"Bourne identity",1479942660,1480979580,1036920,102780779.1806
"Bourne identity",1479949800,1485068256,5118456,102780779.1806
"Bourne identity",1479949800,1481165220,1215420,102780779.1806
"Bourne identity",1480191240,1485068256,4877016,102780779.1806
"Bourne identity",1480199460,1485068256,4868796,102780779.1806
"Bourne identity",1480199460,1480894980,695520,102780779.1806
"Bourne identity",1480286940,1485068256,4781316,102780779.1806
"Bourne identity",1480286940,1481582700,1295760,102780779.1806
"Bourne identity",1480294560,1485068256,4773696,102780779.1806
"Bourne identity",1480294560,1481242380,947820,102780779.1806
"Bourne identity",1480377780,1485068256,4690476,102780779.1806
"Bourne identity",1480377780,1481579520,1201740,102780779.1806
"Bourne identity",1480453680,1485068256,4614576,102780779.1806
"Bourne identity",1480453680,1481057220,603540,102780779.1806
"Bourne identity",1480455000,1485068256,4613256,102780779.1806
"Bourne identity",1480455000,1481674440,1219440,102780779.1806
"Bourne identity",1480469400,1485068256,4598856,102780779.1806
"Bourne identity",1480469400,1480629300,159900,102780779.1806
"Bourne identity",1480549860,1485068256,4518396,102780779.1806
"Bourne identity",1480549860,1480727760,177900,102780779.1806
"Bourne identity",1480550700,1485068256,4517556,102780779.1806
"Bourne identity",1480638960,1485068256,4429296,102780779.1806
"Bourne identity",1480638960,1481490480,851520,102780779.1806
"Bourne identity",1480717800,1485068256,4350456,102780779.1806
"Bourne identity",1480717800,1483761240,3043440,102780779.1806
"Bourne identity",1480726380,1485068256,4341876,102780779.1806
"Bourne identity",1480726380,1480977420,251040,102780779.1806
"Bourne identity",1480806300,1485068256,4261956,102780779.1806
"Bourne identity",1480806300,1482021900,1215600,102780779.1806
"Bourne identity",1480809120,1485068256,4259136,102780779.1806
"Bourne identity",1480809120,1482005160,1196040,102780779.1806
"Bourne identity",1480897440,1485068256,4170816,102780779.1806
"Bourne identity",1480897440,1481253540,356100,102780779.1806
"Bourne identity",1480960920,1485068256,4107336,102780779.1806
"Bourne identity",1480972680,1485068256,4095576,102780779.1806
"Bourne identity",1480972680,1481244420,271740,102780779.1806
"Bourne identity",1481052840,1485068256,4015416,102780779.1806
"Bourne identity",1481052840,1482195240,1142400,102780779.1806
"Bourne identity",1481140680,1485068256,3927576,102780779.1806
"Bourne identity",1481140680,1481598060,457380,102780779.1806
"Bourne identity",1481149680,1485068256,3918576,102780779.1806
"Bourne identity",1481149680,1481682360,532680,102780779.1806
"Bourne identity",1481156580,1485068256,3911676,102780779.1806
"Bourne identity",1481156580,1482190800,1034220,102780779.1806
"Bourne identity",1481229660,1485068256,3838596,102780779.1806
"Bourne identity",1481239080,1485068256,3829176,102780779.1806
"Bourne identity",1481239080,1481410020,170940,102780779.1806
"Bourne identity",1481241780,1485068256,3826476,102780779.1806
"Bourne identity",1481241780,1481853240,611460,102780779.1806
"Bourne identity",1481330820,1485068256,3737436,102780779.1806
"Bourne identity",1481330820,1482354780,1023960,102780779.1806
"Bourne identity",1481490180,1485068256,3578076,102780779.1806
"Bourne identity",1481490180,1482809100,1318920,102780779.1806
"Bourne identity",1481501940,1485068256,3566316,102780779.1806
"Bourne identity",1481503560,1485068256,3564696,102780779.1806
"Bourne identity",1481503560,1481685600,182040,102780779.1806
"Bourne identity",1481575380,1485068256,3492876,102780779.1806
"Bourne identity",1481577840,1485068256,3490416,102780779.1806
"Bourne identity",1481577840,1482200400,622560,102780779.1806
"Bourne identity",1481580900,1485068256,3487356,102780779.1806
"Bourne identity",1481580900,1482795180,1214280,102780779.1806
"Bourne identity",1481587860,1485068256,3480396,102780779.1806
"Bourne identity",1481673540,1485068256,3394716,102780779.1806
"Bourne identity",1481675760,1485068256,3392496,102780779.1806
"Bourne identity",1481675760,1482538260,862500,102780779.1806
"Bourne identity",1481771160,1485068256,3297096,102780779.1806
"Bourne identity",1481840160,1485068256,3228096,102780779.1806
"Bourne identity",1481840160,1482105660,265500,102780779.1806
"Bourne identity",1481935860,1485068256,3132396,102780779.1806
"Bourne identity",1481935860,1482354420,418560,102780779.1806
"Bourne identity",1482008340,1485068256,3059916,102780779.1806
"Bourne identity",1482015780,1485068256,3052476,102780779.1806
"Bourne identity",1482015780,1482267900,252120,102780779.1806
"Bourne identity",1482016740,1485068256,3051516,102780779.1806
"Bourne identity",1482016740,1482368220,351480,102780779.1806
"Bourne identity",1482017040,1485068256,3051216,102780779.1806
"Bourne identity",1482017040,1482981360,964320,102780779.1806
"Bourne identity",1482179160,1485068256,2889096,102780779.1806
"Bourne identity",1482179160,1483499700,1320540,102780779.1806
"Bourne identity",1482187380,1485068256,2880876,102780779.1806
"Bourne identity",1482187380,1483480920,1293540,102780779.1806
"Bourne identity",1482272760,1485068256,2795496,102780779.1806
"Bourne identity",1482272760,1482797100,524340,102780779.1806
"Bourne identity",1482373800,1485068256,2694456,102780779.1806
"Bourne identity",1482373800,1482455220,81420,102780779.1806
"Bourne identity",1482438720,1485068256,2629536,102780779.1806
"Bourne identity",1482438720,1482886260,447540,102780779.1806
"Bourne identity",1482440940,1485068256,2627316,102780779.1806
"Bourne identity",1482440940,1483998660,1557720,102780779.1806
"Bourne identity",1482459420,1485068256,2608836,102780779.1806
"Bourne identity",1482459420,1483408200,948780,102780779.1806
"Bourne identity",1482518040,1485068256,2550216,102780779.1806
"Bourne identity",1482518040,1483496880,978840,102780779.1806
"Bourne identity",1482528240,1485068256,2540016,102780779.1806
"Bourne identity",1482528240,1483131480,603240,102780779.1806
"Bourne identity",1482775680,1485068256,2292576,102780779.1806
"Bourne identity",1482775680,1483821000,1045320,102780779.1806
"Bourne identity",1482776940,1485068256,2291316,102780779.1806
"Bourne identity",1482792840,1485068256,2275416,102780779.1806
"Bourne identity",1482792840,1483397280,604440,102780779.1806
"Bourne identity",1482796140,1485068256,2272116,102780779.1806
"Bourne identity",1482880260,1485068256,2187996,102780779.1806
"Bourne identity",1482880260,1483820880,940620,102780779.1806
"Bourne identity",1482958320,1482958500,180,102780779.1806
"Bourne identity",1482965820,1485068256,2102436,102780779.1806
"Bourne identity",1482965820,1484092440,1126620,102780779.1806
"Bourne identity",1482976140,1485068256,2092116,102780779.1806
"Bourne identity",1483051680,1485068256,2016576,102780779.1806
"Bourne identity",1483051680,1483746360,694680,102780779.1806
"Bourne identity",1483063080,1485068256,2005176,102780779.1806
"Bourne identity",1483070100,1485068256,1998156,102780779.1806
"Bourne identity",1483141200,1485068256,1927056,102780779.1806
"Bourne identity",1483141200,1484179740,1038540,102780779.1806
"Bourne identity",1483145880,1485068256,1922376,102780779.1806
"Bourne identity",1483145880,1484180880,1035000,102780779.1806
"Bourne identity",1483147380,1485068256,1920876,102780779.1806
"Bourne identity",1483147380,1484346360,1198980,102780779.1806
"Bourne identity",1483212540,1485068256,1855716,102780779.1806
"Bourne identity",1483220220,1485068256,1848036,102780779.1806
"Bourne identity",1483220220,1483825380,605160,102780779.1806
"Bourne identity",1483221780,1485068256,1846476,102780779.1806
"Bourne identity",1483226340,1485068256,1841916,102780779.1806
"Bourne identity",1483387620,1485068256,1680636,102780779.1806
"Bourne identity",1483387620,1484689380,1301760,102780779.1806
"Bourne identity",1483406880,1485068256,1661376,102780779.1806
"Bourne identity",1483406880,1484002620,595740,102780779.1806
"Bourne identity",1483478700,1485068256,1589556,102780779.1806
"Bourne identity",1483489200,1485068256,1579056,102780779.1806
"Bourne identity",1483496580,1485068256,1571676,102780779.1806
"Bourne identity",1483579320,1485068256,1488936,102780779.1806
"Bourne identity",1483645680,1485068256,1422576,102780779.1806
"Bourne identity",1483745940,1485068256,1322316,102780779.1806
"Bourne identity",1483914900,1485068256,1153356,102780779.1806
"Bourne identity",1483923000,1485068256,1145256,102780779.1806
"Bourne identity",1483997220,1485068256,1071036,102780779.1806
"Bourne identity",1483997220,1484269500,272280,102780779.1806
"Bourne identity",1484165520,1485068256,902736,102780779.1806
"Bourne identity",1484165520,1484848980,683460,102780779.1806
"Bourne identity",1484180640,1485068256,887616,102780779.1806
"Bourne identity",1484180640,1484870700,690060,102780779.1806
"Bourne identity",1484257980,1485068256,810276,102780779.1806
"Bourne identity",1484257980,1484864880,606900,102780779.1806
"Bourne identity",1484268960,1485068256,799296,102780779.1806
"Bourne identity",1484271060,1485068256,797196,102780779.1806
"Bourne identity",1484271060,1484429460,158400,102780779.1806
"Bourne identity",1484336040,1485068256,732216,102780779.1806
"Bourne identity",1484336040,1484526300,190260,102780779.1806
"Bourne identity",1484340960,1485068256,727296,102780779.1806
"Bourne identity",1484343720,1485068256,724536,102780779.1806
"Bourne identity",1484420940,1485068256,647316,102780779.1806
"Bourne identity",1484429580,1485068256,638676,102780779.1806
"Bourne identity",1484429580,1484679180,249600,102780779.1806
"Bourne identity",1484432220,1485068256,636036,102780779.1806
"Bourne identity",1484438880,1484439180,300,102780779.1806
"Bourne identity",1484520960,1485068256,547296,102780779.1806
"Bourne identity",1484700900,1485068256,367356,102780779.1806
"Bourne identity",1484710680,1485068256,357576,102780779.1806
"Bourne identity",1484711760,1485068256,356496,102780779.1806
"Bourne identity",1484772780,1485068256,295476,102780779.1806
"Bourne identity",1484773860,1485068256,294396,102780779.1806
"Bourne identity",1484788260,1485068256,279996,102780779.1806
"Bourne identity",1484867160,1485068256,201096,102780779.1806
"Bourne identity",1484869740,1485068256,198516,102780779.1806
"Bourne identity",1484952720,1485068256,115536,102780779.1806
"Bourne identity",1484954340,1485068256,113916,102780779.1806
"Bourne identity",1484959380,1485068256,108876,102780779.1806
"Bourne identity",1484960160,1485068256,108096,102780779.1806
"Bourne identity",1484963700,1485068256,104556,102780779.1806
